1675461420887 0.7304372787475586 0
1675461421093 0.725891649723053 0
1675461421366 0.7146286964416504 0
1675461421536 0.7152727842330933 0
1675461421763 0.7084079384803772 0
1675461421993 0.7004985809326172 0
1675461422259 0.6951814889907837 0
1675461422554 0.6884015798568726 0
1675461422761 0.688961386680603 0
1675461422930 0.6856435537338257 0
1675461423124 0.6806411147117615 0
1675461423358 0.6716634035110474 0
1675461423601 0.667097806930542 0
1675461423843 0.6618924736976624 0
1675461424055 0.658405065536499 0
1675461424318 0.6530004143714905 0
1675461424562 0.6522400975227356 0
1675461424790 0.6458443403244019 0
1675461425014 0.6398348212242126 0
1675461425261 0.6380886435508728 0
1675461425504 0.6364516615867615 0
1675461425810 0.6318257451057434 0
1675461426049 0.6276201605796814 0
1675461426251 0.6245889067649841 0
1675461426475 0.6231547594070435 0
1675461426731 0.619492769241333 0
1675461426988 0.6152064204216003 0
1675461427219 0.6115485429763794 0
1675461427507 0.6040155291557312 0
1675461427793 0.6049346327781677 0
1675461428001 0.6042088270187378 0
1675461428238 0.5972492098808289 0
1675461428480 0.5967864394187927 0
1675461428733 0.5905668139457703 0
1675461429030 0.5893030166625977 0
1675461429222 0.590711236000061 0
1675461429455 0.586260199546814 0
1675461429674 0.5850270986557007 0
1675461429947 0.5810607671737671 0
1675461430121 0.5824145674705505 0
1675461430361 0.574162483215332 0
1675461430616 0.5740323662757874 0
1675461430879 0.5724644660949707 0
1675461431138 0.5682263970375061 0
1675461431421 0.5620173215866089 0
1675461431604 0.5693105459213257 0
1675461431866 0.5655847191810608 0
1675461432083 0.5623700022697449 0
1675461432322 0.5634912252426147 0
1675461432550 0.5577735900878906 0
1675461432823 0.5564549565315247 0
1675461433014 0.5589377880096436 0
1675461433221 0.5558767914772034 0
1675461433409 0.5574213862419128 0
1675461433662 0.5519092082977295 0
1675461433922 0.5482411980628967 0
1675461434155 0.5481371283531189 0
1675461434397 0.5444746017456055 0
1675461434670 0.5441136360168457 0
1675461434870 0.5433897376060486 0
1675461435158 0.5418714284896851 0
1675461435391 0.5423129200935364 0
1675461435650 0.5385996103286743 0
1675461435863 0.5422908067703247 0
1675461436077 0.5389198660850525 0
1675461436332 0.538110077381134 0
1675461436556 0.5376284122467041 0
1675461436800 0.5335701107978821 0
1675461437026 0.5342679023742676 0
1675461437309 0.5328714847564697 0
1675461437554 0.5318282246589661 0
1675461437759 0.533046543598175 0
1675461437974 0.5289090275764465 0
1675461438237 0.525842547416687 0
1675461438499 0.5268062949180603 0
1675461438708 0.5269588828086853 0
1675461438970 0.5227238535881042 0
1675461439253 0.522360622882843 0
1675461439497 0.5223925709724426 0
1675461439812 0.517362117767334 0
1675461440066 0.5221548080444336 0
1675461440310 0.5217090249061584 0
1675461440570 0.5197111368179321 0
1675461440798 0.5207669138908386 0
1675461441047 0.5189246535301208 0
1675461441263 0.5216017961502075 0
1675461441476 0.5194770097732544 0
1675461441680 0.5179376006126404 0
1675461441985 0.5103931427001953 0
1675461442203 0.5169070363044739 0
1675461442404 0.517530083656311 0
1675461442604 0.516446590423584 0
1675461442793 0.5153213143348694 0
1675461443047 0.5089365243911743 0
1675461443287 0.5107420682907104 0
1675461443506 0.5127811431884766 0
1675461443723 0.5104182958602905 0
1675461443934 0.5098221302032471 0
1675461444175 0.5113924741744995 0
1675461444360 0.5101823806762695 0
1675461444614 0.5063039064407349 0
1675461444899 0.5076243877410889 0
1675461445108 0.5093080401420593 0
1675461445282 0.5116623640060425 0
1675461445481 0.5083164572715759 0
1675461445719 0.506912350654602 0
1675461445968 0.5022476315498352 0
1675461446183 0.5059877634048462 0
1675461446441 0.49984389543533325 0
1675461446645 0.5057254433631897 0
1675461446847 0.5071233510971069 0
1675461447076 0.5024597644805908 0
1675461447336 0.5016724467277527 0
1675461447619 0.5015667676925659 0
1675461447888 0.49897146224975586 0
1675461448149 0.49821388721466064 0
1675461448367 0.5038272142410278 0
1675461448581 0.4997046887874603 0
1675461448819 0.4998270571231842 0
1675461449058 0.4988804757595062 0
1675461449304 0.4996609091758728 0
1675461449560 0.500862181186676 0
1675461449784 0.5002511143684387 0
1675461449982 0.5028690695762634 0
1675461450232 0.49457845091819763 0
1675461450453 0.4980815052986145 0
1675461450749 0.49757879972457886 0
1675461451033 0.4923681318759918 0
1675461451222 0.5010377168655396 0
1675461451441 0.49877190589904785 0
1675461451686 0.4934440851211548 0
1675461451888 0.498078316450119 0
1675461452119 0.49327048659324646 0
1675461452341 0.4965793192386627 0
1675461452600 0.49310100078582764 0
1675461452904 0.49493706226348877 0
1675461453123 0.49455443024635315 0
1675461453334 0.49676433205604553 0
1675461453515 0.4993770122528076 0
1675461453760 0.49050503969192505 0
1675461453968 0.49368786811828613 0
1675461454201 0.49298590421676636 0
1675461454420 0.4918808937072754 0
1675461454676 0.49308478832244873 0
1675461454996 0.4899692237377167 0
1675461455210 0.4917701482772827 0
1675461455523 0.4854859709739685 0
1675461455721 0.49223124980926514 0
1675461455972 0.48902836441993713 0
1675461456233 0.48843809962272644 0
1675461456477 0.48992469906806946 0
1675461456720 0.4899073541164398 0
1675461456983 0.48826146125793457 0
1675461457223 0.48857542872428894 0
1675461457468 0.4900307357311249 0
1675461457689 0.4893782436847687 0
1675461457914 0.4862643778324127 0
1675461460153 0.48335930705070496 0
1675461460377 0.49108392000198364 0
1675461460623 0.48546114563941956 0
1675461460873 0.48407939076423645 0
1675461461133 0.4827684164047241 0
1675461461343 0.49019742012023926 0
1675461461573 0.488461434841156 0
1675461461814 0.4921635687351227 0
1675461462066 0.4853051006793976 0
1675461462336 0.485007643699646 0
1675461462634 0.4833727478981018 0
1675461462889 0.48575568199157715 0
1675461463074 0.4912870526313782 0
1675461463329 0.485586941242218 0
1675461463554 0.48584988713264465 0
1675461463822 0.484023779630661 0
1675461464019 0.48868027329444885 0
1675461464259 0.48890578746795654 0
1675461464528 0.48287150263786316 0
1675461464770 0.4823288321495056 0
1675461464997 0.4849785566329956 0
1675461465219 0.4868611693382263 0
1675461465462 0.4832865297794342 0
1675461465820 0.4759542942047119 0
1675461466095 0.4806045889854431 0
1675461466361 0.4814910590648651 0
1675461466589 0.4825291633605957 0
1675461466835 0.48043620586395264 0
1675461467071 0.4803336560726166 0
1675461467315 0.48203450441360474 0
1675461467507 0.4884128272533417 0
1675461467707 0.4845019578933716 0
1675461467937 0.48337703943252563 0
1675461468162 0.48651885986328125 0
1675461468386 0.48461073637008667 0
1675461468582 0.48451298475265503 0
1675461468815 0.48222053050994873 0
1675461469032 0.48278164863586426 0
1675461469300 0.4771531820297241 0
1675461469497 0.48550868034362793 0
1675461469718 0.48107144236564636 0
1675461469885 0.487652450799942 0
1675461470094 0.4835934638977051 0
1675461470306 0.48218825459480286 0
1675461470536 0.48105379939079285 0
1675461470750 0.4834609627723694 0
1675461470983 0.4783274531364441 0
1675461471276 0.4742545485496521 0
1675461471522 0.4763637185096741 0
1675461471803 0.4770379066467285 0
1675461472085 0.4776182174682617 0
1675461472337 0.4781935513019562 0
1675461472579 0.4788047671318054 0
1675461472788 0.48187506198883057 0
1675461473057 0.4743163287639618 0
1675461473285 0.4789507985115051 0
1675461473481 0.4830628037452698 0
1675461473714 0.47741714119911194 0
1675461473926 0.4816185235977173 0
1675461474132 0.4817107617855072 0
1675461474308 0.4846845269203186 0
1675461474519 0.4816555380821228 0
1675461474767 0.4771941602230072 0
1675461474947 0.48369187116622925 0
1675461475155 0.4793785810470581 0
1675461475362 0.47907862067222595 0
1675461475539 0.4826866388320923 0
1675461475819 0.47580403089523315 0
1675461476069 0.47703689336776733 0
1675461476320 0.47628381848335266 0
1675461476562 0.47511884570121765 0
1675461476829 0.4730851352214813 0
1675461477052 0.4748748242855072 0
1675461477326 0.474861741065979 0
1675461477597 0.4742465317249298 0
1675461477833 0.47626227140426636 0
1675461478023 0.4799782931804657 0
1675461478250 0.4774812161922455 0
1675461478470 0.47832316160202026 0
1675461478729 0.4714232385158539 0
1675461478942 0.47651222348213196 0
1675461479164 0.4752871096134186 0
1675461479468 0.4711531698703766 0
1675461479663 0.4780050218105316 0
1675461479888 0.4759880304336548 0
1675461480084 0.47697728872299194 0
1675461480295 0.4767448306083679 0
1675461480493 0.4774183928966522 0
1675461480719 0.47532448172569275 0
1675461480909 0.4790698289871216 0
1675461481186 0.4728863537311554 0
1675461481432 0.4732022285461426 0
1675461481623 0.47926065325737 0
1675461481856 0.4726995825767517 0
1675461482137 0.46843212842941284 0
1675461482366 0.4757366180419922 0
1675461482652 0.46957871317863464 0
1675461482891 0.47793158888816833 0
1675461483117 0.4765393137931824 0
1675461483383 0.4679705798625946 0
1675461483642 0.4739067852497101 0
1675461483833 0.4757373631000519 0
1675461484061 0.47088468074798584 0
1675461484306 0.4708639979362488 0
1675461484484 0.4785923957824707 0
1675461484707 0.4713107645511627 0
1675461484962 0.4721188545227051 0
1675461485217 0.4709659814834595 0
1675461485472 0.47088876366615295 0
1675461485712 0.47370657324790955 0
1675461485927 0.47459182143211365 0
1675461486182 0.4745505750179291 0
1675461486433 0.4709009826183319 0
1675461486701 0.46845540404319763 0
1675461486959 0.4731922149658203 0
1675461487291 0.46409308910369873 0
1675461487489 0.4781920611858368 0
1675461487767 0.46641600131988525 0
1675461488012 0.47267889976501465 0
1675461488254 0.4709641635417938 0
1675461488517 0.4660729169845581 0
1675461488731 0.4755870997905731 0
1675461488936 0.47392985224723816 0
1675461489198 0.4682486951351166 0
1675461489421 0.47224071621894836 0
1675461489684 0.46856144070625305 0
1675461489904 0.47093939781188965 0
1675461490106 0.4728871285915375 0
1675461490348 0.4678305983543396 0
1675461490592 0.4688280522823334 0
1675461490812 0.46872803568840027 0
1675461491039 0.47128158807754517 0
1675461491288 0.4686759412288666 0
1675461491507 0.4720022678375244 0
1675461491708 0.47417888045310974 0
1675461491957 0.468179851770401 0
1675461492198 0.4669201374053955 0
1675461492453 0.4654039740562439 0
1675461492688 0.4707770049571991 0
1675461492917 0.470468133687973 0
1675461493163 0.4674638509750366 0
1675461493394 0.4686454236507416 0
1675461493604 0.47261568903923035 0
1675461493853 0.4675518870353699 0
1675461494140 0.4672347605228424 0
1675461494335 0.47624850273132324 0
1675461494560 0.4701232314109802 0
1675461494800 0.46621623635292053 0
1675461495019 0.47070831060409546 0
1675461495269 0.46712303161621094 0
1675461495503 0.46913206577301025 0
1675461495737 0.47157910466194153 0
1675461495937 0.4723093807697296 0
1675461496193 0.46780821681022644 0
1675461496449 0.46565842628479004 0
1675461496687 0.4703380763530731 0
1675461496934 0.4629128873348236 0
1675461499087 0.46961215138435364 0
1675461499323 0.46757540106773376 0
1675461499484 0.47853901982307434 0
1675461499760 0.4677000343799591 0
1675461499944 0.4733864367008209 0
1675461500139 0.46982917189598083 0
1675461500381 0.46500730514526367 0
1675461500564 0.47163474559783936 0
1675461500818 0.4642394483089447 0
1675461501056 0.4688330888748169 0
1675461501288 0.46894535422325134 0
1675461501590 0.4586140513420105 0
1675461501835 0.4652961492538452 0
1675461502063 0.46801134943962097 0
1675461502319 0.4671204388141632 0
1675461502560 0.4659092426300049 0
1675461502784 0.4682904779911041 0
1675461503015 0.46742764115333557 0
1675461503268 0.46497634053230286 0
1675461503537 0.4674677848815918 0
1675461503730 0.4709031879901886 0
1675461503977 0.4654608964920044 0
1675461504198 0.4682910740375519 0
1675461504391 0.469333291053772 0
1675461504702 0.4613068997859955 0
1675461504956 0.4634569585323334 0
1675461505178 0.4684915542602539 0
1675461505390 0.4671039581298828 0
1675461505613 0.47010353207588196 0
1675461505837 0.4666387140750885 0
1675461506059 0.4688122570514679 0
1675461506267 0.46593594551086426 0
1675461506505 0.4652942717075348 0
1675461506768 0.4661967158317566 0
1675461507045 0.46337971091270447 0
1675461507283 0.4633002281188965 0
1675461507598 0.45925864577293396 0
1675461507843 0.46586665511131287 0
1675461508161 0.46153366565704346 0
1675461508413 0.4669811427593231 0
1675461508622 0.4665849506855011 0
1675461508786 0.4758374094963074 0
1675461509041 0.46553635597229004 0
1675461509250 0.4689994156360626 0
1675461509463 0.46601957082748413 0
1675461509727 0.4637032747268677 0
1675461509969 0.46254289150238037 0
1675461510248 0.46114611625671387 0
1675461510436 0.46922567486763 0
1675461510627 0.46945035457611084 0
1675461510824 0.4699869751930237 0
1675461511101 0.46552667021751404 0
1675461511350 0.4673447608947754 0
1675461511545 0.4698909521102905 0
1675461511728 0.47052624821662903 0
1675461511956 0.4673043191432953 0
1675461512265 0.454775869846344 0
1675461512497 0.46289414167404175 0
1675461512789 0.4595409333705902 0
1675461513017 0.4660916328430176 0
1675461513257 0.464980810880661 0
1675461513532 0.4574732184410095 0
1675461513748 0.4658764600753784 0
1675461513959 0.46625447273254395 0
1675461514201 0.4591454267501831 0
1675461514460 0.45971575379371643 0
1675461514702 0.4656673073768616 0
1675461514961 0.4611733555793762 0
1675461515221 0.4597896337509155 0
1675461515461 0.46318989992141724 0
1675461515760 0.45605969429016113 0
1675461515996 0.46505093574523926 0
1675461516199 0.46601027250289917 0
1675461516413 0.46369636058807373 0
1675461516630 0.46829351782798767 0
1675461516873 0.46318352222442627 0
1675461517121 0.46123242378234863 0
1675461517365 0.4644770324230194 0
1675461517564 0.46680179238319397 0
1675461517804 0.4649554193019867 0
1675461518027 0.4622790217399597 0
1675461518318 0.4610288143157959 0
1675461518635 0.4548411965370178 0
1675461518823 0.4708661437034607 0
1675461518990 0.4715495705604553 0
1675461519239 0.4597395062446594 0
1675461519451 0.4656248390674591 0
1675461519674 0.4625190496444702 0
1675461519965 0.4611666798591614 0
1675461520155 0.46954843401908875 0
1675461520354 0.46753981709480286 0
1675461520597 0.4630057215690613 0
1675461520826 0.46253058314323425 0
1675461521123 0.45631957054138184 0
1675461521370 0.46037447452545166 0
1675461521591 0.4650229215621948 0
1675461521804 0.4642621576786041 0
1675461522013 0.4633634388446808 0
1675461522229 0.4655708968639374 0
1675461522510 0.457236111164093 0
1675461522793 0.4589542746543884 0
1675461523001 0.46738117933273315 0
1675461523224 0.4640519917011261 0
1675461523456 0.4616242051124573 0
1675461523716 0.4543145000934601 0
1675461523905 0.4679931104183197 0
1675461524133 0.464621901512146 0
1675461524344 0.46583083271980286 0
1675461524593 0.4612012505531311 0
1675461524834 0.4588337242603302 0
1675461525035 0.46709784865379333 0
1675461525304 0.45985397696495056 0
1675461525549 0.45834481716156006 0
1675461525866 0.45470133423805237 0
1675461526038 0.4730452597141266 0
1675461526234 0.46379706263542175 0
1675461526481 0.45682278275489807 0
1675461526670 0.46701565384864807 0
1675461526858 0.4678705036640167 0
1675461527079 0.4629270136356354 0
1675461527313 0.4584689438343048 0
1675461527577 0.45952868461608887 0
1675461527814 0.462216854095459 0
1675461528072 0.45712921023368835 0
1675461528310 0.4618324935436249 0
1675461528505 0.4639875590801239 0
1675461528819 0.45392557978630066 0
1675461529031 0.4639812409877777 0
1675461529286 0.460680216550827 0
1675461529511 0.46574246883392334 0
1675461529721 0.4637436866760254 0
1675461529936 0.462465763092041 0
1675461530168 0.458402156829834 0
1675461530375 0.4615379869937897 0
1675461530585 0.4641963243484497 0
1675461530836 0.4580483138561249 0
1675461531080 0.45610347390174866 0
1675461531329 0.45908236503601074 0
1675461531614 0.45415881276130676 0
1675461531821 0.4659541845321655 0
1675461532044 0.461394339799881 0
1675461532271 0.4637230634689331 0
1675461532490 0.46597588062286377 0
1675461532681 0.4668828248977661 0
1675461532905 0.4621249735355377 0
1675461533137 0.46273863315582275 0
1675461533347 0.4625028371810913 0
1675461533659 0.45521071553230286 0
1675461533850 0.4637240469455719 0
1675461534118 0.45470160245895386 0
1675461534340 0.4611518681049347 0
1675461534551 0.46108531951904297 0
1675461534796 0.45780178904533386 0
1675461535061 0.4602819085121155 0
1675461535351 0.457705020904541 0
1675461535630 0.4595625698566437 0
1675461535924 0.45574161410331726 0
1675461538060 0.46004796028137207 0
1675461538255 0.46253588795661926 0
1675461538475 0.46260544657707214 0
1675461538680 0.46410542726516724 0
1675461538877 0.4616960883140564 0
1675461539178 0.45581820607185364 0
1675461539449 0.45528414845466614 0
1675461539680 0.4604947566986084 0
1675461539915 0.4574489891529083 0
1675461540181 0.4568729102611542 0
1675461540434 0.45791226625442505 0
1675461540643 0.46107834577560425 0
1675461540832 0.4653797745704651 0
1675461541080 0.4571863114833832 0
1675461541318 0.4605771005153656 0
1675461541544 0.4616547226905823 0
1675461541768 0.4589870274066925 0
1675461541991 0.45744574069976807 0
1675461542236 0.45847436785697937 0
1675461542485 0.4565713107585907 0
1675461542715 0.45983561873435974 0
1675461542974 0.4560522437095642 0
1675461543192 0.4629548490047455 0
1675461543417 0.460754930973053 0
1675461543692 0.45629096031188965 0
1675461543950 0.4566843807697296 0
1675461544203 0.45778894424438477 0
1675461544437 0.4601276218891144 0
1675461544653 0.4597421884536743 0
1675461544888 0.458147257566452 0
1675461545174 0.4566044807434082 0
1675461545376 0.4632657468318939 0
1675461545644 0.45292919874191284 0
1675461545855 0.4620480537414551 0
1675461546076 0.4591379761695862 0
1675461546337 0.45667657256126404 0
1675461546559 0.4605289697647095 0
1675461546805 0.45796284079551697 0
1675461547031 0.4625873565673828 0
1675461547327 0.4527771770954132 0
1675461547544 0.46423470973968506 0
1675461547770 0.4597078859806061 0
1675461547979 0.4609007239341736 0
1675461548211 0.4593024253845215 0
1675461548432 0.45908406376838684 0
1675461548628 0.46219196915626526 0
1675461548863 0.4590965211391449 0
1675461549069 0.4616994857788086 0
1675461549293 0.46037715673446655 0
1675461549526 0.4605954885482788 0
1675461549763 0.4575295150279999 0
1675461550048 0.45487821102142334 0
1675461550301 0.45421093702316284 0
1675461550526 0.4596104919910431 0
1675461550713 0.4654379189014435 0
1675461550963 0.4581665098667145 0
1675461551216 0.45821303129196167 0
1675461551463 0.45623961091041565 0
1675461551714 0.4543304145336151 0
1675461552010 0.4498392343521118 0
1675461552269 0.45572149753570557 0
1675461552526 0.4549712538719177 0
1675461552790 0.45553940534591675 0
1675461552987 0.4626947343349457 0
1675461553203 0.4616367518901825 0
1675461553403 0.46192800998687744 0
1675461553588 0.4627896547317505 0
1675461553821 0.45839792490005493 0
1675461554042 0.459576815366745 0
1675461554283 0.4571017920970917 0
1675461554510 0.4575657844543457 0
1675461554745 0.45798566937446594 0
1675461554943 0.4614968001842499 0
1675461555207 0.45533517003059387 0
1675461555540 0.45171061158180237 0
1675461555816 0.45384183526039124 0
1675461556046 0.4596171975135803 0
1675461556324 0.45641347765922546 0
1675461556528 0.46387866139411926 0
1675461556772 0.45488274097442627 0
1675461557017 0.4559095501899719 0
1675461557294 0.4524962604045868 0
1675461557520 0.4571881890296936 0
1675461557685 0.46663540601730347 0
1675461557913 0.45671918988227844 0
1675461558112 0.4600926339626312 0
1675461558357 0.45774605870246887 0
1675461558632 0.4543914794921875 0
1675461558869 0.4574294686317444 0
1675461559101 0.45638608932495117 0
1675461559345 0.4535360336303711 0
1675461559544 0.4617011845111847 0
1675461559748 0.4610709547996521 0
1675461559986 0.4555201828479767 0
1675461560193 0.459150105714798 0
1675461560399 0.459014356136322 0
1675461560571 0.463666170835495 0
1675461560802 0.45747557282447815 0
1675461561105 0.4485282003879547 0
1675461561335 0.4545019268989563 0
1675461561591 0.4527939260005951 0
1675461561807 0.45899319648742676 0
1675461562042 0.4547814130783081 0
1675461562293 0.45706433057785034 0
1675461562549 0.4528735280036926 0
1675461562733 0.466878741979599 0
1675461562924 0.46121832728385925 0
1675461563172 0.45618394017219543 0
1675461563369 0.4581313133239746 0
1675461563563 0.45891574025154114 0
1675461563811 0.45202696323394775 0
1675461564042 0.45410916209220886 0
1675461564267 0.4596598446369171 0
1675461564534 0.45026329159736633 0
1675461564806 0.45366135239601135 0
1675461565044 0.4555782675743103 0
1675461565317 0.45342984795570374 0
1675461565571 0.4571530222892761 0
1675461565816 0.45546868443489075 0
1675461566079 0.45106953382492065 0
1675461566338 0.45099979639053345 0
1675461566635 0.4496687054634094 0
1675461566864 0.4559178948402405 0
1675461567073 0.4570966958999634 0
1675461567250 0.46289846301078796 0
1675461567500 0.45364251732826233 0
1675461567778 0.4537661373615265 0
1675461568023 0.4550311863422394 0
1675461568238 0.45658352971076965 0
1675461568488 0.4507428705692291 0
1675461568739 0.45444995164871216 0
1675461568971 0.455552875995636 0
1675461569152 0.4608604609966278 0
1675461569451 0.44723397493362427 0
1675461569642 0.4628239572048187 0
1675461569865 0.4535616636276245 0
1675461570161 0.4487779140472412 0
1675461570363 0.46137678623199463 0
1675461570611 0.45528504252433777 0
1675461570819 0.4582842290401459 0
1675461571029 0.45674988627433777 0
1675461571251 0.45567601919174194 0
1675461571448 0.45892736315727234 0
1675461571709 0.4508671760559082 0
1675461571910 0.459825336933136 0
1675461572145 0.4535500705242157 0
1675461572378 0.4543415307998657 0
1675461572610 0.4565195143222809 0
1675461572799 0.4592258036136627 0
1675461573046 0.4513572156429291 0
1675461573295 0.4521922767162323 0
1675461573514 0.45741698145866394 0
1675461573738 0.4550788104534149 0
1675461573966 0.45734819769859314 0
1675461574176 0.4563467800617218 0
1675461574392 0.45662105083465576 0
1675461574635 0.45535725355148315 0
1675461576810 0.4520147740840912 0
1675461577001 0.456479549407959 0
1675461577230 0.4548855125904083 0
1675461577496 0.44868218898773193 0
1675461577750 0.452093243598938 0
1675461577982 0.45102381706237793 0
1675461578230 0.4560985565185547 0
1675461578443 0.45822781324386597 0
1675461578646 0.4580356180667877 0
1675461578903 0.4541807472705841 0
1675461579132 0.4550662338733673 0
1675461579342 0.4563101828098297 0
1675461579573 0.4538397789001465 0
1675461579788 0.45814621448516846 0
1675461580023 0.45451977849006653 0
1675461580227 0.4572400450706482 0
1675461580416 0.46074897050857544 0
1675461580666 0.45211291313171387 0
1675461580900 0.4553326666355133 0
1675461581070 0.4645839333534241 0
1675461581340 0.44822588562965393 0
1675461581547 0.45864182710647583 0
1675461581808 0.45159831643104553 0
1675461582086 0.44927334785461426 0
1675461582369 0.45192858576774597 0
1675461582591 0.45567065477371216 0
1675461582850 0.45123541355133057 0
1675461583090 0.4524688720703125 0
1675461583332 0.4551570415496826 0
1675461583585 0.45237433910369873 0
1675461583846 0.4499085247516632 0
1675461584045 0.46009528636932373 0
1675461584285 0.4513413608074188 0
1675461584493 0.46065211296081543 0
1675461584712 0.4546274244785309 0
1675461584950 0.45423033833503723 0
1675461585195 0.4512883424758911 0
1675461585432 0.45610734820365906 0
1675461585690 0.4521546959877014 0
1675461585963 0.45011162757873535 0
1675461586241 0.4490652084350586 0
1675461586470 0.45503777265548706 0
1675461586676 0.4558602571487427 0
1675461586920 0.4517483115196228 0
1675461587107 0.459231436252594 0
1675461587346 0.45261576771736145 0
1675461587575 0.45454588532447815 0
1675461587811 0.4542922079563141 0
1675461588000 0.45998549461364746 0
1675461588219 0.4548202455043793 0
1675461588406 0.45649442076683044 0
1675461588592 0.45882469415664673 0
1675461588853 0.44879043102264404 0
1675461589072 0.4538724422454834 0
1675461589365 0.443982869386673 0
1675461589594 0.4543769657611847 0
1675461589793 0.4574543535709381 0
1675461590012 0.45355963706970215 0
1675461590282 0.45235005021095276 0
1675461590481 0.458007276058197 0
1675461590712 0.45659884810447693 0
1675461590911 0.45697760581970215 0
1675461591143 0.4517222046852112 0
1675461591342 0.455496609210968 0
1675461591563 0.45206230878829956 0
1675461591772 0.45192229747772217 0
1675461592024 0.45226752758026123 0
1675461592268 0.4521399736404419 0
1675461592486 0.4570954740047455 0
1675461592719 0.4516887664794922 0
1675461592943 0.45258694887161255 0
1675461593148 0.456599622964859 0
1675461593407 0.449887216091156 0
1675461593626 0.45408737659454346 0
1675461593893 0.4466768801212311 0
1675461594173 0.44614648818969727 0
1675461594376 0.4552113115787506 0
1675461594645 0.448161244392395 0
1675461594901 0.44945916533470154 0
1675461595163 0.44750428199768066 0
1675461595437 0.44792893528938293 0
1675461595641 0.4565858840942383 0
1675461595895 0.45168593525886536 0
1675461596123 0.45223361253738403 0
1675461596396 0.44945088028907776 0
1675461596600 0.45542827248573303 0
1675461596862 0.45073166489601135 0
1675461597091 0.453025221824646 0
1675461597328 0.4512815475463867 0
1675461597581 0.44910407066345215 0
1675461597776 0.4577614367008209 0
1675461598003 0.45477354526519775 0
1675461598205 0.4567338824272156 0
1675461598447 0.45458632707595825 0
1675461598653 0.45638152956962585 0
1675461598844 0.45806071162223816 0
1675461599093 0.45293885469436646 0
1675461599302 0.4540838897228241 0
1675461599523 0.451742947101593 0
1675461599734 0.4525204002857208 0
1675461600044 0.4432360827922821 0
1675461600263 0.4508022665977478 0
1675461600468 0.4528926610946655 0
1675461600745 0.450477659702301 0
1675461600984 0.45395997166633606 0
1675461601201 0.4551066756248474 0
1675461601387 0.4607170820236206 0
1675461601672 0.4479478895664215 0
1675461601889 0.4528281092643738 0
1675461602109 0.45395201444625854 0
1675461602371 0.44915711879730225 0
1675461602587 0.45346149802207947 0
1675461602822 0.45245271921157837 0
1675461603042 0.4538359045982361 0
1675461603293 0.44946587085723877 0
1675461603580 0.44745999574661255 0
1675461603813 0.4520159959793091 0
1675461604054 0.4586678147315979 0
1675461604275 0.45372870564460754 0
1675461604508 0.45286086201667786 0
1675461604738 0.45264628529548645 0
1675461604969 0.45280909538269043 0
1675461605161 0.4562990963459015 0
1675461605419 0.45160621404647827 0
1675461605614 0.45531317591667175 0
1675461605853 0.454635351896286 0
1675461606091 0.4530301094055176 0
1675461606350 0.44767558574676514 0
1675461606603 0.45249906182289124 0
1675461606869 0.44977647066116333 0
1675461607150 0.4476296901702881 0
1675461607357 0.45541679859161377 0
1675461607580 0.45378634333610535 0
1675461607800 0.45413875579833984 0
1675461608069 0.4487270414829254 0
1675461608341 0.44900256395339966 0
1675461608611 0.4474700391292572 0
1675461608877 0.44624173641204834 0
1675461609088 0.45452263951301575 0
1675461609301 0.4513319432735443 0
1675461609514 0.4521631598472595 0
1675461609762 0.44775882363319397 0
1675461609993 0.4538569450378418 0
1675461610258 0.4467672109603882 0
1675461610484 0.45482388138771057 0
1675461610705 0.45179635286331177 0
1675461610941 0.44988512992858887 0
1675461611185 0.4498843252658844 0
1675461611379 0.4554206132888794 0
1675461611631 0.4458853602409363 0
1675461611920 0.44623464345932007 0
1675461612111 0.4573194980621338 0
1675461612350 0.45184385776519775 0
1675461612540 0.4567655026912689 0
1675461612763 0.45003506541252136 0
1675461612985 0.4540669023990631 0
1675461613178 0.45578598976135254 0
