1675515102333 0.7402248382568359 0
1675515102463 0.7300612330436707 0
1675515102596 0.7166609168052673 0
1675515102720 0.706977367401123 0
1675515102846 0.6956895589828491 0
1675515102980 0.6875552535057068 0
1675515103087 0.6824634075164795 0
1675515103214 0.6698850393295288 0
1675515103342 0.6584857106208801 0
1675515103461 0.6517542600631714 0
1675515103572 0.6456902623176575 0
1675515103684 0.6389842629432678 0
1675515103819 0.6282926201820374 0
1675515103936 0.6230239868164062 0
1675515104042 0.6185473203659058 0
1675515104152 0.6142739653587341 0
1675515104271 0.608302891254425 0
1675515104391 0.6065427660942078 0
1675515104514 0.597690999507904 0
1675515104665 0.5930548310279846 0
1675515104786 0.589562714099884 0
1675515104905 0.585907518863678 0
1675515105022 0.5801543593406677 0
1675515105142 0.579196572303772 0
1675515105254 0.5756435990333557 0
1675515105404 0.5707372426986694 0
1675515105514 0.572001039981842 0
1675515105657 0.5678708553314209 0
1675515105781 0.5635294318199158 0
1675515105879 0.5614463090896606 0
1675515106029 0.5603153705596924 0
1675515106155 0.5579012632369995 0
1675515106283 0.5528748631477356 0
1675515106409 0.5506694912910461 0
1675515106526 0.5514093637466431 0
1675515106652 0.5475350022315979 0
1675515106766 0.5476968884468079 0
1675515106910 0.5425806641578674 0
1675515107015 0.5430020689964294 0
1675515107136 0.5429331064224243 0
1675515107279 0.5355856418609619 0
1675515107422 0.5367071628570557 0
1675515107539 0.534657895565033 0
1675515107655 0.5356165170669556 0
1675515107766 0.5355352163314819 0
1675515107909 0.5227305293083191 0
1675515108026 0.5272625088691711 0
1675515108150 0.530186116695404 0
1675515108272 0.5268346667289734 0
1675515108401 0.5282412767410278 0
1675515108511 0.527267575263977 0
1675515108637 0.5235995054244995 0
1675515108763 0.527765691280365 0
1675515108898 0.5195494890213013 0
1675515109019 0.5202130675315857 0
1675515109146 0.5193438529968262 0
1675515109297 0.5175600051879883 0
1675515109423 0.5170395374298096 0
1675515109569 0.5155141949653625 0
1675515109688 0.5168812870979309 0
1675515109815 0.5119600892066956 0
1675515109946 0.5171590447425842 0
1675515110066 0.5097787976264954 0
1675515110206 0.5131669044494629 0
1675515110334 0.51427161693573 0
1675515110464 0.512497067451477 0
1675515110639 0.5058684349060059 0
1675515110759 0.5113573670387268 0
1675515110897 0.5086163878440857 0
1675515111024 0.5088844895362854 0
1675515111145 0.5085826516151428 0
1675515111254 0.5074166655540466 0
1675515111361 0.5082204937934875 0
1675515111462 0.509336531162262 0
1675515111581 0.5094718933105469 0
1675515111702 0.5048481822013855 0
1675515111818 0.5056470036506653 0
1675515111934 0.5037574172019958 0
1675515112040 0.5054838061332703 0
1675515112152 0.5034345388412476 0
1675515112295 0.49803265929222107 0
1675515112427 0.499077171087265 0
1675515112562 0.4967232942581177 0
1675515112696 0.495699942111969 0
1675515112817 0.4986216127872467 0
1675515112950 0.5006966590881348 0
1675515113069 0.49963676929473877 0
1675515113176 0.5047425031661987 0
1675515113346 0.49328792095184326 0
1675515113466 0.4971408247947693 0
1675515113597 0.49642515182495117 0
1675515113720 0.49477294087409973 0
1675515113810 0.5004701614379883 0
1675515113926 0.494904100894928 0
1675515114070 0.4921515882015228 0
1675515114187 0.49579674005508423 0
1675515114301 0.4965820908546448 0
1675515114458 0.4911169409751892 0
1675515114594 0.4901253283023834 0
1675515114750 0.48756593465805054 0
1675515114877 0.48950693011283875 0
1675515115014 0.48660019040107727 0
1675515115150 0.4906342029571533 0
1675515115298 0.48985326290130615 0
1675515115425 0.4927414357662201 0
1675515115525 0.495210200548172 0
1675515115634 0.49159860610961914 0
1675515115784 0.4893677830696106 0
1675515115902 0.49271872639656067 0
1675515116026 0.4898134768009186 0
1675515116169 0.48512130975723267 0
1675515116284 0.4898509681224823 0
1675515116427 0.4858987331390381 0
1675515116545 0.49030378460884094 0
1675515116668 0.4895380735397339 0
1675515116808 0.48750609159469604 0
1675515116921 0.4916001558303833 0
1675515117036 0.48912620544433594 0
1675515117163 0.4864644706249237 0
1675515117277 0.4877510964870453 0
1675515117402 0.4851016104221344 0
1675515117506 0.4895142614841461 0
1675515117635 0.48824286460876465 0
1675515117754 0.4833303987979889 0
1675515117885 0.4845164120197296 0
1675515118037 0.4790572226047516 0
1675515118155 0.4861985445022583 0
1675515118281 0.4832644462585449 0
1675515118407 0.48886576294898987 0
1675515118548 0.48169106245040894 0
1675515118658 0.4878316819667816 0
1675515118780 0.48436734080314636 0
1675515118903 0.4849837124347687 0
1675515119020 0.48689231276512146 0
1675515119129 0.4875767230987549 0
1675515119243 0.4860326647758484 0
1675515119378 0.4813138544559479 0
1675515119525 0.4809402525424957 0
1675515119702 0.4720023274421692 0
1675515119831 0.4806375801563263 0
1675515119950 0.4847341477870941 0
1675515120069 0.48176857829093933 0
1675515120191 0.48179128766059875 0
1675515120325 0.48086705803871155 0
1675515120436 0.4803844094276428 0
1675515120553 0.4859001040458679 0
1675515120690 0.4767305552959442 0
1675515120821 0.47837963700294495 0
1675515120943 0.48004552721977234 0
1675515121059 0.4805775284767151 0
1675515121198 0.47526058554649353 0
1675515121308 0.4832577705383301 0
1675515121430 0.4793683588504791 0
1675515121560 0.4761567711830139 0
1675515121678 0.47870898246765137 0
1675515121802 0.4805239737033844 0
1675515121917 0.4796552360057831 0
