1675250886028 0.7228497862815857 0
1675250886248 0.7211174964904785 0
1675250886510 0.7157800197601318 0
1675250886807 0.7096199989318848 0
1675250887046 0.7093895077705383 0
1675250887344 0.703680157661438 0
1675250887622 0.7003496885299683 0
1675250887840 0.69685959815979 0
1675250888033 0.6967253684997559 0
1675250888332 0.6865488290786743 0
1675250888575 0.6881679892539978 0
1675250888776 0.6870724558830261 0
1675250889015 0.6793488264083862 0
1675250889225 0.6796357035636902 0
1675250889457 0.6732991337776184 0
1675250889742 0.6707858443260193 0
1675250890060 0.6656534671783447 0
1675250890301 0.6677905321121216 0
1675250890505 0.666534960269928 0
1675250890806 0.6593789458274841 0
1675250891059 0.6554490923881531 0
1675250891330 0.6546448469161987 0
1675250891521 0.6553755402565002 0
1675250891715 0.6510398983955383 0
1675250891916 0.6481250524520874 0
1675250892093 0.6471441388130188 0
1675250892353 0.6381276845932007 0
1675250892596 0.6377377510070801 0
1675250892789 0.6387410759925842 0
1675250893027 0.6302202939987183 0
1675250893301 0.6246715188026428 0
1675250893523 0.6259521245956421 0
1675250893720 0.6241714358329773 0
1675250893963 0.619396984577179 0
1675250894123 0.6214771270751953 0
1675250894382 0.6140395998954773 0
1675250894622 0.6087474226951599 0
1675250894896 0.6070460081100464 0
1675250895106 0.6052290797233582 0
1675250895353 0.6066325306892395 0
1675250895569 0.6051567792892456 0
1675250895838 0.5931423902511597 0
1675250896005 0.6035748720169067 0
1675250896271 0.5894513130187988 0
1675250896483 0.5917287468910217 0
1675250896720 0.5864457488059998 0
1675250896923 0.5895771384239197 0
1675250897151 0.5865886807441711 0
1675250897402 0.5814313888549805 0
1675250897610 0.5799425840377808 0
1675250897819 0.5782501101493835 0
1675250898010 0.5789942741394043 0
1675250898177 0.5794613361358643 0
1675250898390 0.5742942690849304 0
1675250898596 0.5730978846549988 0
1675250898798 0.5697820782661438 0
1675250899003 0.5695919990539551 0
1675250899233 0.5637997984886169 0
1675250899507 0.5623089075088501 0
1675250899719 0.5654671788215637 0
1675250899913 0.5611842274665833 0
1675250900128 0.5618114471435547 0
1675250900349 0.5578938126564026 0
1675250900567 0.557857871055603 0
1675250900790 0.5553882718086243 0
1675250900966 0.558927059173584 0
1675250901191 0.5493602156639099 0
1675250901409 0.5505449175834656 0
1675250901684 0.5441141128540039 0
1675250901883 0.5487293004989624 0
1675250902053 0.5490959286689758 0
1675250902256 0.5464474558830261 0
1675250902449 0.5452672243118286 0
1675250902647 0.5455904006958008 0
1675250902860 0.5390930771827698 0
1675250903082 0.540787935256958 0
1675250903283 0.5413169860839844 0
1675250903493 0.540865957736969 0
1675250903733 0.5355140566825867 0
1675250903929 0.5368478894233704 0
1675250904174 0.5358695983886719 0
1675250904385 0.5346925854682922 0
1675250904613 0.5367952585220337 0
1675250904918 0.5273722410202026 0
1675250905124 0.5335404276847839 0
1675250905316 0.532420814037323 0
1675250905509 0.5340603590011597 0
1675250905700 0.530638575553894 0
1675250905961 0.5270185470581055 0
1675250906181 0.5262638926506042 0
1675250906408 0.5255127549171448 0
1675250906650 0.5285226702690125 0
1675250906834 0.5298723578453064 0
1675250907044 0.5267776846885681 0
1675250907253 0.5245597958564758 0
1675250907462 0.5278958678245544 0
1675250907719 0.5210930705070496 0
1675250907928 0.5268515944480896 0
1675250908115 0.5282436609268188 0
1675250908298 0.5240498781204224 0
1675250908536 0.5187470316886902 0
1675250908822 0.5147908329963684 0
1675250909064 0.5186545848846436 0
1675250909313 0.5214930772781372 0
1675250909541 0.516515851020813 0
1675250909711 0.524429202079773 0
1675250909984 0.5151773691177368 0
1675250910262 0.5152214765548706 0
1675250910502 0.5158352255821228 0
1675250910693 0.520880401134491 0
1675250910939 0.5135476589202881 0
1675250911193 0.5133530497550964 0
1675250911442 0.5139414668083191 0
1675250911690 0.5176490545272827 0
1675250911979 0.5112519264221191 0
1675250912186 0.5123927593231201 0
1675250912437 0.5102771520614624 0
1675250912691 0.5156034827232361 0
1675250912954 0.5123700499534607 0
1675250913167 0.5122218132019043 0
1675250913465 0.5067222714424133 0
1675250913690 0.5106297731399536 0
1675250913885 0.5149581432342529 0
1675250914074 0.5125402808189392 0
1675250914296 0.5059978365898132 0
1675250914487 0.5121464133262634 0
1675250914714 0.5106478333473206 0
1675250914995 0.505057156085968 0
1675250915269 0.5033743977546692 0
1675250915482 0.5077325701713562 0
1675250915691 0.511076807975769 0
1675250915919 0.5066274404525757 0
1675250916098 0.5134848952293396 0
1675250916396 0.5012009739875793 0
1675250916613 0.5063314437866211 0
1675250916838 0.5021442770957947 0
1675250917077 0.5044665336608887 0
1675250917327 0.4989807903766632 0
1675250917477 0.5149822235107422 0
1675250917715 0.5039503574371338 0
1675250917983 0.501695990562439 0
1675250918229 0.49833688139915466 0
1675250918440 0.5050413012504578 0
1675250918660 0.501303493976593 0
1675250918936 0.4939560890197754 0
1675250919190 0.5040543675422668 0
1675250919393 0.504481315612793 0
1675250919683 0.49690327048301697 0
1675250919925 0.501124918460846 0
1675250920158 0.4990067183971405 0
1675250920352 0.5046131014823914 0
1675250920592 0.49988144636154175 0
1675250920841 0.4993678033351898 0
1675250921106 0.4972798526287079 0
1675250921329 0.4975297749042511 0
1675250921596 0.49486804008483887 0
1675250921778 0.5023757815361023 0
1675250923838 0.5024728775024414 0
1675250924164 0.4925689697265625 0
1675250924402 0.49682292342185974 0
1675250924596 0.5001327991485596 0
1675250924845 0.49479398131370544 0
1675250925052 0.49840614199638367 0
1675250925244 0.5035244226455688 0
1675250925558 0.4920119345188141 0
1675250925859 0.49142828583717346 0
1675250926086 0.4959559440612793 0
1675250926307 0.49720337986946106 0
1675250926522 0.49877551198005676 0
1675250926737 0.4966891407966614 0
1675250926966 0.49271804094314575 0
1675250927168 0.49628207087516785 0
1675250927365 0.4978999197483063 0
1675250927608 0.4940119683742523 0
1675250927843 0.4921371340751648 0
1675250928011 0.4990200996398926 0
1675250928239 0.4904606342315674 0
1675250928482 0.49112534523010254 0
1675250928708 0.49444350600242615 0
1675250928985 0.4861465096473694 0
1675250929197 0.4919978976249695 0
1675250929397 0.4974348843097687 0
1675250929615 0.49149298667907715 0
1675250929848 0.4923469126224518 0
1675250930149 0.48613715171813965 0
1675250930352 0.4927435517311096 0
1675250930551 0.4926922917366028 0
1675250930768 0.49029290676116943 0
1675250930979 0.4914759695529938 0
1675250931292 0.48627614974975586 0
1675250931532 0.49030089378356934 0
1675250931762 0.4929848909378052 0
1675250932014 0.4883913993835449 0
1675250932223 0.49101522564888 0
1675250932498 0.48896560072898865 0
1675250932698 0.49339139461517334 0
1675250932924 0.4927091598510742 0
1675250933171 0.49122354388237 0
1675250933392 0.48959824442863464 0
1675250933605 0.4870944023132324 0
1675250933857 0.48722919821739197 0
1675250934036 0.49221473932266235 0
1675250934232 0.4911068379878998 0
1675250934491 0.4835040271282196 0
1675250934721 0.4876595437526703 0
1675250934982 0.48682457208633423 0
1675250935212 0.4877554178237915 0
1675250935452 0.4857310652732849 0
1675250935678 0.4848480224609375 0
1675250935876 0.4903150796890259 0
1675250936136 0.4866656959056854 0
1675250936349 0.48961973190307617 0
1675250936571 0.48519790172576904 0
1675250936796 0.48970311880111694 0
1675250937063 0.48249679803848267 0
1675250937269 0.4892445206642151 0
1675250937539 0.48369133472442627 0
1675250937733 0.49206894636154175 0
1675250937924 0.4900223910808563 0
1675250938163 0.48440730571746826 0
1675250938386 0.4844523072242737 0
1675250938574 0.48748505115509033 0
1675250938741 0.4925096929073334 0
1675250938952 0.48651501536369324 0
1675250939219 0.4802357256412506 0
1675250939470 0.48516830801963806 0
1675250939671 0.48675018548965454 0
1675250939918 0.48269790410995483 0
1675250940159 0.4847049415111542 0
1675250940390 0.4822944104671478 0
1675250940627 0.48128044605255127 0
1675250940840 0.4881124794483185 0
1675250941014 0.4865287244319916 0
1675250941216 0.48979058861732483 0
1675250941421 0.48523131012916565 0
1675250941662 0.48605793714523315 0
1675250941871 0.4846850037574768 0
1675250942070 0.4878542125225067 0
1675250942296 0.48072463274002075 0
1675250942554 0.47730109095573425 0
1675250942769 0.4818969666957855 0
1675250942968 0.48571106791496277 0
1675250943179 0.48359429836273193 0
1675250943403 0.48550888895988464 0
1675250943629 0.48265528678894043 0
1675250943848 0.48292845487594604 0
1675250944086 0.481937050819397 0
1675250944347 0.47716566920280457 0
1675250944652 0.4752131402492523 0
1675250944832 0.4848066568374634 0
1675250945098 0.4751671552658081 0
1675250945311 0.48419639468193054 0
1675250945567 0.4815959334373474 0
1675250945791 0.4811723530292511 0
1675250946095 0.47469136118888855 0
1675250946289 0.48195958137512207 0
1675250946534 0.4789287745952606 0
1675250946772 0.4791884422302246 0
1675250946976 0.4829467833042145 0
1675250947225 0.4811495542526245 0
1675250947433 0.48411938548088074 0
1675250947613 0.48606932163238525 0
1675250947860 0.48037856817245483 0
1675250948028 0.48601168394088745 0
1675250948211 0.4829833507537842 0
1675250948396 0.48194384574890137 0
1675250948607 0.4796079397201538 0
1675250948864 0.48064666986465454 0
1675250949105 0.47491252422332764 0
1675250949346 0.47515618801116943 0
1675250949615 0.47554507851600647 0
1675250949850 0.4784351885318756 0
1675250950059 0.4812943637371063 0
1675250950280 0.4825935959815979 0
1675250950481 0.48042041063308716 0
1675250950682 0.4822121858596802 0
1675250950876 0.48147860169410706 0
1675250951132 0.47437894344329834 0
1675250951367 0.4751463234424591 0
1675250951587 0.4805247187614441 0
1675250951805 0.4804791510105133 0
1675250952020 0.4789269268512726 0
1675250952220 0.48205819725990295 0
1675250952450 0.47916096448898315 0
1675250952683 0.4757659137248993 0
1675250952899 0.4763440489768982 0
1675250953114 0.479675829410553 0
1675250953345 0.47854337096214294 0
1675250953584 0.47303280234336853 0
1675250953910 0.4706825911998749 0
1675250954142 0.4777325987815857 0
1675250954465 0.4674820899963379 0
1675250954691 0.47567230463027954 0
1675250954973 0.4763818383216858 0
1675250955208 0.47924289107322693 0
1675250955423 0.4799644649028778 0
1675250955706 0.47703999280929565 0
1675250955946 0.4796837568283081 0
1675250956159 0.47884196043014526 0
1675250956404 0.4734830856323242 0
1675250956609 0.4777969717979431 0
1675250956834 0.47405147552490234 0
1675250957072 0.47190061211586 0
1675250957316 0.47231096029281616 0
1675250957547 0.4737362265586853 0
1675250957734 0.4807778596878052 0
1675250957964 0.474551796913147 0
1675250958197 0.47184988856315613 0
1675250958383 0.4776167869567871 0
1675250958642 0.47319474816322327 0
1675250958827 0.4773584306240082 0
1675250959063 0.4732324481010437 0
1675250959372 0.4694114029407501 0
1675250959571 0.47717320919036865 0
1675250961681 0.47427862882614136 0
1675250961921 0.4709879457950592 0
1675250962141 0.47645264863967896 0
1675250962358 0.47418302297592163 0
1675250962581 0.4760422706604004 0
1675250962812 0.47320279479026794 0
1675250963028 0.47407084703445435 0
1675250963241 0.47429904341697693 0
1675250963512 0.4685239791870117 0
1675250963735 0.4725912809371948 0
1675250964003 0.46914398670196533 0
1675250964200 0.47356343269348145 0
1675250964434 0.47005513310432434 0
1675250964642 0.4755660593509674 0
1675250964835 0.4723697900772095 0
1675250965087 0.47026965022087097 0
1675250965300 0.47352102398872375 0
1675250965514 0.4739064574241638 0
1675250965763 0.47326523065567017 0
1675250965960 0.476022869348526 0
1675250966180 0.47012534737586975 0
1675250966375 0.47762027382850647 0
1675250966585 0.4728425145149231 0
1675250966827 0.46941837668418884 0
1675250967073 0.47266289591789246 0
1675250967273 0.4758443832397461 0
1675250967484 0.47119519114494324 0
1675250967722 0.47167226672172546 0
1675250968009 0.46011286973953247 0
1675250968240 0.4698518216609955 0
1675250968489 0.46815747022628784 0
1675250968728 0.46943211555480957 0
1675250968876 0.48155999183654785 0
1675250969055 0.4780099391937256 0
1675250969276 0.472918838262558 0
1675250969482 0.47237712144851685 0
1675250969744 0.4660698473453522 0
1675250969930 0.47875916957855225 0
1675250970179 0.4668545722961426 0
1675250970463 0.4659864008426666 0
1675250970650 0.4744168519973755 0
1675250970858 0.4714827537536621 0
1675250971074 0.4710569381713867 0
1675250971309 0.46800556778907776 0
1675250971554 0.4680527448654175 0
1675250971765 0.47004032135009766 0
1675250971961 0.4755669832229614 0
1675250972240 0.4664516746997833 0
1675250972453 0.47217461466789246 0
1675250972680 0.4684007465839386 0
1675250972931 0.46541181206703186 0
1675250973179 0.46497613191604614 0
1675250973394 0.47269055247306824 0
1675250973631 0.46384397149086 0
1675250973818 0.47457560896873474 0
1675250974004 0.4726128876209259 0
1675250974175 0.4764392673969269 0
1675250974415 0.46968966722488403 0
1675250974604 0.4723278880119324 0
1675250974844 0.46633169054985046 0
1675250975050 0.47604233026504517 0
1675250975274 0.46858274936676025 0
1675250975531 0.4674384295940399 0
1675250975771 0.4686069190502167 0
1675250975979 0.47123101353645325 0
1675250976207 0.46900105476379395 0
1675250976452 0.46879833936691284 0
1675250976697 0.4699912965297699 0
1675250976896 0.46692338585853577 0
1675250977111 0.4687921106815338 0
1675250977308 0.47166138887405396 0
1675250977534 0.4685123562812805 0
1675250977799 0.462363064289093 0
1675250977963 0.47651028633117676 0
1675250978175 0.4685174524784088 0
1675250978363 0.475497305393219 0
1675250978611 0.46670177578926086 0
1675250978825 0.4655851125717163 0
1675250979033 0.4712076187133789 0
1675250979301 0.466336190700531 0
1675250979480 0.47247976064682007 0
1675250979734 0.4681347608566284 0
1675250979974 0.468954473733902 0
1675250980214 0.46985283493995667 0
1675250980454 0.46412020921707153 0
1675250980725 0.46250468492507935 0
1675250980992 0.46349185705184937 0
1675250981200 0.4686572253704071 0
1675250981396 0.4720093309879303 0
1675250981666 0.4638347327709198 0
1675250981915 0.46411845088005066 0
1675250982184 0.46434497833251953 0
1675250982402 0.4677652418613434 0
1675250982600 0.4712929427623749 0
1675250982829 0.4656975567340851 0
1675250983068 0.46575456857681274 0
1675250983285 0.4680754840373993 0
1675250983540 0.46277937293052673 0
1675250983774 0.46402180194854736 0
1675250984004 0.46844610571861267 0
1675250984259 0.46225884556770325 0
1675250984507 0.467306524515152 0
1675250984775 0.45986393094062805 0
1675250985010 0.4632359445095062 0
1675250985216 0.46903130412101746 0
1675250985430 0.46877923607826233 0
1675250985630 0.46771278977394104 0
1675250985853 0.4660027027130127 0
1675250986083 0.467873215675354 0
1675250986266 0.4712276756763458 0
1675250986464 0.4690122902393341 0
1675250986700 0.4640827476978302 0
1675250986927 0.4675478935241699 0
1675250987220 0.45945706963539124 0
1675250987415 0.4697414040565491 0
1675250987623 0.46681880950927734 0
1675250987866 0.46367764472961426 0
1675250988067 0.4677729606628418 0
1675250988268 0.4696483612060547 0
1675250988463 0.47113731503486633 0
1675250988663 0.4689977467060089 0
1675250988881 0.4666459262371063 0
1675250989119 0.4665162265300751 0
1675250989342 0.4639909565448761 0
1675250989533 0.4685933291912079 0
1675250989766 0.4651818871498108 0
1675250990030 0.4596993625164032 0
1675250990302 0.4598640203475952 0
1675250990551 0.46588873863220215 0
1675250990738 0.4707120358943939 0
1675250990962 0.4660964906215668 0
1675250991172 0.4658152163028717 0
1675250991425 0.4667961597442627 0
1675250991652 0.4639580547809601 0
1675250991875 0.4644260108470917 0
1675250992078 0.467678964138031 0
1675250992303 0.4675590991973877 0
1675250992486 0.4688856899738312 0
1675250992667 0.47011977434158325 0
1675250992887 0.4626932442188263 0
1675250993094 0.4669445753097534 0
1675250993318 0.4642966091632843 0
1675250993571 0.4613928496837616 0
1675250993790 0.46368348598480225 0
1675250994023 0.4610239565372467 0
1675250994255 0.46564969420433044 0
1675250994522 0.4601237177848816 0
1675250994737 0.4658731520175934 0
1675250994935 0.4638671875 0
1675250995175 0.46053487062454224 0
1675250995381 0.46471115946769714 0
1675250995577 0.46700167655944824 0
1675250995874 0.4589107930660248 0
1675250996174 0.45462360978126526 0
1675250996413 0.46518653631210327 0
1675250996627 0.46495145559310913 0
1675250996862 0.4608728885650635 0
1675250998939 0.46946603059768677 0
1675250999136 0.46809419989585876 0
1675250999380 0.4596116840839386 0
1675250999627 0.4640383720397949 0
1675250999871 0.4622959494590759 0
1675251000130 0.4608485996723175 0
1675251000355 0.4668451249599457 0
1675251000626 0.4600798785686493 0
1675251000859 0.4606148898601532 0
1675251001058 0.46707063913345337 0
1675251001229 0.47043898701667786 0
1675251001460 0.46195846796035767 0
1675251001655 0.46612441539764404 0
1675251001862 0.4638255536556244 0
1675251002050 0.468490868806839 0
1675251002296 0.46373891830444336 0
1675251002609 0.4559882879257202 0
1675251002892 0.4566451609134674 0
1675251003155 0.4577670097351074 0
1675251003415 0.4610726535320282 0
1675251003660 0.4620648920536041 0
1675251003874 0.46538329124450684 0
1675251004063 0.4684891402721405 0
1675251004303 0.4607280492782593 0
1675251004507 0.4654078483581543 0
1675251004717 0.46527066826820374 0
1675251004964 0.46108436584472656 0
1675251005237 0.45572635531425476 0
1675251005439 0.4658479690551758 0
1675251005624 0.4661789834499359 0
1675251005848 0.46205934882164 0
1675251006072 0.463540256023407 0
1675251006276 0.4629213809967041 0
1675251006514 0.46165210008621216 0
1675251006731 0.4606568515300751 0
1675251006939 0.4624958336353302 0
1675251007103 0.4696792960166931 0
1675251007378 0.4599214792251587 0
1675251007572 0.46485280990600586 0
1675251007857 0.45445793867111206 0
1675251008136 0.4593190550804138 0
1675251008362 0.46489417552948 0
1675251008592 0.46378546953201294 0
1675251008818 0.4613015651702881 0
1675251009042 0.46268409490585327 0
1675251009248 0.46236714720726013 0
1675251009460 0.462930291891098 0
1675251009661 0.4656751751899719 0
1675251009868 0.46230241656303406 0
1675251010056 0.46888983249664307 0
1675251010272 0.4641883969306946 0
1675251010507 0.46167701482772827 0
1675251010714 0.46310946345329285 0
1675251010912 0.4655740559101105 0
1675251011156 0.46008020639419556 0
1675251011348 0.46221062541007996 0
1675251011531 0.4654715359210968 0
1675251011728 0.4663984775543213 0
1675251011944 0.4608985483646393 0
1675251012151 0.46342092752456665 0
1675251012371 0.46393418312072754 0
1675251012594 0.462062805891037 0
1675251012806 0.46549391746520996 0
1675251013020 0.4630550444126129 0
1675251013290 0.45874518156051636 0
1675251013486 0.4675394594669342 0
1675251013688 0.46537312865257263 0
1675251013876 0.46669480204582214 0
1675251014081 0.4611048698425293 0
1675251014319 0.4598693251609802 0
1675251014555 0.4606422185897827 0
1675251014816 0.4543651044368744 0
1675251015019 0.4625830352306366 0
1675251015288 0.458052396774292 0
1675251015481 0.46521320939064026 0
1675251015740 0.4610428512096405 0
1675251015954 0.46443989872932434 0
1675251016224 0.457349568605423 0
1675251016443 0.4609712064266205 0
1675251016667 0.4633382558822632 0
1675251016923 0.45650234818458557 0
1675251017133 0.46420493721961975 0
1675251017338 0.4631422162055969 0
1675251017564 0.45835909247398376 0
1675251017775 0.4612855017185211 0
1675251017966 0.4680804908275604 0
1675251018251 0.4527926445007324 0
1675251018423 0.46591293811798096 0
1675251018641 0.4611496031284332 0
1675251018885 0.4559849798679352 0
1675251019066 0.4652271568775177 0
1675251019298 0.4561319351196289 0
1675251019519 0.46043074131011963 0
1675251019746 0.46259865164756775 0
1675251020037 0.45381632447242737 0
1675251020254 0.46219727396965027 0
1675251020522 0.4541228711605072 0
1675251020694 0.4661361277103424 0
1675251020986 0.4561854302883148 0
1675251021211 0.45903104543685913 0
1675251021447 0.4591502249240875 0
1675251021678 0.4591914117336273 0
1675251021911 0.4601738452911377 0
1675251022133 0.4603032171726227 0
1675251022355 0.460909366607666 0
1675251022600 0.4570111632347107 0
1675251022864 0.45520323514938354 0
1675251023156 0.45302048325538635 0
1675251023458 0.44982632994651794 0
1675251023684 0.4578871428966522 0
1675251023927 0.4585624933242798 0
1675251024124 0.46265748143196106 0
1675251024303 0.4644731879234314 0
1675251024532 0.4608825743198395 0
1675251024741 0.45894476771354675 0
1675251024978 0.45837828516960144 0
1675251025239 0.45600664615631104 0
1675251025433 0.46384304761886597 0
1675251025706 0.45813918113708496 0
1675251025993 0.4527452886104584 0
1675251026243 0.45728328824043274 0
1675251026532 0.4517509341239929 0
1675251026749 0.4584287405014038 0
1675251026968 0.4572291970252991 0
1675251027173 0.4635058045387268 0
1675251027416 0.4564705491065979 0
1675251027641 0.4578976035118103 0
1675251027911 0.4556548297405243 0
1675251028138 0.46100908517837524 0
1675251028364 0.4601110816001892 0
1675251028606 0.4574836492538452 0
1675251028869 0.4528442919254303 0
1675251029106 0.45545023679733276 0
1675251029264 0.4678495228290558 0
1675251029590 0.4536678194999695 0
1675251029794 0.46133795380592346 0
1675251030003 0.461187481880188 0
1675251030190 0.45974934101104736 0
1675251030431 0.4599998891353607 0
1675251030697 0.45213818550109863 0
1675251030903 0.460187703371048 0
1675251031120 0.46329623460769653 0
1675251031361 0.46031829714775085 0
1675251031590 0.46222496032714844 0
1675251031841 0.4626131057739258 0
1675251032111 0.45841357111930847 0
1675251032349 0.46161994338035583 0
1675251032603 0.4550701677799225 0
1675251032863 0.4564152657985687 0
1675251033129 0.456970751285553 0
1675251033369 0.4617140591144562 0
1675251033551 0.46392184495925903 0
1675251033802 0.45640090107917786 0
1675251034011 0.461299866437912 0
1675251034224 0.4563101828098297 0
1675251034430 0.4613528847694397 0
1675251034616 0.4627164304256439 0
1675251036843 0.45231810212135315 0
1675251037075 0.45630621910095215 0
1675251037279 0.45946797728538513 0
1675251037462 0.46394625306129456 0
1675251037709 0.4578931927680969 0
1675251037937 0.4575456380844116 0
1675251038178 0.45652252435684204 0
1675251038429 0.4558377265930176 0
1675251038680 0.45843446254730225 0
1675251038902 0.45717641711235046 0
1675251039108 0.45788949728012085 0
1675251039317 0.4584779441356659 0
1675251039553 0.45571261644363403 0
1675251039769 0.45778414607048035 0
1675251039956 0.461538165807724 0
1675251040196 0.45586809515953064 0
1675251040369 0.46246540546417236 0
1675251040591 0.4589320421218872 0
1675251040827 0.45422378182411194 0
1675251041074 0.4558030068874359 0
1675251041296 0.45711395144462585 0
1675251041519 0.4585188031196594 0
1675251041783 0.4568951427936554 0
1675251042051 0.45420071482658386 0
1675251042206 0.46614181995391846 0
1675251042385 0.4630720317363739 0
1675251042670 0.4528689682483673 0
1675251042933 0.45353901386260986 0
1675251043145 0.45869797468185425 0
1675251043417 0.4510921239852905 0
1675251043650 0.4578692317008972 0
1675251043882 0.45575055480003357 0
1675251044081 0.45878690481185913 0
1675251044270 0.46711984276771545 0
1675251044477 0.46010375022888184 0
1675251044717 0.45330655574798584 0
1675251044958 0.4565575420856476 0
1675251045186 0.45605215430259705 0
1675251045500 0.4476219415664673 0
1675251045717 0.45664286613464355 0
1675251045925 0.46221280097961426 0
1675251046121 0.4569326341152191 0
1675251046402 0.4552961587905884 0
1675251046627 0.4579520523548126 0
1675251046881 0.45207667350769043 0
1675251047087 0.46158555150032043 0
1675251047263 0.463531494140625 0
1675251047474 0.4567464292049408 0
1675251047688 0.4579605460166931 0
1675251047964 0.44909924268722534 0
1675251048212 0.45727938413619995 0
1675251048415 0.46026891469955444 0
1675251048623 0.4552425146102905 0
1675251048793 0.46289679408073425 0
1675251049120 0.45190706849098206 0
1675251049339 0.45869866013526917 0
1675251049544 0.4582763612270355 0
1675251049772 0.45744216442108154 0
1675251049965 0.4589044153690338 0
1675251050155 0.45860806107521057 0
1675251050357 0.45815515518188477 0
1675251050578 0.4549875855445862 0
1675251050801 0.4576723873615265 0
1675251050943 0.4666993319988251 0
1675251051127 0.459795206785202 0
1675251051364 0.45482954382896423 0
1675251051632 0.4556407928466797 0
1675251051849 0.4575360119342804 0
1675251052074 0.4539492726325989 0
1675251052269 0.4584585130214691 0
1675251052515 0.4566696584224701 0
1675251052762 0.4551803171634674 0
1675251052977 0.460877925157547 0
1675251053293 0.4454941153526306 0
1675251053505 0.4570918679237366 0
1675251053719 0.4573932886123657 0
1675251053924 0.45826998353004456 0
1675251054180 0.45265302062034607 0
1675251054400 0.4578191041946411 0
1675251054613 0.4575727880001068 0
1675251054845 0.45554080605506897 0
1675251055150 0.44725775718688965 0
1675251055369 0.4554175138473511 0
1675251055606 0.45000624656677246 0
1675251055840 0.4575670659542084 0
1675251056077 0.4514011740684509 0
1675251056367 0.44816944003105164 0
1675251056582 0.45612508058547974 0
1675251056813 0.45267531275749207 0
1675251057023 0.45449477434158325 0
1675251057208 0.4588627815246582 0
1675251057436 0.45369309186935425 0
1675251057654 0.45678019523620605 0
1675251057909 0.4540124535560608 0
1675251058138 0.4549110233783722 0
1675251058313 0.4636171758174896 0
1675251058522 0.45760297775268555 0
1675251058736 0.4587956368923187 0
1675251058958 0.45736539363861084 0
1675251059225 0.4539763033390045 0
1675251059474 0.44870319962501526 0
1675251059653 0.4603458046913147 0
1675251059854 0.45651793479919434 0
1675251060086 0.45438021421432495 0
1675251060344 0.45476120710372925 0
1675251060603 0.4522548317909241 0
1675251060825 0.45798590779304504 0
1675251061037 0.4545537531375885 0
1675251061243 0.46060195565223694 0
1675251061480 0.45410650968551636 0
1675251061705 0.4548647105693817 0
1675251061956 0.4484604299068451 0
1675251062245 0.446850448846817 0
1675251062493 0.45284348726272583 0
1675251062687 0.4557260572910309 0
1675251062934 0.45437347888946533 0
1675251063140 0.45594969391822815 0
1675251063365 0.4568638801574707 0
1675251063562 0.4609079957008362 0
1675251063798 0.4488627016544342 0
1675251064066 0.45003777742385864 0
1675251064327 0.45249295234680176 0
1675251064582 0.45434314012527466 0
1675251064829 0.45006099343299866 0
1675251064980 0.4639967978000641 0
1675251065194 0.45675334334373474 0
1675251065449 0.45021122694015503 0
1675251065659 0.45494723320007324 0
1675251065896 0.4522649943828583 0
1675251066128 0.4514421820640564 0
1675251066359 0.4533519148826599 0
1675251066570 0.45234760642051697 0
1675251066779 0.4551697373390198 0
1675251067043 0.44860365986824036 0
1675251067276 0.45425596833229065 0
1675251067504 0.4536275863647461 0
1675251067722 0.45474547147750854 0
1675251067974 0.4523271322250366 0
1675251068145 0.4605540633201599 0
1675251068438 0.44909805059432983 0
1675251068685 0.45370304584503174 0
1675251068954 0.4496724307537079 0
1675251069138 0.4579770267009735 0
1675251069373 0.4566987454891205 0
1675251069604 0.4537326693534851 0
1675251069840 0.4544673562049866 0
1675251070063 0.45329147577285767 0
1675251070281 0.4525304436683655 0
1675251070506 0.45561355352401733 0
1675251070740 0.4559345841407776 0
1675251070961 0.45676159858703613 0
1675251071169 0.4541487693786621 0
1675251071414 0.4517696797847748 0
1675251071710 0.4465913772583008 0
1675251071935 0.454510360956192 0
1675251072205 0.44950416684150696 0
1675251072458 0.44578686356544495 0
1675251074570 0.4542609751224518 0
1675251074821 0.45126694440841675 0
1675251074993 0.4589979946613312 0
1675251075209 0.45555827021598816 0
1675251075435 0.4519280195236206 0
1675251075639 0.45660868287086487 0
1675251075911 0.45252725481987 0
1675251076086 0.45741894841194153 0
1675251076339 0.4526640474796295 0
1675251076500 0.45955872535705566 0
1675251076729 0.4500790536403656 0
1675251076893 0.46058958768844604 0
1675251077062 0.45853590965270996 0
1675251077305 0.4502951502799988 0
1675251077544 0.45262202620506287 0
1675251077780 0.44919151067733765 0
1675251078032 0.45234212279319763 0
1675251078270 0.4525281488895416 0
1675251078513 0.44948381185531616 0
1675251078776 0.4501657485961914 0
1675251079039 0.44990524649620056 0
1675251079257 0.4546496868133545 0
1675251079479 0.4555680453777313 0
1675251079704 0.450697660446167 0
1675251079953 0.4516003131866455 0
1675251080141 0.45757031440734863 0
1675251080312 0.4574130177497864 0
1675251080546 0.45158928632736206 0
1675251080762 0.4546828866004944 0
1675251080978 0.45178765058517456 0
1675251081197 0.45322495698928833 0
1675251081416 0.45106416940689087 0
1675251081653 0.4488551914691925 0
1675251081864 0.4559270441532135 0
1675251082041 0.45939046144485474 0
1675251082248 0.45262178778648376 0
1675251082454 0.4508189260959625 0
1675251082703 0.44748103618621826 0
1675251082888 0.4576997756958008 0
1675251083140 0.44966110587120056 0
1675251083329 0.45580750703811646 0
1675251083568 0.45241236686706543 0
1675251083791 0.45099031925201416 0
1675251084007 0.4544270932674408 0
1675251084202 0.45373377203941345 0
1675251084442 0.4510746896266937 0
1675251084657 0.4532899260520935 0
1675251084952 0.44619569182395935 0
1675251085158 0.449264794588089 0
1675251085368 0.45189422369003296 0
1675251085630 0.45016011595726013 0
1675251085897 0.44632989168167114 0
1675251086140 0.45079660415649414 0
1675251086382 0.44791969656944275 0
1675251086589 0.45107659697532654 0
1675251086795 0.45290377736091614 0
1675251087036 0.45051634311676025 0
1675251087253 0.45344048738479614 0
1675251087504 0.44894084334373474 0
1675251087757 0.4486587643623352 0
1675251087978 0.45434120297431946 0
1675251088214 0.44654324650764465 0
1675251088404 0.4557785987854004 0
1675251088664 0.44634562730789185 0
1675251088892 0.4496385455131531 0
1675251089117 0.4504222273826599 0
1675251089333 0.4549069404602051 0
1675251089539 0.45206668972969055 0
1675251089781 0.45010504126548767 0
1675251089977 0.4554217457771301 0
1675251090245 0.4483197331428528 0
1675251090441 0.45425817370414734 0
1675251090676 0.44997328519821167 0
1675251090855 0.4520406126976013 0
1675251091076 0.44917377829551697 0
1675251091301 0.4511263072490692 0
1675251091518 0.4519205391407013 0
1675251091765 0.44894978404045105 0
1675251091996 0.45063287019729614 0
1675251092209 0.4532446265220642 0
1675251092427 0.4487561583518982 0
1675251092659 0.45113858580589294 0
1675251092895 0.4481106698513031 0
1675251093082 0.4522199034690857 0
1675251093252 0.4598950147628784 0
1675251093519 0.44701018929481506 0
1675251093785 0.4487955868244171 0
1675251094031 0.4498339593410492 0
1675251094241 0.4502237141132355 0
1675251094512 0.44841745495796204 0
1675251094766 0.4497474431991577 0
1675251094983 0.45252835750579834 0
1675251095160 0.4584946036338806 0
1675251095353 0.4531024098396301 0
1675251095611 0.44818657636642456 0
1675251095829 0.45159274339675903 0
1675251096003 0.45583462715148926 0
1675251096243 0.44717225432395935 0
1675251096477 0.45155787467956543 0
1675251096701 0.45206379890441895 0
1675251096942 0.4455612599849701 0
1675251097111 0.45746487379074097 0
1675251097317 0.45235058665275574 0
1675251097564 0.444816529750824 0
1675251097815 0.4490368068218231 0
1675251098039 0.4484032094478607 0
1675251098266 0.4501136839389801 0
1675251098543 0.44583186507225037 0
1675251098775 0.4490772783756256 0
1675251099044 0.4434066414833069 0
1675251099285 0.45147666335105896 0
1675251099539 0.4446581304073334 0
1675251099803 0.4444776475429535 0
1675251100014 0.4515366554260254 0
1675251100230 0.4510594308376312 0
1675251100440 0.4523049592971802 0
1675251100603 0.4575125575065613 0
1675251100843 0.45174655318260193 0
1675251101097 0.44394683837890625 0
1675251101339 0.4456171989440918 0
1675251101651 0.4402743875980377 0
1675251101893 0.44742557406425476 0
1675251102073 0.45537298917770386 0
1675251102314 0.4478229880332947 0
1675251102537 0.4492146074771881 0
1675251102730 0.4522436559200287 0
1675251103021 0.4450986385345459 0
1675251103220 0.4509868025779724 0
1675251103424 0.4544318914413452 0
1675251103685 0.4450972378253937 0
1675251103929 0.4454820454120636 0
1675251104209 0.4456188976764679 0
1675251104453 0.44630277156829834 0
1675251104737 0.4435778558254242 0
1675251104946 0.4498256742954254 0
1675251105275 0.43867605924606323 0
1675251105520 0.4499490261077881 0
1675251105734 0.45024895668029785 0
1675251105957 0.44742628931999207 0
1675251106220 0.4441290497779846 0
1675251106476 0.44112658500671387 0
1675251106713 0.45047077536582947 0
1675251106937 0.447225421667099 0
1675251107111 0.45512908697128296 0
1675251107284 0.45418280363082886 0
1675251107488 0.45442676544189453 0
1675251107728 0.44907769560813904 0
1675251107958 0.44819363951683044 0
1675251108198 0.44812968373298645 0
1675251108420 0.4490237832069397 0
1675251108625 0.4541456699371338 0
1675251108810 0.45184603333473206 0
1675251109063 0.44742274284362793 0
1675251109244 0.4539209008216858 0
1675251109464 0.44873476028442383 0
1675251109737 0.442913681268692 0
1675251109902 0.4540022909641266 0
1675251112024 0.4521230161190033 0
1675251112260 0.44929239153862 0
1675251112493 0.4494973421096802 0
1675251112696 0.4506029188632965 0
1675251112862 0.4582265317440033 0
1675251113077 0.4498688280582428 0
1675251113296 0.4494767189025879 0
1675251113538 0.44634661078453064 0
1675251113724 0.45163100957870483 0
1675251113922 0.45172256231307983 0
1675251114116 0.45402073860168457 0
1675251114327 0.4488660991191864 0
1675251114607 0.4438590407371521 0
1675251114834 0.4496394097805023 0
1675251115059 0.4482446312904358 0
1675251115341 0.44188404083251953 0
1675251115519 0.45636630058288574 0
1675251115761 0.4459211528301239 0
1675251116016 0.4449106752872467 0
1675251116218 0.4520809054374695 0
1675251116446 0.4487289488315582 0
1675251116663 0.448819637298584 0
1675251116885 0.4495178163051605 0
1675251117106 0.4494920074939728 0
1675251117331 0.4471682012081146 0
1675251117534 0.4493577480316162 0
1675251117740 0.45023971796035767 0
1675251117954 0.4501074254512787 0
1675251118182 0.4549328684806824 0
1675251118403 0.4491901993751526 0
1675251118667 0.4441338777542114 0
1675251118870 0.4502671957015991 0
1675251119100 0.449728399515152 0
1675251119309 0.45034316182136536 0
1675251119535 0.45085063576698303 0
1675251119757 0.4513374865055084 0
1675251120004 0.4475038945674896 0
1675251120241 0.4481106698513031 0
1675251120545 0.44214606285095215 0
1675251120723 0.4552408754825592 0
1675251120960 0.44637390971183777 0
1675251121201 0.4526900351047516 0
1675251121396 0.4489569664001465 0
1675251121658 0.44605034589767456 0
1675251121902 0.44842854142189026 0
1675251122104 0.45030292868614197 0
1675251122353 0.4466555118560791 0
1675251122656 0.43937763571739197 0
1675251122837 0.4509599804878235 0
1675251123078 0.4505373239517212 0
1675251123264 0.45412352681159973 0
1675251123456 0.4507541358470917 0
1675251123686 0.45244812965393066 0
1675251123928 0.44789230823516846 0
1675251124169 0.4470489025115967 0
1675251124412 0.4442507326602936 0
1675251124624 0.4505898654460907 0
1675251124819 0.45162340998649597 0
1675251125046 0.44824767112731934 0
1675251125338 0.4429556727409363 0
1675251125543 0.44832363724708557 0
1675251125753 0.4507499933242798 0
1675251125980 0.4462704360485077 0
1675251126185 0.45268112421035767 0
1675251126396 0.452481210231781 0
1675251126575 0.45307278633117676 0
1675251126854 0.44544142484664917 0
1675251127071 0.4475387930870056 0
1675251127297 0.4478786587715149 0
1675251127527 0.4434337317943573 0
1675251127771 0.4429761469364166 0
1675251128007 0.44586363434791565 0
1675251128225 0.451028972864151 0
1675251128479 0.4463047981262207 0
1675251128696 0.4486692249774933 0
1675251129004 0.43862301111221313 0
1675251129214 0.4499969482421875 0
1675251129490 0.44434598088264465 0
1675251129690 0.45165592432022095 0
1675251129908 0.44699713587760925 0
1675251130133 0.4474598169326782 0
1675251130368 0.4452568292617798 0
1675251130630 0.44083020091056824 0
1675251130918 0.4403039216995239 0
1675251131118 0.44892293214797974 0
1675251131347 0.448652058839798 0
1675251131525 0.45472222566604614 0
1675251131764 0.4457840919494629 0
1675251132010 0.4429921507835388 0
1675251132231 0.44968485832214355 0
1675251132452 0.4483126103878021 0
1675251132723 0.4404361844062805 0
1675251132922 0.45077499747276306 0
1675251133180 0.44329318404197693 0
1675251133390 0.44911015033721924 0
1675251133651 0.44145771861076355 0
1675251133924 0.44434598088264465 0
1675251134134 0.4500761032104492 0
1675251134366 0.4475644826889038 0
1675251134616 0.44621244072914124 0
1675251134815 0.4493359923362732 0
1675251135057 0.4479096233844757 0
1675251135256 0.4525763690471649 0
1675251135488 0.4472264051437378 0
1675251135699 0.4476139545440674 0
1675251135922 0.4499009847640991 0
1675251136141 0.4457240700721741 0
1675251136345 0.4487993121147156 0
1675251136567 0.4470270574092865 0
1675251136768 0.45090433955192566 0
1675251136999 0.44796332716941833 0
1675251137251 0.44595834612846375 0
1675251137482 0.44624924659729004 0
1675251137676 0.45030468702316284 0
1675251137901 0.4488430917263031 0
1675251138116 0.4484121799468994 0
1675251138363 0.4449478089809418 0
1675251138547 0.45433586835861206 0
1675251138775 0.4472551941871643 0
1675251139046 0.4413919448852539 0
1675251139248 0.45098453760147095 0
1675251139434 0.4513327479362488 0
1675251139659 0.444741427898407 0
1675251139890 0.4459865689277649 0
1675251140164 0.4410165846347809 0
1675251140397 0.4437563717365265 0
1675251140652 0.44458481669425964 0
1675251140954 0.4401267468929291 0
1675251141183 0.4471312165260315 0
1675251141403 0.44591885805130005 0
1675251141621 0.4521426856517792 0
1675251141843 0.4464486241340637 0
1675251142088 0.4440501630306244 0
1675251142372 0.44116538763046265 0
1675251142594 0.45076823234558105 0
1675251142786 0.4481525719165802 0
1675251143039 0.441841185092926 0
1675251143249 0.4497806131839752 0
1675251143502 0.44445908069610596 0
1675251143758 0.4424867331981659 0
1675251143985 0.445011705160141 0
1675251144210 0.44660332798957825 0
1675251144370 0.45574408769607544 0
1675251144593 0.44843900203704834 0
1675251144848 0.44714125990867615 0
1675251145090 0.44193774461746216 0
1675251145286 0.4511467218399048 0
1675251145543 0.44273409247398376 0
1675251145748 0.4489882290363312 0
1675251146035 0.4391935467720032 0
1675251146228 0.4492996633052826 0
1675251146485 0.4397047162055969 0
1675251146751 0.4434700608253479 0
1675251146975 0.44727078080177307 0
1675251147175 0.449789822101593 0
1675251147399 0.44557446241378784 0
1675251147663 0.44452568888664246 0
1675251149815 0.4418099522590637 0
1675251150057 0.4474963843822479 0
1675251150294 0.44536909461021423 0
1675251150535 0.44779473543167114 0
1675251150789 0.442038357257843 0
1675251151082 0.43718183040618896 0
1675251151299 0.4534759819507599 0
1675251151527 0.44476860761642456 0
1675251151744 0.4463764429092407 0
1675251151963 0.44751831889152527 0
1675251152192 0.44646820425987244 0
1675251152441 0.44722065329551697 0
1675251152674 0.44777899980545044 0
1675251152885 0.44619810581207275 0
1675251153081 0.4505707323551178 0
1675251153326 0.4479164183139801 0
1675251153537 0.4476045072078705 0
1675251153803 0.4394877851009369 0
1675251154014 0.44922831654548645 0
1675251154214 0.4522858262062073 0
1675251154488 0.4445856809616089 0
1675251154687 0.45070305466651917 0
1675251154885 0.4484472870826721 0
1675251155205 0.4386924207210541 0
1675251155414 0.4489661455154419 0
1675251155626 0.4453834295272827 0
1675251155822 0.44734349846839905 0
1675251156090 0.4424418807029724 0
1675251156362 0.4391433298587799 0
1675251156589 0.4499170184135437 0
1675251156801 0.4475553333759308 0
1675251157016 0.4496445059776306 0
1675251157246 0.44556865096092224 0
1675251157424 0.45150327682495117 0
1675251157638 0.44675523042678833 0
1675251157840 0.4522525668144226 0
1675251158084 0.44500717520713806 0
1675251158362 0.4379953444004059 0
1675251158565 0.45340511202812195 0
1675251158737 0.4545712471008301 0
1675251158922 0.44971758127212524 0
1675251159148 0.44342032074928284 0
1675251159379 0.44602590799331665 0
1675251159546 0.45586517453193665 0
1675251159765 0.4444586932659149 0
1675251159994 0.44457167387008667 0
1675251160216 0.4482171833515167 0
1675251160381 0.45566895604133606 0
1675251160558 0.449594110250473 0
1675251160753 0.4519197344779968 0
1675251160984 0.4408840537071228 0
1675251161183 0.4486016035079956 0
1675251161429 0.44643154740333557 0
1675251161673 0.4441754221916199 0
1675251161896 0.4465360641479492 0
1675251162108 0.44523075222969055 0
1675251162313 0.4486045241355896 0
1675251162529 0.44938886165618896 0
1675251162814 0.43736782670021057 0
1675251163020 0.4502878785133362 0
1675251163274 0.44371992349624634 0
1675251163480 0.44860318303108215 0
1675251163724 0.4431609511375427 0
1675251163986 0.44214463233947754 0
1675251164215 0.44626492261886597 0
1675251164419 0.45049911737442017 0
1675251164629 0.4500996768474579 0
1675251164840 0.4470365047454834 0
1675251165101 0.440530925989151 0
1675251165373 0.44385892152786255 0
1675251165594 0.4471100866794586 0
1675251165790 0.44801679253578186 0
1675251166041 0.441244900226593 0
1675251166236 0.4507719576358795 0
1675251166422 0.44827958941459656 0
1675251166655 0.443718284368515 0
1675251166844 0.44988778233528137 0
1675251167102 0.4402904510498047 0
1675251167321 0.44897642731666565 0
1675251167549 0.4455922544002533 0
1675251167750 0.44808316230773926 0
1675251168009 0.4417214095592499 0
1675251168224 0.44682252407073975 0
1675251168416 0.4490591287612915 0
1675251168701 0.4384576976299286 0
1675251168933 0.44336745142936707 0
1675251169122 0.4524540901184082 0
1675251169314 0.44746172428131104 0
1675251169513 0.44948679208755493 0
1675251169760 0.444927841424942 0
1675251170007 0.44120144844055176 0
1675251170213 0.449319452047348 0
1675251170436 0.4452822506427765 0
1675251170658 0.44717758893966675 0
1675251170887 0.44284722208976746 0
1675251171150 0.44262099266052246 0
1675251171395 0.44022276997566223 0
1675251171646 0.44579705595970154 0
1675251171850 0.4501158893108368 0
1675251172048 0.4503767490386963 0
1675251172264 0.44991129636764526 0
1675251172523 0.44307446479797363 0
1675251172734 0.44831734895706177 0
1675251172948 0.44628092646598816 0
1675251173161 0.4465833306312561 0
1675251173391 0.44212478399276733 0
1675251173646 0.44698402285575867 0
1675251173890 0.443037748336792 0
1675251174129 0.4438834488391876 0
1675251174378 0.43635430932044983 0
1675251174593 0.4444473683834076 0
1675251174825 0.44577059149742126 0
1675251174993 0.45435744524002075 0
1675251175201 0.4506169855594635 0
1675251175458 0.4385963976383209 0
1675251175653 0.4508320391178131 0
1675251175882 0.444091796875 0
1675251176097 0.4433442950248718 0
1675251176276 0.45048922300338745 0
1675251176490 0.44914543628692627 0
1675251176702 0.4452972114086151 0
1675251176936 0.44567543268203735 0
1675251177106 0.4511686861515045 0
1675251177319 0.4469209909439087 0
1675251177576 0.4447287917137146 0
1675251177774 0.4488583505153656 0
1675251178026 0.44122084975242615 0
1675251178200 0.4505873918533325 0
1675251178410 0.4464752972126007 0
1675251178612 0.45006415247917175 0
1675251178837 0.4485372006893158 0
1675251179029 0.4497840106487274 0
1675251179235 0.44759175181388855 0
1675251179420 0.44992825388908386 0
1675251179643 0.4451667070388794 0
1675251179899 0.44077828526496887 0
1675251180139 0.4441384971141815 0
1675251180390 0.4414987564086914 0
1675251180643 0.4438362419605255 0
1675251180854 0.4481316804885864 0
1675251181120 0.4395122528076172 0
1675251181337 0.44765135645866394 0
1675251181541 0.45070552825927734 0
1675251181789 0.44329676032066345 0
1675251182012 0.4455668330192566 0
1675251182205 0.44715744256973267 0
1675251182511 0.43600979447364807 0
1675251182786 0.43710848689079285 0
1675251183072 0.4344066083431244 0
1675251183272 0.44690069556236267 0
1675251183477 0.4478936195373535 0
1675251183734 0.4446732699871063 0
1675251183962 0.4431491494178772 0
1675251184200 0.439785361289978 0
1675251184427 0.44390934705734253 0
1675251184647 0.44200676679611206 0
1675251184841 0.4460619390010834 0
