1674831052881 0.7241029143333435 0
1674831053408 0.7301040291786194 0
1674831053982 0.7263433337211609 0
1674831054480 0.7239843010902405 0
1674831054904 0.7259668111801147 0
1674831055304 0.7266917824745178 0
1674831055740 0.7233511209487915 0
1674831056220 0.7202179431915283 0
1674831056800 0.7169579267501831 0
1674831057205 0.721248209476471 0
1674831057715 0.7177877426147461 0
1674831058240 0.7151982188224792 0
1674831058717 0.7155492901802063 0
1674831059222 0.7164473533630371 0
1674831059699 0.7152649164199829 0
1674831060250 0.7119946479797363 0
1674831060850 0.7096207737922668 0
1674831061290 0.7124998569488525 0
1674831061761 0.7131502032279968 0
1674831062330 0.7078974843025208 0
1674831062875 0.7065165042877197 0
1674831063525 0.7095549702644348 0
1674831064035 0.7046156525611877 0
1674831064455 0.7078019380569458 0
1674831064955 0.7035176753997803 0
1674831065520 0.6994187831878662 0
1674831065973 0.705627977848053 0
1674831066541 0.6998430490493774 0
1674831067090 0.7016078233718872 0
1674831067485 0.700116753578186 0
1674831067880 0.6992167830467224 0
1674831068375 0.6962522864341736 0
1674831068965 0.6962988972663879 0
1674831069688 0.6905514597892761 0
1674831070170 0.6964402794837952 0
1674831070545 0.6962599158287048 0
1674831071040 0.6926186680793762 0
1674831071435 0.6939777135848999 0
1674831071842 0.692889928817749 0
1674831072340 0.6887292265892029 0
1674831072837 0.6862314343452454 0
1674831073336 0.6869518756866455 0
1674831073735 0.6891458630561829 0
1674831074135 0.6864508986473083 0
1674831074670 0.6822496652603149 0
1674831075125 0.6825606226921082 0
1674831075619 0.682641863822937 0
1674831076070 0.6839770674705505 0
1674831076540 0.6785168647766113 0
1674831076915 0.6820589303970337 0
1674831077315 0.6809833645820618 0
1674831077881 0.6776670217514038 0
1674831078575 0.6766860485076904 0
1674831079165 0.6797338128089905 0
1674831079744 0.6769320964813232 0
1674831080295 0.6744044423103333 0
1674831080655 0.6746222376823425 0
1674831081030 0.674332320690155 0
1674831081541 0.6720940470695496 0
1674831081925 0.6725603342056274 0
1674831082405 0.6702545881271362 0
1674831082820 0.6744051575660706 0
1674831083300 0.6688162684440613 0
1674831083740 0.6663374304771423 0
1674831084140 0.6664754152297974 0
1674831084490 0.6681938767433167 0
1674831085040 0.6612859964370728 0
1674831085410 0.6626905798912048 0
1674831085830 0.6643863916397095 0
1674831086230 0.6624363660812378 0
1674831086560 0.6641373634338379 0
1674831086911 0.6621946096420288 0
1674831087400 0.65999436378479 0
1674831087912 0.6619933843612671 0
1674831088450 0.656172513961792 0
1674831089090 0.6545575857162476 0
1674831089580 0.6569863557815552 0
1674831089990 0.656683623790741 0
1674831090445 0.6573408842086792 0
1674831090860 0.6545736789703369 0
1674831091370 0.6530593633651733 0
1674831091720 0.6554486751556396 0
1674831092220 0.6542511582374573 0
1674831092645 0.6520261168479919 0
1674831093320 0.6465793251991272 0
1674831093960 0.6483345627784729 0
1674831094340 0.6473897099494934 0
1674831094795 0.6467209458351135 0
1674831095258 0.6489225029945374 0
1674831095867 0.6448382139205933 0
1674831096418 0.6447718739509583 0
1674831096875 0.6442952752113342 0
1674831097280 0.6440362334251404 0
1674831097710 0.6412796974182129 0
1674831098135 0.6402040123939514 0
1674831098565 0.6433326601982117 0
1674831099140 0.6418984532356262 0
1674831099665 0.6400268077850342 0
1674831100307 0.6391117572784424 0
1674831100960 0.638470470905304 0
1674831101435 0.6380000710487366 0
1674831101860 0.6381281614303589 0
1674831102540 0.6365963816642761 0
1674831102915 0.6427488923072815 0
1674831103490 0.6342753767967224 0
1674831104030 0.6317613124847412 0
1674831104493 0.6370570063591003 0
1674831105064 0.635922372341156 0
1674831105765 0.6334079504013062 0
1674831106252 0.6307201981544495 0
1674831106740 0.6307777166366577 0
1674831107300 0.6296655535697937 0
1674831107760 0.6327735185623169 0
1674831108315 0.6271395087242126 0
1674831108861 0.6275879144668579 0
1674831109314 0.629398763179779 0
1674831109750 0.6284027695655823 0
1674831110274 0.6279786229133606 0
1674831110640 0.6285306215286255 0
1674831111160 0.6244717240333557 0
1674831111710 0.6254333257675171 0
1674831112198 0.6249110698699951 0
1674831112706 0.6236612796783447 0
1674831113390 0.6240053772926331 0
1674831114100 0.6239404082298279 0
1674831114665 0.6227784156799316 0
1674831115180 0.6214935779571533 0
1674831115620 0.6198768019676208 0
1674831115990 0.6206218600273132 0
1674831116430 0.6196174025535583 0
1674831116855 0.6188722252845764 0
1674831117300 0.6188656687736511 0
1674831117790 0.6150885820388794 0
1674831118230 0.617359459400177 0
1674831118670 0.6153690814971924 0
1674831119110 0.6155360341072083 0
1674831119500 0.6152573823928833 0
1674831119910 0.6148309111595154 0
1674831120470 0.6124020218849182 0
1674831120715 0.6109225749969482 0
1674831130788 0.6136631965637207 0
1674831131201 0.6117130517959595 0
1674831131827 0.6097700595855713 0
1674831132220 0.6125670075416565 0
1674831132728 0.6079943180084229 0
1674831133213 0.610508382320404 0
1674831133588 0.6120077967643738 0
1674831134200 0.6096665859222412 0
1674831134704 0.609082043170929 0
1674831135227 0.6095796823501587 0
1674831135745 0.6047706604003906 0
1674831136995 0.6064903140068054 0
1674831137740 0.6044308543205261 0
1674831138738 0.6046520471572876 0
1674831139610 0.6023434400558472 0
1674831140357 0.6037634015083313 0
1674831141083 0.6039717793464661 0
1674831141540 0.6052247285842896 0
1674831142090 0.6003648638725281 0
1674831142576 0.597002387046814 0
1674831143045 0.6011956334114075 0
1674831143658 0.59809809923172 0
1674831144162 0.6016078591346741 0
1674831144843 0.5977289080619812 0
1674831145337 0.598909854888916 0
1674831145871 0.5996754169464111 0
1674831146615 0.600550651550293 0
1674831147400 0.5943904519081116 0
1674831147894 0.5951737761497498 0
1674831148501 0.5946378111839294 0
1674831149008 0.5952941179275513 0
1674831149430 0.5944706797599792 0
1674831149875 0.5943126678466797 0
1674831150403 0.5933767557144165 0
1674831150870 0.5964717864990234 0
1674831151345 0.5955695509910583 0
1674831151954 0.592117190361023 0
1674831152434 0.5911386013031006 0
1674831152848 0.5925355553627014 0
1674831153376 0.5894407629966736 0
1674831153940 0.589168131351471 0
1674831154598 0.5880788564682007 0
1674831155190 0.5876252055168152 0
1674831155717 0.5886613130569458 0
1674831156254 0.5891592502593994 0
1674831156753 0.589172899723053 0
1674831157248 0.5886598229408264 0
1674831157601 0.5881191492080688 0
1674831158190 0.5842606425285339 0
1674831158683 0.58780437707901 0
1674831159190 0.5821265578269958 0
1674831159743 0.5857914090156555 0
1674831160310 0.5814439654350281 0
1674831160774 0.5844435691833496 0
1674831161420 0.5816621780395508 0
1674831161893 0.5849668979644775 0
1674831162380 0.5825490951538086 0
1674831162880 0.5820752382278442 0
1674831163215 0.584741473197937 0
1674831163780 0.5790917873382568 0
1674831164240 0.5801123976707458 0
1674831164620 0.582279622554779 0
1674831165164 0.5801733136177063 0
1674831165600 0.5809767842292786 0
1674831166040 0.5842127799987793 0
1674831166620 0.5781042575836182 0
1674831167130 0.5777572989463806 0
1674831167630 0.5770440101623535 0
1674831168130 0.5753006339073181 0
1674831168540 0.5795071125030518 0
1674831169045 0.5766586065292358 0
1674831169590 0.575163722038269 0
1674831170100 0.5785713791847229 0
1674831170630 0.5765792727470398 0
1674831171040 0.5739161372184753 0
1674831171430 0.5749476552009583 0
1674831171835 0.5779449939727783 0
1674831172281 0.5717306137084961 0
1674831172747 0.5708647966384888 0
1674831173042 0.5796957612037659 0
1674831173660 0.5715100169181824 0
1674831174120 0.5698518753051758 0
1674831174570 0.5711483955383301 0
1674831175095 0.5679588913917542 0
1674831175553 0.5721908211708069 0
1674831175978 0.5733588933944702 0
1674831176386 0.5716543197631836 0
1674831176801 0.5692517757415771 0
1674831177405 0.5680856704711914 0
1674831177955 0.568467378616333 0
1674831178470 0.567951500415802 0
1674831179050 0.5664142370223999 0
1674831179577 0.5666505694389343 0
1674831180155 0.5647732615470886 0
1674831180640 0.5665347576141357 0
1674831181118 0.5675159096717834 0
1674831181580 0.5645384192466736 0
1674831182040 0.5593688488006592 0
1674831182515 0.566401481628418 0
1674831183010 0.565261960029602 0
1674831183420 0.566332995891571 0
1674831183980 0.5653483867645264 0
1674831184540 0.565197765827179 0
1674831185094 0.569041907787323 0
1674831185891 0.5637100338935852 0
1674831186540 0.5640528798103333 0
1674831187143 0.5609961748123169 0
1674831187595 0.5631662607192993 0
1674831187950 0.5618759393692017 0
1674831188386 0.5572572350502014 0
1674831188835 0.5608372688293457 0
1674831189335 0.5568369030952454 0
1674831189812 0.560558021068573 0
1674831190315 0.5569806098937988 0
1674831190811 0.5594605803489685 0
1674831191249 0.561440646648407 0
1674831191811 0.5581834316253662 0
1674831192200 0.5601236820220947 0
1674831192600 0.5596022009849548 0
1674831193050 0.5599888563156128 0
1674831193500 0.5570399761199951 0
1674831194091 0.5557774305343628 0
1674831194550 0.561508059501648 0
1674831195060 0.5509688258171082 0
1674831195440 0.557410717010498 0
1674831195890 0.5556789636611938 0
1674831196326 0.5566389560699463 0
1674831196775 0.5559166073799133 0
1674831197209 0.5515647530555725 0
1674831197685 0.5544238686561584 0
1674831198160 0.557253360748291 0
1674831198645 0.5546274781227112 0
1674831199120 0.5551308989524841 0
1674831199561 0.5554209351539612 0
1674831200542 0.5521098971366882 0
1674831201134 0.5548570156097412 0
1674831201577 0.5535879731178284 0
1674831202085 0.554291844367981 0
1674831202605 0.5534747838973999 0
1674831202872 0.5507488250732422 0
1674831214311 0.5538827776908875 0
1674831214820 0.5484735369682312 0
1674831215955 0.551426887512207 0
1674831216600 0.5481815338134766 0
1674831217060 0.5514787435531616 0
1674831217555 0.5477173924446106 0
1674831218419 0.5469492673873901 0
1674831218968 0.5483192205429077 0
1674831219420 0.5499686002731323 0
1674831219825 0.5508233904838562 0
1674831220270 0.5524839758872986 0
1674831220705 0.5467081069946289 0
1674831221320 0.5471482276916504 0
1674831221740 0.5476707816123962 0
1674831222295 0.5447580814361572 0
1674831222765 0.5448479056358337 0
1674831223202 0.5470899343490601 0
1674831223821 0.5439440608024597 0
1674831224215 0.5474219918251038 0
1674831224655 0.5465232729911804 0
1674831225150 0.5449261665344238 0
1674831225590 0.5467900037765503 0
1674831226045 0.5455261468887329 0
1674831226430 0.5455330014228821 0
1674831226956 0.5447742938995361 0
1674831227427 0.5479058027267456 0
1674831227930 0.5434629917144775 0
1674831228355 0.5425078868865967 0
1674831228850 0.5441554188728333 0
1674831229340 0.5417261123657227 0
1674831229870 0.5427078008651733 0
1674831230420 0.5434680581092834 0
1674831230800 0.5412876605987549 0
1674831231404 0.5407443046569824 0
1674831231910 0.5426074266433716 0
1674831232670 0.5390116572380066 0
1674831233140 0.5448675751686096 0
1674831233595 0.5403637886047363 0
1674831234030 0.541546106338501 0
1674831234460 0.540429413318634 0
1674831234937 0.5395247936248779 0
1674831235350 0.5353912115097046 0
1674831235805 0.5407776832580566 0
1674831236236 0.5417333841323853 0
1674831236660 0.538636326789856 0
1674831237055 0.5382853150367737 0
1674831237465 0.5354634523391724 0
1674831237855 0.5366230010986328 0
1674831238210 0.5404013991355896 0
1674831238700 0.5403252243995667 0
1674831239056 0.5412111878395081 0
1674831239848 0.5386395454406738 0
1674831240309 0.5406269431114197 0
1674831240860 0.5361926555633545 0
1674831241260 0.5408291816711426 0
1674831241785 0.5422438979148865 0
1674831242258 0.5363296866416931 0
1674831242713 0.5347574353218079 0
1674831243195 0.5402164459228516 0
1674831243800 0.5370014905929565 0
1674831244589 0.5370339155197144 0
1674831245190 0.5347476601600647 0
1674831245709 0.5364055633544922 0
1674831246451 0.5312666893005371 0
1674831246878 0.537470281124115 0
1674831247385 0.5359232425689697 0
1674831247915 0.5380338430404663 0
1674831248506 0.5353974103927612 0
1674831249330 0.5329300761222839 0
1674831250340 0.5285195708274841 0
1674831250970 0.533303439617157 0
1674831251680 0.5308089256286621 0
1674831252303 0.5353192687034607 0
1674831252911 0.5351162552833557 0
1674831253354 0.5330407619476318 0
1674831254137 0.5296134352684021 0
1674831254846 0.531970739364624 0
1674831255487 0.5318453907966614 0
1674831256050 0.5282362103462219 0
1674831256625 0.5289905071258545 0
1674831257282 0.5311877727508545 0
1674831257805 0.5300766229629517 0
1674831258490 0.5269712805747986 0
1674831259010 0.5295048952102661 0
1674831259530 0.5305684804916382 0
1674831260201 0.5303064584732056 0
1674831261106 0.5302585959434509 0
1674831262063 0.5278597474098206 0
1674831262563 0.5354121923446655 0
1674831263228 0.5297449827194214 0
1674831263707 0.530394971370697 0
1674831264160 0.5316609144210815 0
1674831264661 0.5296844244003296 0
1674831265223 0.5287439823150635 0
1674831265740 0.5301660299301147 0
1674831266285 0.5270065069198608 0
1674831266720 0.5278772711753845 0
1674831267130 0.5299277305603027 0
1674831267540 0.5310937166213989 0
1674831268020 0.5260939598083496 0
1674831268500 0.5285862684249878 0
1674831268960 0.5235511064529419 0
1674831269489 0.5262722969055176 0
1674831269846 0.5313725471496582 0
1674831270260 0.5290906429290771 0
1674831270696 0.5282508134841919 0
1674831271125 0.5299125909805298 0
1674831271748 0.5309997797012329 0
1674831273353 0.5223950743675232 0
1674831273980 0.5235968828201294 0
1674831274500 0.5259070992469788 0
1674831275089 0.5226958394050598 0
1674831275725 0.5216149687767029 0
1674831276261 0.5220956206321716 0
1674831276749 0.5246027708053589 0
1674831277165 0.5262712240219116 0
1674831277684 0.5245743989944458 0
1674831278480 0.5240187048912048 0
1674831278931 0.5271592736244202 0
1674831279275 0.5288388729095459 0
1674831279765 0.5245202779769897 0
1674831280161 0.525373101234436 0
1674831280661 0.5247399210929871 0
1674831281113 0.5249344706535339 0
1674831281618 0.5255347490310669 0
1674831282145 0.5239874720573425 0
1674831282699 0.5246507525444031 0
1674831283191 0.5230374932289124 0
1674831283640 0.5235863327980042 0
1674831284218 0.5220555663108826 0
1674831284666 0.521244466304779 0
1674831285245 0.5219550728797913 0
1674831285683 0.5238205790519714 0
1674831286235 0.5217355489730835 0
1674831286718 0.5234516263008118 0
1674831287245 0.5198687314987183 0
1674831287740 0.5213484168052673 0
1674831288180 0.5217443704605103 0
1674831288640 0.5211945176124573 0
1674831288900 0.5182902812957764 0
