1675521712823 0.7160454988479614 0
1675521712960 0.7038062810897827 0
1675521713103 0.6957182884216309 0
1675521713235 0.6857492923736572 0
1675521713359 0.6773330569267273 0
1675521713504 0.669122040271759 0
1675521713598 0.666821300983429 0
1675521713742 0.6524123549461365 0
1675521713849 0.6475985646247864 0
1675521714003 0.638414204120636 0
1675521714159 0.6290682554244995 0
1675521714281 0.6248717308044434 0
1675521714407 0.6183204650878906 0
1675521714533 0.6091218590736389 0
1675521714680 0.6065618991851807 0
1675521714798 0.6020129919052124 0
1675521714934 0.5961898565292358 0
1675521715091 0.5906927585601807 0
1675521715208 0.5865216255187988 0
1675521715344 0.5823889374732971 0
1675521715463 0.5783066153526306 0
1675521715583 0.5766468644142151 0
1675521715720 0.5700942873954773 0
1675521715836 0.5693604946136475 0
1675521715967 0.5629660487174988 0
1675521716118 0.5629553198814392 0
1675521716227 0.5617756247520447 0
1675521716344 0.5539274215698242 0
1675521716460 0.5513510704040527 0
1675521716557 0.5536969304084778 0
1675521716684 0.5448217988014221 0
1675521716800 0.5476414561271667 0
1675521716911 0.5449452996253967 0
1675521717044 0.5397195816040039 0
1675521717170 0.5392642021179199 0
1675521717315 0.5350052118301392 0
1675521717477 0.5322614908218384 0
1675521717606 0.5326444506645203 0
1675521717727 0.5317166447639465 0
1675521717851 0.5321922302246094 0
1675521717987 0.5286828875541687 0
1675521718109 0.5260356068611145 0
1675521718224 0.5277177691459656 0
1675521718351 0.5260470509529114 0
1675521718486 0.5248216986656189 0
1675521718627 0.5219728946685791 0
1675521718764 0.5177095532417297 0
1675521718909 0.5202155709266663 0
1675521719045 0.5155063271522522 0
1675521719139 0.5231061577796936 0
1675521719314 0.5076156258583069 0
1675521719434 0.5163409113883972 0
1675521719563 0.5122745633125305 0
1675521719688 0.5154704451560974 0
1675521719842 0.5089135766029358 0
1675521719962 0.51217120885849 0
1675521720119 0.5132049918174744 0
1675521720268 0.5052633285522461 0
1675521720424 0.5095282793045044 0
1675521720544 0.507206380367279 0
1675521720660 0.50811368227005 0
1675521720799 0.5062453150749207 0
1675521720910 0.5091089010238647 0
1675521721035 0.5090276002883911 0
1675521721178 0.5046263337135315 0
1675521721295 0.5043268799781799 0
1675521721424 0.49895602464675903 0
1675521721527 0.5043535828590393 0
1675521721668 0.5003764033317566 0
1675521721790 0.5013328194618225 0
1675521721929 0.5016829371452332 0
1675521722046 0.5024780035018921 0
1675521722168 0.4995950758457184 0
1675521722298 0.49749913811683655 0
1675521722416 0.49952712655067444 0
1675521722542 0.49626806378364563 0
1675521722674 0.4949299395084381 0
1675521722800 0.49867546558380127 0
1675521722948 0.4906458258628845 0
1675521723070 0.49538978934288025 0
1675521723223 0.49359264969825745 0
1675521723355 0.4932110905647278 0
1675521723482 0.4930735230445862 0
1675521723611 0.49136894941329956 0
1675521723735 0.49563321471214294 0
1675521723865 0.49454304575920105 0
1675521723975 0.49384912848472595 0
1675521724119 0.4921220541000366 0
1675521724242 0.4901786744594574 0
1675521724389 0.4862501621246338 0
1675521724527 0.49222689867019653 0
1675521724652 0.49076998233795166 0
1675521724792 0.4889189600944519 0
1675521724941 0.48653262853622437 0
1675521725053 0.4919815957546234 0
1675521725194 0.4875411093235016 0
1675521725330 0.4875400960445404 0
1675521725442 0.4907224178314209 0
1675521725575 0.4896559715270996 0
1675521725718 0.4878695011138916 0
1675521725869 0.4819692373275757 0
1675521726000 0.4851699769496918 0
1675521726107 0.49039530754089355 0
1675521726206 0.49244752526283264 0
1675521726345 0.4880298376083374 0
1675521726465 0.4882673919200897 0
1675521726588 0.4870125949382782 0
1675521726692 0.4932880401611328 0
1675521726844 0.47777989506721497 0
1675521726951 0.4910920560359955 0
1675521727073 0.48545870184898376 0
1675521727188 0.4851004183292389 0
1675521727296 0.4880809783935547 0
1675521727421 0.4833880066871643 0
1675521727532 0.4855659008026123 0
1675521727653 0.48400184512138367 0
1675521727760 0.48650047183036804 0
1675521727875 0.4847995340824127 0
1675521728007 0.48116257786750793 0
1675521728129 0.4830872416496277 0
1675521728288 0.4792652726173401 0
1675521728425 0.4813602864742279 0
1675521728556 0.4826895594596863 0
1675521728709 0.48070430755615234 0
1675521728835 0.48319777846336365 0
1675521728944 0.48524007201194763 0
1675521729064 0.48473548889160156 0
1675521729227 0.4789835512638092 0
1675521729349 0.4854913353919983 0
1675521729451 0.4848988354206085 0
1675521729586 0.4776456654071808 0
1675521729729 0.47826579213142395 0
1675521729858 0.48106539249420166 0
1675521729984 0.47909581661224365 0
1675521730116 0.47964105010032654 0
1675521730235 0.4794626832008362 0
1675521730374 0.4750165343284607 0
1675521730526 0.4764562249183655 0
1675521730669 0.47786587476730347 0
1675521730777 0.4830704927444458 0
1675521730918 0.47489070892333984 0
1675521731056 0.47858890891075134 0
1675521731152 0.4844186305999756 0
1675521731272 0.4782160818576813 0
1675521731424 0.4721565246582031 0
1675521731558 0.47670242190361023 0
1675521731667 0.47923630475997925 0
1675521731790 0.47891539335250854 0
1675521731909 0.4783715307712555 0
1675521732044 0.47444403171539307 0
1675521732173 0.4766053855419159 0
1675521732292 0.4805625379085541 0
1675521732432 0.4755661189556122 0
1675521732544 0.47773200273513794 0
1675521732663 0.4778197407722473 0
1675521732808 0.47089114785194397 0
1675521732960 0.46800997853279114 0
1675521734129 0.4729071259498596 0
1675521734247 0.4762256443500519 0
1675521734343 0.4829751253128052 0
1675521734492 0.46953070163726807 0
1675521734610 0.4758531153202057 0
1675521734744 0.4737623631954193 0
1675521734873 0.475385844707489 0
1675521735030 0.47255441546440125 0
1675521735174 0.47078099846839905 0
1675521735308 0.47020575404167175 0
1675521735440 0.4705151915550232 0
1675521735554 0.476530522108078 0
1675521735667 0.4769838750362396 0
1675521735796 0.4724135100841522 0
1675521735912 0.4755246341228485 0
1675521736028 0.4773816764354706 0
1675521736187 0.4645760953426361 0
1675521736310 0.4750017821788788 0
1675521736489 0.46645575761795044 0
1675521736626 0.46846187114715576 0
1675521736743 0.4769114851951599 0
1675521736847 0.47537150979042053 0
1675521736957 0.4759908616542816 0
1675521737083 0.4729680120944977 0
1675521737212 0.4750264585018158 0
1675521737325 0.47394227981567383 0
1675521737435 0.47537127137184143 0
1675521737572 0.47441890835762024 0
1675521737671 0.4780268669128418 0
1675521737800 0.46988290548324585 0
1675521737936 0.46833333373069763 0
1675521738060 0.4722829759120941 0
1675521738183 0.4745616912841797 0
1675521738338 0.4654802680015564 0
1675521738466 0.47525477409362793 0
1675521738593 0.47371774911880493 0
1675521738724 0.47007766366004944 0
1675521738862 0.4718374013900757 0
1675521738989 0.4714599847793579 0
1675521739114 0.4710816740989685 0
1675521739246 0.4760647118091583 0
1675521739365 0.4721505045890808 0
1675521739494 0.4698779284954071 0
1675521739602 0.47593051195144653 0
1675521739731 0.4681479334831238 0
1675521739825 0.4760246276855469 0
1675521739976 0.46555855870246887 0
1675521740106 0.46849939227104187 0
1675521740248 0.4684586524963379 0
1675521740403 0.46481117606163025 0
1675521740532 0.46780773997306824 0
1675521740649 0.47528544068336487 0
1675521740775 0.47084158658981323 0
1675521740894 0.4747123718261719 0
1675521741022 0.4665215015411377 0
1675521741167 0.4637269675731659 0
1675521741287 0.4731391966342926 0
1675521741385 0.47554129362106323 0
1675521741510 0.4702047109603882 0
1675521741623 0.47320881485939026 0
1675521741739 0.46974772214889526 0
1675521741848 0.47091519832611084 0
1675521741959 0.4708007574081421 0
1675521742076 0.4723680019378662 0
1675521742220 0.46423283219337463 0
1675521742334 0.46967655420303345 0
1675521742472 0.46543633937835693 0
1675521742603 0.4655672609806061 0
1675521742721 0.46926063299179077 0
1675521742824 0.4724278450012207 0
1675521742936 0.4718778431415558 0
1675521743065 0.466433048248291 0
1675521743180 0.47154611349105835 0
1675521743321 0.466686874628067 0
1675521743445 0.4673911929130554 0
1675521743590 0.4611828029155731 0
1675521743740 0.4625526964664459 0
1675521743893 0.463451087474823 0
1675521744026 0.466604083776474 0
1675521744160 0.468747615814209 0
1675521744279 0.4691903591156006 0
1675521744416 0.4619986116886139 0
1675521744565 0.46333780884742737 0
1675521744695 0.4687904417514801 0
1675521744829 0.46521326899528503 0
1675521744958 0.46365615725517273 0
1675521745085 0.46782442927360535 0
1675521745204 0.4672795236110687 0
1675521745322 0.4681629538536072 0
1675521745461 0.46566423773765564 0
1675521745601 0.4641059339046478 0
1675521745705 0.47168371081352234 0
1675521745840 0.46732521057128906 0
1675521745935 0.47242817282676697 0
1675521746051 0.4699244797229767 0
1675521746176 0.4663698375225067 0
1675521746285 0.4702024757862091 0
1675521746396 0.4662977457046509 0
1675521746528 0.4632352292537689 0
1675521746638 0.47068870067596436 0
1675521746765 0.46031454205513 0
1675521746899 0.46114039421081543 0
1675521747026 0.46468856930732727 0
1675521747167 0.46125057339668274 0
1675521747313 0.4648889899253845 0
1675521747412 0.47176873683929443 0
1675521747567 0.46279290318489075 0
1675521747675 0.4675235450267792 0
1675521747784 0.4692670702934265 0
1675521747904 0.4641057550907135 0
1675521747998 0.47201961278915405 0
1675521748131 0.46316683292388916 0
1675521748252 0.46777087450027466 0
1675521748366 0.4653829038143158 0
1675521748507 0.4594142436981201 0
1675521748660 0.4568769335746765 0
1675521748788 0.46661317348480225 0
1675521748899 0.4647710621356964 0
1675521749037 0.46320614218711853 0
1675521749155 0.4639197289943695 0
1675521749286 0.4614410698413849 0
1675521749416 0.4617045223712921 0
1675521749529 0.4667761027812958 0
1675521749653 0.4647514820098877 0
1675521749750 0.46743205189704895 0
1675521749890 0.46248358488082886 0
1675521750017 0.462174654006958 0
1675521750131 0.4644421339035034 0
1675521750235 0.4706780016422272 0
1675521750356 0.4618569612503052 0
1675521750482 0.4614507853984833 0
1675521750623 0.46087008714675903 0
1675521750749 0.4628797471523285 0
1675521750878 0.46077534556388855 0
1675521751016 0.457689106464386 0
1675521751172 0.4552392065525055 0
1675521751339 0.45143166184425354 0
1675521751459 0.4636194109916687 0
1675521751574 0.46665868163108826 0
1675521751683 0.46497830748558044 0
1675521751795 0.467081218957901 0
1675521751926 0.4617500603199005 0
1675521752034 0.46466851234436035 0
1675521752140 0.46718212962150574 0
1675521752263 0.4635627269744873 0
1675521752397 0.4569592773914337 0
1675521752509 0.4643663167953491 0
1675521752620 0.46341344714164734 0
1675521752760 0.4589082598686218 0
1675521752882 0.4641212224960327 0
1675521752983 0.46849578619003296 0
1675521753087 0.46462494134902954 0
1675521753206 0.4624389410018921 0
1675521753325 0.4622301459312439 0
1675521753438 0.46273937821388245 0
1675521753562 0.46336838603019714 0
1675521753664 0.46613267064094543 0
1675521754762 0.46017730236053467 0
1675521754882 0.45981425046920776 0
1675521754987 0.46441057324409485 0
1675521755113 0.46272745728492737 0
1675521755217 0.46556028723716736 0
1675521755317 0.46736955642700195 0
1675521755460 0.45459622144699097 0
1675521755598 0.4578109681606293 0
1675521755721 0.4591796100139618 0
1675521755842 0.4603753089904785 0
1675521755962 0.4633994996547699 0
1675521756116 0.455126017332077 0
1675521756228 0.4642738699913025 0
1675521756331 0.4639216363430023 0
1675521756503 0.45477598905563354 0
1675521756640 0.4586373567581177 0
1675521756752 0.4665994346141815 0
1675521756911 0.45504090189933777 0
1675521757040 0.4606780409812927 0
1675521757171 0.4610114097595215 0
1675521757295 0.46057823300361633 0
1675521757425 0.4595112204551697 0
1675521757558 0.4558084011077881 0
1675521757694 0.45391523838043213 0
1675521757820 0.4581613540649414 0
1675521757949 0.4605621099472046 0
1675521758086 0.4616590440273285 0
1675521758200 0.46328890323638916 0
1675521758319 0.46187251806259155 0
1675521758448 0.45782703161239624 0
1675521758577 0.45826148986816406 0
1675521758675 0.4652824401855469 0
1675521758797 0.45772504806518555 0
1675521758924 0.4565148651599884 0
1675521759034 0.4620647132396698 0
1675521759160 0.45772773027420044 0
1675521759267 0.46722885966300964 0
1675521759427 0.45254531502723694 0
1675521759550 0.46040159463882446 0
1675521759662 0.46238067746162415 0
1675521759782 0.45958802103996277 0
1675521759909 0.4595964550971985 0
1675521760020 0.4635908007621765 0
1675521760141 0.4616333842277527 0
1675521760262 0.45940959453582764 0
1675521760405 0.45625463128089905 0
1675521760552 0.4534224569797516 0
1675521760661 0.4619348347187042 0
1675521760812 0.4546544551849365 0
1675521760927 0.4635453522205353 0
1675521761075 0.45596346259117126 0
1675521761216 0.4548105299472809 0
1675521761356 0.45621898770332336 0
1675521761461 0.46567997336387634 0
1675521761589 0.45961707830429077 0
1675521761724 0.4563612937927246 0
1675521761844 0.45987313985824585 0
1675521761947 0.46612244844436646 0
1675521762049 0.46359097957611084 0
1675521762194 0.4527156352996826 0
1675521762314 0.45941486954689026 0
1675521762455 0.45517268776893616 0
1675521762606 0.45274868607521057 0
1675521762730 0.45976942777633667 0
1675521762885 0.45473358035087585 0
1675521763020 0.45270833373069763 0
1675521763156 0.4518758952617645 0
1675521763304 0.45351874828338623 0
1675521763402 0.46363556385040283 0
1675521763526 0.4574297368526459 0
1675521763673 0.4546094238758087 0
1675521763791 0.4599645137786865 0
1675521763923 0.45465901494026184 0
1675521764057 0.4618890881538391 0
1675521764165 0.4609587490558624 0
1675521764274 0.4622105658054352 0
1675521764392 0.4567180275917053 0
1675521764491 0.46245741844177246 0
1675521764606 0.4592036008834839 0
1675521764743 0.459096223115921 0
1675521764866 0.46021485328674316 0
1675521765016 0.45538851618766785 0
1675521765142 0.45786017179489136 0
1675521765275 0.45739543437957764 0
1675521765417 0.4533497989177704 0
1675521765570 0.45223402976989746 0
1675521765712 0.4529814124107361 0
1675521765847 0.4555017650127411 0
1675521765949 0.46352240443229675 0
1675521766058 0.46191132068634033 0
1675521766169 0.46149834990501404 0
1675521766298 0.4544628858566284 0
1675521766409 0.4582081735134125 0
1675521766540 0.454289972782135 0
1675521766697 0.4492858946323395 0
1675521766830 0.45409461855888367 0
1675521766965 0.4547347128391266 0
1675521767102 0.45359888672828674 0
1675521767261 0.45151206851005554 0
1675521767409 0.4503225088119507 0
1675521767550 0.4525776505470276 0
1675521767674 0.45392048358917236 0
1675521767790 0.4592682123184204 0
1675521767924 0.454225093126297 0
1675521768058 0.45571377873420715 0
1675521768179 0.4624203145503998 0
1675521768308 0.45582953095436096 0
1675521768428 0.4582768678665161 0
1675521768551 0.45827487111091614 0
1675521768688 0.45016491413116455 0
1675521768803 0.4587251842021942 0
1675521768901 0.46344229578971863 0
1675521769020 0.4593687951564789 0
1675521769147 0.45631271600723267 0
1675521769278 0.45195990800857544 0
1675521769406 0.45425644516944885 0
1675521769511 0.4603768289089203 0
1675521769634 0.459597110748291 0
1675521769748 0.45740869641304016 0
1675521769891 0.4510141909122467 0
1675521770043 0.4532163143157959 0
1675521770177 0.4542078971862793 0
1675521770308 0.45116597414016724 0
1675521770426 0.45803675055503845 0
1675521770567 0.4528034031391144 0
1675521770695 0.45216262340545654 0
1675521770824 0.45587271451950073 0
1675521770967 0.44943198561668396 0
1675521771125 0.44523149728775024 0
1675521771246 0.4557921588420868 0
1675521771387 0.4504181742668152 0
1675521771505 0.45670369267463684 0
1675521771614 0.45873767137527466 0
1675521771749 0.4519469141960144 0
1675521771846 0.46373191475868225 0
1675521771956 0.4589237868785858 0
1675521772102 0.45404428243637085 0
1675521772213 0.4569694399833679 0
1675521772329 0.45470383763313293 0
1675521772487 0.44633495807647705 0
1675521772604 0.45599085092544556 0
1675521772735 0.4555532932281494 0
1675521772859 0.4544737637042999 0
1675521772988 0.4518304467201233 0
1675521773109 0.4556954503059387 0
1675521773225 0.45457082986831665 0
1675521773378 0.4456128478050232 0
1675521773513 0.4521614611148834 0
1675521773641 0.45491936802864075 0
1675521773788 0.45030733942985535 0
1675521773892 0.45800331234931946 0
1675521774020 0.452006071805954 0
1675521774134 0.45557039976119995 0
1675521774279 0.45002686977386475 0
1675521774417 0.4547434449195862 0
1675521774516 0.46352463960647583 0
1675521774624 0.4573729336261749 0
1675521775762 0.450827419757843 0
1675521775878 0.45521116256713867 0
1675521775997 0.45529770851135254 0
1675521776109 0.4553327262401581 0
1675521776241 0.4519609808921814 0
1675521776422 0.4387657642364502 0
1675521776554 0.4512713551521301 0
1675521776669 0.4553907811641693 0
1675521776804 0.44979408383369446 0
1675521776915 0.458019882440567 0
1675521777029 0.4559116065502167 0
1675521777142 0.4568614065647125 0
1675521777250 0.4576095640659332 0
1675521777391 0.4482581913471222 0
1675521777509 0.4562603831291199 0
1675521777658 0.4470825493335724 0
1675521777771 0.4582565426826477 0
1675521777915 0.4455246925354004 0
1675521778060 0.44594570994377136 0
1675521778173 0.45818260312080383 0
1675521778294 0.4529409110546112 0
1675521778436 0.4501875638961792 0
1675521778572 0.44841545820236206 0
1675521778681 0.45979711413383484 0
1675521778822 0.4489116072654724 0
1675521778957 0.4495813250541687 0
1675521779073 0.4542723298072815 0
1675521779209 0.4478512108325958 0
1675521779344 0.4516911506652832 0
1675521779453 0.45697322487831116 0
1675521779622 0.44203874468803406 0
1675521779743 0.45045700669288635 0
1675521779848 0.45819970965385437 0
1675521779965 0.455961138010025 0
1675521780074 0.45759686827659607 0
1675521780200 0.4536846876144409 0
1675521780353 0.44252198934555054 0
1675521780459 0.455709308385849 0
1675521780577 0.45402783155441284 0
1675521780698 0.45225873589515686 0
1675521780844 0.4490925073623657 0
1675521780986 0.44851434230804443 0
1675521781129 0.448007196187973 0
1675521781240 0.4560278058052063 0
1675521781363 0.4524814784526825 0
1675521781490 0.45167410373687744 0
1675521781607 0.4527256488800049 0
1675521781715 0.45771098136901855 0
1675521781849 0.4522237479686737 0
1675521781955 0.4577310383319855 0
1675521782060 0.4565820097923279 0
1675521782192 0.4502907693386078 0
1675521782311 0.4535259008407593 0
1675521782435 0.44839879870414734 0
1675521782558 0.4502115845680237 0
1675521782694 0.4476768672466278 0
1675521782829 0.4496978521347046 0
1675521782970 0.44838711619377136 0
1675521783105 0.447205513715744 0
1675521783242 0.45057082176208496 0
1675521783363 0.45344045758247375 0
1675521783485 0.45527467131614685 0
1675521783583 0.45712244510650635 0
1675521783731 0.4476328492164612 0
1675521783841 0.4553644359111786 0
1675521783986 0.443390429019928 0
1675521784130 0.4485590159893036 0
1675521784283 0.4447145164012909 0
1675521784392 0.45448872447013855 0
1675521784519 0.44805607199668884 0
1675521784681 0.44327273964881897 0
1675521784806 0.44795525074005127 0
1675521784947 0.4452817738056183 0
1675521785098 0.4454330503940582 0
1675521785238 0.4466412663459778 0
1675521785352 0.45702946186065674 0
1675521785472 0.45176613330841064 0
1675521785592 0.45131537318229675 0
1675521785700 0.4573647379875183 0
1675521785816 0.45187968015670776 0
1675521785940 0.44987672567367554 0
1675521786089 0.4445606768131256 0
1675521786194 0.45546674728393555 0
1675521786342 0.4418558180332184 0
1675521786464 0.4538762867450714 0
1675521786594 0.4480753540992737 0
1675521786747 0.4428829848766327 0
1675521786871 0.45325613021850586 0
1675521786992 0.45225104689598083 0
1675521787122 0.44923117756843567 0
1675521787236 0.4531993567943573 0
1675521787349 0.4517277181148529 0
1675521787488 0.4453413784503937 0
1675521787604 0.452302485704422 0
1675521787712 0.4553261995315552 0
1675521787842 0.4459654986858368 0
1675521787975 0.44934728741645813 0
1675521788143 0.440446138381958 0
1675521788262 0.45284879207611084 0
1675521788412 0.4430783987045288 0
1675521788537 0.4494982361793518 0
1675521788669 0.4507848918437958 0
1675521788770 0.4580026865005493 0
1675521788894 0.44878286123275757 0
1675521789035 0.4438179135322571 0
1675521789156 0.4527167081832886 0
1675521789318 0.4413517713546753 0
1675521789436 0.45061951875686646 0
1675521789577 0.4457610845565796 0
1675521789720 0.4428466558456421 0
1675521789824 0.4542739689350128 0
1675521789981 0.440451443195343 0
1675521790125 0.4453364610671997 0
1675521790251 0.45259609818458557 0
1675521790372 0.45034652948379517 0
1675521790506 0.4491133689880371 0
1675521790649 0.44638127088546753 0
1675521790776 0.45030486583709717 0
1675521790902 0.44826558232307434 0
1675521791013 0.45223113894462585 0
1675521791142 0.44897085428237915 0
1675521791256 0.4531823396682739 0
1675521791381 0.4481815695762634 0
1675521791500 0.4541517198085785 0
1675521791641 0.4468681812286377 0
1675521791784 0.4443380534648895 0
1675521791910 0.4479042589664459 0
1675521792020 0.45471838116645813 0
1675521792140 0.45030760765075684 0
1675521792269 0.455951064825058 0
1675521792432 0.44181162118911743 0
1675521792550 0.45014965534210205 0
1675521792646 0.45804181694984436 0
1675521792789 0.4439324736595154 0
1675521792907 0.44933897256851196 0
1675521793039 0.4475473463535309 0
1675521793163 0.44768890738487244 0
1675521793292 0.44669070839881897 0
1675521793402 0.455625981092453 0
1675521793515 0.4527994692325592 0
1675521793641 0.44645005464553833 0
1675521793773 0.4463677704334259 0
1675521793895 0.44719624519348145 0
1675521794000 0.4566892683506012 0
1675521794116 0.45255231857299805 0
1675521794245 0.4472777247428894 0
1675521794365 0.45023488998413086 0
1675521794517 0.441361665725708 0
1675521794637 0.4493202567100525 0
1675521794737 0.45778539776802063 0
1675521794873 0.44508013129234314 0
1675521795009 0.44487035274505615 0
1675521795133 0.4502262473106384 0
1675521795271 0.44493499398231506 0
1675521795384 0.4510524570941925 0
1675521795525 0.44273290038108826 0
1675521795673 0.4456194043159485 0
1675521796774 0.4533070921897888 0
1675521796896 0.4469987750053406 0
1675521797031 0.44678717851638794 0
1675521797152 0.4487994909286499 0
1675521797265 0.4528521001338959 0
1675521797366 0.4544472396373749 0
1675521797519 0.44036585092544556 0
1675521797669 0.44239363074302673 0
1675521797784 0.45317164063453674 0
1675521797905 0.4486333429813385 0
1675521798026 0.446471631526947 0
1675521798132 0.4527619481086731 0
1675521798262 0.44335150718688965 0
1675521798389 0.4462128281593323 0
1675521798520 0.44775378704071045 0
1675521798641 0.44769924879074097 0
1675521798815 0.4381551146507263 0
1675521798967 0.44159406423568726 0
1675521799087 0.44765251874923706 0
1675521799235 0.444263756275177 0
1675521799345 0.45219922065734863 0
1675521799463 0.4480162262916565 0
1675521799578 0.4497722387313843 0
1675521799727 0.4408470392227173 0
1675521799850 0.44735175371170044 0
1675521799952 0.45319515466690063 0
1675521800090 0.4438779056072235 0
1675521800213 0.4502182900905609 0
1675521800312 0.45592522621154785 0
1675521800401 0.45920005440711975 0
1675521800519 0.4504757821559906 0
1675521800646 0.4444528818130493 0
1675521800787 0.4466939866542816 0
1675521800909 0.4482744634151459 0
1675521801015 0.4523765742778778 0
1675521801165 0.4405325949192047 0
1675521801304 0.44329315423965454 0
1675521801439 0.44345080852508545 0
1675521801549 0.4516688585281372 0
1675521801694 0.44382452964782715 0
1675521801833 0.4425814151763916 0
1675521801991 0.4417967200279236 0
1675521802095 0.4522126317024231 0
1675521802211 0.4486474096775055 0
1675521802336 0.44718652963638306 0
1675521802469 0.44476187229156494 0
1675521802610 0.4459288716316223 0
1675521802731 0.4494169354438782 0
1675521802856 0.44876885414123535 0
1675521802975 0.44913119077682495 0
1675521803089 0.4474982023239136 0
1675521803231 0.4466345012187958 0
1675521803347 0.44977444410324097 0
1675521803483 0.44854238629341125 0
1675521803618 0.4460476338863373 0
1675521803738 0.449321985244751 0
1675521803884 0.44197121262550354 0
1675521803987 0.45225125551223755 0
1675521804116 0.4446800947189331 0
1675521804234 0.4525546431541443 0
1675521804375 0.44411107897758484 0
1675521804517 0.44276076555252075 0
1675521804628 0.45184025168418884 0
1675521804769 0.4456232786178589 0
1675521804900 0.44551724195480347 0
1675521805040 0.4447915852069855 0
1675521805196 0.4405781626701355 0
1675521805335 0.4409583508968353 0
1675521805465 0.4441797137260437 0
1675521805601 0.44328394532203674 0
1675521805721 0.4461430013179779 0
1675521805844 0.45054730772972107 0
1675521805958 0.4517839550971985 0
1675521806039 0.46090349555015564 0
1675521806154 0.449230432510376 0
1675521806272 0.44892895221710205 0
1675521806416 0.44488710165023804 0
1675521806532 0.44646498560905457 0
1675521806653 0.44818001985549927 0
1675521806780 0.44579026103019714 0
1675521806916 0.4428788721561432 0
1675521807047 0.44979938864707947 0
1675521807147 0.45532724261283875 0
1675521807281 0.4411134421825409 0
1675521807407 0.44800347089767456 0
1675521807527 0.44920051097869873 0
1675521807642 0.4484233260154724 0
1675521807786 0.44436368346214294 0
1675521807898 0.44975703954696655 0
1675521808026 0.4443809688091278 0
1675521808143 0.446510374546051 0
1675521808257 0.4498042166233063 0
1675521808356 0.45437243580818176 0
1675521808499 0.4360513389110565 0
1675521808647 0.4393370449542999 0
1675521808781 0.44381967186927795 0
1675521808903 0.4479447305202484 0
1675521809003 0.4530692994594574 0
1675521809138 0.44363105297088623 0
1675521809259 0.4481772184371948 0
1675521809374 0.44700708985328674 0
1675521809520 0.43889257311820984 0
1675521809655 0.4437941312789917 0
1675521809787 0.4467538893222809 0
1675521809925 0.4428148865699768 0
1675521810043 0.446570485830307 0
1675521810147 0.4514937102794647 0
1675521810254 0.4516037404537201 0
1675521810373 0.44710707664489746 0
1675521810473 0.4549456834793091 0
1675521810582 0.4490586817264557 0
1675521810703 0.44543755054473877 0
1675521810838 0.4478394687175751 0
1675521810960 0.44478312134742737 0
1675521811069 0.45198825001716614 0
1675521811166 0.4548889100551605 0
1675521811274 0.4494967460632324 0
1675521811409 0.4429389238357544 0
1675521811527 0.44803252816200256 0
1675521811669 0.4424164891242981 0
1675521811783 0.4471045434474945 0
1675521811896 0.4480038583278656 0
1675521812011 0.4512711465358734 0
1675521812114 0.4523158669471741 0
1675521812263 0.4394713044166565 0
1675521812383 0.4465346336364746 0
1675521812547 0.4338478446006775 0
1675521812664 0.44791242480278015 0
1675521812785 0.44344761967658997 0
1675521812890 0.4519607126712799 0
1675521813024 0.4429633617401123 0
1675521813137 0.4472983181476593 0
1675521813264 0.44473904371261597 0
1675521813380 0.4479858875274658 0
1675521813517 0.4420256018638611 0
1675521813638 0.4421503245830536 0
1675521813747 0.44893378019332886 0
1675521813867 0.4464872479438782 0
1675521813985 0.44366487860679626 0
1675521814090 0.45019346475601196 0
1675521814220 0.4437532126903534 0
1675521814347 0.44562357664108276 0
1675521814467 0.4453454315662384 0
1675521814599 0.4416590929031372 0
1675521814693 0.45413875579833984 0
1675521814817 0.4465595483779907 0
1675521814946 0.4432648718357086 0
1675521815065 0.4452381730079651 0
1675521815211 0.4418077766895294 0
1675521815339 0.44451090693473816 0
1675521815459 0.45080411434173584 0
1675521815559 0.4523923397064209 0
1675521815698 0.44315266609191895 0
1675521815821 0.4446577727794647 0
1675521815937 0.44944050908088684 0
1675521816062 0.44626277685165405 0
1675521816165 0.4509662985801697 0
