1675976057576 0.01736072301864624 0
1675976058017 0.6824472904205322 40
1675976058483 0.6688840866088868 80
1675976058890 0.6504476547241211 120
1675976059330 0.6239835739135742 160
1675976059740 0.5933050632476806 200
1675976060216 0.5960292816162109 240
1675976060593 0.6126606464385986 280
1675976061001 0.6007400035858155 320
1675976061453 0.6060676097869873 360
1675976061867 0.6120277404785156 400
1675976062327 0.5996700286865234 440
1675976062697 0.6197646141052247 480
1675976063126 0.5986406803131104 520
1675976063582 0.5801907539367676 560
1675976063971 0.6036581039428711 600
1675976064397 0.599968957901001 640
1675976064839 0.5857428073883056 680
1675976065250 0.5987143993377686 720
1675976065676 0.611647653579712 760
1675976066112 0.5949962139129639 800
1675976066513 0.6045497417449951 840
1675976066924 0.6128502368927002 880
1675976067326 0.6019324779510498 920
1675976067716 0.6030025482177734 960
1675976068156 0.6063666343688965 1000
1675976068571 0.6090195655822754 1040
1675976068985 0.6057990074157715 1080
1675976069415 0.5998231887817382 1120
1675976069966 0.5683684825897217 1160
1675976070386 0.5989367008209229 1200
1675976070790 0.6142230033874512 1240
1675976071187 0.6163551807403564 1280
1675976071662 0.5828601360321045 1320
1675976072055 0.6049118518829346 1360
1675976072457 0.5947615146636963 1400
1675976072886 0.609775972366333 1440
1675976073534 0.6024344444274903 1480
1675976074262 0.6027039527893067 1520
1675976075023 0.5849265575408935 1560
1675976075748 0.6121720314025879 1600
1675976076564 0.6135134696960449 1640
1675976077296 0.6151586532592773 1680
1675976078082 0.6071407318115234 1720
1675976078800 0.6043150901794434 1760
1675976080309 0.6146967887878418 1800
1675976081179 0.5972650527954102 1840
1675976081996 0.6120200634002686 1880
1675976082843 0.5987089157104493 1920
1675976083580 0.6183066368103027 1960
1675976084339 0.6079376697540283 2000
1675976085160 0.5798996448516845 2040
1675976085944 0.6032376766204834 2080
1675976086796 0.5939785957336425 2120
1675976087738 0.5931666374206543 2160
1675976088522 0.5717718601226807 2200
1675976089424 0.5153052330017089 2240
1675976090109 0.5290791988372803 2280
1675976090710 0.5252300262451172 2320
1675976091451 0.4734197616577148 2360
1675976092270 0.48401460647583006 2400
1675976093419 0.4461663722991943 2440
1675976094110 0.42425084114074707 2480
1675976094849 0.4243648052215576 2520
1675976095712 0.4068798065185547 2560
1675976096453 0.3602630615234375 2600
1675976097216 0.40770559310913085 2640
1675976097942 0.38782999515533445 2680
1675976098726 0.3540807247161865 2720
1675976099441 0.3852291822433472 2760
1675976100394 0.401080322265625 2800
1675976101229 0.3704064130783081 2840
1675976101963 0.38610010147094725 2880
1675976102920 0.38197247982025145 2920
1675976103741 0.3790571928024292 2960
1675976104707 0.35402514934539797 3000
1675976105503 0.37126686573028567 3040
1675976106564 0.3657334566116333 3080
1675976107526 0.3698387622833252 3120
1675976108123 0.33127660751342775 3160
1675976109626 0.358586859703064 3200
1675976110379 0.3380678415298462 3240
1675976111354 0.35946624279022216 3280
1675976112250 0.3436642408370972 3320
1675976113066 0.381527304649353 3360
1675976113807 0.36912224292755125 3400
1675976114554 0.3318831443786621 3440
1675976115307 0.3859278678894043 3480
1675976116140 0.3604678392410278 3520
1675976116891 0.3401689291000366 3560
1675976117711 0.31541612148284914 3600
1675976118528 0.33397910594940183 3640
1675976119309 0.2933483362197876 3680
1675976120065 0.3171243190765381 3720
1675976120735 0.38767423629760744 3760
1675976121474 0.3249719858169556 3800
1675976122312 0.320817756652832 3840
1675976124835 0.3229249954223633 3880
1675976125839 0.31022417545318604 3920
1675976126909 0.37026357650756836 3960
1675976127878 0.3117014169692993 4000
1675976128622 0.3229567527770996 4040
1675976129478 0.3058663606643677 4080
1675976130202 0.3307769775390625 4120
1675976130958 0.33653647899627687 4160
1675976131592 0.2646528482437134 4200
1675976132342 0.3248558282852173 4240
1675976133119 0.3077303409576416 4280
1675976134024 0.2745887279510498 4320
1675976134866 0.25056188106536864 4360
1675976135598 0.28950674533843995 4400
1675976136340 0.2605461120605469 4440
1675976137063 0.23318073749542237 4480
1675976137835 0.21675164699554444 4520
1675976139522 0.2911923885345459 4560
1675976140236 0.3166646003723145 4600
1675976140981 0.2520875930786133 4640
1675976141784 0.24188675880432128 4680
1675976142711 0.2531331777572632 4720
1675976143449 0.23457047939300538 4760
1675976144174 0.23292267322540283 4800
1675976144890 0.23462584018707275 4840
1675976145583 0.19356576204299927 4880
1675976146320 0.189353609085083 4920
1675976147117 0.19921716451644897 4960
1675976147893 0.20009310245513917 5000
1675976148773 0.2049541711807251 5040
1675976149379 0.21245427131652833 5080
1675976149967 0.2185753345489502 5120
1675976150673 0.2733492374420166 5160
1675976151307 0.1476873993873596 5200
1675976152271 0.23492534160614015 5240
1675976153991 0.18479188680648803 5280
1675976155059 0.2414560556411743 5320
1675976155863 0.19829097986221314 5360
1675976156677 0.2085064172744751 5400
1675976157398 0.16480665206909179 5440
1675976158623 0.22055187225341796 5480
1675976159746 0.20239357948303222 5520
1675976160534 0.18957587480545043 5560
1675976161432 0.21418681144714355 5600
1675976162485 0.19456254243850707 5640
1675976163469 0.15290156602859498 5680
1675976164314 0.22188801765441896 5720
1675976165365 0.17677758932113646 5760
1675976166233 0.1456440806388855 5800
1675976166929 0.24069077968597413 5840
1675976167746 0.17969887256622313 5880
1675976168506 0.2001054048538208 5920
1675976169825 0.2641930103302002 5960
1675976170808 0.18939632177352905 6000
1675976171466 0.19324109554290772 6040
1675976172155 0.1625439167022705 6080
1675976172886 0.13102182149887084 6120
1675976173726 0.16307542324066163 6160
1675976174396 0.1657991886138916 6200
1675976175247 0.12830517292022706 6240
1675976176002 0.15813335180282592 6280
1675976176693 0.1895164132118225 6320
1675976177473 0.1869815468788147 6360
1675976178354 0.1856799840927124 6400
1675976179091 0.14740326404571533 6440
1675976179761 0.16319986581802368 6480
1675976180808 0.1543733835220337 6520
1675976182120 0.20034801959991455 6560
1675976184903 0.15647400617599488 6600
1675976186320 0.1290791869163513 6640
1675976187229 0.19054313898086547 6680
1675976187953 0.18954848051071166 6720
1675976188465 0.15762386322021485 6760
1675976189325 0.15581071376800537 6800
1675976190239 0.13909310102462769 6840
1675976190864 0.1389528512954712 6880
1675976191574 0.13540023565292358 6920
1675976192280 0.13386714458465576 6960
1675976193079 0.15067901611328124 7000
1675976193809 0.13693082332611084 7040
1675976194624 0.16359448432922363 7080
1675976195309 0.11458923816680908 7120
1675976196069 0.1469797372817993 7160
1675976196875 0.153602135181427 7200
1675976197619 0.10841914415359497 7240
1675976198541 0.12252827882766723 7280
1675976199534 0.12825093269348145 7320
1675976200277 0.12688789367675782 7360
1675976200957 0.12896684408187867 7400
1675976201710 0.13341833353042604 7440
1675976202484 0.0939724624156952 7480
1675976203275 0.12422668933868408 7520
1675976204007 0.17761088609695436 7560
1675976204729 0.13886312246322632 7600
1675976205521 0.13311504125595092 7640
1675976206228 0.11545928716659545 7680
1675976206988 0.13407270908355712 7720
1675976207712 0.11233342885971069 7760
1675976208566 0.13043292760848998 7800
1675976209314 0.09471375942230224 7840
1675976210278 0.13350077867507934 7880
1675976211263 0.10422178506851196 7920
1675976212110 0.12923043966293335 7960
1675976213536 0.09966375231742859 8000
1675976214836 0.16276733875274657 8040
1675976215644 0.158288836479187 8080
1675976216383 0.09079598188400269 8120
1675976217275 0.137372887134552 8160
1675976217941 0.07113704681396485 8200
1675976218799 0.11321833133697509 8240
1675976219585 0.11681864261627198 8280
1675976220265 0.13046376705169677 8320
1675976221096 0.09134274125099182 8360
1675976221766 0.12401114702224732 8400
1675976222548 0.09469273090362548 8440
1675976223314 0.07976057529449462 8480
1675976224010 0.1057822585105896 8520
1675976224755 0.08459123969078064 8560
1675976225615 0.0945474624633789 8600
1675976226313 0.12272499799728394 8640
1675976227051 0.10026218891143798 8680
1675976227848 0.1199623703956604 8720
1675976228680 0.10209332704544068 8760
1675976229417 0.09506849646568298 8800
1675976230174 0.11819663047790527 8840
1675976230974 0.1136737585067749 8880
1675976231694 0.08694695830345153 8920
1675976232409 0.08236998319625854 8960
1675976233132 0.11060028076171875 9000
1675976233853 0.1267651915550232 9040
1675976234549 0.11031965017318726 9080
1675976235352 0.08675041198730468 9120
1675976236139 0.11447751522064209 9160
1675976237012 0.08492966890335082 9200
1675976237823 0.10059167146682739 9240
1675976238668 0.0794573187828064 9280
1675976239436 0.10078524351119995 9320
1675976240187 0.09169797897338867 9360
1675976240901 0.08502799272537231 9400
1675976241719 0.09005082845687866 9440
1675976242472 0.08658400177955627 9480
1675976243569 0.12072781324386597 9520
1675976244611 0.0964779794216156 9560
1675976245325 0.11164053678512573 9600
1675976246129 0.09947474002838134 9640
1675976246895 0.07070609331130981 9680
1675976247618 0.12819939851760864 9720
1675976248370 0.07034953832626342 9760
1675976249375 0.11381114721298217 9800
1675976250246 0.10636574029922485 9840
1675976251084 0.08600836992263794 9880
1675976251792 0.11770977973937988 9920
1675976252667 0.09965062141418457 9960
1675976253671 0.12659916877746583 10000
1675976254576 0.08630747199058533 10040
1675976258685 0.057798218727111814 10080
1675976259716 0.12353714704513549 10120
1675976260475 0.0832198679447174 10160
1675976261353 0.08807549476623536 10200
1675976262190 0.08188790678977967 10240
1675976263014 0.09818512797355652 10280
1675976263644 0.10582810640335083 10320
1675976264485 0.09784241318702698 10360
1675976265284 0.1376294732093811 10400
1675976266090 0.09369164109230041 10440
1675976266923 0.09148739576339722 10480
1675976267771 0.10731050968170167 10520
1675976268513 0.07639040946960449 10560
1675976269315 0.09809306859970093 10600
1675976270135 0.07867065072059631 10640
1675976271066 0.11615478992462158 10680
1675976271821 0.09535568356513976 10720
1675976272566 0.09233938455581665 10760
1675976273157 0.0863795518875122 10800
1675976274005 0.10521012544631958 10840
1675976274588 0.07977042198181153 10880
1675976275529 0.07464768290519715 10920
1675976276279 0.10904490947723389 10960
1675976276974 0.11723130941390991 11000
1675976277713 0.08108603954315186 11040
1675976278495 0.09438793063163757 11080
1675976279220 0.09530643820762634 11120
1675976279980 0.08410035967826843 11160
1675976281010 0.10032455921173096 11200
1675976281896 0.0868246853351593 11240
1675976282677 0.0771308720111847 11280
1675976283536 0.09209282994270325 11320
1675976284431 0.07408554553985595 11360
1675976285213 0.05458376407623291 11400
1675976286120 0.061605817079544066 11440
1675976286914 0.06036145687103271 11480
1675976287890 0.07763845324516297 11520
1675976289626 0.08742876648902893 11560
1675976290434 0.09995996356010436 11600
1675976291244 0.08187986016273499 11640
1675976291904 0.09146106243133545 11680
1675976292614 0.09194928407669067 11720
1675976293428 0.11757160425186157 11760
1675976294218 0.07570099234580993 11800
1675976294905 0.07689927220344543 11840
1675976295708 0.08907235264778138 11880
1675976296434 0.08107635378837585 11920
1675976297271 0.071970534324646 11960
1675976297936 0.07964469194412231 12000
1675976298965 0.07860032320022584 12040
1675976299846 0.09188506007194519 12080
1675976300636 0.09571173787117004 12120
1675976301385 0.0865876019001007 12160
1675976302142 0.081984543800354 12200
1675976302931 0.08263154029846191 12240
1675976303673 0.09664006233215332 12280
1675976304323 0.10047496557235717 12320
1675976305178 0.09025766849517822 12360
1675976305963 0.08299633860588074 12400
1675976306680 0.09530537128448487 12440
1675976307390 0.10051865577697754 12480
1675976308285 0.08671092391014099 12520
1675976309050 0.06771715879440307 12560
1675976309809 0.0860188901424408 12600
1675976310621 0.08006412386894227 12640
1675976311271 0.07209232449531555 12680
1675976312019 0.06559534072875976 12720
1675976312750 0.0494505375623703 12760
1675976313907 0.07732560634613037 12800
1675976314942 0.09171162843704224 12840
1675976315970 0.087820166349411 12880
1675976316723 0.05744422674179077 12920
1675976317532 0.07911673188209534 12960
1675976318984 0.07374512553215026 13000
1675976320078 0.09451099634170532 13040
1675976320797 0.06796797513961791 13080
1675976322261 0.07140118479728699 13120
1675976323509 0.07865567803382874 13160
1675976324568 0.05787518620491028 13200
1675976325504 0.062486672401428224 13240
1675976326530 0.06962512731552124 13280
1675976328272 0.06977761387825013 13320
1675976329008 0.06595856547355652 13360
1675976330535 0.08461700677871704 13400
1675976331342 0.06385854482650757 13440
1675976332279 0.0724223256111145 13480
1675976333111 0.08214969635009765 13520
1675976333925 0.08617961406707764 13560
1675976334652 0.07492057681083679 13600
1675976335495 0.0678991973400116 13640
1675976336230 0.09785854220390319 13680
1675976336970 0.06506631970405578 13720
1675976337744 0.048891544342041016 13760
1675976338536 0.08096859455108643 13800
1675976339269 0.05358542799949646 13840
1675976340000 0.07261040806770325 13880
1675976341276 0.060453832149505615 13920
1675976342158 0.07569059729576111 13960
1675976343239 0.10691943168640136 14000
1675976344005 0.08140058517456054 14040
1675976344947 0.06612118482589721 14080
1675976345842 0.060033708810806274 14120
1675976346507 0.08071985244750976 14160
1675976347330 0.10187278985977173 14200
1675976348037 0.07463240027427673 14240
1675976348851 0.0758427083492279 14280
1675976349671 0.08071029782295228 14320
1675976350358 0.04553273916244507 14360
1675976351112 0.05515608191490173 14400
1675976351872 0.07930582761764526 14440
1675976352689 0.08004610538482666 14480
1675976353544 0.07924365401268005 14520
1675976354259 0.08588063716888428 14560
1675976354904 0.06096686720848084 14600
1675976355644 0.11566096544265747 14640
1675976356443 0.0900320291519165 14680
1675976357477 0.07064090371131897 14720
1675976358212 0.0900660514831543 14760
1675976359015 0.07611687779426575 14800
1675976359824 0.07837410569190979 14840
1675976360544 0.0835348904132843 14880
1675976361426 0.05300893783569336 14920
1675976362230 0.0718429446220398 14960
1675976362965 0.05858502984046936 15000
1675976363755 0.05223374962806702 15040
1675976364571 0.06105775237083435 15080
1675976365376 0.11759829521179199 15120
1675976366069 0.06051371097564697 15160
1675976366901 0.10173426866531372 15200
1675976367693 0.06097835302352905 15240
1675976368489 0.05895318388938904 15280
1675976369155 0.0684295117855072 15320
1675976369929 0.07099038362503052 15360
1675976370610 0.06938718557357788 15400
1675976371314 0.0737023413181305 15440
1675976372091 0.051270729303359984 15480
1675976372771 0.07573451995849609 15520
1675976373507 0.0747160255908966 15560
1675976374141 0.07133010625839234 15600
1675976374993 0.08059131503105163 15640
1675976375673 0.0593605101108551 15680
1675976376523 0.06722509860992432 15720
1675976377272 0.07191681861877441 15760
1675976378091 0.07362303137779236 15800
1675976379002 0.06514970064163209 15840
1675976379681 0.07976356744766236 15880
1675976380413 0.06773651242256165 15920
1675976382066 0.09591580629348755 15960
1675976382816 0.10787358283996581 16000
1675976383559 0.07482666969299316 16040
1675976384274 0.07488483786582947 16080
1675976384938 0.07051852941513062 16120
1675976385617 0.047547218203544614 16160
1675976386272 0.08296367526054382 16200
1675976386925 0.06636147499084473 16240
1675976387735 0.05406951904296875 16280
1675976389162 0.06366444826126098 16320
1675976389902 0.08348926305770873 16360
1675976390939 0.0763394296169281 16400
1675976391832 0.08270741105079651 16440
1675976392733 0.07426123023033142 16480
1675976393689 0.07491723895072937 16520
1675976394567 0.05772119164466858 16560
1675976395326 0.06954899430274963 16600
1675976396013 0.07132130861282349 16640
1675976396760 0.06843969225883484 16680
1675976397500 0.06466271281242371 16720
1675976398486 0.1006166696548462 16760
1675976399267 0.062194961309432986 16800
1675976400216 0.0593953013420105 16840
1675976400854 0.07846598029136657 16880
1675976401751 0.06435180902481079 16920
1675976403380 0.06844437718391419 16960
1675976404362 0.06444410681724548 17000
1675976405233 0.07646130919456481 17040
1675976406247 0.059173589944839476 17080
1675976407093 0.07996373772621154 17120
1675976408992 0.04571336209774017 17160
1675976409791 0.06991330981254577 17200
1675976410903 0.08263410925865174 17240
1675976411552 0.06147571206092835 17280
1675976412682 0.06002247929573059 17320
1675976413700 0.07640105485916138 17360
1675976414506 0.058113330602645875 17400
1675976415533 0.05923385620117187 17440
1675976416477 0.0810094952583313 17480
1675976417344 0.049307641386985776 17520
1675976418126 0.054980683326721194 17560
1675976419188 0.08360681533813477 17600
1675976419872 0.076112562417984 17640
1675976420704 0.05410216450691223 17680
1675976421700 0.059657740592956546 17720
1675976422486 0.08173824548721313 17760
1675976423211 0.07217257618904113 17800
1675976423964 0.05051407814025879 17840
1675976424925 0.04279366135597229 17880
1675976425704 0.06603346467018127 17920
1675976426835 0.05312725305557251 17960
1675976427648 0.06922451853752136 18000
1675976428586 0.0530287504196167 18040
1675976429580 0.09346337914466858 18080
1675976430812 0.0906457245349884 18120
1675976432047 0.05304732322692871 18160
1675976433215 0.06804077625274658 18200
1675976434453 0.04993522465229035 18240
1675976435753 0.050497204065322876 18280
1675976436792 0.06754332184791564 18320
1675976437439 0.07231352925300598 18360
1675976438236 0.053177130222320554 18400
1675976439353 0.0544243574142456 18440
1675976440532 0.051057624816894534 18480
1675976441377 0.048143583536148074 18520
1675976442475 0.056882047653198244 18560
1675976443436 0.048505401611328124 18600
1675976444357 0.06327343583106995 18640
1675976445247 0.07191099524497986 18680
1675976446838 0.058743661642074584 18720
1675976448988 0.04622262716293335 18760
1675976450085 0.06731734275817872 18800
1675976450926 0.06637193560600281 18840
1675976451867 0.0675998330116272 18880
1675976452681 0.05779845118522644 18920
1675976453342 0.06369482278823853 18960
1675976454418 0.04773779213428497 19000
1675976455555 0.057783520221710204 19040
1675976456433 0.06625544428825378 19080
1675976457834 0.07159485220909119 19120
1675976458815 0.06293001770973206 19160
1675976459834 0.08867104649543762 19200
1675976461533 0.04943340718746185 19240
1675976462628 0.0640268325805664 19280
1675976463869 0.04699946045875549 19320
1675976464568 0.0585917055606842 19360
1675976465395 0.04263722896575928 19400
1675976466610 0.06910876035690308 19440
1675976467785 0.0842004656791687 19480
1675976468599 0.05628726482391357 19520
1675976469856 0.0589179277420044 19560
1675976471184 0.05505467653274536 19600
1675976471856 0.06414906978607178 19640
1675976472670 0.06785882115364075 19680
1675976473341 0.04827388226985931 19720
1675976474163 0.07440882921218872 19760
1675976475761 0.040176212787628174 19800
1675976476643 0.08207460045814514 19840
1675976477572 0.08335357904434204 19880
1675976478737 0.0497727632522583 19920
1675976479975 0.06629452705383301 19960
1675976480877 0.05376514792442322 20000
1675976481662 0.07351790070533752 20040
1675976482393 0.08440570831298828 20080
1675976485976 0.044956701993942264 20120
1675976486810 0.0514005184173584 20160
1675976487526 0.05554875135421753 20200
1675976488465 0.061694389581680296 20240
1675976489393 0.053233230113983156 20280
1675976490348 0.07854024767875671 20320
1675976491199 0.06437384486198425 20360
1675976491954 0.07689712047576905 20400
1675976492734 0.08057678937911987 20440
1675976493626 0.07123862504959107 20480
1675976494416 0.04767301976680756 20520
1675976495156 0.07060481905937195 20560
1675976495982 0.05330110192298889 20600
1675976496720 0.06217145323753357 20640
1675976497282 0.06168147921562195 20680
1675976498019 0.08130035400390626 20720
1675976498742 0.06665917634963989 20760
1675976499404 0.0694149911403656 20800
1675976500100 0.09089515805244446 20840
1675976500679 0.0778872549533844 20880
1675976501328 0.07698023319244385 20920
1675976501942 0.04373444616794586 20960
1675976502777 0.07986834049224853 21000
1675976503426 0.09596725702285766 21040
1675976504239 0.06849156618118286 21080
1675976504991 0.07080880403518677 21120
1675976505704 0.06212817430496216 21160
1675976506405 0.05756181478500366 21200
1675976507473 0.0761989951133728 21240
1675976508358 0.0675684928894043 21280
1675976509092 0.05861226916313171 21320
1675976509778 0.05564626455307007 21360
1675976510576 0.06047570109367371 21400
1675976511337 0.04393506050109863 21440
1675976512338 0.04752358496189117 21480
1675976513183 0.045397904515266416 21520
1675976513931 0.06579509973526002 21560
1675976514609 0.05263643264770508 21600
1675976515483 0.06152214407920838 21640
1675976516228 0.07011754512786865 21680
1675976516960 0.06721045970916747 21720
1675976517655 0.07057114839553832 21760
1675976518494 0.08072413206100464 21800
1675976519290 0.06374812126159668 21840
1675976519970 0.06087428331375122 21880
1675976520799 0.06855496168136596 21920
1675976521809 0.07276812195777893 21960
1675976523243 0.05897125005722046 22000
1675976524343 0.06267233490943909 22040
1675976525061 0.0725354552268982 22080
1675976525910 0.06472705602645874 22120
1675976526623 0.07468602061271667 22160
1675976527371 0.08338272571563721 22200
1675976528089 0.05176297426223755 22240
1675976528888 0.06869589686393737 22280
1675976529769 0.07432006597518921 22320
1675976530485 0.0889844536781311 22360
1675976531332 0.06538923978805541 22400
1675976532035 0.06575359106063842 22440
1675976532910 0.06312662959098816 22480
1675976533681 0.07792683839797973 22520
1675976534408 0.08360087275505065 22560
1675976535400 0.057974439859390256 22600
1675976536273 0.06803942918777466 22640
1675976537162 0.062251925468444824 22680
1675976537911 0.048750489950180054 22720
1675976538706 0.04755634069442749 22760
1675976539554 0.036178228259086606 22800
1675976540430 0.05503067374229431 22840
1675976541504 0.07488191723823548 22880
1675976542210 0.06856799125671387 22920
1675976543095 0.04006085395812988 22960
1675976543884 0.06602239608764648 23000
1675976544866 0.06443976759910583 23040
1675976545573 0.0797749102115631 23080
1675976546335 0.05522303581237793 23120
1675976547226 0.0667946994304657 23160
1675976548113 0.06551380157470703 23200
1675976549261 0.051686012744903566 23240
1675976550996 0.06352404356002808 23280
1675976552072 0.05416247248649597 23320
1675976553145 0.07013698220252991 23360
1675976553831 0.04866731762886047 23400
1675976554581 0.07106902599334716 23440
1675976555470 0.0747430145740509 23480
1675976556774 0.06562460064888001 23520
1675976557722 0.07167268991470337 23560
1675976559143 0.06496791243553161 23600
1675976560245 0.0703965961933136 23640
1675976561242 0.04370887577533722 23680
1675976562067 0.08226528763771057 23720
1675976563007 0.06384273767471313 23760
1675976563950 0.04911578595638275 23800
1675976565140 0.06893624067306518 23840
1675976566047 0.06031734347343445 23880
1675976567141 0.06040157675743103 23920
1675976568240 0.05401837229728699 23960
1675976569159 0.07362947463989258 24000
1675976570422 0.08054606318473816 24040
1675976571419 0.07178199291229248 24080
1675976572844 0.05703256726264953 24120
1675976573602 0.053467321395874026 24160
1675976574617 0.06072200536727905 24200
1675976575685 0.08988348841667175 24240
1675976576930 0.05853651165962219 24280
1675976578115 0.07337574362754821 24320
1675976580406 0.0818653166294098 24360
1675976581744 0.04059949517250061 24400
1675976583331 0.05159909129142761 24440
1675976584678 0.06881435513496399 24480
1675976585920 0.0741260826587677 24520
1675976587542 0.050970417261123654 24560
1675976589028 0.066160386800766 24600
1675976590468 0.05608725547790527 24640
1675976591818 0.10713858604431152 24680
1675976593307 0.0637712836265564 24720
1675976594708 0.07460173368453979 24760
1675976595707 0.08587223291397095 24800
1675976597299 0.13920283317565918 24840
1675976598160 0.05657930970191956 24880
1675976599236 0.07919028997421265 24920
1675976600207 0.05155014395713806 24960
1675976601218 0.06250403523445129 25000
1675976602048 0.06283774375915527 25040
1675976602945 0.038194936513900754 25080
1675976604017 0.04549710750579834 25120
1675976605153 0.06581621766090393 25160
1675976606085 0.05626114010810852 25200
1675976607364 0.07911255955696106 25240
1675976608122 0.05699560046195984 25280
1675976609039 0.0548474907875061 25320
1675976609741 0.06255136728286743 25360
1675976610628 0.0534612774848938 25400
1675976611493 0.05360016822814941 25440
1675976612419 0.07886373996734619 25480
1675976613333 0.05178247690200806 25520
1675976614071 0.06440629959106445 25560
1675976614849 0.06870419383049012 25600
1675976615622 0.05868399143218994 25640
1675976616417 0.07488067150115967 25680
1675976617237 0.052725684642791745 25720
1675976618016 0.05650964379310608 25760
1675976618723 0.06857223510742187 25800
1675976619579 0.04739848077297211 25840
1675976620534 0.06005247235298157 25880
1675976621262 0.060062366724014285 25920
1675976622025 0.06003272533416748 25960
1675976622744 0.06687226891517639 26000
1675976623777 0.1061055064201355 26040
1675976625057 0.05819421410560608 26080
1675976625870 0.06689813733100891 26120
1675976627038 0.05988243222236633 26160
1675976627727 0.03932661414146423 26200
1675976628242 0.07548061609268189 26240
1675976628802 0.04485051035881042 26280
1675976630039 0.06061091423034668 26320
1675976630895 0.06151190400123596 26360
1675976631917 0.06666275262832641 26400
1675976632857 0.06836404800415039 26440
1675976633583 0.0718379020690918 26480
1675976634418 0.07381840348243714 26520
1675976635285 0.056397879123687746 26560
1675976636170 0.05602380633354187 26600
1675976636890 0.05831705927848816 26640
1675976637734 0.07579234838485718 26680
1675976638570 0.07462388873100281 26720
1675976639406 0.04934676289558411 26760
1675976640281 0.0818171739578247 26800
1675976641232 0.06702193021774291 26840
1675976642896 0.05044176578521729 26880
1675976643567 0.0627341628074646 26920
1675976644392 0.07184293866157532 26960
1675976645276 0.04592041969299317 27000
1675976646197 0.05789215564727783 27040
1675976646986 0.0725596785545349 27080
1675976647855 0.05181428790092468 27120
1675976648738 0.06573892235755921 27160
1675976649801 0.04609768390655518 27200
1675976650801 0.05692497491836548 27240
1675976651584 0.05947134494781494 27280
1675976652242 0.05459044575691223 27320
1675976653100 0.058385837078094485 27360
1675976654038 0.0783660888671875 27400
1675976654861 0.03873122036457062 27440
1675976655675 0.044290491938591005 27480
1675976656655 0.08083342909812927 27520
1675976657805 0.04079236686229706 27560
1675976658620 0.054629814624786374 27600
1675976659526 0.08135297298431396 27640
1675976660321 0.08803713321685791 27680
1675976661241 0.057367533445358276 27720
1675976662113 0.047081008553504944 27760
1675976663167 0.06282958984375 27800
1675976663966 0.06569474339485168 27840
1675976664714 0.04970349669456482 27880
1675976665658 0.0490914523601532 27920
1675976666536 0.05986236333847046 27960
1675976667635 0.060225993394851685 28000
1675976668730 0.0725113332271576 28040
1675976669499 0.05166659355163574 28080
1675976670289 0.08114778399467468 28120
1675976671180 0.08932451009750367 28160
1675976672548 0.0573591411113739 28200
1675976673597 0.06097612380981445 28240
1675976674223 0.03915136456489563 28280
1675976675185 0.04333024024963379 28320
1675976676079 0.0616471529006958 28360
1675976676928 0.07867435812950134 28400
1675976677649 0.05755960941314697 28440
1675976678477 0.04284806549549103 28480
1675976679286 0.050759756565093996 28520
1675976680094 0.04852613210678101 28560
1675976681057 0.04914957284927368 28600
1675976681947 0.050288057327270506 28640
1675976682748 0.051413172483444215 28680
1675976683553 0.07070651650428772 28720
1675976684352 0.06083042025566101 28760
1675976685156 0.042933645844459536 28800
1675976686062 0.05843455195426941 28840
1675976687091 0.06519867777824402 28880
1675976688485 0.07171687483787537 28920
1675976689286 0.05703040957450867 28960
1675976689983 0.049801766872406006 29000
1675976690819 0.04816507697105408 29040
1675976691573 0.06398044228553772 29080
1675976692269 0.05805012583732605 29120
1675976693176 0.05956603884696961 29160
1675976693989 0.06910395622253418 29200
1675976694805 0.08192753791809082 29240
1675976695635 0.048110976815223694 29280
1675976696368 0.048977166414260864 29320
1675976697192 0.05785388946533203 29360
1675976697834 0.04297739863395691 29400
1675976698651 0.05710182189941406 29440
1675976699520 0.048941323161125184 29480
1675976700274 0.06930214166641235 29520
1675976701115 0.06673418283462525 29560
1675976702004 0.05300626754760742 29600
1675976703810 0.049433305859565735 29640
1675976704630 0.06488175392150879 29680
1675976705521 0.07273905873298644 29720
1675976706211 0.03055214285850525 29760
1675976706931 0.06762899160385132 29800
1675976707590 0.05185854434967041 29840
1675976708297 0.0732798159122467 29880
1675976709166 0.08045819997787476 29920
1675976709926 0.056211984157562254 29960
1675976710701 0.07058829665184022 30000
1675976711485 0.055250626802444455 30040
1675976712254 0.059230417013168335 30080
1675976713004 0.08627849817276001 30120
