1675594515200 0.7294046878814697 0
1675594515329 0.7174895405769348 0
1675594515450 0.705989420413971 0
1675594515565 0.6976504921913147 0
1675594515701 0.6859490871429443 0
1675594515836 0.6775737404823303 0
1675594515976 0.6704728603363037 0
1675594516090 0.6639694571495056 0
1675594516229 0.65040123462677 0
1675594516342 0.6477713584899902 0
1675594516451 0.6406944394111633 0
1675594516565 0.6316111087799072 0
1675594516679 0.629451334476471 0
1675594516793 0.6198176145553589 0
1675594516935 0.6147401332855225 0
1675594517060 0.6102470755577087 0
1675594517218 0.6069612503051758 0
1675594517329 0.6039606332778931 0
1675594517464 0.598467230796814 0
1675594517593 0.590804398059845 0
1675594517697 0.5907588005065918 0
1675594517807 0.5860592126846313 0
1675594517926 0.5810831785202026 0
1675594518076 0.576751708984375 0
1675594518187 0.5753076076507568 0
1675594518331 0.5724424719810486 0
1675594518454 0.5660407543182373 0
1675594518585 0.5646551847457886 0
1675594518752 0.559024453163147 0
1675594518887 0.5586909055709839 0
1675594519020 0.5582811832427979 0
1675594519151 0.5532415509223938 0
1675594519252 0.5532938241958618 0
1675594519379 0.5501940250396729 0
1675594519502 0.550772488117218 0
1675594519629 0.5448611378669739 0
1675594519756 0.5435908436775208 0
1675594519894 0.5375925898551941 0
1675594520003 0.539362370967865 0
1675594520127 0.5369075536727905 0
1675594520228 0.5407517552375793 0
1675594520351 0.5381190776824951 0
1675594520472 0.5323008298873901 0
1675594520591 0.5312906503677368 0
1675594520733 0.52769535779953 0
1675594520846 0.5297914147377014 0
1675594520942 0.5271841287612915 0
1675594521084 0.5246315598487854 0
1675594521224 0.5191147923469543 0
1675594521330 0.5258934497833252 0
1675594521459 0.519464373588562 0
1675594521597 0.5203219056129456 0
1675594521740 0.5165150165557861 0
