1675515148417 0.7241927981376648 0
1675515148540 0.7126033902168274 0
1675515148640 0.7041712999343872 0
1675515148748 0.6908522248268127 0
1675515148873 0.6783455014228821 0
1675515148988 0.6704373955726624 0
1675515149136 0.6552907228469849 0
1675515149252 0.649388313293457 0
1675515149383 0.6416985392570496 0
1675515149490 0.6331198215484619 0
1675515149619 0.6262350678443909 0
1675515149767 0.6163711547851562 0
1675515149871 0.6168997883796692 0
1675515150001 0.6066692471504211 0
1675515150131 0.6012072563171387 0
1675515150255 0.5943918228149414 0
1675515150349 0.5943224430084229 0
1675515150456 0.589077353477478 0
1675515150590 0.5783436894416809 0
1675515150687 0.5812578797340393 0
1675515150821 0.5710947513580322 0
1675515150945 0.5689935088157654 0
1675515151070 0.5684975385665894 0
1675515151201 0.5619968175888062 0
1675515151354 0.5575675368309021 0
1675515151481 0.5546928644180298 0
1675515151592 0.5547455549240112 0
1675515151733 0.5503666400909424 0
1675515151852 0.5487105250358582 0
1675515151989 0.5444043874740601 0
1675515152118 0.5416269302368164 0
1675515152223 0.5419454574584961 0
1675515152358 0.5366615653038025 0
1675515152503 0.5335445404052734 0
1675515152664 0.529325008392334 0
1675515152783 0.5324416756629944 0
1675515152899 0.5278897881507874 0
1675515153020 0.526541531085968 0
1675515153149 0.527288556098938 0
1675515153273 0.5219067931175232 0
1675515153384 0.522850513458252 0
1675515153519 0.5191839337348938 0
1675515153617 0.522861659526825 0
1675515153734 0.5178046822547913 0
1675515153838 0.5213221311569214 0
1675515153963 0.5168646574020386 0
1675515154091 0.5114826560020447 0
1675515154229 0.5154479742050171 0
1675515154335 0.5151724219322205 0
1675515154449 0.512217104434967 0
1675515154577 0.5110857486724854 0
1675515154715 0.505386233329773 0
1675515154840 0.5065280795097351 0
1675515154964 0.5060935020446777 0
1675515155085 0.5042844414710999 0
1675515155210 0.5055272579193115 0
1675515155357 0.5005357265472412 0
1675515155488 0.5025330781936646 0
1675515155605 0.5021986961364746 0
1675515155719 0.5023674368858337 0
1675515155840 0.4980306923389435 0
1675515155962 0.5024415254592896 0
1675515156086 0.5010181069374084 0
1675515156224 0.4975767731666565 0
1675515156333 0.5002071261405945 0
1675515156463 0.49537742137908936 0
1675515156583 0.4957679808139801 0
1675515156705 0.4951077401638031 0
1675515156821 0.495729923248291 0
1675515156938 0.49796104431152344 0
1675515157068 0.4936886131763458 0
1675515157182 0.49465736746788025 0
1675515157333 0.4886941611766815 0
1675515157472 0.49038371443748474 0
1675515157579 0.4947706162929535 0
1675515157683 0.4933893382549286 0
1675515157783 0.49421170353889465 0
1675515157936 0.48838621377944946 0
1675515158049 0.4929770231246948 0
1675515158167 0.4906695485115051 0
1675515158303 0.48496541380882263 0
1675515158420 0.48935407400131226 0
1675515158545 0.4890768826007843 0
1675515158677 0.4866396486759186 0
1675515158795 0.4907721281051636 0
1675515158910 0.48637503385543823 0
1675515159033 0.48566320538520813 0
1675515159136 0.4898523688316345 0
1675515159272 0.4838234782218933 0
1675515159385 0.4917074739933014 0
1675515159515 0.48434731364250183 0
1675515159635 0.4855341911315918 0
1675515159766 0.48346561193466187 0
1675515159883 0.48275333642959595 0
1675515160018 0.48149245977401733 0
1675515160140 0.4836883842945099 0
1675515160254 0.48391300439834595 0
1675515160377 0.4799945056438446 0
1675515160501 0.4824293553829193 0
1675515160632 0.4806707203388214 0
1675515160780 0.4828327000141144 0
1675515160903 0.4793637692928314 0
1675515161011 0.4867512881755829 0
1675515161138 0.4803732931613922 0
1675515161257 0.4818020164966583 0
1675515161402 0.47474315762519836 0
1675515161499 0.48656535148620605 0
1675515161613 0.4813990592956543 0
1675515161697 0.48861241340637207 0
1675515161805 0.480555921792984 0
1675515161927 0.48009005188941956 0
1675515162077 0.4727231562137604 0
1675515162195 0.47708332538604736 0
1675515162323 0.47895458340644836 0
1675515162445 0.47891488671302795 0
1675515162568 0.47614338994026184 0
1675515162696 0.4781268835067749 0
1675515162834 0.47472742199897766 0
1675515162938 0.4845351278781891 0
1675515163040 0.48174887895584106 0
1675515163162 0.47772330045700073 0
1675515163293 0.4728940725326538 0
1675515163419 0.4727407991886139 0
1675515163533 0.4766330122947693 0
1675515163644 0.4787311851978302 0
1675515163766 0.47610628604888916 0
1675515163882 0.47994810342788696 0
1675515164009 0.47562095522880554 0
1675515164133 0.47474730014801025 0
1675515164253 0.4787566363811493 0
1675515164384 0.47468870878219604 0
1675515164517 0.47386273741722107 0
1675515164609 0.48119106888771057 0
1675515164756 0.47064828872680664 0
1675515164880 0.4755355715751648 0
1675515165009 0.47255730628967285 0
1675515165154 0.4728958308696747 0
1675515165292 0.46870753169059753 0
1675515165409 0.47314396500587463 0
1675515165556 0.46531200408935547 0
1675515165673 0.47499576210975647 0
1675515165816 0.47231200337409973 0
1675515165930 0.4757644832134247 0
1675515166041 0.47632601857185364 0
1675515166147 0.47577396035194397 0
1675515166263 0.4700624942779541 0
1675515166385 0.4725368916988373 0
1675515166500 0.4737188220024109 0
1675515166621 0.47188183665275574 0
1675515166752 0.4697006344795227 0
1675515166872 0.47149771451950073 0
1675515167040 0.4675593972206116 0
1675515167131 0.479885071516037 0
1675515167237 0.4754844307899475 0
1675515167378 0.467227965593338 0
1675515167494 0.47583138942718506 0
1675515167628 0.46473801136016846 0
