1675888837785 0.2061387449502945 0
1675888838041 0.20524422824382782 0
1675888838258 0.22890602052211761 0
1675888838492 0.21049077808856964 0
1675888838708 0.2261100709438324 0
1675888838929 0.23376740515232086 0
1675888839128 0.2339460253715515 0
1675888839316 0.2431987076997757 0
1675888839501 0.24468080699443817 0
1675888839716 0.2148316353559494 0
1675888839961 0.19755224883556366 0
1675888840177 0.21749721467494965 0
1675888840380 0.22222377359867096 0
1675888840581 0.22326470911502838 0
1675888840807 0.20380966365337372 0
1675888841008 0.2203684151172638 0
1675888841227 0.20734715461730957 0
1675888841466 0.1968199759721756 0
1675888841678 0.21005503833293915 0
1675888841905 0.21014754474163055 0
1675888842100 0.22153927385807037 0
1675888842297 0.2272125482559204 0
1675888842538 0.1910504251718521 0
1675888842763 0.20075896382331848 0
1675888842988 0.200104221701622 0
1675888843215 0.19993942975997925 0
1675888843409 0.21669146418571472 0
1675888843630 0.20383059978485107 0
1675888843860 0.194725900888443 0
1675888844070 0.2057185173034668 0
1675888844278 0.20721155405044556 0
1675888844484 0.209267258644104 0
1675888844686 0.2132187932729721 0
1675888844897 0.2051360309123993 0
1675888845141 0.18551433086395264 0
1675888845375 0.18842974305152893 0
1675888845577 0.21040089428424835 0
1675888845768 0.22051778435707092 0
1675888845976 0.20504190027713776 0
1675888846169 0.20975200831890106 0
1675888846377 0.1999170184135437 0
1675888846570 0.21420934796333313 0
1675888846791 0.19434776902198792 0
1675888847010 0.19479262828826904 0
1675888847223 0.19977253675460815 0
1675888847451 0.19751611351966858 0
1675888847656 0.20511314272880554 0
1675888847851 0.2083650529384613 0
1675888848065 0.19531036913394928 0
1675888848299 0.1860693395137787 0
1675888848502 0.2028912901878357 0
1675888848715 0.19393280148506165 0
1675888848933 0.19619229435920715 0
1675888849140 0.1993938833475113 0
1675888849369 0.1910272240638733 0
1675888849568 0.2024839073419571 0
1675888849787 0.1872011423110962 0
1675888849994 0.19947361946105957 0
1675888850194 0.20031705498695374 0
1675888850387 0.2086372822523117 0
1675888850647 0.1748833805322647 0
1675888850864 0.18935523927211761 0
1675888851085 0.18797990679740906 0
1675888851284 0.20111878216266632 0
1675888851515 0.17925013601779938 0
1675888851730 0.1910281479358673 0
1675888851946 0.18465504050254822 0
1675888852164 0.18966399133205414 0
1675888852394 0.190007284283638 0
1675888852589 0.19921623170375824 0
1675888852794 0.19489307701587677 0
1675888853007 0.18828143179416656 0
1675888853201 0.1988769918680191 0
1675888853405 0.19405367970466614 0
1675888853657 0.1752135008573532 0
1675888853849 0.2019309103488922 0
1675888854062 0.1871958076953888 0
1675888854274 0.1900804042816162 0
1675888854504 0.1777973473072052 0
1675888854721 0.18615096807479858 0
1675888854973 0.17371617257595062 0
1675888855165 0.19997359812259674 0
1675888855400 0.18199923634529114 0
1675888855639 0.18381117284297943 0
1675888855878 0.1786665916442871 0
1675888856098 0.18337103724479675 0
1675888856332 0.18022044003009796 0
1675888856527 0.19940902292728424 0
1675888856751 0.18071158230304718 0
1675888856968 0.19557076692581177 0
1675888857186 0.1853758543729782 0
1675888857412 0.18116237223148346 0
1675888857617 0.1895977109670639 0
1675888857831 0.1852443814277649 0
1675888858037 0.18643395602703094 0
1675888858252 0.18372133374214172 0
1675888858464 0.18649621307849884 0
1675888858715 0.17014406621456146 0
1675888858946 0.1869795024394989 0
1675888859172 0.1824483871459961 0
1675888859377 0.18669116497039795 0
1675888859570 0.19371755421161652 0
1675888859808 0.17738819122314453 0
1675888860013 0.18678387999534607 0
1675888860227 0.1829715520143509 0
1675888860439 0.18929606676101685 0
1675888860676 0.17539247870445251 0
1675888860875 0.18715518712997437 0
1675888861073 0.18906579911708832 0
1675888861274 0.18243566155433655 0
1675888861497 0.18132281303405762 0
1675888861716 0.18008646368980408 0
1675888861930 0.1830073893070221 0
1675888862139 0.1859714835882187 0
1675888862366 0.18393485248088837 0
1675888862582 0.18387144804000854 0
1675888862773 0.19646184146404266 0
1675888862992 0.1830575317144394 0
1675888863204 0.18923889100551605 0
1675888863417 0.1862490028142929 0
1675888863643 0.176860973238945 0
1675888863869 0.18034878373146057 0
1675888864071 0.19010896980762482 0
1675888864302 0.17805711925029755 0
1675888864544 0.17295604944229126 0
1675888864751 0.18614725768566132 0
1675888864964 0.18241439759731293 0
1675888865191 0.17680111527442932 0
1675888865405 0.1820630133152008 0
1675888865612 0.1865573227405548 0
1675888865857 0.16945704817771912 0
1675888866080 0.17877651751041412 0
1675888866309 0.1746891885995865 0
1675888866511 0.1897842288017273 0
1675888866759 0.16943511366844177 0
1675888866952 0.19058719277381897 0
1675888867160 0.18733243644237518 0
1675888867367 0.18431635200977325 0
1675888867576 0.18445590138435364 0
1675888867793 0.17618237435817719 0
1675888868027 0.17911621928215027 0
1675888868266 0.1717076450586319 0
1675888868469 0.18646611273288727 0
1675888868682 0.18358653783798218 0
1675888868892 0.1808786243200302 0
1675888869106 0.17920896410942078 0
1675888869319 0.18327732384204865 0
1675888869536 0.18427129089832306 0
1675888869750 0.17891715466976166 0
1675888869963 0.1802505999803543 0
1675888870182 0.17943698167800903 0
1675888870406 0.1774616688489914 0
1675888870648 0.17231693863868713 0
1675888870856 0.1844116896390915 0
1675888871064 0.18207713961601257 0
1675888871282 0.1753648817539215 0
1675888871492 0.18498486280441284 0
1675888872986 0.1788356751203537 0
1675888873193 0.1834975630044937 0
1675888873378 0.19215810298919678 0
1675888873597 0.18123972415924072 0
1675888873788 0.1918046474456787 0
1675888873969 0.19235223531723022 0
1675888874188 0.1734071522951126 0
1675888874408 0.1748172640800476 0
1675888874648 0.17167752981185913 0
1675888874872 0.17220497131347656 0
1675888875068 0.18510447442531586 0
1675888875283 0.17845027148723602 0
1675888875488 0.18124455213546753 0
1675888875692 0.1816057413816452 0
1675888875906 0.17834721505641937 0
1675888876108 0.187125563621521 0
1675888876362 0.161849245429039 0
1675888876582 0.1793912947177887 0
1675888876825 0.17267167568206787 0
1675888877061 0.17420867085456848 0
1675888877262 0.18258410692214966 0
1675888877470 0.17915098369121552 0
1675888877692 0.1787949502468109 0
1675888877912 0.18363507091999054 0
1675888878128 0.1779812127351761 0
1675888878320 0.18567226827144623 0
1675888878520 0.18159377574920654 0
1675888878740 0.1775023639202118 0
1675888878974 0.17543856799602509 0
1675888879167 0.18686969578266144 0
1675888879361 0.18423879146575928 0
1675888879579 0.17702724039554596 0
1675888879786 0.17855463922023773 0
1675888879989 0.18125459551811218 0
1675888880181 0.18727359175682068 0
1675888880373 0.18728095293045044 0
1675888880597 0.1696891039609909 0
1675888880784 0.18414008617401123 0
1675888880996 0.17776326835155487 0
1675888881206 0.18122516572475433 0
1675888881400 0.18248701095581055 0
1675888881602 0.17890335619449615 0
1675888881784 0.19204972684383392 0
1675888882080 0.16564249992370605 0
1675888882293 0.18391123414039612 0
1675888882490 0.1865643560886383 0
1675888882701 0.177668035030365 0
1675888882936 0.17681489884853363 0
1675888883135 0.19020701944828033 0
1675888883323 0.18922069668769836 0
1675888883529 0.1892394870519638 0
1675888883751 0.1779765486717224 0
1675888883950 0.18346130847930908 0
1675888884166 0.1781134009361267 0
1675888884358 0.18930569291114807 0
1675888884588 0.17045293748378754 0
1675888884824 0.17271165549755096 0
1675888885037 0.1818029135465622 0
1675888885229 0.18378382921218872 0
1675888885450 0.17611724138259888 0
1675888885671 0.17724032700061798 0
1675888885869 0.18617768585681915 0
1675888886055 0.19139018654823303 0
1675888886273 0.1833966076374054 0
1675888886494 0.17837141454219818 0
1675888886730 0.17040301859378815 0
1675888886934 0.18359479308128357 0
1675888887172 0.17275941371917725 0
1675888887386 0.17762312293052673 0
1675888887585 0.18285293877124786 0
1675888887807 0.1796371191740036 0
1675888888007 0.1849128156900406 0
1675888888222 0.17723877727985382 0
1675888888448 0.17368720471858978 0
1675888888650 0.18758533895015717 0
1675888888857 0.1855706423521042 0
1675888889092 0.17248447239398956 0
1675888889334 0.16663876175880432 0
1675888889527 0.18673723936080933 0
1675888889755 0.17354083061218262 0
1675888889968 0.18035300076007843 0
1675888890190 0.17317421734333038 0
1675888890422 0.17213144898414612 0
1675888890627 0.17948615550994873 0
1675888890831 0.17910440266132355 0
1675888891042 0.17528685927391052 0
1675888891256 0.1793014109134674 0
1675888891478 0.17755179107189178 0
1675888891676 0.18494004011154175 0
1675888891882 0.1811346560716629 0
1675888892100 0.1738210767507553 0
1675888892322 0.1777583658695221 0
1675888892542 0.17563565075397491 0
1675888892750 0.18090501427650452 0
1675888892957 0.18028122186660767 0
1675888893182 0.17168653011322021 0
1675888893397 0.17703673243522644 0
1675888893603 0.17754818499088287 0
1675888893805 0.18151429295539856 0
1675888894024 0.17130860686302185 0
1675888894235 0.17659318447113037 0
1675888894446 0.17475350201129913 0
1675888894666 0.17420044541358948 0
1675888894883 0.1764981895685196 0
1675888895095 0.17319640517234802 0
1675888895299 0.1795126050710678 0
1675888895524 0.17091932892799377 0
1675888895719 0.18734754621982574 0
1675888895962 0.16680502891540527 0
1675888896147 0.18976636230945587 0
1675888896386 0.17608682811260223 0
1675888896582 0.1891193687915802 0
1675888896789 0.1767459213733673 0
1675888896990 0.17806851863861084 0
1675888897201 0.17691028118133545 0
1675888897441 0.1671087145805359 0
1675888897656 0.1760973483324051 0
1675888897864 0.18129466474056244 0
1675888898113 0.1641751080751419 0
1675888898335 0.17433303594589233 0
1675888898566 0.16657403111457825 0
1675888898797 0.17445355653762817 0
1675888899012 0.1765146106481552 0
1675888899233 0.17811959981918335 0
1675888899438 0.18451839685440063 0
1675888899665 0.17511269450187683 0
1675888899894 0.1688789576292038 0
1675888900098 0.1802874505519867 0
1675888900302 0.17852620780467987 0
1675888900529 0.17343705892562866 0
1675888900766 0.1728033423423767 0
1675888901018 0.1693219393491745 0
1675888901229 0.1809515655040741 0
1675888901440 0.17797710001468658 0
1675888901670 0.17270265519618988 0
1675888901891 0.1754869818687439 0
1675888902123 0.1709456890821457 0
1675888902337 0.1761617660522461 0
1675888902556 0.17474070191383362 0
1675888902798 0.1661362498998642 0
1675888903042 0.16897858679294586 0
1675888903241 0.18062247335910797 0
1675888903463 0.18095435202121735 0
1675888903713 0.17047542333602905 0
1675888903924 0.18187269568443298 0
1675888904121 0.18423448503017426 0
1675888904362 0.16656115651130676 0
1675888904560 0.1820869743824005 0
1675888904746 0.18614836037158966 0
1675888904957 0.17436012625694275 0
1675888905164 0.18166999518871307 0
1675888905369 0.17730817198753357 0
1675888905611 0.16769130527973175 0
1675888905815 0.1803339570760727 0
1675888905996 0.19084802269935608 0
1675888906212 0.17432229220867157 0
1675888906436 0.17007286846637726 0
1675888907868 0.1809733808040619 0
1675888908091 0.17600680887699127 0
1675888908305 0.1730569452047348 0
1675888908517 0.17844586074352264 0
1675888908704 0.18869900703430176 0
1675888908958 0.16636089980602264 0
1675888909157 0.17775334417819977 0
1675888909347 0.18559657037258148 0
1675888909568 0.1705431044101715 0
1675888909795 0.1698242723941803 0
1675888909985 0.18525201082229614 0
1675888910206 0.17831973731517792 0
1675888910388 0.18967001140117645 0
1675888910616 0.1698485165834427 0
1675888910851 0.17488062381744385 0
1675888911052 0.1751386821269989 0
1675888911256 0.17835886776447296 0
1675888911495 0.17017894983291626 0
1675888911684 0.18711932003498077 0
1675888911902 0.17567329108715057 0
1675888912117 0.18097294867038727 0
1675888912331 0.18159988522529602 0
1675888912557 0.17610180377960205 0
1675888912794 0.16767190396785736 0
1675888913012 0.17182724177837372 0
1675888913190 0.18904906511306763 0
1675888913404 0.1771528124809265 0
1675888913595 0.1835281252861023 0
1675888913795 0.1799759864807129 0
1675888914018 0.17519719898700714 0
1675888914239 0.1733684092760086 0
1675888914448 0.18012741208076477 0
1675888914660 0.17775647342205048 0
1675888914854 0.18645547330379486 0
1675888915065 0.17257428169250488 0
1675888915254 0.18484839797019958 0
1675888915469 0.17351530492305756 0
1675888915677 0.18015645444393158 0
1675888915909 0.17303119599819183 0
1675888916116 0.1837991178035736 0
1675888916315 0.1811104267835617 0
1675888916548 0.17018790543079376 0
1675888916743 0.18129880726337433 0
1675888916939 0.1845104694366455 0
1675888917157 0.17186111211776733 0
1675888917382 0.167682483792305 0
1675888917597 0.1735578179359436 0
1675888917814 0.1752161830663681 0
1675888918011 0.18040582537651062 0
1675888918196 0.18352292478084564 0
1675888918402 0.19060038030147552 0
1675888918624 0.17430832982063293 0
1675888918894 0.1641886979341507 0
1675888919118 0.17065414786338806 0
1675888919331 0.17312394082546234 0
1675888919538 0.17763593792915344 0
1675888919753 0.1746746152639389 0
1675888919982 0.17300739884376526 0
1675888920174 0.18101464211940765 0
1675888920362 0.18808606266975403 0
1675888920582 0.17000561952590942 0
1675888920795 0.1747288852930069 0
1675888920987 0.18479527533054352 0
1675888921181 0.18192040920257568 0
1675888921415 0.16772595047950745 0
1675888921620 0.17890644073486328 0
1675888921849 0.1692710667848587 0
1675888922075 0.17263072729110718 0
1675888922284 0.1803026646375656 0
1675888922522 0.16903944313526154 0
1675888922752 0.17034853994846344 0
1675888922949 0.18228062987327576 0
1675888923173 0.16896112263202667 0
1675888923364 0.1829444020986557 0
1675888923563 0.1809203177690506 0
1675888923786 0.17079752683639526 0
1675888923982 0.18576732277870178 0
1675888924178 0.1835954636335373 0
1675888924399 0.17352692782878876 0
1675888924609 0.17482005059719086 0
1675888924839 0.17220255732536316 0
1675888925051 0.17468832433223724 0
1675888925239 0.18798834085464478 0
1675888925449 0.17585453391075134 0
1675888925662 0.1734873354434967 0
1675888925875 0.17568711936473846 0
1675888926083 0.17629805207252502 0
1675888926289 0.1780255287885666 0
1675888926542 0.16361010074615479 0
1675888926774 0.16936707496643066 0
1675888927007 0.17059390246868134 0
1675888927199 0.1808507740497589 0
1675888927402 0.1774485856294632 0
1675888927627 0.16958333551883698 0
1675888927833 0.1778322160243988 0
1675888928054 0.17407667636871338 0
1675888928241 0.18556377291679382 0
1675888928466 0.17219038307666779 0
1675888928662 0.1864258050918579 0
1675888928902 0.1684495359659195 0
1675888929099 0.18364594876766205 0
1675888929334 0.17571067810058594 0
1675888929539 0.17700156569480896 0
1675888929742 0.18219822645187378 0
1675888929934 0.1817731410264969 0
1675888930145 0.17876890301704407 0
1675888930345 0.1779814511537552 0
1675888930591 0.16681019961833954 0
1675888930781 0.18485572934150696 0
1675888931015 0.17436450719833374 0
1675888931227 0.18072445690631866 0
1675888931436 0.17372426390647888 0
1675888931651 0.17333927750587463 0
1675888931874 0.17307759821414948 0
1675888932076 0.18101035058498383 0
1675888932314 0.17025476694107056 0
1675888932540 0.18287724256515503 0
1675888932749 0.18189948797225952 0
1675888932941 0.18508562445640564 0
1675888933152 0.1739158034324646 0
1675888933341 0.18527361750602722 0
1675888933559 0.17399200797080994 0
1675888933801 0.165887251496315 0
1675888934020 0.17001301050186157 0
1675888934209 0.18570347130298615 0
1675888934415 0.17654696106910706 0
1675888934626 0.1852252185344696 0
1675888934843 0.17467628419399261 0
1675888935030 0.18724210560321808 0
1675888935302 0.15874554216861725 0
1675888935526 0.1730065494775772 0
1675888935756 0.17217294871807098 0
1675888935951 0.18535643815994263 0
1675888936148 0.18126016855239868 0
1675888936360 0.17786018550395966 0
1675888936592 0.17966818809509277 0
1675888936805 0.17511436343193054 0
1675888937042 0.17363816499710083 0
1675888937237 0.17848147451877594 0
1675888937443 0.17510034143924713 0
1675888937664 0.1721268743276596 0
1675888937863 0.17696210741996765 0
1675888938050 0.18200244009494781 0
1675888938284 0.1654561460018158 0
1675888938474 0.18641658127307892 0
1675888938719 0.16515545547008514 0
1675888938926 0.1775980144739151 0
1675888939119 0.1805422604084015 0
1675888939314 0.18146701157093048 0
1675888939544 0.17125025391578674 0
1675888939783 0.1662151962518692 0
1675888940007 0.17034083604812622 0
1675888940232 0.16841208934783936 0
1675888940434 0.17878086864948273 0
1675888940622 0.18066281080245972 0
1675888940827 0.17748752236366272 0
1675888941051 0.16856418550014496 0
1675888942480 0.16923390328884125 0
1675888942679 0.17157277464866638 0
1675888942857 0.18764062225818634 0
1675888943056 0.1738252341747284 0
1675888943269 0.17658284306526184 0
1675888943474 0.1725418120622635 0
1675888943662 0.18321433663368225 0
1675888943854 0.17529532313346863 0
1675888944042 0.18049657344818115 0
1675888944242 0.1753966361284256 0
1675888944433 0.1804664134979248 0
1675888944610 0.18872475624084473 0
1675888944804 0.18022893369197845 0
1675888944995 0.17571017146110535 0
1675888945186 0.18282450735569 0
1675888945386 0.17747262120246887 0
1675888945629 0.16489669680595398 0
1675888945817 0.18093980848789215 0
1675888946041 0.169683039188385 0
1675888946254 0.1691286563873291 0
1675888946449 0.18274982273578644 0
1675888946664 0.16744635999202728 0
1675888946875 0.1724902093410492 0
1675888947065 0.17571668326854706 0
1675888947286 0.16813942790031433 0
1675888947473 0.17935051023960114 0
1675888947653 0.18862366676330566 0
1675888947873 0.1668185442686081 0
1675888948097 0.17037604749202728 0
1675888948310 0.16787460446357727 0
1675888948536 0.16597867012023926 0
1675888948750 0.18267767131328583 0
1675888948980 0.17035216093063354 0
1675888949159 0.18466362357139587 0
1675888949345 0.18561862409114838 0
1675888949532 0.18011127412319183 0
1675888949744 0.171511709690094 0
1675888949943 0.17237859964370728 0
1675888950157 0.1710147261619568 0
1675888950363 0.17271389067173004 0
1675888950552 0.17865543067455292 0
1675888950758 0.17439138889312744 0
1675888950955 0.1801467388868332 0
1675888951133 0.18263576924800873 0
1675888951329 0.18109197914600372 0
1675888951531 0.17207160592079163 0
1675888951733 0.17501303553581238 0
1675888951939 0.17424075305461884 0
1675888952125 0.18466804921627045 0
1675888952373 0.17164169251918793 0
1675888952641 0.16441388428211212 0
1675888952862 0.16731511056423187 0
1675888953051 0.18589505553245544 0
1675888953265 0.16952191293239594 0
1675888953461 0.18046744167804718 0
1675888953656 0.17953050136566162 0
1675888953877 0.16860592365264893 0
1675888954081 0.1739966720342636 0
1675888954293 0.1729884296655655 0
1675888954487 0.17777083814144135 0
1675888954698 0.17886795103549957 0
1675888954871 0.18750812113285065 0
1675888955087 0.173939049243927 0
1675888955280 0.17540016770362854 0
1675888955497 0.17018459737300873 0
1675888955733 0.16609206795692444 0
1675888955937 0.18070143461227417 0
1675888956163 0.16791895031929016 0
1675888956367 0.1773383766412735 0
1675888956546 0.18448391556739807 0
1675888956745 0.17853190004825592 0
1675888956949 0.17803294956684113 0
1675888957144 0.18168456852436066 0
1675888957350 0.17461761832237244 0
1675888957551 0.1788773536682129 0
1675888957770 0.16888628900051117 0
1675888957980 0.1745232790708542 0
1675888958178 0.17630043625831604 0
1675888958384 0.17668405175209045 0
1675888958593 0.17463521659374237 0
1675888958800 0.17870596051216125 0
1675888959010 0.18676139414310455 0
1675888959241 0.17533455789089203 0
1675888959438 0.17637942731380463 0
1675888959650 0.17369166016578674 0
1675888959858 0.1730705350637436 0
1675888960074 0.1742788702249527 0
1675888960298 0.16639618575572968 0
1675888960531 0.16563627123832703 0
1675888960756 0.17382164299488068 0
1675888960947 0.17935711145401 0
1675888961137 0.1754152774810791 0
1675888961337 0.18165713548660278 0
1675888961541 0.1726812869310379 0
1675888961739 0.18038442730903625 0
1675888961914 0.18588444590568542 0
1675888962123 0.17444026470184326 0
1675888962328 0.18538793921470642 0
1675888962559 0.17052142322063446 0
1675888962746 0.1800803244113922 0
1675888962960 0.17335693538188934 0
1675888963157 0.17906688153743744 0
1675888963381 0.1689801961183548 0
1675888963572 0.17534641921520233 0
1675888963787 0.17271466553211212 0
1675888964013 0.16539259254932404 0
1675888964222 0.17592410743236542 0
1675888964434 0.1717616319656372 0
1675888964633 0.18057842552661896 0
1675888964831 0.173262357711792 0
1675888965054 0.17303228378295898 0
1675888965247 0.17608925700187683 0
1675888965465 0.17104342579841614 0
1675888965667 0.17529410123825073 0
1675888965849 0.18622468411922455 0
1675888966042 0.179030179977417 0
1675888966244 0.17741630971431732 0
1675888966438 0.17733637988567352 0
1675888966664 0.16902603209018707 0
1675888966901 0.16901467740535736 0
1675888967136 0.16710589826107025 0
1675888967316 0.18373897671699524 0
1675888967515 0.17983192205429077 0
1675888967702 0.17907412350177765 0
1675888967933 0.16768717765808105 0
1675888968135 0.1739654392004013 0
1675888968339 0.17546634376049042 0
1675888968522 0.18164734542369843 0
1675888968748 0.17821745574474335 0
1675888968930 0.18919554352760315 0
1675888969134 0.18123827874660492 0
1675888969341 0.17347629368305206 0
1675888969547 0.1731553077697754 0
1675888969762 0.1662197858095169 0
1675888969956 0.1792278289794922 0
1675888970140 0.1816432774066925 0
1675888970346 0.17650388181209564 0
1675888970532 0.17838624119758606 0
1675888970755 0.17083874344825745 0
1675888970936 0.18221895396709442 0
1675888971172 0.17093360424041748 0
1675888971355 0.18458345532417297 0
1675888971567 0.17331227660179138 0
1675888971759 0.1793147772550583 0
1675888971960 0.1791050285100937 0
1675888972149 0.17531715333461761 0
1675888972375 0.17515383660793304 0
1675888972581 0.17272402346134186 0
1675888972783 0.17662574350833893 0
1675888972974 0.1806647777557373 0
1675888973168 0.17847032845020294 0
1675888973358 0.18103647232055664 0
1675888973548 0.18375210464000702 0
1675888973782 0.16529405117034912 0
1675888973990 0.17197954654693604 0
1675888974182 0.17538399994373322 0
1675888974384 0.17398369312286377 0
1675888975803 0.1786918044090271 0
1675888975993 0.18533718585968018 0
1675888976191 0.18088112771511078 0
1675888976385 0.18218281865119934 0
1675888976592 0.17718535661697388 0
1675888976788 0.18184678256511688 0
1675888977004 0.17353478074073792 0
1675888977231 0.16738195717334747 0
1675888977448 0.17270156741142273 0
1675888977643 0.18258361518383026 0
1675888977831 0.1866580992937088 0
1675888978049 0.17111410200595856 0
1675888978275 0.171919047832489 0
1675888978496 0.17234450578689575 0
1675888978686 0.18229395151138306 0
1675888978907 0.17805007100105286 0
1675888979120 0.17937292158603668 0
1675888979314 0.18367217481136322 0
1675888979526 0.1767948418855667 0
1675888979767 0.16850027441978455 0
1675888979985 0.17624369263648987 0
1675888980186 0.1784563660621643 0
1675888980388 0.17658957839012146 0
1675888980595 0.1757083237171173 0
1675888980841 0.17150631546974182 0
1675888981040 0.1811039298772812 0
1675888981272 0.1677558869123459 0
1675888981479 0.1754847913980484 0
1675888981697 0.1709638237953186 0
1675888981889 0.17935694754123688 0
1675888982068 0.18881133198738098 0
1675888982271 0.17875145375728607 0
1675888982495 0.17201310396194458 0
1675888982703 0.1718449890613556 0
1675888982908 0.17661839723587036 0
1675888983146 0.16389143466949463 0
1675888983377 0.16939681768417358 0
1675888983562 0.18383944034576416 0
1675888983786 0.1686955690383911 0
1675888984006 0.17194399237632751 0
1675888984191 0.18668711185455322 0
1675888984402 0.1747330129146576 0
1675888984611 0.17416438460350037 0
1675888984824 0.17083001136779785 0
1675888985040 0.1736273169517517 0
1675888985235 0.18345846235752106 0
1675888985430 0.17838230729103088 0
1675888985629 0.18120917677879333 0
1675888985835 0.17442657053470612 0
1675888986034 0.18411074578762054 0
1675888986249 0.17669689655303955 0
1675888986445 0.1806478053331375 0
1675888986643 0.18137991428375244 0
1675888986857 0.17799608409404755 0
1675888987067 0.17386817932128906 0
1675888987308 0.16387586295604706 0
1675888987509 0.17833049595355988 0
1675888987726 0.17298568785190582 0
1675888987942 0.1732693761587143 0
1675888988153 0.17311298847198486 0
1675888988361 0.1767382174730301 0
1675888988571 0.17272043228149414 0
1675888988796 0.17000260949134827 0
1675888989027 0.16639383137226105 0
1675888989257 0.16954928636550903 0
1675888989467 0.1740475744009018 0
1675888989655 0.18477179110050201 0
1675888989880 0.1687006652355194 0
1675888990089 0.178228959441185 0
1675888990309 0.17055173218250275 0
1675888990514 0.17725831270217896 0
1675888990749 0.16654819250106812 0
1675888990913 0.20140452682971954 0
1675888991106 0.1826273649930954 0
1675888991336 0.1671833097934723 0
1675888991525 0.18170525133609772 0
1675888991734 0.17694500088691711 0
1675888991978 0.16227388381958008 0
1675888992165 0.18612772226333618 0
1675888992373 0.17749036848545074 0
1675888992618 0.16358274221420288 0
1675888992804 0.18603980541229248 0
1675888993013 0.17460386455059052 0
1675888993224 0.17089788615703583 0
1675888993417 0.18738725781440735 0
1675888993640 0.17349369823932648 0
1675888993863 0.1675974428653717 0
1675888994057 0.18185511231422424 0
1675888994272 0.17237414419651031 0
1675888994518 0.16872026026248932 0
1675888994733 0.17641854286193848 0
1675888994916 0.18934482336044312 0
1675888995130 0.1708582192659378 0
1675888995329 0.17783911526203156 0
1675888995521 0.1821872591972351 0
1675888995732 0.17596451938152313 0
1675888995954 0.1695532649755478 0
1675888996164 0.1732284128665924 0
1675888996373 0.179107204079628 0
1675888996615 0.1663966029882431 0
1675888996829 0.173639178276062 0
1675888997029 0.18400901556015015 0
1675888997236 0.17739135026931763 0
1675888997451 0.1727421134710312 0
1675888997686 0.16413287818431854 0
1675888997918 0.1653197854757309 0
1675888998106 0.18636460602283478 0
1675888998293 0.18179744482040405 0
1675888998524 0.16762296855449677 0
1675888998732 0.1771894246339798 0
1675888998925 0.1873912215232849 0
1675888999121 0.1805148869752884 0
1675888999309 0.1863526701927185 0
1675888999530 0.17204205691814423 0
1675888999740 0.1753578633069992 0
1675889000000 0.16000984609127045 0
1675889000226 0.167207732796669 0
1675889000431 0.17720448970794678 0
1675889000635 0.17522066831588745 0
1675889000850 0.1709051877260208 0
1675889001040 0.18260183930397034 0
1675889001232 0.18119782209396362 0
1675889001434 0.18079088628292084 0
1675889001673 0.16654376685619354 0
1675889001866 0.17952603101730347 0
1675889002055 0.1823282092809677 0
1675889002274 0.17747075855731964 0
1675889002482 0.1795641928911209 0
1675889002666 0.1831095814704895 0
1675889002877 0.17750966548919678 0
1675889003080 0.17883847653865814 0
1675889003285 0.17698732018470764 0
1675889003488 0.1790650337934494 0
1675889003677 0.18293605744838715 0
1675889003902 0.1707373559474945 0
1675889004104 0.1749318540096283 0
1675889004288 0.18617190420627594 0
1675889004490 0.17716923356056213 0
1675889004721 0.16689500212669373 0
1675889004897 0.19029058516025543 0
1675889005127 0.16777439415454865 0
1675889005333 0.1729092001914978 0
1675889005562 0.17176929116249084 0
1675889005784 0.17053137719631195 0
1675889005995 0.17232218384742737 0
1675889006216 0.17289507389068604 0
1675889006410 0.1812599003314972 0
1675889006646 0.16139057278633118 0
1675889006864 0.17230552434921265 0
1675889007077 0.16923674941062927 0
1675889007281 0.17719754576683044 0
1675889007521 0.16225269436836243 0
1675889007726 0.17574988305568695 0
1675889007925 0.17537544667720795 0
1675889008163 0.1654992252588272 0
1675889008374 0.17465461790561676 0
1675889008574 0.17647314071655273 0
1675889010003 0.17585043609142303 0
1675889010196 0.18009091913700104 0
1675889010406 0.17853163182735443 0
1675889010587 0.1856037974357605 0
1675889010804 0.16957330703735352 0
1675889011058 0.16044437885284424 0
1675889011282 0.16845858097076416 0
1675889011497 0.17025068402290344 0
1675889011699 0.18047821521759033 0
1675889011916 0.16665953397750854 0
1675889012114 0.18312083184719086 0
1675889012336 0.16960185766220093 0
1675889012542 0.17846053838729858 0
1675889012725 0.18586376309394836 0
1675889012927 0.18114349246025085 0
1675889013139 0.16998866200447083 0
1675889013361 0.17224577069282532 0
1675889013555 0.17781566083431244 0
1675889013785 0.16917544603347778 0
1675889014003 0.1678677350282669 0
1675889014218 0.16958144307136536 0
1675889014392 0.1874169409275055 0
1675889014566 0.19041851162910461 0
1675889014781 0.1754080355167389 0
1675889014977 0.17693054676055908 0
1675889015194 0.17337805032730103 0
1675889015397 0.17850326001644135 0
1675889015587 0.1792486011981964 0
1675889015806 0.17637743055820465 0
1675889016009 0.17464418709278107 0
1675889016209 0.17578469216823578 0
1675889016416 0.16947048902511597 0
1675889016628 0.17407427728176117 0
1675889016833 0.1699725240468979 0
1675889017049 0.17181594669818878 0
1675889017256 0.17261405289173126 0
1675889017491 0.16548684239387512 0
1675889017692 0.1793423295021057 0
1675889017908 0.1827000379562378 0
1675889018095 0.18367525935173035 0
1675889018312 0.17109204828739166 0
1675889018498 0.18073338270187378 0
1675889018707 0.17800559103488922 0
1675889018908 0.17847773432731628 0
1675889019096 0.18422827124595642 0
1675889019303 0.17386113107204437 0
1675889019495 0.18308943510055542 0
1675889019706 0.17054520547389984 0
1675889019917 0.17345857620239258 0
1675889020098 0.18404115736484528 0
1675889020317 0.17104928195476532 0
1675889020497 0.18526944518089294 0
1675889020735 0.16570106148719788 0
1675889020940 0.17077282071113586 0
1675889021162 0.1725102812051773 0
1675889021350 0.18084940314292908 0
1675889021537 0.18581384420394897 0
1675889021744 0.16981631517410278 0
1675889021956 0.17683327198028564 0
1675889022183 0.16748227179050446 0
1675889022381 0.1831740140914917 0
1675889022566 0.1804211288690567 0
1675889022759 0.18104326725006104 0
1675889022970 0.17280419170856476 0
1675889023165 0.18199577927589417 0
1675889023338 0.18665911257266998 0
1675889023541 0.17462420463562012 0
1675889023750 0.17406386137008667 0
1675889023964 0.170881450176239 0
1675889024174 0.1697661280632019 0
1675889024380 0.17624306678771973 0
1675889024560 0.18376339972019196 0
1675889024788 0.16298089921474457 0
1675889024980 0.1801661252975464 0
1675889025194 0.1746319830417633 0
1675889025378 0.18018503487110138 0
1675889025601 0.17033153772354126 0
1675889025810 0.17423780262470245 0
1675889026034 0.17000602185726166 0
1675889026230 0.17507971823215485 0
1675889026420 0.1815013587474823 0
1675889026594 0.18702298402786255 0
1675889026794 0.1827121376991272 0
1675889027004 0.1717406064271927 0
1675889027227 0.16852666437625885 0
1675889027428 0.17477300763130188 0
1675889027639 0.1776982694864273 0
1675889027848 0.1756671518087387 0
1675889028036 0.1854354739189148 0
1675889028242 0.17118625342845917 0
1675889028464 0.1681232899427414 0
1675889028673 0.17205682396888733 0
1675889028889 0.17435266077518463 0
1675889029095 0.17296776175498962 0
1675889029333 0.1660231053829193 0
1675889029566 0.16630519926548004 0
1675889029798 0.16541413962841034 0
1675889030014 0.16940024495124817 0
1675889030220 0.1740257889032364 0
1675889030447 0.16514120995998383 0
1675889030626 0.1824171394109726 0
1675889030857 0.1685439497232437 0
1675889031042 0.18275338411331177 0
1675889031252 0.17586171627044678 0
1675889031447 0.17496834695339203 0
1675889031662 0.17316222190856934 0
1675889031857 0.18073201179504395 0
1675889032081 0.16927498579025269 0
1675889032305 0.17507804930210114 0
1675889032523 0.17173418402671814 0
1675889032737 0.16854409873485565 0
1675889032932 0.18246424198150635 0
1675889033138 0.17733356356620789 0
1675889033325 0.1814444661140442 0
1675889033513 0.18507011234760284 0
1675889033711 0.1746099293231964 0
1675889033944 0.1669815480709076 0
1675889034132 0.17998866736888885 0
1675889034365 0.16967396438121796 0
1675889034578 0.16977782547473907 0
1675889034794 0.17395955324172974 0
1675889034994 0.17706298828125 0
1675889035219 0.16925597190856934 0
1675889035426 0.16890224814414978 0
1675889035646 0.16943085193634033 0
1675889035839 0.18035294115543365 0
1675889036046 0.17278192937374115 0
1675889036242 0.18059372901916504 0
1675889036462 0.1728031188249588 0
1675889036656 0.1748386174440384 0
1675889036921 0.18385082483291626 0
1675889037141 0.18109837174415588 0
1675889037374 0.17212671041488647 0
1675889037591 0.18449129164218903 0
1675889037845 0.17536842823028564 0
1675889038067 0.18840759992599487 0
1675889038261 0.17973126471042633 0
1675889038449 0.1804368793964386 0
1675889038702 0.1622966080904007 0
1675889038911 0.17457477748394012 0
1675889039144 0.16242307424545288 0
1675889039345 0.18115414679050446 0
1675889039552 0.1798342615365982 0
1675889039748 0.17395830154418945 0
1675889039967 0.17156073451042175 0
1675889040141 0.18476837873458862 0
1675889040336 0.17956097424030304 0
1675889040520 0.1795683354139328 0
1675889040714 0.18426284193992615 0
1675889040938 0.16670696437358856 0
1675889041146 0.17274992167949677 0
1675889041324 0.18704265356063843 0
1675889041557 0.16719122231006622 0
1675889041741 0.18028448522090912 0
1675889041970 0.17244087159633636 0
1675889042156 0.17590172588825226 0
1675889042433 0.16732677817344666 0
1675889043921 0.1770164668560028 0
1675889044142 0.17468106746673584 0
1675889044328 0.18550314009189606 0
1675889044574 0.16015854477882385 0
1675889044773 0.18144474923610687 0
1675889044997 0.1675557941198349 0
1675889045200 0.17531226575374603 0
1675889045380 0.18808498978614807 0
1675889045575 0.18298399448394775 0
1675889045795 0.17094649374485016 0
1675889045991 0.1793481558561325 0
1675889046186 0.17994503676891327 0
1675889046380 0.1801174432039261 0
1675889046580 0.1844373345375061 0
1675889046806 0.16875368356704712 0
1675889047019 0.17642159759998322 0
1675889047214 0.18258246779441833 0
1675889047407 0.18058817088603973 0
1675889047620 0.17156974971294403 0
1675889047822 0.17609180510044098 0
1675889048042 0.16935165226459503 0
1675889048223 0.18538273870944977 0
1675889048422 0.1800566464662552 0
1675889048640 0.17371828854084015 0
1675889048866 0.16932199895381927 0
1675889049073 0.17287932336330414 0
1675889049281 0.17088395357131958 0
1675889049510 0.16446024179458618 0
1675889049692 0.1871785819530487 0
1675889049934 0.1628769040107727 0
1675889050168 0.16615577042102814 0
1675889050375 0.1759408563375473 0
1675889050607 0.16743622720241547 0
1675889050832 0.1658877730369568 0
1675889051040 0.1749640256166458 0
1675889051255 0.17249473929405212 0
1675889051497 0.16495057940483093 0
1675889051680 0.18402130901813507 0
1675889051878 0.17848996818065643 0
1675889052097 0.16819924116134644 0
1675889052315 0.16984409093856812 0
1675889052549 0.1678404062986374 0
1675889052734 0.18162886798381805 0
1675889052960 0.1812056303024292 0
1675889053195 0.17570427060127258 0
1675889053408 0.17342886328697205 0
1675889053625 0.1697283238172531 0
1675889053844 0.17460300028324127 0
1675889054087 0.17030605673789978 0
1675889054317 0.16831709444522858 0
1675889054546 0.1708092987537384 0
1675889054761 0.17779336869716644 0
1675889054963 0.17699915170669556 0
1675889055172 0.17499198019504547 0
1675889055394 0.16833369433879852 0
1675889055611 0.17119696736335754 0
1675889055823 0.1798495352268219 0
1675889056022 0.1819174736738205 0
1675889056208 0.18765689432621002 0
1675889056443 0.167178213596344 0
1675889056657 0.17339205741882324 0
1675889056872 0.17384478449821472 0
1675889057112 0.17172357439994812 0
1675889057297 0.18997083604335785 0
1675889057528 0.16812032461166382 0
1675889057772 0.16512051224708557 0
1675889057970 0.17834250628948212 0
1675889058191 0.1770292967557907 0
1675889058390 0.18261221051216125 0
1675889058640 0.16346921026706696 0
1675889058867 0.1759939193725586 0
1675889059075 0.17908510565757751 0
1675889059287 0.17606684565544128 0
1675889059493 0.17775870859622955 0
1675889059709 0.1705159842967987 0
1675889059924 0.17503340542316437 0
1675889060131 0.17792433500289917 0
1675889060350 0.17415781319141388 0
1675889060580 0.16716334223747253 0
1675889060774 0.17891930043697357 0
1675889060966 0.18195413053035736 0
1675889061152 0.18269002437591553 0
1675889061339 0.1825287789106369 0
1675889061539 0.17674170434474945 0
1675889061766 0.1685137152671814 0
1675889061965 0.1777094453573227 0
1675889062171 0.17792028188705444 0
1675889062419 0.16317148506641388 0
1675889062604 0.1849329173564911 0
1675889062842 0.16139741241931915 0
1675889063068 0.16941256821155548 0
1675889063274 0.17447136342525482 0
1675889063478 0.17551375925540924 0
1675889063683 0.17313693463802338 0
1675889063896 0.17387889325618744 0
1675889064105 0.17497935891151428 0
1675889064328 0.17028333246707916 0
1675889064540 0.17289984226226807 0
1675889064742 0.17751239240169525 0
1675889064944 0.1771359145641327 0
1675889065147 0.1759149730205536 0
1675889065362 0.16897928714752197 0
1675889065564 0.17593804001808167 0
1675889065750 0.1820525825023651 0
1675889065969 0.16985328495502472 0
1675889066179 0.17418862879276276 0
1675889066404 0.16850504279136658 0
1675889066621 0.17363768815994263 0
1675889066820 0.179121732711792 0
1675889067028 0.17589111626148224 0
1675889067243 0.17063476145267487 0
1675889067442 0.175452321767807 0
1675889067639 0.1749168485403061 0
1675889067840 0.177619069814682 0
1675889068042 0.17687436938285828 0
1675889068258 0.17279022932052612 0
1675889068474 0.1700020730495453 0
1675889068694 0.17738106846809387 0
1675889068896 0.18191303312778473 0
1675889069111 0.1764940768480301 0
1675889069308 0.17988872528076172 0
1675889069510 0.18101438879966736 0
1675889069728 0.17646877467632294 0
1675889069942 0.1703941524028778 0
1675889070140 0.17846396565437317 0
1675889070358 0.16990649700164795 0
1675889070564 0.17674437165260315 0
1675889070762 0.17889787256717682 0
1675889070962 0.17948448657989502 0
1675889071172 0.1716119796037674 0
1675889071354 0.18772321939468384 0
1675889071551 0.17917226254940033 0
1675889071755 0.17495866119861603 0
1675889071959 0.17221815884113312 0
1675889072151 0.1805901974439621 0
1675889072365 0.17881032824516296 0
1675889072589 0.17429843544960022 0
1675889072804 0.17142744362354279 0
1675889072984 0.18555626273155212 0
1675889073182 0.1763436198234558 0
1675889073392 0.17311972379684448 0
1675889073607 0.17157642543315887 0
1675889073812 0.1767597198486328 0
1675889073994 0.1869051307439804 0
1675889074205 0.17159666121006012 0
1675889074418 0.1724662482738495 0
1675889074612 0.18102365732192993 0
1675889074817 0.17651456594467163 0
1675889075021 0.17322751879692078 0
1675889075202 0.18407410383224487 0
1675889075395 0.17977574467658997 0
1675889075596 0.176730677485466 0
1675889075798 0.17398494482040405 0
1675889075998 0.17912158370018005 0
1675889076194 0.1763087660074234 0
1675889076389 0.1780417412519455 0
1675889076610 0.16570605337619781 0
1675889078022 0.1709360033273697 0
1675889078207 0.1794394850730896 0
1675889078432 0.17158180475234985 0
1675889078637 0.17270930111408234 0
1675889078845 0.1748216301202774 0
1675889079031 0.17855724692344666 0
1675889079240 0.17503362894058228 0
1675889079445 0.16769559681415558 0
1675889079645 0.17812718451023102 0
1675889079830 0.17819899320602417 0
1675889080040 0.17875774204730988 0
1675889080266 0.16740688681602478 0
1675889080538 0.16342303156852722 0
1675889080727 0.17913146317005157 0
1675889080948 0.17129769921302795 0
1675889081163 0.1702720671892166 0
1675889081410 0.16509903967380524 0
1675889081632 0.1697314977645874 0
1675889081835 0.17631277441978455 0
1675889082023 0.18510663509368896 0
1675889082203 0.1870470941066742 0
1675889082436 0.1691572666168213 0
1675889082645 0.17247729003429413 0
1675889082863 0.17126084864139557 0
1675889083050 0.18211649358272552 0
1675889083248 0.17605097591876984 0
1675889083421 0.1877865046262741 0
1675889083628 0.17409367859363556 0
1675889083815 0.1831561028957367 0
1675889084013 0.18130436539649963 0
1675889084209 0.17719875276088715 0
1675889084461 0.16750076413154602 0
1675889084658 0.1817706823348999 0
1675889084875 0.1681058704853058 0
1675889085078 0.17684465646743774 0
1675889085285 0.16725510358810425 0
1675889085488 0.17526312172412872 0
1675889085683 0.17492365837097168 0
1675889085900 0.1733791083097458 0
1675889086091 0.17692217230796814 0
1675889086278 0.18711893260478973 0
1675889086454 0.18386802077293396 0
1675889086635 0.1928970068693161 0
1675889086822 0.17827199399471283 0
1675889087040 0.17098727822303772 0
1675889087264 0.16671499609947205 0
1675889087494 0.16724810004234314 0
1675889087699 0.17686177790164948 0
1675889087929 0.16687600314617157 0
1675889088131 0.17255684733390808 0
1675889088337 0.1779724508523941 0
1675889088533 0.17999644577503204 0
1675889088706 0.18808846175670624 0
1675889088922 0.17550504207611084 0
1675889089111 0.17950932681560516 0
1675889089387 0.16539059579372406 0
1675889089555 0.18580298125743866 0
1675889089754 0.17488716542720795 0
1675889089983 0.16097307205200195 0
1675889090170 0.18465837836265564 0
1675889090370 0.17266879975795746 0
1675889090563 0.18353360891342163 0
1675889090754 0.1762438267469406 0
1675889091000 0.15868116915225983 0
1675889091192 0.17745769023895264 0
1675889091394 0.17644783854484558 0
1675889091614 0.1670098751783371 0
1675889091830 0.17317084968090057 0
1675889092018 0.18036285042762756 0
1675889092213 0.1791575700044632 0
1675889092414 0.17480668425559998 0
1675889092630 0.17237016558647156 0
1675889092813 0.17981594800949097 0
1675889093018 0.18211856484413147 0
1675889093212 0.1790044754743576 0
1675889093451 0.17917217314243317 0
1675889093635 0.17963173985481262 0
1675889093856 0.1720871478319168 0
1675889094041 0.1814267933368683 0
1675889094254 0.17183320224285126 0
1675889094443 0.1802365779876709 0
1675889094652 0.17764738202095032 0
1675889094858 0.17156417667865753 0
1675889095061 0.17700155079364777 0
1675889095255 0.17490926384925842 0
1675889095474 0.16882258653640747 0
1675889095680 0.17106036841869354 0
1675889095891 0.17336998879909515 0
1675889096089 0.17475728690624237 0
1675889096306 0.17155513167381287 0
1675889096536 0.16401447355747223 0
1675889096781 0.17020747065544128 0
1675889096971 0.18456633388996124 0
1675889097168 0.17430800199508667 0
1675889097396 0.17235369980335236 0
1675889097587 0.18018649518489838 0
1675889097794 0.1758996546268463 0
1675889097997 0.16981995105743408 0
1675889098195 0.18117724359035492 0
1675889098372 0.18871745467185974 0
1675889098591 0.1711909919977188 0
1675889098786 0.17638763785362244 0
1675889099014 0.16648371517658234 0
1675889099232 0.16424313187599182 0
1675889099453 0.16937364637851715 0
1675889099636 0.1803542524576187 0
1675889099854 0.17034292221069336 0
1675889100056 0.17187947034835815 0
1675889100288 0.165315642952919 0
1675889100500 0.17240528762340546 0
1675889100736 0.1711016446352005 0
1675889100951 0.17636747658252716 0
1675889101152 0.17239868640899658 0
1675889101354 0.17802363634109497 0
1675889101557 0.17030173540115356 0
1675889101786 0.16999296844005585 0
1675889101969 0.18165361881256104 0
1675889102176 0.17893323302268982 0
1675889102376 0.17957665026187897 0
1675889102579 0.17628294229507446 0
1675889102801 0.16773171722888947 0
1675889103027 0.16816920042037964 0
1675889103223 0.17545253038406372 0
1675889103458 0.16758553683757782 0
1675889103671 0.16921459138393402 0
1675889103860 0.18528568744659424 0
1675889104056 0.17385698854923248 0
1675889104267 0.1721171885728836 0
1675889104486 0.16849203407764435 0
1675889104681 0.18201451003551483 0
1675889104865 0.18170350790023804 0
1675889105065 0.1783684343099594 0
1675889105256 0.17995083332061768 0
1675889105452 0.18007351458072662 0
1675889105653 0.17424918711185455 0
1675889105891 0.16494186222553253 0
1675889106065 0.18642880022525787 0
1675889106289 0.1667773425579071 0
1675889106482 0.1847861111164093 0
1675889106702 0.17437011003494263 0
1675889106900 0.18649090826511383 0
1675889107112 0.17857232689857483 0
1675889107317 0.16942338645458221 0
1675889107526 0.1765078902244568 0
1675889107712 0.18277594447135925 0
1675889107902 0.1843193769454956 0
1675889108112 0.16767728328704834 0
1675889108302 0.1860562264919281 0
1675889108484 0.18111252784729004 0
1675889108698 0.1758531630039215 0
1675889108916 0.1728714108467102 0
1675889109111 0.17901092767715454 0
1675889109307 0.17581376433372498 0
1675889109527 0.1693234145641327 0
1675889109734 0.1779799461364746 0
1675889110002 0.1594320684671402 0
1675889110202 0.17654424905776978 0
1675889111601 0.17660456895828247 0
1675889111837 0.16590437293052673 0
1675889112057 0.17388741672039032 0
1675889112255 0.18117134273052216 0
1675889112482 0.17779719829559326 0
1675889112711 0.16882765293121338 0
1675889112944 0.16340120136737823 0
1675889113134 0.18308158218860626 0
1675889113371 0.16656361520290375 0
1675889113598 0.16970477998256683 0
1675889113789 0.18612848222255707 0
1675889113985 0.1851651519536972 0
1675889114203 0.17247100174427032 0
1675889114418 0.171423077583313 0
1675889114621 0.17866726219654083 0
1675889114832 0.17558015882968903 0
1675889115032 0.18058454990386963 0
1675889115239 0.17761068046092987 0
1675889115451 0.17248539626598358 0
1675889115638 0.18757273256778717 0
1675889115843 0.17688772082328796 0
1675889116069 0.17029333114624023 0
1675889116267 0.17604216933250427 0
1675889116476 0.1831185221672058 0
1675889116694 0.18065890669822693 0
1675889116899 0.18663963675498962 0
1675889117097 0.17823496460914612 0
1675889117303 0.17745931446552277 0
1675889117506 0.1750880628824234 0
1675889117712 0.1790442317724228 0
1675889117935 0.1719108372926712 0
1675889118154 0.17924955487251282 0
1675889118361 0.17693673074245453 0
1675889118609 0.16221147775650024 0
1675889118831 0.17128123342990875 0
1675889119063 0.16990220546722412 0
1675889119290 0.16997916996479034 0
1675889119536 0.16343913972377777 0
1675889119724 0.18347011506557465 0
1675889119969 0.16504868865013123 0
1675889120171 0.18004246056079865 0
1675889120408 0.16607752442359924 0
1675889120617 0.17525450885295868 0
1675889120812 0.18077747523784637 0
1675889121038 0.16708403825759888 0
1675889121259 0.17554162442684174 0
1675889121478 0.17002883553504944 0
1675889121694 0.17122101783752441 0
1675889121895 0.1794266253709793 0
1675889122097 0.1746194064617157 0
1675889122328 0.17128632962703705 0
1675889122523 0.1819850355386734 0
1675889122769 0.1682044267654419 0
1675889122969 0.1785949468612671 0
1675889123167 0.1810603141784668 0
1675889123384 0.1721874475479126 0
1675889123612 0.16817528009414673 0
1675889123820 0.17878159880638123 0
1675889124044 0.1683342009782791 0
1675889124291 0.16116459667682648 0
1675889124488 0.17872396111488342 0
1675889124704 0.17192746698856354 0
1675889124900 0.17913992702960968 0
1675889125125 0.17016595602035522 0
1675889125322 0.18059499561786652 0
1675889125515 0.18080417811870575 0
1675889125734 0.16823303699493408 0
1675889125960 0.16776485741138458 0
1675889126163 0.176718071103096 0
1675889126371 0.1758720874786377 0
1675889126574 0.17640525102615356 0
1675889126788 0.17657126486301422 0
1675889127006 0.1764315515756607 0
1675889127199 0.18474805355072021 0
1675889127402 0.17932714521884918 0
1675889127611 0.17510904371738434 0
1675889127816 0.175834059715271 0
1675889128031 0.17107494175434113 0
1675889128227 0.17965348064899445 0
1675889128455 0.167204350233078 0
1675889128657 0.17903342843055725 0
1675889128843 0.18846191465854645 0
1675889129057 0.17428775131702423 0
1675889129260 0.17761802673339844 0
1675889129466 0.17613889276981354 0
1675889129685 0.17437560856342316 0
1675889129874 0.1836431324481964 0
1675889130078 0.17656756937503815 0
1675889130278 0.17820537090301514 0
1675889130513 0.16579139232635498 0
1675889130735 0.16747182607650757 0
1675889130940 0.17785894870758057 0
1675889131135 0.1826544851064682 0
1675889131330 0.17932739853858948 0
1675889131527 0.18032710254192352 0
1675889131744 0.17263178527355194 0
1675889131960 0.17318955063819885 0
1675889132153 0.18059669435024261 0
1675889132397 0.16932260990142822 0
1675889132632 0.1638036072254181 0
1675889132856 0.16949069499969482 0
1675889133055 0.18025089800357819 0
1675889133291 0.1688222438097 0
1675889133507 0.1720542311668396 0
1675889133706 0.17776601016521454 0
1675889133921 0.17127534747123718 0
1675889134109 0.1861027181148529 0
1675889134301 0.18086446821689606 0
1675889134513 0.1721981316804886 0
1675889134721 0.1779162585735321 0
1675889134930 0.17493610084056854 0
1675889135122 0.18215201795101166 0
1675889135342 0.16893142461776733 0
1675889135549 0.17629185318946838 0
1675889135740 0.18185898661613464 0
1675889135936 0.1805659979581833 0
1675889136150 0.17258064448833466 0
1675889136352 0.17866937816143036 0
1675889136571 0.17099368572235107 0
1675889136768 0.1811065822839737 0
1675889136988 0.1724887192249298 0
1675889137207 0.1734718233346939 0
1675889137409 0.1752820909023285 0
1675889137619 0.1734863817691803 0
1675889137842 0.16804765164852142 0
1675889138041 0.1770380735397339 0
1675889138255 0.17376066744327545 0
1675889138464 0.17326337099075317 0
1675889138715 0.16449996829032898 0
1675889138943 0.17202305793762207 0
1675889139141 0.17932769656181335 0
1675889139354 0.17719323933124542 0
1675889139550 0.18040341138839722 0
1675889139790 0.16030077636241913 0
1675889139998 0.17572925984859467 0
1675889140196 0.17847907543182373 0
1675889140384 0.18027697503566742 0
1675889140578 0.18186186254024506 0
1675889140797 0.17095623910427094 0
1675889140986 0.18239225447177887 0
1675889141183 0.18091045320034027 0
1675889141401 0.17374034225940704 0
1675889141641 0.16406376659870148 0
1675889141875 0.17502285540103912 0
1675889142092 0.17276135087013245 0
1675889142302 0.1815454363822937 0
1675889142551 0.16978108882904053 0
1675889142793 0.15990200638771057 0
1675889143009 0.17319358885288239 0
1675889143220 0.17355643212795258 0
1675889143428 0.1748724728822708 0
1675889143645 0.17576777935028076 0
1675889143860 0.17304544150829315 0
1675889144050 0.18557590246200562 0
1675889144255 0.17634154856204987 0
1675889144463 0.1766810119152069 0
1675889144664 0.17647813260555267 0
1675889146102 0.1803617924451828 0
1675889146308 0.17211143672466278 0
1675889146523 0.17330513894557953 0
1675889146708 0.1786176562309265 0
1675889146909 0.17878198623657227 0
1675889147097 0.17932729423046112 0
1675889147287 0.18575458228588104 0
1675889147489 0.1732255071401596 0
1675889147697 0.1735166758298874 0
1675889147884 0.1800341010093689 0
1675889148089 0.17582261562347412 0
1675889148276 0.176044762134552 0
1675889148504 0.16354648768901825 0
1675889148708 0.17168891429901123 0
1675889148928 0.17369000613689423 0
1675889149140 0.1683281511068344 0
1675889149364 0.17115890979766846 0
1675889149590 0.17243917286396027 0
1675889149837 0.1663069725036621 0
1675889150054 0.1715003103017807 0
1675889150265 0.17278215289115906 0
1675889150460 0.1761731505393982 0
1675889150683 0.1713453084230423 0
1675889150883 0.17766854166984558 0
1675889151100 0.1703180968761444 0
1675889151296 0.17823278903961182 0
1675889151504 0.1785224825143814 0
1675889151699 0.17872245609760284 0
1675889151953 0.16213110089302063 0
1675889152171 0.16876320540905 0
1675889152387 0.17499811947345734 0
1675889152580 0.1759176254272461 0
1675889152775 0.18127809464931488 0
1675889152987 0.17196553945541382 0
1675889153179 0.17812411487102509 0
1675889153401 0.16651317477226257 0
1675889153629 0.16976246237754822 0
1675889153844 0.16647356748580933 0
1675889154062 0.17262022197246552 0
1675889154252 0.18489970266819 0
1675889154458 0.17603400349617004 0
1675889154638 0.18096299469470978 0
1675889154834 0.17984431982040405 0
1675889155032 0.1752694696187973 0
1675889155208 0.18928419053554535 0
1675889155453 0.164602130651474 0
1675889155680 0.16499599814414978 0
1675889155901 0.167582169175148 0
1675889156109 0.17380931973457336 0
1675889156310 0.1739543378353119 0
1675889156508 0.17959199845790863 0
1675889156717 0.17042993009090424 0
1675889156918 0.18318812549114227 0
1675889157095 0.18284359574317932 0
1675889157314 0.17088386416435242 0
1675889157524 0.17289479076862335 0
1675889157734 0.1740550696849823 0
1675889157947 0.17208266258239746 0
1675889158156 0.1721886247396469 0
1675889158346 0.17944107949733734 0
1675889158567 0.17227886617183685 0
1675889158788 0.18070819973945618 0
1675889159015 0.16695907711982727 0
1675889159224 0.1712934523820877 0
1675889159442 0.16982115805149078 0
1675889159633 0.17840148508548737 0
1675889159828 0.179517462849617 0
1675889160027 0.17561426758766174 0
1675889160210 0.18629291653633118 0
1675889160399 0.18104448914527893 0
1675889160578 0.1902886927127838 0
1675889160806 0.17097628116607666 0
1675889161024 0.16932806372642517 0
1675889161228 0.17296680808067322 0
1675889161443 0.1738441437482834 0
1675889161636 0.17686624825000763 0
1675889161834 0.17995485663414001 0
1675889162027 0.17807358503341675 0
1675889162225 0.18184901773929596 0
1675889162423 0.1796947717666626 0
1675889162632 0.17560595273971558 0
1675889162809 0.18502914905548096 0
1675889163032 0.17490947246551514 0
1675889163270 0.16629213094711304 0
1675889163494 0.17003946006298065 0
1675889163676 0.17980974912643433 0
1675889163912 0.16543367505073547 0
1675889164116 0.17486132681369781 0
1675889164337 0.1684923619031906 0
1675889164522 0.18194304406642914 0
1675889164724 0.17766062915325165 0
1675889164923 0.17421546578407288 0
1675889165125 0.1798868030309677 0
1675889165305 0.18169502913951874 0
1675889165513 0.17821942269802094 0
1675889165743 0.16296406090259552 0
1675889165952 0.18117669224739075 0
1675889166144 0.17592856287956238 0
1675889166341 0.1801953762769699 0
1675889166544 0.1722058206796646 0
1675889166760 0.1721101999282837 0
1675889166940 0.18692967295646667 0
1675889167154 0.17199482023715973 0
1675889167333 0.18440379202365875 0
1675889167537 0.1756971925497055 0
1675889167742 0.17129792273044586 0
1675889167929 0.1879388839006424 0
1675889168118 0.1781383454799652 0
1675889168324 0.1741659939289093 0
1675889168510 0.18206936120986938 0
1675889168718 0.17631912231445312 0
1675889168919 0.17847704887390137 0
1675889169128 0.17171187698841095 0
1675889169314 0.17793317139148712 0
1675889169527 0.17575179040431976 0
1675889169712 0.18567705154418945 0
1675889169932 0.17544838786125183 0
1675889170152 0.175291508436203 0
1675889170390 0.16797633469104767 0
1675889170585 0.18586130440235138 0
1675889170845 0.164247065782547 0
1675889171119 0.15944083034992218 0
1675889171373 0.16410312056541443 0
1675889171577 0.18648399412631989 0
1675889171796 0.1783779114484787 0
1675889172005 0.18234595656394958 0
1675889172241 0.1731480360031128 0
1675889172483 0.16918429732322693 0
1675889172708 0.1775234341621399 0
1675889172963 0.17028003931045532 0
1675889173242 0.16995488107204437 0
1675889173479 0.1799301654100418 0
1675889173711 0.17315775156021118 0
1675889173940 0.17093221843242645 0
1675889174152 0.18099567294120789 0
1675889174464 0.15971803665161133 0
1675889174706 0.17350764572620392 0
1675889174965 0.1666637361049652 0
1675889175197 0.17749077081680298 0
1675889175413 0.1767117828130722 0
1675889175662 0.18271520733833313 0
1675889175890 0.1745327115058899 0
1675889176097 0.18575996160507202 0
1675889176342 0.18069222569465637 0
1675889176606 0.1807459443807602 0
1675889176821 0.1767161637544632 0
1675889177070 0.16778568923473358 0
1675889177298 0.1724971979856491 0
1675889177532 0.17610782384872437 0
1675889177734 0.17756065726280212 0
1675889177964 0.16391709446907043 0
1675889178163 0.17366598546504974 0
1675889178383 0.1705748438835144 0
1675889178569 0.1794886440038681 0
1675889178826 0.1649336963891983 0
1675889179062 0.16559374332427979 0
1675889179241 0.18551716208457947 0
1675889180653 0.17314206063747406 0
1675889180860 0.1749657392501831 0
1675889181070 0.1700325310230255 0
1675889181271 0.17342111468315125 0
1675889181489 0.16735121607780457 0
1675889181685 0.18064585328102112 0
1675889181895 0.1734590381383896 0
1675889182139 0.17684009671211243 0
1675889182352 0.18064475059509277 0
1675889182577 0.17489752173423767 0
1675889182803 0.17221109569072723 0
1675889183035 0.1720324456691742 0
1675889183216 0.18622839450836182 0
1675889183421 0.17856426537036896 0
1675889183629 0.17591042816638947 0
1675889183833 0.17573398351669312 0
1675889184033 0.17499803006649017 0
1675889184211 0.18691490590572357 0
1675889184427 0.16889670491218567 0
1675889184637 0.17019379138946533 0
1675889184888 0.16535553336143494 0
1675889185119 0.16779474914073944 0
1675889185318 0.17867179214954376 0
1675889185511 0.18674951791763306 0
1675889185729 0.17671562731266022 0
1675889185903 0.1943097710609436 0
1675889186140 0.16177010536193848 0
1675889186373 0.1638602465391159 0
1675889186595 0.1679030805826187 0
1675889186802 0.17403998970985413 0
1675889187050 0.16446757316589355 0
1675889187237 0.18317273259162903 0
1675889187449 0.17208807170391083 0
1675889187667 0.17492887377738953 0
1675889187892 0.16926106810569763 0
1675889188083 0.1833375096321106 0
1675889188275 0.17972873151302338 0
1675889188465 0.1835642158985138 0
1675889188664 0.1782938838005066 0
1675889188850 0.1881445348262787 0
1675889189062 0.17364846169948578 0
1675889189274 0.17439943552017212 0
1675889189504 0.16593773663043976 0
1675889189715 0.1764102578163147 0
1675889189927 0.17553666234016418 0
1675889190132 0.17789523303508759 0
1675889190327 0.18457764387130737 0
1675889190567 0.1684255450963974 0
1675889190774 0.1784345507621765 0
1675889191007 0.16751527786254883 0
1675889191231 0.16967420279979706 0
1675889191435 0.17560720443725586 0
1675889191681 0.16225193440914154 0
1675889191896 0.17709913849830627 0
1675889192123 0.16651733219623566 0
1675889192366 0.1729077249765396 0
1675889192580 0.17510069906711578 0
1675889192803 0.16842542588710785 0
1675889193002 0.1813809722661972 0
1675889193207 0.1762402057647705 0
1675889193407 0.18177904188632965 0
1675889193601 0.1822471171617508 0
1675889193833 0.16823042929172516 0
1675889194045 0.17473511397838593 0
1675889194238 0.18060648441314697 0
1675889194458 0.17535725235939026 0
1675889194674 0.17675618827342987 0
1675889194868 0.18223343789577484 0
1675889195074 0.17410680651664734 0
1675889195248 0.190718874335289 0
1675889195485 0.16468682885169983 0
1675889195702 0.18366709351539612 0
1675889195990 0.16001731157302856 0
1675889196219 0.1686040461063385 0
1675889196414 0.1821984350681305 0
1675889196622 0.1769069880247116 0
1675889196840 0.16945038735866547 0
1675889197058 0.17453227937221527 0
1675889197286 0.16665387153625488 0
1675889197523 0.16735999286174774 0
1675889197724 0.17405948042869568 0
1675889197932 0.1736820489168167 0
1675889198114 0.18777750432491302 0
1675889198328 0.17620576918125153 0
1675889198532 0.17608089745044708 0
1675889198762 0.17226772010326385 0
1675889198966 0.1816810965538025 0
1675889199165 0.17900659143924713 0
1675889199361 0.18238213658332825 0
1675889199577 0.17337723076343536 0
1675889199784 0.1758234202861786 0
1675889199968 0.19048309326171875 0
1675889200179 0.17287635803222656 0
1675889200365 0.1869153082370758 0
1675889200575 0.17382720112800598 0
1675889200785 0.17522236704826355 0
1675889200986 0.17951363325119019 0
1675889201194 0.17423537373542786 0
1675889201407 0.1684826910495758 0
1675889201601 0.18132361769676208 0
1675889201820 0.17236214876174927 0
1675889202038 0.1754959523677826 0
1675889202290 0.1659230887889862 0
1675889202509 0.1764613687992096 0
1675889202742 0.17403501272201538 0
1675889202962 0.17404749989509583 0
1675889203192 0.16672417521476746 0
1675889203398 0.1805347353219986 0
1675889203612 0.17911364138126373 0
1675889203834 0.16851647198200226 0
1675889204039 0.17444594204425812 0
1675889204244 0.17706920206546783 0
1675889204455 0.17164552211761475 0
1675889204671 0.17262046039104462 0
1675889204852 0.18987725675106049 0
1675889205071 0.1701918989419937 0
1675889205289 0.17284144461154938 0
1675889205520 0.16469061374664307 0
1675889205730 0.17427419126033783 0
1675889205971 0.16978739202022552 0
1675889206199 0.17035089433193207 0
1675889206404 0.18007558584213257 0
1675889206611 0.17655059695243835 0
1675889206838 0.17167194187641144 0
1675889207039 0.17822138965129852 0
1675889207230 0.1804428994655609 0
1675889207426 0.18242479860782623 0
1675889207630 0.1791248470544815 0
1675889207848 0.17107859253883362 0
1675889208081 0.16983160376548767 0
1675889208313 0.1657983660697937 0
1675889208548 0.16972604393959045 0
1675889208780 0.17480933666229248 0
1675889208979 0.18411165475845337 0
1675889209170 0.18106938898563385 0
1675889209362 0.18151777982711792 0
1675889209572 0.17487488687038422 0
1675889209780 0.17964054644107819 0
1675889209988 0.17652978003025055 0
1675889210206 0.1734992265701294 0
1675889210426 0.17686817049980164 0
1675889210636 0.17664916813373566 0
1675889210851 0.1756378710269928 0
1675889211056 0.1795090138912201 0
1675889211263 0.17671974003314972 0
1675889211518 0.16857071220874786 0
1675889211722 0.18474186956882477 0
1675889211935 0.17450708150863647 0
1675889212224 0.1620693951845169 0
1675889212495 0.17488089203834534 0
1675889212703 0.17801477015018463 0
1675889212962 0.15794800221920013 0
1675889213184 0.169158935546875 0
1675889213382 0.18168291449546814 0
1675889213605 0.17155888676643372 0
1675889213843 0.16672904789447784 0
1675889214028 0.18578743934631348 0
1675889215452 0.17866434156894684 0
1675889215668 0.17032213509082794 0
1675889215875 0.17260336875915527 0
1675889216062 0.18562063574790955 0
1675889216264 0.1729544997215271 0
1675889216497 0.1644914746284485 0
1675889216707 0.17480312287807465 0
1675889216922 0.17101657390594482 0
1675889217137 0.16688942909240723 0
1675889217355 0.17082780599594116 0
1675889217553 0.1722949743270874 0
1675889217746 0.17517150938510895 0
1675889217980 0.1676138937473297 0
1675889218173 0.1773257702589035 0
1675889218374 0.1720285564661026 0
1675889218586 0.17266298830509186 0
1675889218781 0.1821562945842743 0
1675889218982 0.17904134094715118 0
1675889219178 0.18040816485881805 0
1675889219394 0.1672036200761795 0
1675889219611 0.1667209267616272 0
1675889219823 0.17121681571006775 0
1675889220047 0.16554799675941467 0
1675889220226 0.18053969740867615 0
1675889220500 0.17129573225975037 0
1675889220763 0.16242772340774536 0
1675889220986 0.1730959713459015 0
1675889221213 0.1796204000711441 0
1675889221447 0.16986830532550812 0
1675889221677 0.1691945642232895 0
1675889221911 0.17877019941806793 0
1675889222104 0.18100078403949738 0
1675889222329 0.17255018651485443 0
1675889222543 0.17504559457302094 0
1675889222739 0.17856134474277496 0
1675889222958 0.16859214007854462 0
1675889223151 0.17929711937904358 0
1675889223345 0.17815542221069336 0
1675889223541 0.1755603551864624 0
1675889223764 0.16647735238075256 0
1675889223983 0.16650426387786865 0
1675889224186 0.17357221245765686 0
1675889224391 0.17857618629932404 0
1675889224576 0.1790708303451538 0
1675889224765 0.17834393680095673 0
1675889224980 0.17210878431797028 0
1675889225175 0.17622724175453186 0
1675889225359 0.18885093927383423 0
1675889225581 0.1702219843864441 0
1675889225781 0.1747489869594574 0
1675889225961 0.18399308621883392 0
1675889226177 0.17703163623809814 0
1675889226359 0.18404176831245422 0
1675889226559 0.17671288549900055 0
1675889226784 0.16848872601985931 0
1675889226963 0.18057061731815338 0
1675889227171 0.17013095319271088 0
1675889227359 0.18150052428245544 0
1675889227565 0.17133715748786926 0
1675889227764 0.17466512322425842 0
1675889227982 0.16845355927944183 0
1675889228159 0.18423278629779816 0
1675889228337 0.18466444313526154 0
1675889228529 0.18166129291057587 0
1675889228732 0.1790384203195572 0
1675889228948 0.17035320401191711 0
1675889229158 0.17480623722076416 0
1675889229330 0.18573017418384552 0
1675889229517 0.17641587555408478 0
1675889229717 0.18105685710906982 0
1675889229952 0.16804148256778717 0
1675889230237 0.1589178740978241 0
1675889230459 0.17586727440357208 0
1675889230664 0.17482993006706238 0
1675889230847 0.18291442096233368 0
1675889231038 0.1846311092376709 0
1675889231215 0.18859578669071198 0
1675889231412 0.17441289126873016 0
1675889231644 0.16426081955432892 0
1675889231833 0.17827634513378143 0
1675889232070 0.16808511316776276 0
1675889232299 0.17496547102928162 0
1675889232497 0.18398049473762512 0
1675889232723 0.17061641812324524 0
1675889232948 0.1829109787940979 0
1675889233186 0.16437870264053345 0
1675889233389 0.1739245504140854 0
1675889233613 0.17347009479999542 0
1675889233820 0.17199870944023132 0
1675889234023 0.1713160276412964 0
1675889234235 0.17175567150115967 0
1675889234427 0.18158820271492004 0
1675889234641 0.16975104808807373 0
1675889234839 0.17951646447181702 0
1675889235016 0.183040589094162 0
1675889235208 0.17650344967842102 0
1675889235425 0.17095468938350677 0
1675889235602 0.18774263560771942 0
1675889235823 0.16608589887619019 0
1675889236032 0.1714557260274887 0
1675889236206 0.18389928340911865 0
1675889236402 0.17260855436325073 0
1675889236620 0.16916194558143616 0
1675889236803 0.18066857755184174 0
1675889236998 0.1745215207338333 0
1675889237218 0.1732664555311203 0
1675889237429 0.17297831177711487 0
1675889237615 0.18334358930587769 0
1675889237845 0.16476956009864807 0
1675889238072 0.16916441917419434 0
1675889238264 0.18526160717010498 0
1675889238464 0.1772722750902176 0
1675889238667 0.17157147824764252 0
1675889238859 0.17746779322624207 0
1675889239074 0.17296721041202545 0
1675889239245 0.1876731812953949 0
1675889239435 0.185162752866745 0
1675889239640 0.1794261783361435 0
1675889239870 0.16760721802711487 0
1675889240092 0.1689082235097885 0
1675889240306 0.17347651720046997 0
1675889240497 0.17650075256824493 0
1675889240679 0.18461894989013672 0
1675889240872 0.18836437165737152 0
1675889241103 0.16355963051319122 0
1675889241317 0.16757981479167938 0
1675889241508 0.18489786982536316 0
1675889241699 0.17861992120742798 0
1675889241932 0.17111755907535553 0
1675889242153 0.17391683161258698 0
1675889242371 0.1748773753643036 0
1675889242597 0.1709725260734558 0
1675889242791 0.18117761611938477 0
1675889243019 0.16900110244750977 0
1675889243210 0.17850488424301147 0
1675889243409 0.17947159707546234 0
1675889243616 0.17268893122673035 0
1675889243842 0.16636404395103455 0
1675889244053 0.1778976172208786 0
1675889244278 0.17347362637519836 0
1675889244500 0.17417994141578674 0
1675889244724 0.17676985263824463 0
1675889244909 0.1847781389951706 0
1675889245131 0.17032809555530548 0
1675889245327 0.17989005148410797 0
1675889245568 0.16277086734771729 0
1675889245781 0.17072834074497223 0
1675889245997 0.17400702834129333 0
1675889246220 0.1695237159729004 0
1675889246412 0.17932815849781036 0
1675889246601 0.18530328571796417 0
1675889246794 0.17621207237243652 0
1675889247012 0.17517291009426117 0
1675889247213 0.17898038029670715 0
1675889247416 0.1752208173274994 0
1675889247651 0.16223183274269104 0
1675889247880 0.16967907547950745 0
