1675874888051 0.3401164710521698 0
1675874888128 0.33282920718193054 0
1675874888208 0.32565316557884216 0
1675874888288 0.31861627101898193 0
1675874888380 0.3133501708507538 0
1675874888458 0.3055194616317749 0
1675874888535 0.3010495603084564 0
1675874888612 0.296249657869339 0
1675874888688 0.29264774918556213 0
1675874888769 0.28507545590400696 0
1675874888850 0.2822191119194031 0
1675874888928 0.27122122049331665 0
1675874889006 0.276795357465744 0
1675874889083 0.2647753059864044 0
1675874889161 0.26688259840011597 0
1675874889237 0.26300087571144104 0
1675874889315 0.25143367052078247 0
1675874889393 0.25150978565216064 0
1675874889472 0.25197654962539673 0
1675874889549 0.24564291536808014 0
1675874889627 0.2502494752407074 0
1675874889704 0.24097761511802673 0
1675874889781 0.23549871146678925 0
1675874889859 0.23128610849380493 0
1675874889936 0.2348526418209076 0
1675874890013 0.2360570728778839 0
1675874890090 0.22232599556446075 0
1675874890168 0.22038838267326355 0
1675874890239 0.21914780139923096 0
1675874890425 0.23119546473026276 0
1675874890503 0.2035919725894928 0
1675874890580 0.21602946519851685 0
1675874890657 0.2222650647163391 0
1675874890734 0.2071032077074051 0
1675874890810 0.21087206900119781 0
1675874890886 0.19131751358509064 0
1675874890964 0.20786844193935394 0
1675874891043 0.1997203826904297 0
1675874891121 0.2045409083366394 0
1675874891201 0.19387756288051605 0
1675874891281 0.20584343373775482 0
1675874891361 0.18514566123485565 0
1675874891439 0.19306394457817078 0
1675874891519 0.1891983300447464 0
1675874891598 0.18795232474803925 0
1675874891677 0.1849711537361145 0
1675874891757 0.19563481211662292 0
1675874891836 0.1871604174375534 0
1675874891916 0.18668921291828156 0
1675874891995 0.1786356121301651 0
1675874892074 0.1806824952363968 0
1675874892154 0.18227164447307587 0
1675874892232 0.19009628891944885 0
1675874892311 0.17976729571819305 0
1675874892389 0.1886749267578125 0
1675874892468 0.17967630922794342 0
1675874892546 0.18124590814113617 0
1675874892617 0.1792324334383011 0
1675874892790 0.200358584523201 0
1675874892866 0.16703613102436066 0
1675874892944 0.1787223368883133 0
1675874893021 0.19292889535427094 0
1675874893098 0.18535222113132477 0
1675874893176 0.17033855617046356 0
1675874893254 0.15993990004062653 0
1675874893332 0.18601569533348083 0
1675874893409 0.1825343668460846 0
1675874893485 0.1622653305530548 0
1675874893562 0.16496658325195312 0
1675874893639 0.17149756848812103 0
1675874893717 0.17756716907024384 0
1675874893793 0.17024149000644684 0
1675874893871 0.17542985081672668 0
1675874893948 0.16944445669651031 0
1675874894025 0.14978383481502533 0
1675874894103 0.1570585072040558 0
1675874894182 0.17082586884498596 0
1675874894259 0.1646278202533722 0
1675874894336 0.16283518075942993 0
1675874894413 0.18878069519996643 0
1675874894490 0.19848230481147766 0
1675874894567 0.1584138423204422 0
1675874894644 0.17581263184547424 0
1675874894722 0.19098933041095734 0
1675874894799 0.17496871948242188 0
1675874894876 0.16821707785129547 0
1675874894947 0.18169130384922028 0
1675874895122 0.17281174659729004 0
1675874895200 0.17336387932300568 0
1675874895278 0.16411106288433075 0
1675874895356 0.16631270945072174 0
1675874895434 0.18982791900634766 0
1675874895513 0.16035152971744537 0
1675874895591 0.17875513434410095 0
1675874895668 0.20384906232357025 0
1675874895747 0.18487364053726196 0
1675874895827 0.19414138793945312 0
1675874895905 0.1868898719549179 0
1675874895985 0.16627661883831024 0
1675874896065 0.1530129313468933 0
1675874896144 0.16754810512065887 0
1675874896222 0.15419726073741913 0
1675874896300 0.14266668260097504 0
1675874896379 0.19906587898731232 0
1675874896458 0.16839788854122162 0
1675874896537 0.17036943137645721 0
1675874896615 0.15565986931324005 0
1675874896694 0.16150088608264923 0
1675874896772 0.148826465010643 0
1675874896853 0.1719454824924469 0
1675874896934 0.1531684398651123 0
1675874897013 0.18686996400356293 0
1675874897090 0.18742845952510834 0
1675874897168 0.14634284377098083 0
1675874897245 0.18447525799274445 0
1675874897315 0.16539715230464935 0
1675874897483 0.15457001328468323 0
1675874897560 0.18026354908943176 0
1675874897636 0.15730232000350952 0
1675874897712 0.17057698965072632 0
1675874897789 0.18504087626934052 0
1675874897865 0.178389772772789 0
1675874897943 0.18010063469409943 0
1675874898019 0.16095736622810364 0
1675874898096 0.19087880849838257 0
1675874898175 0.17860566079616547 0
1675874898252 0.17643648386001587 0
1675874898331 0.16837607324123383 0
1675874898409 0.166244775056839 0
1675874898486 0.16508907079696655 0
1675874898565 0.14695462584495544 0
1675874898644 0.17316247522830963 0
1675874898721 0.1536114662885666 0
1675874898798 0.17868675291538239 0
1675874898875 0.15511731803417206 0
1675874898952 0.15243837237358093 0
1675874899030 0.18470340967178345 0
1675874899108 0.18049515783786774 0
1675874899185 0.180323988199234 0
1675874899262 0.186443030834198 0
1675874899340 0.1703660488128662 0
1675874899416 0.15553490817546844 0
1675874899493 0.158588245511055 0
1675874899570 0.16101069748401642 0
1675874899640 0.2021361142396927 0
1675874899812 0.15373891592025757 0
1675874899883 0.15831944346427917 0
1675874899958 0.14820756018161774 0
1675874900030 0.17156025767326355 0
1675874900104 0.1856698989868164 0
1675874900177 0.19412681460380554 0
1675874900249 0.17667047679424286 0
1675874900326 0.16810528934001923 0
1675874900403 0.16828414797782898 0
1675874900480 0.18489472568035126 0
1675874900557 0.19672943651676178 0
1675874900634 0.1721673607826233 0
1675874900711 0.16381916403770447 0
1675874900788 0.1663447916507721 0
1675874900865 0.1779802441596985 0
1675874900945 0.14528998732566833 0
1675874901022 0.17477960884571075 0
1675874901100 0.1709325909614563 0
1675874901177 0.17146393656730652 0
1675874901255 0.17421819269657135 0
1675874901332 0.16591081023216248 0
1675874901409 0.15267843008041382 0
1675874901485 0.17785443365573883 0
1675874901563 0.16984505951404572 0
1675874901639 0.15557655692100525 0
1675874901715 0.16993959248065948 0
1675874901788 0.18571443855762482 0
1675874901861 0.161536306142807 0
1675874901929 0.1870432198047638 0
1675874902105 0.1743210256099701 0
1675874902184 0.1931000053882599 0
1675874902261 0.18213963508605957 0
1675874902339 0.1838604360818863 0
1675874902420 0.16631202399730682 0
1675874902499 0.17741714417934418 0
1675874902578 0.17514076828956604 0
1675874902656 0.17305977642536163 0
1675874902735 0.17243805527687073 0
1675874902813 0.16773046553134918 0
1675874902889 0.15706628561019897 0
1675874902973 0.16012735664844513 0
1675874903051 0.1698581725358963 0
1675874903131 0.1721607893705368 0
1675874903209 0.1668437421321869 0
1675874903301 0.16361187398433685 0
1675874903377 0.15214912593364716 0
1675874903455 0.1652703583240509 0
1675874903553 0.1905984729528427 0
1675874903630 0.17602990567684174 0
1675874903708 0.1734285056591034 0
1675874903797 0.16833721101284027 0
1675874903874 0.193742036819458 0
1675874903951 0.16667987406253815 0
1675874904029 0.15780147910118103 0
1675874904105 0.16296854615211487 0
1675874904182 0.16096162796020508 0
1675874904259 0.1647108644247055 0
1675874904329 0.1565207690000534 0
1675874904506 0.18165436387062073 0
1675874904584 0.1863435059785843 0
1675874904659 0.16791337728500366 0
1675874904737 0.17436091601848602 0
1675874904815 0.17319004237651825 0
1675874904894 0.1689041256904602 0
1675874904971 0.17380957305431366 0
1675874905048 0.15493635833263397 0
1675874905127 0.18468834459781647 0
1675874905204 0.16865259408950806 0
1675874905282 0.1662643700838089 0
1675874905360 0.168661430478096 0
1675874905437 0.15582118928432465 0
1675874905514 0.15242663025856018 0
1675874905592 0.18683747947216034 0
1675874905671 0.15633532404899597 0
1675874905765 0.1664135903120041 0
1675874905844 0.17302769422531128 0
1675874905926 0.15807917714118958 0
1675874906006 0.18463338911533356 0
1675874906087 0.16796211898326874 0
1675874906168 0.1531233787536621 0
1675874906248 0.17853590846061707 0
1675874906329 0.15925070643424988 0
1675874906411 0.1830933839082718 0
1675874906492 0.1784394383430481 0
1675874906573 0.18265339732170105 0
1675874906652 0.18480850756168365 0
1675874906723 0.15337273478507996 0
1675874906902 0.16026432812213898 0
1675874906982 0.19564324617385864 0
1675874907060 0.16275712847709656 0
1675874907140 0.1631609946489334 0
1675874907219 0.15331579744815826 0
1675874907297 0.16189008951187134 0
1675874907376 0.16802644729614258 0
1675874907453 0.168222114443779 0
1675874907532 0.17709805071353912 0
1675874907610 0.16478414833545685 0
1675874907688 0.1884428858757019 0
1675874907766 0.18194666504859924 0
1675874907847 0.14886416494846344 0
1675874907925 0.15629485249519348 0
1675874908004 0.18420884013175964 0
1675874908085 0.17962567508220673 0
1675874908164 0.17032670974731445 0
1675874908241 0.173024520277977 0
1675874908321 0.16599512100219727 0
1675874908398 0.16693846881389618 0
1675874908477 0.14576394855976105 0
1675874908557 0.1772080361843109 0
1675874908635 0.1837376207113266 0
1675874908716 0.17033182084560394 0
1675874908796 0.1919373720884323 0
1675874908875 0.17967727780342102 0
1675874908954 0.17058829963207245 0
1675874909032 0.17548686265945435 0
1675874909106 0.1599350869655609 0
1675874909288 0.15489408373832703 0
1675874909365 0.1433148831129074 0
1675874909444 0.16576141119003296 0
1675874909523 0.15979716181755066 0
1675874909602 0.1692977100610733 0
1675874909681 0.1756020486354828 0
1675874909761 0.1654353141784668 0
1675874909841 0.182160422205925 0
1675874909922 0.1664290577173233 0
1675874909999 0.17982371151447296 0
1675874910078 0.1647738814353943 0
1675874910156 0.1683853715658188 0
1675874910234 0.1792319416999817 0
1675874910312 0.1797862946987152 0
1675874910391 0.18778878450393677 0
1675874910473 0.1699952930212021 0
1675874910553 0.17857548594474792 0
1675874910630 0.18080654740333557 0
1675874910707 0.1816703826189041 0
1675874910785 0.1842128187417984 0
1675874910862 0.16300100088119507 0
1675874910942 0.161601722240448 0
1675874911023 0.15302146971225739 0
1675874911097 0.17196618020534515 0
1675874911174 0.17839215695858002 0
1675874911247 0.1597418189048767 0
1675874911321 0.18133202195167542 0
1675874911394 0.17161712050437927 0
1675874911461 0.16785892844200134 0
1675874911633 0.17378610372543335 0
1675874911712 0.1564207673072815 0
1675874911790 0.1777009218931198 0
1675874911869 0.17929710447788239 0
1675874911949 0.1868710219860077 0
1675874912028 0.16571883857250214 0
1675874912108 0.16173388063907623 0
1675874912186 0.1717536747455597 0
1675874912266 0.17270560562610626 0
1675874912345 0.173501119017601 0
1675874912425 0.18277716636657715 0
1675874912505 0.1571725755929947 0
1675874912585 0.17624086141586304 0
1675874912665 0.18140855431556702 0
1675874912745 0.16267536580562592 0
1675874912825 0.16886983811855316 0
1675874912907 0.1825614720582962 0
1675874912986 0.14360524713993073 0
1675874913065 0.17702317237854004 0
1675874913144 0.16468700766563416 0
1675874913219 0.18035021424293518 0
1675874913293 0.16887550055980682 0
1675874913368 0.17537157237529755 0
1675874913441 0.14226318895816803 0
1675874913517 0.1638236790895462 0
1675874913591 0.16907767951488495 0
1675874913664 0.1661120355129242 0
1675874913738 0.1907266527414322 0
1675874913808 0.17414194345474243 0
1675874913988 0.15402129292488098 0
1675874914063 0.18937140703201294 0
1675874914137 0.19105733931064606 0
1675874914211 0.15219204127788544 0
1675874914285 0.16137436032295227 0
1675874914359 0.16608640551567078 0
1675874914434 0.1677573025226593 0
1675874914510 0.17919300496578217 0
1675874914584 0.17680184543132782 0
1675874914659 0.15837986767292023 0
1675874914737 0.16909170150756836 0
1675874914814 0.1850607842206955 0
1675874914889 0.17716152966022491 0
1675874914964 0.1773301064968109 0
1675874915040 0.17940430343151093 0
1675874915113 0.1695968359708786 0
1675874915187 0.16251951456069946 0
1675874915261 0.18804137408733368 0
1675874915341 0.16431380808353424 0
1675874915415 0.17955449223518372 0
1675874915490 0.16058479249477386 0
1675874915564 0.1697797328233719 0
1675874915640 0.15882903337478638 0
1675874915716 0.16282112896442413 0
1675874915790 0.17614492774009705 0
1675874915872 0.16663281619548798 0
1675874915949 0.1784663200378418 0
1675874916028 0.15152667462825775 0
1675874916100 0.17405882477760315 0
1675874916280 0.17825068533420563 0
1675874916360 0.16422176361083984 0
1675874916438 0.15292055904865265 0
1675874916514 0.17322343587875366 0
1675874916587 0.16849251091480255 0
1675874916660 0.16327257454395294 0
1675874916736 0.18292273581027985 0
1675874916812 0.15250976383686066 0
1675874916886 0.14550304412841797 0
1675874916961 0.17196661233901978 0
1675874917035 0.15911076962947845 0
1675874917108 0.18654745817184448 0
1675874917181 0.16496248543262482 0
1675874917255 0.1822611391544342 0
1675874917332 0.17234604060649872 0
1675874917406 0.18266338109970093 0
1675874917481 0.1704578697681427 0
1675874917558 0.17429862916469574 0
1675874917632 0.1605045348405838 0
1675874917705 0.1822897493839264 0
1675874917780 0.1740712821483612 0
1675874917856 0.17586055397987366 0
1675874917933 0.15902811288833618 0
1675874918007 0.17204029858112335 0
1675874918081 0.17262014746665955 0
1675874918155 0.16427211463451385 0
1675874918230 0.17332595586776733 0
1675874918304 0.19615669548511505 0
1675874918372 0.17034079134464264 0
1675874918544 0.14931516349315643 0
1675874918619 0.17801812291145325 0
1675874918693 0.1698329597711563 0
1675874918768 0.18020693957805634 0
1675874918844 0.19925731420516968 0
1675874918918 0.18906572461128235 0
1675874918993 0.17472544312477112 0
1675874919071 0.16832971572875977 0
1675874919149 0.16103261709213257 0
1675874919223 0.1596597135066986 0
1675874919298 0.1614150106906891 0
1675874919371 0.1605541855096817 0
1675874919444 0.15532666444778442 0
1675874919518 0.19496633112430573 0
1675874919592 0.18651895225048065 0
1675874919668 0.16278263926506042 0
1675874919747 0.17429612576961517 0
1675874919825 0.18187884986400604 0
1675874919904 0.15311819314956665 0
1675874919982 0.1564457267522812 0
1675874920061 0.1722705066204071 0
1675874920140 0.1607033610343933 0
1675874920218 0.15733733773231506 0
1675874920296 0.18882445991039276 0
1675874920375 0.14894075691699982 0
1675874920453 0.17178668081760406 0
1675874920546 0.17851684987545013 0
1675874920624 0.1739197075366974 0
1675874920695 0.17909540235996246 0
1675874920875 0.17404480278491974 0
1675874920953 0.18238641321659088 0
1675874921032 0.17104758322238922 0
1675874921114 0.17067772150039673 0
1675874921196 0.19174040853977203 0
1675874921274 0.16692586243152618 0
1675874921356 0.16581279039382935 0
1675874921435 0.1644856035709381 0
1675874921515 0.1597176045179367 0
1675874921594 0.1670604795217514 0
1675874921676 0.15778812766075134 0
1675874921756 0.15999026596546173 0
1675874921840 0.17844639718532562 0
1675874921922 0.17364154756069183 0
1675874922005 0.1459694653749466 0
1675874922086 0.17113739252090454 0
1675874922166 0.17946958541870117 0
1675874922244 0.15948624908924103 0
1675874922328 0.17589685320854187 0
1675874922409 0.16873817145824432 0
1675874922491 0.1789374202489853 0
1675874922573 0.17571505904197693 0
1675874922653 0.18166586756706238 0
1675874922732 0.19174861907958984 0
1675874922811 0.16111202538013458 0
1675874922890 0.1762874275445938 0
1675874922971 0.1552577167749405 0
1675874923049 0.162776380777359 0
1675874923123 0.1802825927734375 0
1675874923303 0.15062792599201202 0
1675874923382 0.15815159678459167 0
1675874923461 0.16575345396995544 0
1675874923541 0.16723056137561798 0
1675874923620 0.15718963742256165 0
1675874923699 0.1569034904241562 0
1675874923780 0.17406173050403595 0
1675874923861 0.1933688521385193 0
1675874923943 0.20595893263816833 0
1675874924022 0.16850265860557556 0
1675874924101 0.18450243771076202 0
1675874924180 0.1634978950023651 0
1675874924258 0.1829894632101059 0
1675874924337 0.17249001562595367 0
1675874924416 0.17573188245296478 0
1675874924495 0.17547982931137085 0
1675874924575 0.15348483622074127 0
1675874924654 0.16718962788581848 0
1675874924733 0.1723472625017166 0
1675874924812 0.15869669616222382 0
1675874924891 0.18108849227428436 0
1675874924970 0.1686621606349945 0
1675874925050 0.17505688965320587 0
1675874925136 0.1752941757440567 0
1675874925216 0.1690562665462494 0
1675874925296 0.1693853884935379 0
1675874925386 0.15821722149848938 0
1675874925479 0.17387977242469788 0
1675874925551 0.17172770202159882 0
1675874925740 0.13773591816425323 0
1675874925820 0.16875340044498444 0
1675874925901 0.1631944626569748 0
1675874925982 0.15514029562473297 0
1675874926068 0.17197220027446747 0
1675874926148 0.16333797574043274 0
1675874926221 0.1730716973543167 0
1675874926297 0.18744975328445435 0
1675874926372 0.1734531819820404 0
1675874926446 0.17338301241397858 0
1675874926523 0.16875623166561127 0
1675874926604 0.1532537341117859 0
1675874926681 0.19662362337112427 0
1675874926755 0.18299388885498047 0
1675874926833 0.15514476597309113 0
1675874926910 0.16863203048706055 0
1675874926985 0.15821781754493713 0
1675874927061 0.1609392762184143 0
1675874927140 0.18233491480350494 0
1675874927221 0.154987171292305 0
1675874927303 0.175319641828537 0
1675874927383 0.1826372593641281 0
1675874927463 0.18840236961841583 0
1675874927541 0.17614959180355072 0
1675874927620 0.18050403892993927 0
1675874927699 0.1755092740058899 0
1675874927779 0.17412976920604706 0
1675874927857 0.16698841750621796 0
1675874927930 0.17859148979187012 0
1675874928108 0.16437910497188568 0
1675874928186 0.14932231605052948 0
1675874928267 0.17601469159126282 0
1675874928347 0.19077973067760468 0
1675874928426 0.18895235657691956 0
1675874928504 0.18626360595226288 0
1675874928585 0.16773268580436707 0
1675874928664 0.1563781052827835 0
1675874928742 0.17453880608081818 0
1675874928820 0.14216524362564087 0
1675874928899 0.1675964891910553 0
1675874928980 0.18568648397922516 0
1675874929067 0.17039673030376434 0
1675874929146 0.17380638420581818 0
1675874929221 0.1884807050228119 0
1675874929294 0.1662345826625824 0
1675874929370 0.181858092546463 0
1675874929449 0.14913371205329895 0
1675874929525 0.14126427471637726 0
1675874929599 0.1901722550392151 0
1675874929674 0.17879267036914825 0
1675874929748 0.16850562393665314 0
1675874929822 0.1561572253704071 0
1675874929895 0.19807596504688263 0
1675874929972 0.16411720216274261 0
1675874930051 0.16134268045425415 0
1675874930136 0.17380264401435852 0
1675874930217 0.16911210119724274 0
1675874930289 0.1653253585100174 0
1675874930468 0.18391482532024384 0
1675874930547 0.18115514516830444 0
1675874930624 0.15230104327201843 0
1675874930703 0.16871687769889832 0
1675874930780 0.1766221821308136 0
1675874930857 0.17437206208705902 0
1675874930934 0.1659693419933319 0
1675874931013 0.17594130337238312 0
1675874931095 0.15329693257808685 0
1675874931176 0.17081284523010254 0
1675874931257 0.17623749375343323 0
1675874931337 0.18853040039539337 0
1675874931419 0.1690112203359604 0
1675874931498 0.17020337283611298 0
1675874931578 0.1789737045764923 0
1675874931658 0.15728870034217834 0
1675874931745 0.14970608055591583 0
1675874931823 0.18749505281448364 0
1675874931902 0.17286992073059082 0
1675874931981 0.14941053092479706 0
1675874932059 0.18882523477077484 0
1675874932139 0.18914665281772614 0
1675874932218 0.15847964584827423 0
1675874932297 0.17867536842823029 0
1675874932374 0.1504206359386444 0
1675874932451 0.15453726053237915 0
1675874932529 0.17101745307445526 0
1675874932606 0.17316129803657532 0
1675874932683 0.18124675750732422 0
1675874932861 0.16919513046741486 0
1675874932958 0.18164925277233124 0
1675874933036 0.15964718163013458 0
1675874933122 0.17931561172008514 0
1675874933199 0.17868629097938538 0
1675874933276 0.17721836268901825 0
1675874933355 0.15918880701065063 0
1675874933436 0.16244271397590637 0
1675874933516 0.1810128539800644 0
1675874933593 0.16269025206565857 0
1675874933673 0.15389566123485565 0
1675874933755 0.17518006265163422 0
1675874933835 0.1744105964899063 0
1675874933916 0.1550092250108719 0
1675874933997 0.20284754037857056 0
1675874934077 0.15829041600227356 0
1675874934156 0.17852583527565002 0
1675874934237 0.17472487688064575 0
1675874934317 0.17637388408184052 0
1675874934396 0.17340056598186493 0
1675874934475 0.1910759061574936 0
1675874934553 0.1638907641172409 0
1675874934633 0.1620880663394928 0
1675874934718 0.15620945394039154 0
1675874934797 0.16970504820346832 0
1675874934876 0.1885552555322647 0
1675874934954 0.16255563497543335 0
1675874935031 0.1673755794763565 0
1675874935101 0.14873552322387695 0
1675874935278 0.17280548810958862 0
1675874935357 0.17015959322452545 0
1675874935435 0.17434000968933105 0
1675874935513 0.1602066308259964 0
1675874935590 0.16543041169643402 0
1675874935668 0.16458603739738464 0
1675874935746 0.18238714337348938 0
1675874935825 0.17447561025619507 0
1675874935903 0.18905538320541382 0
1675874935981 0.17971883714199066 0
1675874936059 0.163013756275177 0
1675874936137 0.15470358729362488 0
1675874936217 0.17637808620929718 0
1675874936295 0.1590595245361328 0
1675874936376 0.15869328379631042 0
1675874936455 0.17472003400325775 0
1675874936536 0.16386951506137848 0
1675874936615 0.15913432836532593 0
1675874936695 0.18587221205234528 0
1675874936773 0.19002769887447357 0
1675874936849 0.17048929631710052 0
1675874936922 0.17803573608398438 0
1675874936997 0.1619466245174408 0
1675874937085 0.16955657303333282 0
1675874937168 0.17795780301094055 0
1675874937244 0.17002148926258087 0
1675874937321 0.1644190400838852 0
1675874937400 0.17069989442825317 0
1675874937475 0.16378943622112274 0
1675874937660 0.15734878182411194 0
1675874937739 0.16182592511177063 0
1675874937818 0.2025754749774933 0
1675874937897 0.16148486733436584 0
1675874937977 0.1599188894033432 0
1675874938054 0.1562223732471466 0
1675874938132 0.15013621747493744 0
1675874938210 0.18137940764427185 0
1675874938287 0.19128039479255676 0
1675874938369 0.17600955069065094 0
1675874938446 0.17986083030700684 0
1675874938534 0.16904588043689728 0
1675874938610 0.1577097475528717 0
1675874938701 0.1829070895910263 0
1675874938778 0.1603207290172577 0
1675874938856 0.1655227690935135 0
1675874938949 0.16202455759048462 0
1675874939025 0.16700628399848938 0
1675874939102 0.17849063873291016 0
1675874939194 0.18535880744457245 0
1675874939270 0.17568203806877136 0
1675874939362 0.1620756983757019 0
1675874939454 0.16520234942436218 0
1675874939536 0.15952123701572418 0
1675874939615 0.1681080162525177 0
1675874939697 0.17907486855983734 0
1675874939776 0.19633719325065613 0
1675874939855 0.1561284214258194 0
1675874939928 0.17946283519268036 0
