1675594957485 0.739323616027832 0
1675594957606 0.7261379957199097 0
1675594957727 0.7146267890930176 0
1675594957855 0.7037876844406128 0
1675594957983 0.693812370300293 0
1675594958117 0.6836390495300293 0
1675594958253 0.6725694537162781 0
1675594958376 0.667556643486023 0
1675594958500 0.6574345827102661 0
1675594958619 0.6474649906158447 0
1675594958751 0.6424517035484314 0
1675594958890 0.6349827647209167 0
1675594959033 0.6312270164489746 0
1675594959172 0.6249006390571594 0
1675594959296 0.618703305721283 0
1675594959428 0.6117705702781677 0
1675594959551 0.6072835922241211 0
1675594959691 0.6034190058708191 0
1675594959840 0.5958486795425415 0
