1675440649653 0.7231373190879822 0
1675440649861 0.720668375492096 0
1675440650079 0.7144366502761841 0
1675440650327 0.7043418884277344 0
1675440650597 0.6996937990188599 0
1675440650788 0.7024407982826233 0
1675440651090 0.6886100172996521 0
1675440651307 0.6885176301002502 0
1675440651529 0.6851902008056641 0
1675440651741 0.6775780320167542 0
1675440651936 0.6722175478935242 0
1675440652200 0.6645669341087341 0
1675440652432 0.666248619556427 0
1675440652644 0.6611281037330627 0
1675440652889 0.6550444960594177 0
1675440653120 0.6522219777107239 0
1675440653331 0.6462122797966003 0
1675440653555 0.6440294981002808 0
1675440653783 0.6412692666053772 0
1675440653969 0.6400654315948486 0
1675440654251 0.6338083148002625 0
1675440654520 0.6317996978759766 0
1675440654770 0.6247717142105103 0
1675440655003 0.626623272895813 0
1675440655224 0.6226250529289246 0
1675440655397 0.6173204779624939 0
1675440655631 0.6133098006248474 0
1675440655920 0.6085121631622314 0
1675440656218 0.6052556037902832 0
1675440656480 0.6027129888534546 0
1675440656690 0.6042366623878479 0
1675440656946 0.5993202924728394 0
1675440657176 0.5971980094909668 0
1675440657351 0.5973698496818542 0
1675440657605 0.5946773290634155 0
1675440657857 0.5900680422782898 0
1675440658104 0.5883696675300598 0
1675440658347 0.5820007920265198 0
1675440658601 0.5796350240707397 0
1675440658823 0.581560492515564 0
1675440659065 0.5765756368637085 0
1675440659288 0.575670599937439 0
1675440659498 0.5776121616363525 0
1675440659758 0.5724669098854065 0
1675440659969 0.5689927935600281 0
1675440660268 0.5669993758201599 0
1675440660607 0.5628922581672668 0
1675440660855 0.5644530653953552 0
1675440661057 0.5628772377967834 0
1675440661322 0.5597196221351624 0
1675440661581 0.5584905743598938 0
1675440661787 0.5594243407249451 0
1675440662033 0.5518852472305298 0
1675440662295 0.5515803098678589 0
1675440662546 0.5501049757003784 0
1675440662756 0.5529858469963074 0
1675440662982 0.5490337610244751 0
1675440663254 0.5470001697540283 0
1675440663499 0.548301637172699 0
1675440663770 0.5428659319877625 0
1675440664005 0.5479840040206909 0
1675440664248 0.542429506778717 0
1675440664557 0.5406416654586792 0
1675440664814 0.5398484468460083 0
1675440665077 0.5361727476119995 0
1675440665324 0.5330398082733154 0
1675440665561 0.5355131030082703 0
1675440665788 0.5343159437179565 0
1675440666015 0.5321260094642639 0
1675440666213 0.5377429127693176 0
1675440666421 0.5320106148719788 0
1675440666615 0.5357562303543091 0
1675440666830 0.5337672233581543 0
1675440667032 0.5305236577987671 0
1675440667245 0.5297762155532837 0
1675440667503 0.5266518592834473 0
1675440667756 0.522792398929596 0
1675440667996 0.5260413289070129 0
1675440668197 0.5258296132087708 0
1675440668426 0.522046685218811 0
1675440668630 0.5241875648498535 0
1675440668879 0.5190231204032898 0
1675440669123 0.5154104232788086 0
1675440669365 0.5204538106918335 0
1675440669635 0.5148965120315552 0
1675440669881 0.5162224769592285 0
1675440670115 0.5180022716522217 0
1675440670326 0.5181071758270264 0
1675440670548 0.5150405764579773 0
1675440670777 0.5125070810317993 0
1675440671012 0.5110296607017517 0
1675440671290 0.5119950175285339 0
1675440671524 0.5118278861045837 0
1675440671763 0.5154235363006592 0
1675440672013 0.5122367143630981 0
1675440672251 0.512267529964447 0
1675440672473 0.5132829546928406 0
1675440672709 0.5070257186889648 0
1675440672949 0.5104600191116333 0
1675440673181 0.5123754143714905 0
1675440673465 0.5055988430976868 0
1675440673714 0.5054126977920532 0
1675440673934 0.5071761012077332 0
1675440674176 0.5062375068664551 0
1675440674376 0.5054700970649719 0
1675440674644 0.5036110281944275 0
1675440674855 0.5059471130371094 0
1675440675079 0.506987988948822 0
1675440675278 0.5066608190536499 0
1675440675492 0.5047096014022827 0
1675440675713 0.5037670135498047 0
1675440675940 0.5012779831886292 0
1675440676228 0.5026684403419495 0
1675440676431 0.5020619630813599 0
1675440676665 0.4996914267539978 0
1675440676904 0.5026190876960754 0
1675440677126 0.49870604276657104 0
1675440677377 0.4979701638221741 0
1675440677608 0.4992678761482239 0
1675440677800 0.49930790066719055 0
1675440678060 0.4973147511482239 0
1675440678276 0.49837183952331543 0
1675440678508 0.494376003742218 0
1675440678723 0.4963052570819855 0
1675440678975 0.4946780800819397 0
1675440679280 0.49521055817604065 0
1675440679477 0.5018085241317749 0
1675440679709 0.4943806827068329 0
1675440679905 0.49906668066978455 0
1675440680137 0.4933042526245117 0
1675440680391 0.4922744333744049 0
1675440680622 0.4961172938346863 0
1675440680831 0.49765753746032715 0
1675440681050 0.49211153388023376 0
1675440681272 0.4901888966560364 0
1675440681522 0.49077466130256653 0
1675440681717 0.4944150745868683 0
1675440682003 0.49042922258377075 0
1675440682203 0.49649420380592346 0
1675440682461 0.4868420958518982 0
1675440682660 0.4936562776565552 0
1675440682882 0.49127256870269775 0
1675440683147 0.48745477199554443 0
1675440683411 0.48979464173316956 0
1675440683612 0.49179214239120483 0
1675440683892 0.4853641986846924 0
1675440684177 0.48294198513031006 0
1675440684433 0.48599112033843994 0
1675440684662 0.48851263523101807 0
1675440684896 0.485994815826416 0
1675440685130 0.4862469434738159 0
1675440685360 0.49032098054885864 0
1675440685594 0.48993828892707825 0
1675440685806 0.49011608958244324 0
1675440686024 0.4871036112308502 0
1675440686284 0.4876054525375366 0
1675440686538 0.4849616587162018 0
1675440688636 0.4881526827812195 0
1675440688829 0.49074313044548035 0
1675440689032 0.4864828586578369 0
1675440689278 0.48509886860847473 0
1675440689489 0.4836865961551666 0
1675440689695 0.4867870509624481 0
1675440689968 0.48616456985473633 0
1675440690176 0.48775607347488403 0
1675440690404 0.48723018169403076 0
1675440690615 0.48470425605773926 0
1675440690916 0.4783104658126831 0
1675440691128 0.4861144423484802 0
1675440691337 0.486981600522995 0
1675440691562 0.4821380078792572 0
1675440691759 0.4866178631782532 0
1675440691987 0.4853423535823822 0
1675440692216 0.481859415769577 0
1675440692410 0.4887668788433075 0
1675440692671 0.47858095169067383 0
1675440692844 0.48785895109176636 0
1675440693053 0.48530733585357666 0
1675440693267 0.48239487409591675 0
1675440693514 0.4813913404941559 0
1675440693735 0.48215264081954956 0
1675440693976 0.4794210195541382 0
1675440694178 0.4840832054615021 0
1675440694373 0.4829641282558441 0
1675440694579 0.482359379529953 0
1675440694810 0.481658399105072 0
1675440695035 0.47864359617233276 0
1675440695226 0.4830913543701172 0
1675440695431 0.48245686292648315 0
1675440695676 0.4779270887374878 0
1675440695915 0.48058241605758667 0
1675440696115 0.48348361253738403 0
1675440696370 0.47794508934020996 0
1675440696558 0.48471394181251526 0
1675440696832 0.4781500995159149 0
1675440697046 0.4849027395248413 0
1675440697276 0.4789732098579407 0
1675440697523 0.4794186055660248 0
1675440697762 0.48077431321144104 0
1675440697989 0.47884562611579895 0
1675440698224 0.4803718328475952 0
1675440698437 0.48040372133255005 0
1675440698654 0.47977742552757263 0
1675440698843 0.4820486903190613 0
1675440699047 0.4814712405204773 0
1675440699283 0.4765245020389557 0
1675440699482 0.4799674153327942 0
1675440699689 0.47979646921157837 0
1675440699934 0.47795844078063965 0
1675440700171 0.47464242577552795 0
1675440700361 0.4838900566101074 0
1675440700579 0.4815446436405182 0
1675440700830 0.4769328236579895 0
1675440701099 0.47311341762542725 0
1675440701246 0.48616746068000793 0
1675440701438 0.4797065556049347 0
1675440701697 0.47508180141448975 0
1675440701914 0.4783599078655243 0
1675440702156 0.4759412705898285 0
1675440702392 0.4748946726322174 0
1675440702638 0.47668999433517456 0
1675440702917 0.4722495377063751 0
1675440703159 0.475753515958786 0
1675440703329 0.48356160521507263 0
1675440703553 0.4777320325374603 0
1675440703775 0.4784981608390808 0
1675440704058 0.47017666697502136 0
1675440704247 0.4795992374420166 0
1675440704446 0.4779437482357025 0
1675440704679 0.4711589813232422 0
1675440704924 0.47346049547195435 0
1675440705166 0.47222092747688293 0
1675440705391 0.47330501675605774 0
1675440705604 0.477754682302475 0
1675440705831 0.4741869866847992 0
1675440706047 0.47528430819511414 0
1675440706263 0.47658246755599976 0
1675440706468 0.47418832778930664 0
1675440706722 0.47106555104255676 0
1675440706930 0.4754214286804199 0
1675440707179 0.4710194766521454 0
1675440707390 0.47392889857292175 0
1675440707606 0.4760633707046509 0
1675440707854 0.47490859031677246 0
1675440708042 0.47795024514198303 0
1675440708283 0.47122329473495483 0
1675440708494 0.47410085797309875 0
1675440708708 0.47560885548591614 0
1675440708959 0.47355034947395325 0
1675440709204 0.4714491069316864 0
1675440709473 0.47403427958488464 0
1675440709729 0.46837592124938965 0
1675440709910 0.47721177339553833 0
1675440710207 0.4646771252155304 0
1675440710413 0.4737648665904999 0
1675440710660 0.47194668650627136 0
1675440710921 0.46827176213264465 0
1675440711178 0.4684528410434723 0
1675440711453 0.4718568027019501 0
1675440711761 0.4667719304561615 0
1675440711985 0.47231173515319824 0
1675440712210 0.47127071022987366 0
1675440712514 0.46541455388069153 0
1675440712755 0.47350817918777466 0
1675440712997 0.4685036838054657 0
1675440713190 0.4770894944667816 0
1675440713415 0.47310006618499756 0
1675440713611 0.4730367660522461 0
1675440713883 0.4675162136554718 0
1675440714104 0.46989530324935913 0
1675440714338 0.4682498574256897 0
1675440714561 0.47111570835113525 0
1675440714820 0.46809229254722595 0
1675440715058 0.4671178460121155 0
1675440715298 0.47071656584739685 0
1675440715520 0.47146761417388916 0
1675440715732 0.47317904233932495 0
1675440715978 0.4669986963272095 0
1675440716195 0.47264546155929565 0
1675440716429 0.4721132814884186 0
1675440716621 0.47411251068115234 0
1675440716892 0.46503227949142456 0
1675440717069 0.477093368768692 0
1675440717306 0.46636199951171875 0
1675440717475 0.47585034370422363 0
1675440717812 0.4602094292640686 0
1675440718031 0.47242408990859985 0
1675440718289 0.4664860665798187 0
1675440718539 0.4692850410938263 0
1675440718720 0.4731208384037018 0
1675440718959 0.4668557941913605 0
1675440719165 0.47499537467956543 0
1675440719361 0.4741742014884949 0
1675440719577 0.4681873917579651 0
1675440719772 0.47168639302253723 0
1675440719997 0.47083109617233276 0
1675440720251 0.46717414259910583 0
1675440720442 0.47230294346809387 0
1675440720724 0.4649897515773773 0
1675440720973 0.4684734046459198 0
1675440721217 0.46800217032432556 0
1675440721502 0.462143212556839 0
1675440721719 0.4690499007701874 0
1675440722007 0.46237102150917053 0
1675440722277 0.4664640426635742 0
1675440722498 0.4704306423664093 0
1675440722704 0.4696689248085022 0
1675440722928 0.46588990092277527 0
1675440723134 0.46922850608825684 0
1675440723331 0.471547931432724 0
1675440723567 0.4643625319004059 0
1675440723768 0.472233384847641 0
1675440723980 0.46981310844421387 0
1675440724228 0.46664461493492126 0
1675440726296 0.47067105770111084 0
1675440726493 0.47056323289871216 0
1675440726694 0.47128695249557495 0
1675440726927 0.466763436794281 0
1675440727127 0.4701373279094696 0
1675440727357 0.4689406752586365 0
1675440727619 0.464147686958313 0
1675440727847 0.46845105290412903 0
1675440728069 0.46866604685783386 0
1675440728311 0.46577030420303345 0
1675440728562 0.46321529150009155 0
1675440728769 0.4651705026626587 0
1675440728990 0.46941515803337097 0
1675440729221 0.4664457142353058 0
1675440729436 0.46803364157676697 0
1675440729692 0.4660821557044983 0
1675440729880 0.46916916966438293 0
1675440730139 0.46695005893707275 0
1675440730339 0.46822232007980347 0
1675440730558 0.467197984457016 0
1675440730777 0.468614399433136 0
1675440731002 0.46641892194747925 0
1675440731246 0.46371662616729736 0
1675440731457 0.4686572253704071 0
1675440731696 0.46793654561042786 0
1675440731938 0.4650518000125885 0
1675440732127 0.46888065338134766 0
1675440732345 0.4671737253665924 0
1675440732585 0.4635984003543854 0
1675440732773 0.4681757986545563 0
1675440732972 0.46621277928352356 0
1675440733175 0.4689931273460388 0
1675440733435 0.4613049030303955 0
1675440733639 0.4686424434185028 0
1675440733833 0.4709071218967438 0
1675440734104 0.4622546136379242 0
1675440734389 0.4569661319255829 0
1675440734597 0.46665143966674805 0
1675440734836 0.46254557371139526 0
1675440735046 0.46999379992485046 0
1675440735353 0.45548611879348755 0
1675440735543 0.4670829474925995 0
1675440735761 0.4648585319519043 0
1675440735984 0.4628620743751526 0
1675440736225 0.4668591022491455 0
1675440736448 0.4659910798072815 0
1675440736672 0.4629826843738556 0
1675440736919 0.46136921644210815 0
1675440737155 0.46351367235183716 0
1675440737459 0.46097031235694885 0
1675440737681 0.4653629660606384 0
1675440737893 0.46663886308670044 0
1675440738137 0.46091368794441223 0
1675440738353 0.4636381268501282 0
1675440738577 0.4652397334575653 0
1675440738830 0.4600070118904114 0
1675440739114 0.45689940452575684 0
1675440739326 0.4641381800174713 0
1675440739563 0.463763564825058 0
1675440739802 0.46215108036994934 0
1675440739999 0.4643056094646454 0
1675440740215 0.4670473337173462 0
1675440740463 0.4617744982242584 0
1675440740718 0.459973007440567 0
1675440740928 0.4656190276145935 0
1675440741125 0.46730440855026245 0
1675440741399 0.4562109410762787 0
1675440741615 0.4653245508670807 0
1675440741879 0.4604882001876831 0
1675440742133 0.4598168134689331 0
1675440742365 0.46350932121276855 0
1675440742608 0.4619174003601074 0
1675440742847 0.46057814359664917 0
1675440743091 0.4612967371940613 0
1675440743321 0.4622530937194824 0
1675440743604 0.45943617820739746 0
1675440743922 0.4575028419494629 0
1675440744148 0.46341362595558167 0
1675440744362 0.4646562933921814 0
1675440744581 0.46530646085739136 0
1675440744781 0.46343541145324707 0
1675440744999 0.46412795782089233 0
1675440745221 0.46469637751579285 0
1675440745432 0.46845486760139465 0
1675440745683 0.46009576320648193 0
1675440745905 0.46291425824165344 0
1675440746117 0.46491414308547974 0
1675440746364 0.4599708318710327 0
1675440746624 0.4598744809627533 0
1675440746825 0.46585190296173096 0
1675440747064 0.46081602573394775 0
1675440747274 0.46324124932289124 0
1675440747510 0.46366187930107117 0
1675440747699 0.467495322227478 0
1675440747905 0.4621480107307434 0
1675440748165 0.46103447675704956 0
1675440748414 0.4590151906013489 0
1675440748733 0.45377665758132935 0
1675440748971 0.4608677923679352 0
1675440749207 0.4621109366416931 0
1675440749419 0.4615592360496521 0
1675440749695 0.45993489027023315 0
1675440749948 0.46065425872802734 0
1675440750230 0.45397335290908813 0
1675440750524 0.45374205708503723 0
1675440750765 0.46094855666160583 0
1675440751010 0.45943939685821533 0
1675440751276 0.45883065462112427 0
1675440751462 0.46606364846229553 0
1675440751673 0.46214842796325684 0
1675440751896 0.46469590067863464 0
1675440752104 0.459150493144989 0
1675440752385 0.45515456795692444 0
1675440752601 0.4619896113872528 0
1675440752848 0.4580383896827698 0
1675440753066 0.46049246191978455 0
1675440753263 0.46250516176223755 0
1675440753491 0.46243563294410706 0
1675440753746 0.45554572343826294 0
1675440753944 0.46074140071868896 0
1675440754214 0.4570523500442505 0
1675440754427 0.46196475625038147 0
1675440754632 0.4620208740234375 0
1675440754840 0.4625077247619629 0
1675440755084 0.46038079261779785 0
1675440755349 0.4636562466621399 0
1675440755565 0.46210977435112 0
1675440755762 0.46603140234947205 0
1675440756008 0.4618862569332123 0
1675440756232 0.4575168192386627 0
1675440756479 0.456071674823761 0
1675440756705 0.45966166257858276 0
1675440756915 0.4622774124145508 0
1675440757182 0.4599325954914093 0
1675440757472 0.4562833607196808 0
1675440757702 0.4576992392539978 0
1675440757969 0.4551180601119995 0
1675440758180 0.4619564712047577 0
1675440758489 0.4536450207233429 0
1675440758691 0.4621855318546295 0
1675440758912 0.4585917890071869 0
1675440759166 0.4578813314437866 0
1675440759388 0.45894986391067505 0
1675440759580 0.46348828077316284 0
1675440759856 0.4524882733821869 0
1675440760100 0.45731595158576965 0
1675440760330 0.45690104365348816 0
1675440760506 0.46598076820373535 0
1675440760715 0.46106013655662537 0
1675440760908 0.463308721780777 0
1675440761134 0.45846012234687805 0
1675440761331 0.4640301465988159 0
1675440761557 0.46174120903015137 0
1675440761819 0.4566988945007324 0
1675440762074 0.45884522795677185 0
1675440762258 0.46623221039772034 0
1675440762502 0.4566073715686798 0
1675440764623 0.46123623847961426 0
1675440764849 0.45775485038757324 0
1675440765070 0.4598817825317383 0
1675440765325 0.4556564688682556 0
1675440765584 0.4572302997112274 0
1675440765810 0.4604303240776062 0
1675440766069 0.4566505551338196 0
1675440766339 0.4543701708316803 0
1675440766598 0.4519520401954651 0
1675440766848 0.45907434821128845 0
1675440767059 0.4591173231601715 0
1675440767314 0.4556784927845001 0
1675440767514 0.462938517332077 0
1675440767743 0.4560892879962921 0
1675440767987 0.4579952657222748 0
1675440768208 0.45807844400405884 0
1675440768416 0.4602196514606476 0
1675440768683 0.4564497768878937 0
1675440768889 0.4600524604320526 0
1675440769133 0.4552946984767914 0
1675440769392 0.46031010150909424 0
1675440769575 0.4635940492153168 0
1675440769782 0.4610483944416046 0
1675440770025 0.45986294746398926 0
1675440770276 0.45285162329673767 0
1675440770505 0.45498934388160706 0
1675440770737 0.4573158919811249 0
1675440770996 0.4564518332481384 0
1675440771233 0.457635760307312 0
1675440771489 0.45700716972351074 0
1675440771708 0.45840999484062195 0
1675440771927 0.45572981238365173 0
1675440772185 0.4544354975223541 0
1675440772389 0.4590281844139099 0
1675440772641 0.4561610221862793 0
1675440772864 0.4578922390937805 0
1675440773133 0.4538334608078003 0
1675440773346 0.45944905281066895 0
1675440773606 0.4519590139389038 0
1675440773841 0.45785069465637207 0
1675440774086 0.4520316421985626 0
1675440774312 0.459336519241333 0
1675440774559 0.45822909474372864 0
1675440774760 0.46110299229621887 0
1675440774996 0.456118643283844 0
1675440775213 0.4580266773700714 0
1675440775412 0.45909208059310913 0
1675440775677 0.4515756666660309 0
1675440775868 0.46207770705223083 0
1675440776047 0.4622686803340912 0
1675440776292 0.45876240730285645 0
1675440776489 0.460301011800766 0
1675440776680 0.4610246419906616 0
1675440776863 0.4603869616985321 0
1675440777103 0.45528143644332886 0
1675440777361 0.45167163014411926 0
1675440777581 0.45763149857521057 0
1675440777805 0.4559464752674103 0
1675440777999 0.45774045586586 0
1675440778180 0.46314987540245056 0
1675440778381 0.4589613974094391 0
1675440778587 0.4591420590877533 0
1675440778849 0.4522143602371216 0
1675440779105 0.45064929127693176 0
1675440779321 0.4563029706478119 0
1675440779589 0.45231130719184875 0
1675440779854 0.45567673444747925 0
1675440780067 0.45732536911964417 0
1675440780294 0.4552248418331146 0
1675440780518 0.4568457007408142 0
1675440780737 0.45522555708885193 0
1675440781013 0.45242762565612793 0
1675440781270 0.45270949602127075 0
1675440781512 0.4506913125514984 0
1675440781716 0.45803016424179077 0
1675440781925 0.45662304759025574 0
1675440782188 0.4552413821220398 0
1675440782392 0.4603220522403717 0
1675440782606 0.45752543210983276 0
1675440782823 0.45561185479164124 0
1675440783060 0.45218995213508606 0
1675440783266 0.4584227204322815 0
1675440783512 0.4543372690677643 0
1675440783736 0.45354172587394714 0
1675440783964 0.45369797945022583 0
1675440784221 0.4521156847476959 0
1675440784439 0.4577126204967499 0
1675440784633 0.4601602256298065 0
1675440784861 0.4531232714653015 0
1675440785091 0.45517343282699585 0
1675440785334 0.4503965675830841 0
1675440785526 0.45859619975090027 0
1675440785724 0.45678505301475525 0
1675440785934 0.4580098092556 0
1675440786147 0.4600598216056824 0
1675440786420 0.451937198638916 0
1675440786655 0.45384839177131653 0
1675440786849 0.4596583843231201 0
1675440787094 0.45211148262023926 0
1675440787296 0.45836204290390015 0
1675440787513 0.45677801966667175 0
1675440787783 0.45191630721092224 0
1675440788012 0.45190632343292236 0
1675440788224 0.45601651072502136 0
1675440788469 0.4511941969394684 0
1675440788660 0.4623396694660187 0
1675440788900 0.45029252767562866 0
1675440789124 0.45349884033203125 0
1675440789360 0.4557749032974243 0
1675440789572 0.45877400040626526 0
1675440789806 0.45629972219467163 0
1675440790021 0.45457491278648376 0
1675440790343 0.44842302799224854 0
1675440790572 0.45645323395729065 0
1675440790904 0.4432540535926819 0
1675440791116 0.45439621806144714 0
1675440791300 0.4601365625858307 0
1675440791578 0.4469279944896698 0
1675440791822 0.4504408836364746 0
1675440791999 0.46290290355682373 0
1675440792232 0.4549471139907837 0
1675440792422 0.4589477479457855 0
1675440792664 0.4495205879211426 0
1675440792870 0.458553671836853 0
1675440793051 0.45963385701179504 0
1675440793294 0.44934171438217163 0
1675440793526 0.4515974223613739 0
1675440793775 0.4520148038864136 0
1675440793975 0.4580281972885132 0
1675440794220 0.454863041639328 0
1675440794430 0.4541899859905243 0
1675440794598 0.4601568877696991 0
1675440794838 0.4538806974887848 0
1675440795098 0.44668132066726685 0
1675440795343 0.4515994191169739 0
1675440795552 0.45572569966316223 0
1675440795799 0.452974796295166 0
1675440795984 0.4563354253768921 0
1675440796216 0.4506515562534332 0
1675440796450 0.4553508758544922 0
1675440796691 0.4508594870567322 0
1675440796903 0.4579823613166809 0
1675440797095 0.4596593677997589 0
1675440797323 0.45395705103874207 0
1675440797568 0.4516254663467407 0
1675440797785 0.4582991302013397 0
1675440797982 0.45813989639282227 0
1675440798191 0.4562015235424042 0
1675440798426 0.45074984431266785 0
1675440798652 0.4535810053348541 0
1675440798824 0.4605320990085602 0
1675440799102 0.4455665349960327 0
1675440799302 0.45588767528533936 0
1675440799606 0.44504019618034363 0
1675440799941 0.4436706602573395 0
1675440800101 0.4626614451408386 0
1675440800310 0.45509976148605347 0
1675440802410 0.4551984369754791 0
1675440802656 0.4501964747905731 0
1675440802860 0.455566942691803 0
1675440803079 0.45615100860595703 0
1675440803306 0.4566706120967865 0
1675440803531 0.4543291926383972 0
1675440803748 0.4542594254016876 0
1675440803962 0.4534878730773926 0
1675440804222 0.45144376158714294 0
1675440804453 0.4532611668109894 0
1675440804667 0.45658332109451294 0
1675440804902 0.44913750886917114 0
1675440805196 0.44615018367767334 0
1675440805404 0.45502400398254395 0
1675440805632 0.454422265291214 0
1675440805835 0.4555280804634094 0
1675440806081 0.45088449120521545 0
1675440806319 0.45174598693847656 0
1675440806575 0.4496937394142151 0
1675440806787 0.4579572081565857 0
1675440806987 0.4588288366794586 0
1675440807234 0.4521303176879883 0
1675440807479 0.45089423656463623 0
1675440807721 0.45055440068244934 0
1675440807954 0.45269474387168884 0
1675440808178 0.45616602897644043 0
1675440808412 0.45454901456832886 0
1675440808616 0.4541347920894623 0
1675440808805 0.4575582444667816 0
1675440809023 0.454288125038147 0
1675440809225 0.45566728711128235 0
1675440809478 0.44912439584732056 0
1675440809768 0.4459597170352936 0
1675440809953 0.4572492241859436 0
1675440810185 0.45228105783462524 0
1675440810440 0.4537288546562195 0
1675440810700 0.44719386100769043 0
1675440810990 0.4471411108970642 0
1675440811226 0.45101746916770935 0
1675440811444 0.45387640595436096 0
1675440811655 0.4541732668876648 0
1675440811854 0.4559744596481323 0
1675440812076 0.4533940255641937 0
1675440812329 0.454100102186203 0
1675440812587 0.4495096206665039 0
1675440812836 0.4513012766838074 0
1675440813108 0.44698023796081543 0
1675440813358 0.44907480478286743 0
1675440813549 0.4578080475330353 0
1675440813797 0.4510335922241211 0
1675440814048 0.4488086700439453 0
1675440814284 0.4481608271598816 0
1675440814620 0.44369271397590637 0
1675440814875 0.448729932308197 0
1675440815144 0.44547656178474426 0
1675440815372 0.45427846908569336 0
1675440815639 0.44824904203414917 0
1675440815822 0.46134841442108154 0
1675440815990 0.46205782890319824 0
1675440816204 0.4539533853530884 0
1675440816438 0.45172616839408875 0
1675440816675 0.4512210488319397 0
1675440816910 0.44916653633117676 0
1675440817096 0.45927536487579346 0
1675440817328 0.4509260356426239 0
1675440817620 0.44490376114845276 0
1675440817824 0.4551108777523041 0
1675440818023 0.45409199595451355 0
1675440818272 0.44946905970573425 0
1675440818555 0.4497479200363159 0
1675440818740 0.45964306592941284 0
1675440818959 0.4559462070465088 0
1675440819209 0.4517194330692291 0
1675440819475 0.448707640171051 0
1675440819713 0.45055046677589417 0
1675440819926 0.4536634087562561 0
1675440820198 0.44833990931510925 0
1675440820450 0.44822007417678833 0
1675440820656 0.45370084047317505 0
1675440820927 0.44833406805992126 0
1675440821167 0.4521139860153198 0
1675440821392 0.45265719294548035 0
1675440821647 0.44894447922706604 0
1675440821852 0.4549105763435364 0
1675440822084 0.4499662220478058 0
1675440822328 0.4482758343219757 0
1675440822554 0.4523942172527313 0
1675440822829 0.44559311866760254 0
1675440823049 0.45306986570358276 0
1675440823254 0.4538782835006714 0
1675440823490 0.451760858297348 0
1675440823692 0.45662593841552734 0
1675440823894 0.45473164319992065 0
1675440824090 0.45824792981147766 0
1675440824302 0.45329391956329346 0
1675440824569 0.4455447793006897 0
1675440824809 0.4474080502986908 0
1675440825021 0.45254892110824585 0
1675440825287 0.4479258954524994 0
1675440825496 0.4549032151699066 0
1675440825757 0.4464499354362488 0
1675440825971 0.4552668035030365 0
1675440826188 0.4549466371536255 0
1675440826447 0.44891858100891113 0
1675440826777 0.4444838762283325 0
1675440827006 0.44870489835739136 0
1675440827228 0.4525134861469269 0
1675440827437 0.4536324143409729 0
1675440827734 0.4388813376426697 0
1675440827948 0.4547867178916931 0
1675440828225 0.4521709084510803 0
1675440828454 0.44993841648101807 0
1675440828667 0.45304369926452637 0
1675440828897 0.44974806904792786 0
1675440829112 0.45468953251838684 0
1675440829309 0.45744818449020386 0
1675440829594 0.44468769431114197 0
1675440829859 0.44983670115470886 0
1675440830126 0.44552701711654663 0
1675440830341 0.4569259285926819 0
1675440830545 0.4545379877090454 0
1675440830766 0.45075467228889465 0
1675440831001 0.4493601620197296 0
1675440831227 0.45040568709373474 0
1675440831404 0.45774683356285095 0
1675440831634 0.4493669271469116 0
1675440831865 0.45107555389404297 0
1675440832126 0.4521004855632782 0
1675440832319 0.45456594228744507 0
1675440832591 0.44585639238357544 0
1675440832815 0.44939664006233215 0
1675440833021 0.45307210087776184 0
1675440833200 0.4568052291870117 0
1675440833433 0.4535733461380005 0
1675440833643 0.45032545924186707 0
1675440833879 0.4500366747379303 0
1675440834088 0.45275574922561646 0
1675440834295 0.45390814542770386 0
1675440834524 0.45092207193374634 0
1675440834801 0.44723495841026306 0
1675440835049 0.44619351625442505 0
1675440835316 0.4460033178329468 0
1675440835531 0.4522748589515686 0
1675440835761 0.448229044675827 0
1675440835982 0.45001518726348877 0
1675440836237 0.4457857310771942 0
1675440836429 0.4557526409626007 0
1675440836621 0.45526278018951416 0
1675440836861 0.4498284161090851 0
1675440837087 0.4524568021297455 0
1675440837338 0.4462907016277313 0
1675440837561 0.4524383544921875 0
1675440837787 0.45189839601516724 0
1675440838034 0.4489818513393402 0
1675440838270 0.45134371519088745 0
1675440838492 0.45061537623405457 0
1675440838706 0.45173707604408264 0
