1675784085773 0.6965491771697998 0
1675784085825 0.6918396353721619 0
1675784085878 0.6859404444694519 0
1675784085952 0.6829679608345032 0
1675784086001 0.6617950797080994 0
1675784086043 0.679446816444397 0
1675784086092 0.6790704131126404 0
1675784086135 0.6723148822784424 0
1675784086177 0.6727274060249329 0
1675784086226 0.6221513748168945 0
1675784086272 0.6204251050949097 0
1675784086319 0.6136018633842468 0
1675784086370 0.6513091921806335 0
1675784086419 0.653168797492981 0
1675784086469 0.6684550642967224 0
1675784086513 0.5740304589271545 0
1675784086561 0.6840183734893799 0
1675784086604 0.5612190961837769 0
1675784086654 0.6049796342849731 0
1675784086701 0.5718665719032288 0
1675784086747 0.503171980381012 0
1675784086789 0.6083857417106628 0
1675784086840 0.5303846001625061 0
1675784086890 0.5283186435699463 0
1675784086935 0.7719600200653076 0
1675784086984 0.4433595836162567 0
1675784087032 0.6232840418815613 0
1675784087080 0.8195282220840454 0
1675784087136 0.5578311085700989 0
1675784087188 0.7732645273208618 0
1675784087232 0.5998224020004272 0
1675784087275 0.7260013818740845 0
1675784087323 0.5674225091934204 0
1675784087367 0.7126339673995972 0
1675784087408 0.6311265826225281 0
1675784087456 0.6434178948402405 0
1675784087508 0.5289779901504517 0
1675784087553 0.5088821649551392 0
1675784087598 0.6393958330154419 0
1675784087643 0.5183055996894836 0
1675784087688 0.5967835187911987 0
1675784087734 0.5865603685379028 0
1675784087785 0.4923952519893646 0
1675784087891 0.5671491622924805 0
1675784088006 0.5286182761192322 0
1675784088074 0.6970001459121704 0
1675784088124 0.5954928398132324 0
1675784088186 0.504417896270752 0
1675784088231 0.5435841083526611 0
1675784088279 0.6339197158813477 0
1675784088334 0.6191319823265076 0
1675784088390 0.5334532260894775 0
1675784088438 0.4853513836860657 0
1675784088484 0.6515023708343506 0
1675784088530 0.6579589247703552 0
1675784088573 0.7701951265335083 0
1675784088625 0.45153191685676575 0
1675784088672 0.5300745368003845 0
1675784088719 0.6474703550338745 0
1675784088764 0.7064731121063232 0
1675784088806 0.5030034184455872 0
1675784088863 0.6037255525588989 0
1675784088909 0.5770481824874878 0
1675784088955 0.747387707233429 0
1675784089005 0.4796104431152344 0
1675784089051 0.6370934247970581 0
1675784089103 0.5209408402442932 0
1675784089152 0.5373448729515076 0
1675784089199 0.706652820110321 0
1675784089252 0.45542213320732117 0
1675784089308 0.69258713722229 0
1675784089355 0.6724883913993835 0
1675784089403 0.5509020090103149 0
1675784089448 0.48130112886428833 0
1675784089489 0.64609295129776 0
1675784089534 0.513046145439148 0
1675784089584 0.7006888389587402 0
1675784089631 0.5039981007575989 0
1675784089673 0.5579835176467896 0
1675784089721 0.6588379740715027 0
1675784089770 0.4729025959968567 0
1675784089818 0.6370355486869812 0
1675784089859 0.6243475079536438 0
1675784089904 0.5289071202278137 0
1675784089953 0.6126337647438049 0
1675784090000 0.5109039545059204 0
1675784090047 0.5872631072998047 0
1675784090102 0.5809104442596436 0
1675784090153 0.4800085127353668 0
1675784090200 0.5835719704627991 0
1675784090243 0.6204898357391357 0
1675784090288 0.6573505997657776 0
1675784090334 0.5540224313735962 0
1675784090377 0.48187726736068726 0
1675784090430 0.3524186611175537 0
1675784090476 0.6308369636535645 0
1675784090525 0.4398307502269745 0
1675784090581 0.5131900310516357 0
1675784090633 0.6063885688781738 0
1675784090693 0.3497868478298187 0
