1675600713549 0.4440362751483917 0
1675600713757 0.4320383369922638 0
1675600713990 0.41728806495666504 0
1675600714192 0.4002157151699066 0
1675600714413 0.3834208846092224 0
1675600714661 0.3645055294036865 0
1675600714867 0.34706735610961914 0
1675600715096 0.33233407139778137 0
1675600715320 0.3175349533557892 0
1675600715522 0.30266425013542175 0
1675600715740 0.2904462218284607 0
1675600715974 0.2795902192592621 0
1675600716181 0.26696205139160156 0
1675600716385 0.25460606813430786 0
1675600716604 0.2438611537218094 0
1675600716824 0.2345597892999649 0
1675600717038 0.22495485842227936 0
1675600717246 0.21613740921020508 0
1675600717443 0.20726847648620605 0
1675600717667 0.20031388103961945 0
1675600717866 0.19229865074157715 0
1675600718057 0.1854075789451599 0
1675600718261 0.18014249205589294 0
1675600718467 0.1748124063014984 0
1675600718690 0.17024238407611847 0
1675600718924 0.1659988909959793 0
1675600719178 0.16252541542053223 0
1675600719391 0.15544205904006958 0
1675600719589 0.1507318764925003 0
1675600719804 0.14732162654399872 0
1675600720031 0.1433762013912201 0
1675600720248 0.1392243355512619 0
1675600720465 0.13533438742160797 0
1675600720689 0.1317884773015976 0
1675600720936 0.12886227667331696 0
1675600721143 0.12369979172945023 0
1675600721381 0.12102896720170975 0
1675600721609 0.11783052980899811 0
1675600721839 0.11498046666383743 0
1675600722055 0.11154872179031372 0
1675600722251 0.1091737225651741 0
1675600722454 0.10771436244249344 0
1675600722669 0.10672640055418015 0
1675600722878 0.1048259437084198 0
1675600723102 0.10346698015928268 0
1675600723345 0.10236905515193939 0
1675600723550 0.09983160346746445 0
1675600723746 0.09808667004108429 0
1675600723954 0.0964195504784584 0
1675600724175 0.09518547356128693 0
1675600724378 0.09278234094381332 0
1675600724597 0.09055210649967194 0
1675600724820 0.08871760219335556 0
1675600725071 0.08734215050935745 0
1675600725324 0.08487618714570999 0
1675600725560 0.08294122666120529 0
1675600725813 0.08215121924877167 0
1675600726005 0.07837911695241928 0
1675600726202 0.07648858428001404 0
1675600726411 0.07542607933282852 0
1675600726660 0.07540576159954071 0
1675600726879 0.07290633022785187 0
1675600727103 0.07199878990650177 0
1675600727314 0.0705917477607727 0
1675600727546 0.07064569741487503 0
1675600727767 0.07024005800485611 0
1675600727958 0.06887106597423553 0
1675600728157 0.0689598023891449 0
1675600728384 0.06960563361644745 0
1675600728583 0.0683586373925209 0
1675600728800 0.06862933933734894 0
1675600729008 0.06795816868543625 0
1675600729218 0.06811737269163132 0
1675600729424 0.06769147515296936 0
1675600729634 0.06782747060060501 0
1675600729850 0.06761473417282104 0
1675600730054 0.06696392595767975 0
1675600730244 0.06624825298786163 0
1675600730476 0.06740257143974304 0
1675600730685 0.06659064441919327 0
1675600730876 0.06555843353271484 0
1675600731060 0.06499888002872467 0
1675600731276 0.06571538001298904 0
1675600731481 0.06519496440887451 0
1675600731693 0.06520269811153412 0
1675600731933 0.06568659842014313 0
1675600732162 0.0646575391292572 0
1675600732362 0.06366463750600815 0
1675600732583 0.06427421420812607 0
1675600732806 0.06390810012817383 0
1675600733005 0.0625334233045578 0
1675600733206 0.06216530501842499 0
1675600733446 0.0627499520778656 0
1675600733670 0.06222089007496834 0
1675600733876 0.06126299127936363 0
1675600734100 0.06142042577266693 0
1675600734310 0.060651931911706924 0
1675600734525 0.060055457055568695 0
1675600734759 0.06035558879375458 0
1675600734971 0.05918049439787865 0
1675600735186 0.05880839377641678 0
1675600735421 0.05889077112078667 0
1675600735639 0.05779074877500534 0
1675600735858 0.05742073059082031 0
1675600736079 0.05622651427984238 0
1675600736296 0.056171588599681854 0
1675600736491 0.05463000014424324 0
1675600736717 0.05531740561127663 0
1675600736911 0.053787413984537125 0
1675600737135 0.054542962461709976 0
1675600737344 0.05386371910572052 0
1675600737579 0.054709672927856445 0
1675600737775 0.05362912267446518 0
1675600737981 0.05387686938047409 0
1675600738196 0.054120998829603195 0
1675600738421 0.05433041229844093 0
1675600738661 0.05395358428359032 0
1675600738873 0.05377335101366043 0
1675600739103 0.0540078841149807 0
1675600739355 0.055161163210868835 0
1675600739595 0.054112400859594345 0
1675600739815 0.05365344509482384 0
1675600740049 0.05370005592703819 0
1675600740283 0.053877245634794235 0
1675600740492 0.05362474173307419 0
1675600740737 0.05488210171461105 0
1675600740971 0.05453995615243912 0
1675600741162 0.053136251866817474 0
1675600741376 0.0539746955037117 0
1675600741576 0.053409919142723083 0
1675600741819 0.05477751046419144 0
1675600742026 0.053534265607595444 0
1675600742230 0.0536467470228672 0
1675600742458 0.05428088828921318 0
1675600742668 0.05366911739110947 0
1675600742895 0.053601328283548355 0
1675600743110 0.053809359669685364 0
1675600743309 0.05323236808180809 0
1675600743532 0.05399264022707939 0
1675600743831 0.05451589077711105 0
1675600744041 0.05365968868136406 0
1675600744245 0.05346764624118805 0
1675600744452 0.053805071860551834 0
1675600744666 0.053854238241910934 0
1675600744941 0.05560452863574028 0
1675600745158 0.05405387282371521 0
1675600745352 0.05343034863471985 0
1675600745590 0.05423184111714363 0
1675600745787 0.05348432809114456 0
1675600746004 0.05399021878838539 0
1675600746245 0.054662853479385376 0
1675600746452 0.053608302026987076 0
1675600746680 0.05436790734529495 0
1675600746907 0.054197587072849274 0
1675600747137 0.05433550849556923 0
1675600747362 0.05367278307676315 0
1675600747612 0.054700516164302826 0
1675600749047 0.052877843379974365 0
1675600749276 0.053997863084077835 0
1675600749498 0.05400542914867401 0
1675600749710 0.05377843230962753 0
1675600749903 0.0531114861369133 0
1675600750118 0.05394317954778671 0
1675600750311 0.05303097888827324 0
1675600750541 0.054284486919641495 0
1675600750737 0.053370535373687744 0
1675600750933 0.05333023890852928 0
1675600751147 0.05371323600411415 0
1675600751335 0.0530371330678463 0
1675600751535 0.05333639681339264 0
1675600751752 0.05399678274989128 0
1675600751971 0.0538349449634552 0
1675600752176 0.05338716134428978 0
1675600752370 0.05321795493364334 0
1675600752598 0.053656335920095444 0
1675600752801 0.05312144011259079 0
1675600753029 0.054063715040683746 0
1675600753242 0.05380256846547127 0
1675600753461 0.05352982133626938 0
1675600753672 0.05353410542011261 0
1675600753889 0.0538901686668396 0
1675600754142 0.054926298558712006 0
1675600754384 0.05433891713619232 0
1675600754619 0.053938623517751694 0
1675600754827 0.053103648126125336 0
1675600755084 0.05368557199835777 0
1675600755339 0.054105378687381744 0
1675600755538 0.05309433490037918 0
1675600755760 0.05364761874079704 0
1675600756051 0.054322294890880585 0
1675600756267 0.05362730845808983 0
1675600756496 0.053981903940439224 0
1675600756736 0.05457887053489685 0
1675600756939 0.05319605767726898 0
1675600757179 0.05408243089914322 0
1675600757413 0.053498901426792145 0
1675600757633 0.05340360477566719 0
1675600757835 0.05328231304883957 0
1675600758060 0.05378067120909691 0
1675600758282 0.05391984432935715 0
1675600758489 0.05339394882321358 0
1675600758706 0.05374975502490997 0
1675600758935 0.054185375571250916 0
1675600759158 0.05386671423912048 0
1675600759368 0.053635261952877045 0
1675600759571 0.05348414555191994 0
1675600759808 0.05369255319237709 0
1675600760048 0.054135795682668686 0
1675600760277 0.053981006145477295 0
1675600760482 0.053657252341508865 0
1675600760687 0.05370531603693962 0
1675600760910 0.05394243076443672 0
1675600761124 0.053546927869319916 0
1675600761330 0.053168825805187225 0
1675600761540 0.05342312902212143 0
1675600761725 0.052839476615190506 0
1675600761951 0.053645338863134384 0
1675600762190 0.05402449518442154 0
1675600762412 0.05375448986887932 0
1675600762644 0.054028719663619995 0
1675600762874 0.054388582706451416 0
1675600763074 0.05329924449324608 0
1675600763307 0.05419188365340233 0
1675600763516 0.0533345527946949 0
1675600763712 0.05325112119317055 0
1675600763921 0.053583625704050064 0
1675600764159 0.05419215187430382 0
1675600764407 0.05405689403414726 0
1675600764637 0.05296064540743828 0
1675600764928 0.05510396510362625 0
1675600765209 0.05370026454329491 0
1675600765484 0.05361945554614067 0
1675600765710 0.05385826528072357 0
1675600765909 0.05324764922261238 0
1675600766142 0.05422375723719597 0
1675600766353 0.05344783887267113 0
1675600766566 0.053492385894060135 0
1675600766765 0.05314449593424797 0
1675600767005 0.054133716970682144 0
1675600767236 0.05387357622385025 0
1675600767454 0.05372639000415802 0
1675600767647 0.05293715000152588 0
1675600767860 0.05365218222141266 0
1675600768088 0.05398670956492424 0
1675600768314 0.05357147008180618 0
1675600768526 0.05329148471355438 0
1675600768780 0.05422293394804001 0
1675600769020 0.05414353683590889 0
1675600769240 0.05375795438885689 0
1675600769462 0.053639210760593414 0
1675600769675 0.05322173237800598 0
1675600769915 0.05397609993815422 0
1675600770195 0.05471905693411827 0
1675600770411 0.05315481126308441 0
1675600770626 0.0534602552652359 0
1675600770854 0.05388936772942543 0
1675600771074 0.05351698026061058 0
1675600771285 0.05329912528395653 0
1675600771487 0.053122106939554214 0
1675600771734 0.05437570810317993 0
1675600771936 0.05301607772707939 0
1675600772146 0.05336475744843483 0
1675600772378 0.05426912009716034 0
1675600772589 0.05353659391403198 0
1675600772821 0.05374622717499733 0
1675600773042 0.053369902074337006 0
1675600773261 0.053558044135570526 0
1675600773529 0.05441628023982048 0
1675600773786 0.05451551452279091 0
1675600774013 0.05370352789759636 0
1675600774222 0.05321670323610306 0
1675600774463 0.05369003862142563 0
1675600774665 0.053052935749292374 0
1675600774906 0.054183486849069595 0
1675600775163 0.05464363470673561 0
1675600775363 0.05318611487746239 0
1675600775559 0.053031791001558304 0
1675600775786 0.053927332162857056 0
1675600776010 0.05359039455652237 0
1675600776196 0.05231728404760361 0
1675600776420 0.053725022822618484 0
1675600776643 0.05366290360689163 0
1675600776879 0.05396781861782074 0
1675600777095 0.05343729630112648 0
1675600777349 0.0537516325712204 0
1675600777664 0.05483469367027283 0
1675600777936 0.054143402725458145 0
1675600778179 0.053601283580064774 0
1675600778417 0.053100429475307465 0
1675600778717 0.054216958582401276 0
1675600778967 0.05406714975833893 0
1675600779238 0.053564444184303284 0
1675600779469 0.05359019711613655 0
1675600779704 0.05318975821137428 0
1675600779962 0.053609319031238556 0
1675600780231 0.05383673310279846 0
1675600780479 0.05398178845643997 0
1675600780687 0.05286325886845589 0
1675600780895 0.052823506295681 0
1675600781133 0.05328459292650223 0
1675600781366 0.05285271257162094 0
1675600781601 0.05386793613433838 0
1675600781849 0.05385718494653702 0
1675600782111 0.05443797633051872 0
1675600782361 0.05380534008145332 0
1675600782596 0.05363243818283081 0
1675600782818 0.05354658141732216 0
1675600783040 0.05353374406695366 0
1675600783250 0.052853476256132126 0
1675600783471 0.05354328826069832 0
1675600783701 0.05352019891142845 0
1675600783915 0.05344237759709358 0
1675600784115 0.052568789571523666 0
1675600784349 0.05382809042930603 0
1675600786006 0.05435295030474663 0
1675600786375 0.0543985478579998 0
1675600786642 0.05364258959889412 0
1675600786843 0.05297432839870453 0
1675600787087 0.053215887397527695 0
1675600787318 0.052969351410865784 0
1675600787582 0.053743626922369 0
1675600787796 0.053453478962183 0
1675600788004 0.05308330059051514 0
1675600788250 0.05326385796070099 0
1675600788498 0.05332231894135475 0
1675600788724 0.05284528806805611 0
1675600788940 0.05348814278841019 0
1675600789162 0.0534219890832901 0
1675600789396 0.054050445556640625 0
1675600789630 0.053979553282260895 0
1675600789842 0.05336377024650574 0
1675600790058 0.053566381335258484 0
1675600790290 0.05410873517394066 0
1675600790494 0.05304529145359993 0
1675600790680 0.052680373191833496 0
1675600790905 0.053667791187763214 0
1675600791116 0.05309844762086868 0
1675600791315 0.053317826241254807 0
1675600791497 0.05277874320745468 0
1675600791730 0.05389618128538132 0
1675600791951 0.05362207815051079 0
1675600792171 0.053701844066381454 0
1675600792373 0.05304670333862305 0
1675600792591 0.05348094552755356 0
1675600792823 0.05384259670972824 0
1675600793028 0.0532548725605011 0
1675600793243 0.05357576534152031 0
1675600793440 0.0529475100338459 0
1675600793668 0.05376946181058884 0
1675600793889 0.05343261733651161 0
1675600794094 0.05307343602180481 0
1675600794325 0.05407383292913437 0
1675600794522 0.05269541218876839 0
1675600794738 0.053669124841690063 0
1675600794957 0.05348016694188118 0
1675600795166 0.05315443500876427 0
1675600795402 0.054231151938438416 0
1675600795630 0.05399077758193016 0
1675600795845 0.05357012152671814 0
1675600796061 0.05360583961009979 0
1675600796256 0.05305631086230278 0
1675600796502 0.05388269200921059 0
1675600796730 0.053573910146951675 0
1675600796941 0.05348711088299751 0
1675600797153 0.053460411727428436 0
1675600797376 0.053578779101371765 0
1675600797577 0.05284944176673889 0
1675600797779 0.05303433910012245 0
1675600798007 0.05374915152788162 0
1675600798225 0.05364743247628212 0
1675600798419 0.05275268480181694 0
1675600798668 0.054120372980833054 0
1675600798897 0.053992003202438354 0
1675600799110 0.053483590483665466 0
1675600799319 0.052912287414073944 0
1675600799522 0.05316229164600372 0
1675600799754 0.05314767360687256 0
1675600799979 0.053052861243486404 0
1675600800213 0.053198207169771194 0
1675600800443 0.053092602640390396 0
1675600800710 0.054464783519506454 0
1675600800902 0.052729737013578415 0
1675600801147 0.05439214035868645 0
1675600801371 0.05381115525960922 0
1675600801584 0.05363437533378601 0
1675600801792 0.053359489887952805 0
1675600802019 0.053867779672145844 0
1675600802221 0.053124237805604935 0
1675600802419 0.05301591008901596 0
1675600802648 0.05372128263115883 0
1675600802878 0.054025936871767044 0
1675600803078 0.05313887447118759 0
1675600803301 0.053803980350494385 0
1675600803509 0.05324356257915497 0
1675600803737 0.05382654443383217 0
1675600803999 0.05398334562778473 0
1675600804208 0.05333566665649414 0
1675600804401 0.05284373462200165 0
1675600804653 0.053919076919555664 0
1675600804895 0.053973160684108734 0
1675600805096 0.053113557398319244 0
1675600805288 0.05286189913749695 0
1675600805514 0.05374358594417572 0
1675600805744 0.0532551109790802 0
1675600805955 0.053624145686626434 0
1675600806167 0.053384725004434586 0
1675600806401 0.05361968278884888 0
1675600806591 0.0528118722140789 0
1675600806789 0.05278587341308594 0
1675600807032 0.054405078291893005 0
1675600807238 0.05312047153711319 0
1675600807457 0.053459879010915756 0
1675600807674 0.05360179394483566 0
1675600807889 0.05323329195380211 0
1675600808086 0.052861373871564865 0
1675600808304 0.05365631356835365 0
1675600808508 0.05299927294254303 0
1675600808738 0.05394897982478142 0
1675600808937 0.053112223744392395 0
1675600809154 0.053399305790662766 0
1675600809379 0.05365528538823128 0
1675600809583 0.05315495282411575 0
1675600809802 0.05361706018447876 0
1675600810021 0.05353545397520065 0
1675600810229 0.05350535735487938 0
1675600810445 0.053407058119773865 0
1675600810670 0.05357624962925911 0
1675600810888 0.053422801196575165 0
1675600811135 0.05419904738664627 0
1675600811364 0.05375188589096069 0
1675600811582 0.05334655940532684 0
1675600811779 0.052983079105615616 0
1675600811986 0.053179774433374405 0
1675600812177 0.05264851450920105 0
1675600812389 0.053000640124082565 0
1675600812617 0.05387381091713905 0
1675600812826 0.053331028670072556 0
1675600813042 0.053453460335731506 0
1675600813255 0.05337432026863098 0
1675600813490 0.054056331515312195 0
1675600813697 0.05313389375805855 0
1675600813919 0.05357158184051514 0
1675600814152 0.05394024774432182 0
1675600814352 0.052887801080942154 0
1675600814580 0.053423721343278885 0
1675600814815 0.053325578570365906 0
1675600815034 0.05298663675785065 0
1675600815272 0.053403910249471664 0
1675600815482 0.05338612198829651 0
1675600815695 0.05343770608305931 0
1675600815906 0.0533197782933712 0
1675600816130 0.05356646701693535 0
1675600816376 0.05372590944170952 0
1675600816600 0.05308789387345314 0
1675600816852 0.053725458681583405 0
1675600817065 0.05329440161585808 0
1675600817301 0.05364486947655678 0
1675600817546 0.053510572761297226 0
1675600817749 0.05315995216369629 0
1675600817981 0.0538732148706913 0
1675600818206 0.05372621491551399 0
1675600818422 0.05349127575755119 0
1675600818657 0.053770553320646286 0
1675600818855 0.05282590165734291 0
1675600819066 0.05297297239303589 0
1675600819304 0.053971827030181885 0
1675600819537 0.05389793589711189 0
1675600819746 0.05328616499900818 0
1675600819944 0.05301005393266678 0
1675600820150 0.053137749433517456 0
1675600820345 0.05295388028025627 0
1675600821752 0.0529676228761673 0
1675600821985 0.05388692766427994 0
1675600822245 0.054178256541490555 0
1675600822444 0.05296241492033005 0
1675600822642 0.053013402968645096 0
1675600822864 0.053469475358724594 0
1675600823078 0.05319315195083618 0
1675600823295 0.05349383130669594 0
1675600823536 0.05404266342520714 0
1675600823767 0.05377322807908058 0
1675600823977 0.05310143157839775 0
1675600824207 0.05334211513400078 0
1675600824446 0.053755421191453934 0
1675600824666 0.053349241614341736 0
1675600824873 0.05304374173283577 0
1675600825068 0.05269122123718262 0
1675600825277 0.052857015281915665 0
1675600825479 0.053040023893117905 0
1675600825723 0.05377407744526863 0
1675600825933 0.05333048105239868 0
1675600826141 0.05296176299452782 0
1675600826361 0.053301747888326645 0
1675600826578 0.053413957357406616 0
1675600826803 0.05364903435111046 0
1675600827007 0.053017180413007736 0
1675600827220 0.053270068019628525 0
1675600827420 0.05274498090147972 0
1675600827652 0.05359860882163048 0
1675600827867 0.0532359853386879 0
1675600828067 0.05302951857447624 0
1675600828263 0.052733950316905975 0
1675600828508 0.05414972081780434 0
1675600828717 0.05326136574149132 0
1675600828940 0.05358630046248436 0
1675600829153 0.05271388590335846 0
1675600829378 0.05311618745326996 0
1675600829643 0.05426901578903198 0
1675600829895 0.05383569002151489 0
1675600830100 0.05239984393119812 0
1675600830335 0.053092170506715775 0
1675600830561 0.053367506712675095 0
1675600830802 0.05399569869041443 0
1675600830997 0.052783023566007614 0
1675600831202 0.052839893847703934 0
1675600831427 0.05370740965008736 0
1675600831621 0.05269518122076988 0
1675600831823 0.05265776440501213 0
1675600832031 0.05300183221697807 0
1675600832244 0.05298946052789688 0
1675600832465 0.05355146527290344 0
1675600832661 0.05291963741183281 0
1675600832876 0.05328301712870598 0
1675600833099 0.05375383049249649 0
1675600833306 0.05295124650001526 0
1675600833510 0.05290598049759865 0
1675600833729 0.05324523150920868 0
1675600833944 0.053226400166749954 0
1675600834150 0.053156811743974686 0
1675600834368 0.05302813649177551 0
1675600834594 0.05371924117207527 0
1675600834812 0.05349152535200119 0
1675600835027 0.0533568412065506 0
1675600835243 0.053370505571365356 0
1675600835484 0.05397443100810051 0
1675600835690 0.05307583138346672 0
1675600835896 0.053088847547769547 0
1675600836095 0.052950743585824966 0
1675600836309 0.0532628670334816 0
1675600836524 0.05312912538647652 0
1675600836765 0.05383403226733208 0
1675600837002 0.05370895564556122 0
1675600837239 0.05390391871333122 0
1675600837462 0.05343461409211159 0
1675600837681 0.05331908166408539 0
1675600837882 0.05291048064827919 0
1675600838098 0.05327993631362915 0
1675600838315 0.0532224141061306 0
1675600838525 0.053281765431165695 0
1675600838751 0.053483881056308746 0
1675600838974 0.05354699864983559 0
1675600839177 0.05295101925730705 0
1675600839411 0.05378340184688568 0
1675600839620 0.05305102840065956 0
1675600839843 0.05361032485961914 0
1675600840044 0.05307426303625107 0
1675600840270 0.053575724363327026 0
1675600840481 0.05312585458159447 0
1675600840672 0.05271013453602791 0
1675600840877 0.05313357338309288 0
1675600841099 0.05306091904640198 0
1675600841357 0.0538642518222332 0
1675600841611 0.05429708585143089 0
1675600841832 0.053200624883174896 0
1675600842064 0.05376836657524109 0
1675600842318 0.053698766976594925 0
1675600842517 0.052793972194194794 0
1675600842775 0.054325174540281296 0
1675600842989 0.053324583917856216 0
1675600843240 0.05418901890516281 0
1675600843473 0.05360184609889984 0
1675600843675 0.05291232466697693 0
1675600843884 0.05307849496603012 0
1675600844080 0.05276248976588249 0
1675600844297 0.053508903831243515 0
1675600844497 0.052923254668712616 0
1675600844736 0.05328153446316719 0
1675600844957 0.052854012697935104 0
1675600845197 0.053274791687726974 0
1675600845432 0.0529053695499897 0
1675600845640 0.053101569414138794 0
1675600845881 0.05365948751568794 0
1675600846084 0.05312960967421532 0
1675600846314 0.053523946553468704 0
1675600846526 0.05285811051726341 0
1675600846762 0.05370769649744034 0
1675600846984 0.05335405841469765 0
1675600847203 0.05352279916405678 0
1675600847435 0.052971385419368744 0
1675600847639 0.05282410979270935 0
1675600847872 0.053800929337739944 0
1675600848107 0.05394425615668297 0
1675600848326 0.05347377806901932 0
1675600848518 0.052542299032211304 0
1675600848740 0.053387437015771866 0
1675600848951 0.05317658558487892 0
1675600849145 0.05263461545109749 0
1675600849363 0.05354129895567894 0
1675600849570 0.05272137373685837 0
1675600849780 0.0529497005045414 0
1675600850016 0.053859420120716095 0
1675600850228 0.05321081727743149 0
1675600850432 0.05301506817340851 0
1675600850670 0.05353661999106407 0
1675600850896 0.053601186722517014 0
1675600851132 0.05402446165680885 0
1675600851344 0.05332057550549507 0
1675600851553 0.05294082313776016 0
1675600851775 0.053473763167858124 0
1675600852001 0.05335032567381859 0
1675600852222 0.053365517407655716 0
1675600852454 0.053785353899002075 0
1675600852669 0.05346103385090828 0
1675600852869 0.05284058675169945 0
1675600853085 0.053428057581186295 0
1675600853291 0.05315077677369118 0
1675600853502 0.05305682495236397 0
1675600853728 0.053521912544965744 0
1675600853930 0.053025439381599426 0
1675600854146 0.05343706160783768 0
1675600854351 0.05285905674099922 0
1675600854567 0.05325290933251381 0
1675600854786 0.05332370102405548 0
1675600854995 0.05304325744509697 0
1675600855216 0.05314578488469124 0
1675600855431 0.05329880118370056 0
1675600855660 0.053082264959812164 0
1675600855892 0.05333465710282326 0
1675600857282 0.05227335914969444 0
1675600857504 0.05286117643117905 0
1675600857727 0.05286453664302826 0
1675600857979 0.053865183144807816 0
1675600858206 0.05358335003256798 0
1675600858406 0.05302900820970535 0
1675600858632 0.05351456254720688 0
1675600858841 0.05306953936815262 0
1675600859067 0.05362272262573242 0
1675600859276 0.05330393835902214 0
1675600859476 0.053175173699855804 0
1675600859701 0.05280562490224838 0
1675600859925 0.053066644817590714 0
1675600860148 0.05291592329740524 0
1675600860377 0.05316712707281113 0
1675600860587 0.05331743508577347 0
1675600860809 0.05352790281176567 0
1675600861036 0.05366460978984833 0
1675600861285 0.05406704917550087 0
1675600861500 0.05321955308318138 0
1675600861694 0.05259009078145027 0
1675600861896 0.053110670298337936 0
1675600862116 0.053396571427583694 0
1675600862307 0.0526745542883873 0
1675600862547 0.053707100450992584 0
1675600862738 0.05257846415042877 0
1675600862961 0.05342530831694603 0
1675600863171 0.05334554985165596 0
1675600863379 0.053165603429079056 0
1675600863572 0.05276680365204811 0
1675600863804 0.05378640443086624 0
1675600864010 0.05299299210309982 0
1675600864226 0.05320221930742264 0
1675600864419 0.05289355292916298 0
1675600864619 0.05301463231444359 0
1675600864837 0.05345975607633591 0
1675600865047 0.052973613142967224 0
1675600865265 0.05318346992135048 0
1675600865463 0.05256253853440285 0
1675600865659 0.05281075835227966 0
1675600865887 0.05323817953467369 0
1675600866124 0.0538761168718338 0
1675600866331 0.05306818708777428 0
1675600866557 0.05364946648478508 0
1675600866753 0.0529881976544857 0
1675600866984 0.05367489159107208 0
1675600867197 0.053215838968753815 0
1675600867466 0.05388130620121956 0
1675600867683 0.05301646515727043 0
1675600867917 0.053667861968278885 0
1675600868127 0.053141627460718155 0
1675600868320 0.05272037908434868 0
1675600868521 0.05310862883925438 0
1675600868742 0.05321422964334488 0
1675600868943 0.05293108522891998 0
1675600869146 0.05263880640268326 0
1675600869347 0.052989184856414795 0
1675600869558 0.053127191960811615 0
1675600869788 0.053551316261291504 0
1675600870001 0.05327068641781807 0
1675600870242 0.0537806898355484 0
1675600870441 0.05276917666196823 0
1675600870677 0.05388529971241951 0
1675600870879 0.05296868830919266 0
1675600871089 0.053131453692913055 0
1675600871304 0.05340532213449478 0
1675600871538 0.053585492074489594 0
1675600871757 0.05341322347521782 0
1675600871993 0.05366682633757591 0
1675600872185 0.05264288932085037 0
1675600872406 0.05342128500342369 0
1675600872605 0.052863363176584244 0
1675600872828 0.053391117602586746 0
1675600873036 0.053074080497026443 0
1675600873255 0.053185924887657166 0
1675600873454 0.052753746509552 0
1675600873661 0.053008172661066055 0
1675600873860 0.05296003073453903 0
1675600874069 0.05325130745768547 0
1675600874289 0.05328083410859108 0
1675600874484 0.05282849818468094 0
1675600874737 0.05358118563890457 0
1675600874967 0.053324297070503235 0
1675600875178 0.05271482467651367 0
1675600875390 0.0530921071767807 0
1675600875614 0.05357702448964119 0
1675600875835 0.05342090129852295 0
1675600876041 0.05293108522891998 0
1675600876244 0.05288786441087723 0
1675600876455 0.053411442786455154 0
1675600876669 0.05323125794529915 0
1675600876878 0.052970293909311295 0
1675600877109 0.053554683923721313 0
1675600877360 0.05321066826581955 0
1675600877576 0.053426343947649 0
1675600877795 0.053180448710918427 0
1675600878003 0.05288359150290489 0
1675600878223 0.05315503105521202 0
1675600878427 0.05319143459200859 0
1675600878638 0.053006213158369064 0
1675600878851 0.053232233971357346 0
1675600879083 0.053742893040180206 0
1675600879293 0.05322904884815216 0
1675600879503 0.05282781645655632 0
1675600879705 0.05289534106850624 0
1675600879903 0.05284128338098526 0
1675600880109 0.0529588982462883 0
1675600880306 0.05275476723909378 0
1675600880524 0.05337323993444443 0
1675600880708 0.05217166617512703 0
1675600880901 0.05274054408073425 0
1675600881128 0.052948594093322754 0
1675600881354 0.05339445173740387 0
1675600881542 0.05242714658379555 0
1675600881790 0.053916316479444504 0
1675600882052 0.05362281948328018 0
1675600882364 0.05356833338737488 0
1675600882622 0.053740035742521286 0
1675600882839 0.053190480917692184 0
1675600883037 0.05292714014649391 0
1675600883255 0.053010493516922 0
1675600883489 0.05359070748090744 0
1675600883679 0.05261370167136192 0
1675600883903 0.0534018874168396 0
1675600884152 0.05379245802760124 0
1675600884375 0.05328347533941269 0
1675600884586 0.05329131707549095 0
1675600884806 0.05340655893087387 0
1675600885022 0.05314568802714348 0
1675600885222 0.05268697068095207 0
1675600885402 0.05216773971915245 0
1675600885604 0.05281602591276169 0
1675600885798 0.05257931351661682 0
1675600886002 0.05291653797030449 0
1675600886212 0.05325029790401459 0
1675600886420 0.05302032083272934 0
1675600886645 0.05350232124328613 0
1675600886869 0.05356023833155632 0
1675600887082 0.05301131680607796 0
1675600887284 0.052737392485141754 0
1675600887505 0.05323224142193794 0
1675600887721 0.053039006888866425 0
1675600887942 0.0534406378865242 0
1675600888144 0.05288931354880333 0
1675600888369 0.05323013290762901 0
1675600888574 0.05309844762086868 0
1675600888773 0.052881333976984024 0
1675600889002 0.0534648634493351 0
1675600889281 0.05374034494161606 0
1675600889506 0.053266171365976334 0
1675600889764 0.05393056944012642 0
1675600890005 0.05356431379914284 0
1675600890231 0.05294740945100784 0
1675600890463 0.0532965324819088 0
1675600890673 0.05309218540787697 0
1675600890885 0.0530591681599617 0
1675600891122 0.05396239086985588 0
