1675615807782 0.3053251802921295 0
1675615807967 0.30862340331077576 0
1675615808184 0.3075789213180542 0
1675615808403 0.306246280670166 0
1675615808619 0.3065224885940552 0
1675615808836 0.3062655031681061 0
1675615809066 0.3048909604549408 0
1675615809270 0.30880776047706604 0
1675615809483 0.30662789940834045 0
1675615809713 0.30544018745422363 0
1675615809916 0.3095848560333252 0
1675615810138 0.3056589663028717 0
1675615810345 0.30647897720336914 0
1675615810602 0.30568403005599976 0
1675615810838 0.30473050475120544 0
1675615811051 0.3070773184299469 0
1675615811279 0.3044169843196869 0
1675615811496 0.30637460947036743 0
1675615811744 0.3019958734512329 0
1675615811949 0.3072705864906311 0
1675615812216 0.30414479970932007 0
1675615812427 0.30861377716064453 0
1675615812668 0.3058668076992035 0
1675615812902 0.3041183650493622 0
1675615813150 0.3047281503677368 0
1675615813411 0.3035885989665985 0
1675615813658 0.30241286754608154 0
1675615813890 0.3018324375152588 0
1675615814119 0.3031734824180603 0
1675615814360 0.3013686239719391 0
1675615814563 0.3075887858867645 0
1675615814835 0.3011321425437927 0
1675615815105 0.3039405643939972 0
1675615815375 0.30366018414497375 0
1675615815675 0.30036377906799316 0
1675615815947 0.30353718996047974 0
1675615816197 0.30242031812667847 0
1675615816425 0.30309030413627625 0
1675615816624 0.3053782284259796 0
1675615816824 0.30424678325653076 0
1675615817058 0.30076339840888977 0
1675615817315 0.29999712109565735 0
1675615817549 0.3020588159561157 0
1675615817778 0.3017403185367584 0
1675615818004 0.3011419177055359 0
1675615818256 0.30002182722091675 0
1675615818459 0.3026968538761139 0
1675615818688 0.3002382218837738 0
1675615818881 0.3034982979297638 0
1675615819086 0.30229631066322327 0
1675615819333 0.2974358797073364 0
1675615819573 0.29955175518989563 0
1675615819774 0.3023412823677063 0
1675615819979 0.30142828822135925 0
1675615820192 0.3003060817718506 0
1675615820442 0.2964632511138916 0
1675615820715 0.30167385935783386 0
1675615820953 0.29899105429649353 0
1675615821176 0.29887041449546814 0
1675615821412 0.29695287346839905 0
1675615821638 0.2993120551109314 0
1675615821862 0.2977106273174286 0
1675615822193 0.2941823899745941 0
1675615822459 0.29649364948272705 0
1675615822671 0.2996671199798584 0
1675615822884 0.2994249761104584 0
1675615823124 0.29855582118034363 0
1675615823361 0.29868412017822266 0
1675615823586 0.2975665330886841 0
1675615823831 0.29756179451942444 0
1675615824033 0.30031219124794006 0
1675615824289 0.29321956634521484 0
1675615824497 0.2983371317386627 0
1675615824730 0.29599976539611816 0
1675615824966 0.2951825261116028 0
1675615825199 0.29555535316467285 0
1675615825438 0.2947230935096741 0
1675615825675 0.2945067286491394 0
1675615825879 0.29729583859443665 0
1675615826141 0.2926695644855499 0
1675615826362 0.29559648036956787 0
1675615826607 0.29252633452415466 0
1675615826842 0.2934097647666931 0
1675615827056 0.2961631715297699 0
1675615827272 0.29765504598617554 0
1675615827549 0.294536292552948 0
1675615827801 0.29682737588882446 0
1675615828105 0.29139190912246704 0
1675615828373 0.29512521624565125 0
1675615828657 0.2935868799686432 0
1675615828923 0.2924621105194092 0
1675615829186 0.29479530453681946 0
1675615829429 0.29351338744163513 0
1675615829649 0.2950037717819214 0
1675615829834 0.29600226879119873 0
1675615830086 0.29168900847435 0
1675615830358 0.2901969254016876 0
1675615830586 0.2940109372138977 0
1675615830864 0.2918371856212616 0
1675615831139 0.2916862368583679 0
1675615831436 0.28987759351730347 0
1675615831657 0.29206010699272156 0
1675615831892 0.28976088762283325 0
1675615832103 0.29181063175201416 0
1675615832315 0.29129892587661743 0
1675615832534 0.2903343737125397 0
1675615832745 0.2907484769821167 0
1675615832960 0.2903628349304199 0
1675615833142 0.2937174439430237 0
1675615833384 0.2900417447090149 0
1675615833670 0.28526389598846436 0
1675615833876 0.29171237349510193 0
1675615834093 0.2892168462276459 0
1675615834319 0.2874685823917389 0
1675615834574 0.28764694929122925 0
1675615834777 0.29125821590423584 0
1675615834996 0.29024648666381836 0
1675615835207 0.28834405541419983 0
1675615835436 0.2889038920402527 0
1675615835657 0.2872151732444763 0
1675615835858 0.2888117730617523 0
1675615836072 0.2882141172885895 0
1675615836325 0.28615596890449524 0
1675615836630 0.2835048735141754 0
1675615836891 0.2857169806957245 0
1675615837156 0.2845957577228546 0
1675615837425 0.2847191095352173 0
1675615837685 0.28647807240486145 0
1675615837937 0.284596711397171 0
1675615838183 0.2862933576107025 0
1675615838466 0.2864464521408081 0
1675615838698 0.28406351804733276 0
1675615838915 0.2849380075931549 0
1675615839131 0.2848961055278778 0
1675615839360 0.282034695148468 0
1675615839568 0.283496230840683 0
1675615839779 0.282886266708374 0
1675615840024 0.2793520390987396 0
1675615840223 0.28373491764068604 0
1675615840444 0.28079894185066223 0
1675615840656 0.2813502252101898 0
1675615840865 0.2814710736274719 0
1675615841079 0.280985951423645 0
1675615841288 0.28107950091362 0
1675615841502 0.2800940275192261 0
1675615841727 0.27839529514312744 0
1675615841934 0.27984368801116943 0
1675615842125 0.2810223400592804 0
1675615842379 0.2750362455844879 0
1675615842574 0.2799386978149414 0
1675615842792 0.2772080600261688 0
1675615843010 0.2769325077533722 0
1675615843225 0.27655288577079773 0
1675615843473 0.2745435833930969 0
1675615843680 0.27673256397247314 0
1675615843910 0.27444833517074585 0
1675615844118 0.2760561406612396 0
1675615845526 0.2747274339199066 0
1675615845762 0.27378860116004944 0
1675615845974 0.2750042676925659 0
1675615846199 0.2737967371940613 0
1675615846423 0.2736227214336395 0
1675615846662 0.2707354724407196 0
1675615846889 0.27281108498573303 0
1675615847135 0.2716767191886902 0
1675615847394 0.26978161931037903 0
1675615847660 0.27258893847465515 0
1675615847961 0.2685312330722809 0
1675615848190 0.2708891034126282 0
1675615848427 0.26912686228752136 0
1675615848683 0.26799166202545166 0
1675615848921 0.26785480976104736 0
1675615849157 0.26874634623527527 0
1675615849383 0.26693326234817505 0
1675615849602 0.26714837551116943 0
1675615849839 0.26436328887939453 0
1675615850019 0.26863813400268555 0
1675615850240 0.26466551423072815 0
1675615850467 0.2637409567832947 0
1675615850690 0.2642524540424347 0
1675615850902 0.2648562788963318 0
1675615851116 0.2642780840396881 0
1675615851344 0.2613840699195862 0
1675615851553 0.2621604800224304 0
1675615851786 0.25946950912475586 0
1675615852037 0.25713855028152466 0
1675615852235 0.26114633679389954 0
1675615852495 0.2576984167098999 0
1675615852706 0.2588021755218506 0
1675615852922 0.2591339349746704 0
1675615853236 0.25244641304016113 0
1675615853483 0.2561410963535309 0
1675615853700 0.25544273853302 0
1675615853950 0.25262486934661865 0
1675615854202 0.25106358528137207 0
1675615854444 0.250876247882843 0
1675615854651 0.25228357315063477 0
1675615854848 0.25230246782302856 0
1675615855096 0.24843460321426392 0
1675615855331 0.2482912838459015 0
1675615855572 0.24666805565357208 0
1675615855846 0.24531003832817078 0
1675615856042 0.24786651134490967 0
1675615856249 0.2461269497871399 0
1675615856472 0.24416419863700867 0
1675615856700 0.24400731921195984 0
1675615856982 0.24248139560222626 0
1675615857220 0.24175694584846497 0
1675615857434 0.24177654087543488 0
1675615857668 0.2401449829339981 0
1675615857878 0.2394595444202423 0
1675615858111 0.23744183778762817 0
1675615858337 0.23602382838726044 0
1675615858556 0.23488812148571014 0
1675615858786 0.2335994392633438 0
1675615859035 0.2312791347503662 0
1675615859281 0.2321740686893463 0
1675615859563 0.22824911773204803 0
1675615859762 0.23028475046157837 0
1675615859983 0.2281888723373413 0
1675615860196 0.22678062319755554 0
1675615860447 0.22380414605140686 0
1675615860668 0.22386299073696136 0
1675615860866 0.22370725870132446 0
1675615861091 0.22136761248111725 0
1675615861318 0.22029750049114227 0
1675615861572 0.21793042123317719 0
1675615861846 0.2159247249364853 0
1675615862114 0.2143884301185608 0
1675615862349 0.21406987309455872 0
1675615862598 0.21183189749717712 0
1675615862843 0.21049687266349792 0
1675615863062 0.2096557766199112 0
1675615863275 0.20837029814720154 0
1675615863493 0.205903097987175 0
1675615863745 0.2034626007080078 0
1675615863998 0.20140881836414337 0
1675615864210 0.20132462680339813 0
1675615864430 0.19916227459907532 0
1675615864641 0.19749820232391357 0
1675615864848 0.19560562074184418 0
1675615865075 0.19344964623451233 0
1675615865282 0.19185146689414978 0
1675615865489 0.190171018242836 0
1675615865744 0.18763573467731476 0
1675615865970 0.18609382212162018 0
1675615866195 0.1840091049671173 0
1675615866412 0.18188396096229553 0
1675615866611 0.18004056811332703 0
1675615866812 0.1777031272649765 0
1675615867025 0.17550161480903625 0
1675615867256 0.17376762628555298 0
1675615867494 0.17132461071014404 0
1675615867753 0.16913199424743652 0
1675615868021 0.1666892170906067 0
1675615868282 0.16468515992164612 0
1675615868526 0.1624450385570526 0
1675615868733 0.16036778688430786 0
1675615868975 0.15809376537799835 0
1675615869185 0.15562090277671814 0
1675615869417 0.15358413755893707 0
1675615869661 0.15091484785079956 0
1675615869869 0.14841285347938538 0
1675615870081 0.14573165774345398 0
1675615870337 0.14400550723075867 0
1675615870556 0.14141011238098145 0
1675615870761 0.13881218433380127 0
1675615870976 0.136237233877182 0
1675615871215 0.13402658700942993 0
1675615871417 0.13124433159828186 0
1675615871636 0.1294005662202835 0
1675615871862 0.12662342190742493 0
1675615872076 0.12392202019691467 0
1675615872346 0.12308090925216675 0
1675615872587 0.1194109320640564 0
1675615872828 0.11745788156986237 0
1675615873044 0.11453960090875626 0
1675615873261 0.11155221611261368 0
1675615873475 0.10917135328054428 0
1675615873714 0.10768502950668335 0
1675615873945 0.1050797626376152 0
1675615874198 0.1026340201497078 0
1675615874407 0.09952039271593094 0
1675615874662 0.0989501103758812 0
1675615874864 0.09450610727071762 0
1675615875076 0.09264815598726273 0
1675615875298 0.08934031426906586 0
1675615875531 0.08779276907444 0
1675615875757 0.08607669174671173 0
1675615876004 0.08412586152553558 0
1675615876240 0.080784872174263 0
1675615876483 0.07902020215988159 0
1675615876749 0.0774737298488617 0
1675615876963 0.07363932579755783 0
1675615877216 0.07270251214504242 0
1675615877449 0.07059039175510406 0
1675615877702 0.06997967511415482 0
1675615877917 0.06625664979219437 0
1675615878143 0.06448620557785034 0
1675615878355 0.06226205453276634 0
1675615878571 0.06146940961480141 0
1675615878758 0.056932687759399414 0
1675615878978 0.058196160942316055 0
1675615879234 0.05795414745807648 0
1675615879453 0.053817618638277054 0
1675615879662 0.05149264633655548 0
1675615879922 0.052316177636384964 0
1675615880209 0.05186432600021362 0
1675615880469 0.048568520694971085 0
1675615880713 0.04610053822398186 0
1675615880939 0.04471332207322121 0
1675615881172 0.04500918462872505 0
1675615881435 0.04320083186030388 0
1675615881678 0.04243370145559311 0
1675615883242 0.04198421537876129 0
1675615883474 0.04010426253080368 0
1675615883687 0.036817993968725204 0
1675615883911 0.03761420026421547 0
1675615884128 0.035806216299533844 0
1675615884341 0.03373460844159126 0
1675615884585 0.0342409648001194 0
1675615884840 0.034459568560123444 0
1675615885072 0.033310338854789734 0
1675615885309 0.030197804793715477 0
1675615885538 0.029289955273270607 0
1675615885778 0.02952389419078827 0
1675615886016 0.030307376757264137 0
1675615886229 0.02710708975791931 0
1675615886482 0.02990550361573696 0
1675615886684 0.02578355185687542 0
1675615886902 0.026197854429483414 0
1675615887118 0.025033244863152504 0
1675615887410 0.025246670469641685 0
1675615887702 0.026560796424746513 0
1675615887903 0.021569078788161278 0
1675615888114 0.02176755666732788 0
1675615888375 0.024624643847346306 0
1675615888591 0.021622434258461 0
1675615888776 0.01986999437212944 0
1675615889012 0.020128117874264717 0
1675615889219 0.021030591800808907 0
1675615889412 0.01853090710937977 0
1675615889609 0.019614210352301598 0
1675615889818 0.019265158101916313 0
1675615890036 0.01951940916478634 0
1675615890251 0.019466780126094818 0
1675615890467 0.018941689282655716 0
1675615890707 0.020561283454298973 0
1675615890925 0.018487844616174698 0
1675615891187 0.01897326670587063 0
1675615891426 0.017955275252461433 0
1675615891658 0.01857549324631691 0
1675615891847 0.015700314193964005 0
1675615892098 0.018714187666773796 0
1675615892322 0.01768040470778942 0
1675615892529 0.015273883007466793 0
1675615892768 0.014993070624768734 0
1675615893077 0.018399382010102272 0
1675615893362 0.014999842271208763 0
1675615893659 0.016258690506219864 0
1675615893957 0.017143040895462036 0
1675615894174 0.013049844652414322 0
1675615894443 0.015336102806031704 0
1675615894714 0.013523610308766365 0
1675615894983 0.014928937889635563 0
1675615895268 0.014947672374546528 0
1675615895488 0.013271907344460487 0
1675615895754 0.01358227152377367 0
1675615896017 0.014819148927927017 0
1675615896299 0.014220751821994781 0
1675615896555 0.012373319827020168 0
1675615896814 0.014258532784879208 0
1675615897085 0.014823349192738533 0
1675615897292 0.012262629345059395 0
1675615897534 0.013601509854197502 0
1675615897799 0.01249333843588829 0
1675615898016 0.010988558642566204 0
1675615898288 0.01261861715465784 0
1675615898518 0.012366797775030136 0
1675615898732 0.011754470877349377 0
1675615898929 0.010336985811591148 0
1675615899155 0.01399939227849245 0
1675615899368 0.011669176630675793 0
1675615899600 0.01310733798891306 0
1675615899841 0.014207656495273113 0
1675615900044 0.010304982773959637 0
1675615900264 0.011368893086910248 0
1675615900483 0.011817007325589657 0
1675615900702 0.011513961479067802 0
1675615900894 0.009882344864308834 0
1675615901100 0.011403124779462814 0
1675615901335 0.012219398282468319 0
1675615901550 0.012019540183246136 0
1675615901804 0.014582476578652859 0
1675615902048 0.012192616239190102 0
1675615902223 0.008693424053490162 0
1675615902445 0.011573421768844128 0
1675615902662 0.01133321039378643 0
1675615902881 0.011215309612452984 0
1675615903096 0.010808284394443035 0
1675615903316 0.0118514159694314 0
1675615903557 0.01203771773725748 0
1675615903758 0.009310780093073845 0
1675615903952 0.009330366738140583 0
1675615904168 0.010858738794922829 0
1675615904367 0.009482068009674549 0
1675615904579 0.011125979013741016 0
1675615904788 0.01041560247540474 0
1675615904998 0.010478354059159756 0
1675615905199 0.010427297092974186 0
1675615905441 0.011482611298561096 0
1675615905682 0.009471306577324867 0
1675615905928 0.010209962725639343 0
1675615906145 0.009277881123125553 0
1675615906369 0.011621365323662758 0
1675615906581 0.010100055485963821 0
1675615906794 0.010645956732332706 0
1675615907008 0.009848580695688725 0
1675615907213 0.009983843192458153 0
1675615907445 0.01096914429217577 0
1675615907684 0.01061923149973154 0
1675615907911 0.012252566404640675 0
1675615908194 0.013237262144684792 0
1675615908380 0.008297611027956009 0
1675615908608 0.010418848134577274 0
1675615908840 0.010793915018439293 0
1675615909069 0.010558872483670712 0
1675615909265 0.008635731413960457 0
1675615909479 0.010637485422194004 0
1675615909671 0.00828614179044962 0
1675615909872 0.009737920016050339 0
1675615910089 0.00941298995167017 0
1675615910321 0.010761464945971966 0
1675615910560 0.01041849609464407 0
1675615910789 0.010110316798090935 0
1675615911017 0.008579847402870655 0
1675615911214 0.008548087440431118 0
1675615911441 0.010921617038547993 0
1675615911640 0.008441337384283543 0
1675615911851 0.00934259407222271 0
1675615912088 0.010859447531402111 0
1675615912316 0.011472277343273163 0
1675615912508 0.007825040258467197 0
1675615912725 0.008917196653783321 0
1675615912987 0.011566194705665112 0
1675615913251 0.011469580233097076 0
1675615913469 0.010078022256493568 0
1675615913671 0.008317540399730206 0
1675615913868 0.00932333618402481 0
1675615914079 0.009035690687596798 0
1675615914275 0.008924543857574463 0
1675615914503 0.010453866794705391 0
1675615914725 0.01025410182774067 0
1675615914954 0.009670654311776161 0
1675615915184 0.011126975528895855 0
1675615915407 0.010011481121182442 0
1675615915635 0.010648195631802082 0
1675615915871 0.01062921341508627 0
1675615916090 0.009272964671254158 0
1675615916297 0.00948673952370882 0
1675615916508 0.00875940639525652 0
1675615916708 0.008867968805134296 0
1675615916939 0.009891089983284473 0
1675615917154 0.00975396391004324 0
1675615917362 0.009404444135725498 0
1675615917584 0.0083385668694973 0
1675615917854 0.012485853396356106 0
1675615918051 0.0067955427803099155 0
1675615918287 0.011231102980673313 0
1675615918468 0.007514986675232649 0
1675615918691 0.010449542663991451 0
1675615920100 0.009772984310984612 0
1675615920330 0.010999036021530628 0
1675615920575 0.012249885126948357 0
1675615920769 0.0077825686894357204 0
1675615921010 0.009801377542316914 0
1675615921203 0.007314848713576794 0
1675615921431 0.011539125815033913 0
1675615921635 0.008723370730876923 0
1675615921866 0.010694357566535473 0
1675615922086 0.009391101077198982 0
1675615922324 0.011474670842289925 0
1675615922551 0.010923272930085659 0
1675615922764 0.00934034027159214 0
1675615923026 0.009219994768500328 0
1675615923254 0.010533295571804047 0
1675615923493 0.011679945513606071 0
1675615923721 0.010465133003890514 0
1675615923974 0.01232121791690588 0
1675615924213 0.010447867214679718 0
1675615924426 0.009035727940499783 0
1675615924646 0.009926998056471348 0
1675615924865 0.010319232940673828 0
1675615925120 0.011050763539969921 0
1675615925340 0.009313615038990974 0
1675615925560 0.009653748013079166 0
1675615925780 0.00928426906466484 0
1675615925995 0.009122129529714584 0
1675615926216 0.009931878186762333 0
1675615926440 0.009808498434722424 0
1675615926667 0.010497702285647392 0
1675615926886 0.009671932086348534 0
1675615927104 0.00898135919123888 0
1675615927331 0.009905020706355572 0
1675615927551 0.00827818177640438 0
1675615927800 0.009987317956984043 0
1675615928101 0.014137721620500088 0
1675615928326 0.007960259914398193 0
1675615928529 0.007472536060959101 0
1675615928748 0.009462994523346424 0
1675615928977 0.010361776687204838 0
1675615929211 0.008583886548876762 0
1675615929429 0.008951825089752674 0
1675615929658 0.010415884666144848 0
1675615929871 0.008687340654432774 0
1675615930075 0.007844015955924988 0
1675615930324 0.011722718365490437 0
1675615930547 0.009305321611464024 0
1675615930770 0.009806034155189991 0
1675615930983 0.009045802988111973 0
1675615931216 0.011056731455028057 0
1675615931424 0.008255788125097752 0
1675615931649 0.009538617916405201 0
1675615931858 0.00869179517030716 0
1675615932085 0.010192916728556156 0
1675615932324 0.01113969087600708 0
1675615932544 0.009316646493971348 0
1675615932748 0.008255783468484879 0
1675615932959 0.007899347692728043 0
1675615933216 0.012042274698615074 0
1675615933436 0.009068518877029419 0
1675615933658 0.009922140277922153 0
1675615933857 0.007814427837729454 0
1675615934078 0.009646006859838963 0
1675615934296 0.009582437574863434 0
1675615934521 0.009541111066937447 0
1675615934726 0.008677663281559944 0
1675615934952 0.008904934860765934 0
1675615935200 0.010976823978126049 0
1675615935459 0.011740243062376976 0
1675615935683 0.009962440468370914 0
1675615935901 0.009069858118891716 0
1675615936113 0.009059985168278217 0
1675615936316 0.007787742651998997 0
1675615936540 0.009885156527161598 0
1675615936763 0.009640621021389961 0
1675615936971 0.00854257307946682 0
1675615937181 0.007164005655795336 0
1675615937418 0.010840438306331635 0
1675615937665 0.009527858346700668 0
1675615937924 0.010280081070959568 0
1675615938186 0.01039823517203331 0
1675615938381 0.007180235348641872 0
1675615938631 0.01135598961263895 0
1675615938824 0.007140233181416988 0
1675615939041 0.008755688555538654 0
1675615939262 0.009311451576650143 0
1675615939478 0.00949057750403881 0
1675615939690 0.008510913699865341 0
1675615939903 0.008611143566668034 0
1675615940141 0.010476075112819672 0
1675615940362 0.009453997015953064 0
1675615940563 0.008153175003826618 0
1675615940790 0.009317072108387947 0
1675615941021 0.010378031060099602 0
1675615941311 0.014115802012383938 0
1675615941579 0.012402170337736607 0
1675615941799 0.007922790013253689 0
1675615942033 0.009588809683918953 0
1675615942304 0.012035238556563854 0
1675615942531 0.010055980645120144 0
1675615942771 0.010432234965264797 0
1675615942991 0.007831563241779804 0
1675615943221 0.008884294889867306 0
1675615943481 0.010153617709875107 0
1675615943710 0.008984146639704704 0
1675615943929 0.009322638623416424 0
1675615944158 0.01041556615382433 0
1675615944384 0.010377470403909683 0
1675615944580 0.007690219674259424 0
1675615944799 0.00933163333684206 0
1675615945000 0.0077582416124641895 0
1675615945198 0.00797240063548088 0
1675615945433 0.009249737486243248 0
1675615945644 0.008461418561637402 0
1675615945847 0.008513807319104671 0
1675615946097 0.011784033849835396 0
1675615946306 0.008265223354101181 0
1675615946542 0.010610504075884819 0
1675615946778 0.01057273056358099 0
1675615946985 0.007950840517878532 0
1675615947190 0.008163528516888618 0
1675615947422 0.010298840701580048 0
1675615947644 0.008613310754299164 0
1675615947856 0.008649895898997784 0
1675615948084 0.010696508921682835 0
1675615948283 0.0075767445378005505 0
1675615948494 0.009166000410914421 0
1675615948717 0.009712173603475094 0
1675615948923 0.008476627990603447 0
1675615949142 0.010115464217960835 0
1675615949389 0.012090315110981464 0
1675615949628 0.01064209546893835 0
1675615949862 0.00956064835190773 0
1675615950095 0.009576000273227692 0
1675615950317 0.009893461130559444 0
1675615950514 0.0076867323368787766 0
1675615950737 0.009932365268468857 0
1675615950953 0.008133035153150558 0
1675615951197 0.010304762981832027 0
1675615951441 0.010267656296491623 0
1675615951668 0.009945905767381191 0
1675615951877 0.00864194706082344 0
1675615952096 0.009347855113446712 0
1675615952320 0.009456639178097248 0
1675615952510 0.006937593687325716 0
1675615952735 0.010100698098540306 0
1675615952970 0.010718969628214836 0
1675615953189 0.009587573818862438 0
1675615953417 0.009114125743508339 0
1675615953663 0.010072647593915462 0
1675615953886 0.009883895516395569 0
1675615954090 0.008752962574362755 0
1675615954331 0.01141314022243023 0
1675615954540 0.008576886728405952 0
1675615954760 0.009195326827466488 0
1675615955034 0.013651270419359207 0
1675615955249 0.009565673768520355 0
1675615956640 0.007751679513603449 0
1675615956871 0.010969122871756554 0
1675615957096 0.010612986981868744 0
1675615957320 0.009980820119380951 0
1675615957575 0.010785805061459541 0
1675615957835 0.010235513560473919 0
1675615958077 0.00997405406087637 0
1675615958329 0.011004718951880932 0
1675615958531 0.007989952340722084 0
1675615958763 0.010840981267392635 0
1675615958999 0.011354758404195309 0
1675615959219 0.009838438592851162 0
1675615959415 0.008355137892067432 0
1675615959635 0.009449617937207222 0
1675615959838 0.008755148388445377 0
1675615960071 0.010540769435465336 0
1675615960268 0.008042749017477036 0
1675615960488 0.010000886395573616 0
1675615960685 0.008027255535125732 0
1675615960901 0.009957542642951012 0
1675615961125 0.010340405628085136 0
1675615961328 0.008613578975200653 0
1675615961579 0.01200282946228981 0
1675615961811 0.010968501679599285 0
1675615962032 0.009898138232529163 0
1675615962261 0.010425436310470104 0
1675615962479 0.009664374403655529 0
1675615962691 0.009649083018302917 0
1675615962900 0.009320195764303207 0
1675615963112 0.009303666651248932 0
1675615963324 0.009089033119380474 0
1675615963543 0.009299018420279026 0
1675615963777 0.010845349170267582 0
1675615964023 0.010963862761855125 0
1675615964222 0.008130766451358795 0
1675615964442 0.009692775085568428 0
1675615964669 0.010077957063913345 0
1675615964884 0.010018086060881615 0
1675615965071 0.0068763443268835545 0
1675615965280 0.009602799080312252 0
1675615965504 0.010106469504535198 0
1675615965758 0.011893125250935555 0
1675615965984 0.008843502961099148 0
1675615966190 0.00852721557021141 0
1675615966407 0.009550954215228558 0
1675615966621 0.009351433254778385 0
1675615966812 0.007420815527439117 0
1675615967058 0.01183247473090887 0
1675615967288 0.010430588386952877 0
1675615967488 0.008456296287477016 0
1675615967730 0.010439501143991947 0
1675615967947 0.009892402216792107 0
1675615968153 0.009225022979080677 0
1675615968357 0.008503468707203865 0
1675615968550 0.007954373955726624 0
1675615968740 0.00711542833596468 0
1675615968966 0.010106731206178665 0
1675615969174 0.00882047601044178 0
1675615969380 0.008528308011591434 0
1675615969576 0.0077758170664310455 0
1675615969785 0.007875320501625538 0
1675615970020 0.01135004311800003 0
1675615970224 0.008791507221758366 0
1675615970420 0.00789777934551239 0
1675615970634 0.009370281361043453 0
1675615970826 0.0076514859683811665 0
1675615971065 0.012279652990400791 0
1675615971286 0.010050501674413681 0
1675615971495 0.008948941715061665 0
1675615971705 0.008849614299833775 0
1675615971885 0.006502618547528982 0
1675615972105 0.010031688958406448 0
1675615972305 0.008424954488873482 0
1675615972515 0.009464431554079056 0
1675615972736 0.009414981119334698 0
1675615972985 0.010778420604765415 0
1675615973214 0.009374160319566727 0
1675615973457 0.00834125466644764 0
1675615973699 0.011621108278632164 0
1675615973905 0.00836160872131586 0
1675615974152 0.010553315281867981 0
1675615974392 0.009909394197165966 0
1675615974616 0.009374209679663181 0
1675615974883 0.011207514442503452 0
1675615975102 0.00852676946669817 0
1675615975389 0.008783821947872639 0
1675615975645 0.012499022297561169 0
1675615975867 0.009819495491683483 0
1675615976089 0.010367169976234436 0
1675615976296 0.00883769802749157 0
1675615976495 0.00832593534141779 0
1675615976737 0.011989074759185314 0
1675615976950 0.008334056474268436 0
1675615977208 0.012756731361150742 0
1675615977443 0.011582506820559502 0
1675615977669 0.00961320847272873 0
1675615977893 0.009753813035786152 0
1675615978118 0.009139182977378368 0
1675615978325 0.008971009403467178 0
1675615978573 0.012266697362065315 0
1675615978819 0.010994954034686089 0
1675615979056 0.010677839629352093 0
1675615979264 0.009091267362236977 0
1675615979488 0.009522054344415665 0
1675615979702 0.009403285570442677 0
1675615979933 0.010722678154706955 0
1675615980147 0.00933903455734253 0
1675615980350 0.008627252653241158 0
1675615980563 0.009111152961850166 0
1675615980759 0.007761955726891756 0
1675615980969 0.008919649757444859 0
1675615981190 0.01013052836060524 0
1675615981400 0.009124168194830418 0
1675615981680 0.010627497918903828 0
1675615981961 0.01004586648195982 0
1675615982235 0.010508102364838123 0
1675615982413 0.006882787216454744 0
1675615982616 0.008107596077024937 0
1675615982822 0.008400732651352882 0
1675615983061 0.009490393102169037 0
1675615983318 0.012421069666743279 0
1675615983515 0.007593916729092598 0
1675615983699 0.007430556695908308 0
1675615983901 0.008753044530749321 0
1675615984120 0.008370725437998772 0
1675615984331 0.009581774473190308 0
1675615984545 0.009243752807378769 0
1675615984748 0.008681109175086021 0
1675615984956 0.00897083431482315 0
1675615985154 0.008232642896473408 0
1675615985360 0.008972017094492912 0
1675615985579 0.009918790310621262 0
1675615985797 0.00985870324075222 0
1675615986023 0.010317079722881317 0
1675615986229 0.009205986745655537 0
1675615986466 0.010623251087963581 0
1675615986686 0.00958248320966959 0
1675615986900 0.009270211681723595 0
1675615987144 0.010291820392012596 0
1675615987360 0.008602375164628029 0
1675615987575 0.009705821983516216 0
1675615987821 0.009639048017561436 0
1675615988061 0.00910527165979147 0
1675615988292 0.008744949474930763 0
1675615988512 0.008448667824268341 0
1675615988745 0.010186176747083664 0
1675615988977 0.009816144593060017 0
1675615989213 0.010889559984207153 0
1675615989447 0.010443413630127907 0
1675615989671 0.009911716915667057 0
1675615989899 0.009919565171003342 0
1675615990112 0.00909035000950098 0
1675615990313 0.008648511953651905 0
1675615990533 0.009945975616574287 0
1675615990733 0.007934228517115116 0
1675615990945 0.009449326433241367 0
1675615991162 0.009864306077361107 0
