1675875125575 0.2505219578742981 0
1675875125664 0.25048160552978516 0
1675875125746 0.2503310441970825 0
1675875125830 0.25023403763771057 0
1675875125911 0.24994316697120667 0
1675875125992 0.24968239665031433 0
1675875126073 0.24977704882621765 0
1675875126155 0.2493443787097931 0
1675875126236 0.2493867576122284 0
1675875126317 0.24902354180812836 0
1675875126398 0.2486768662929535 0
1675875126477 0.24875688552856445 0
1675875126557 0.24853883683681488 0
1675875126637 0.24813373386859894 0
1675875126717 0.24797910451889038 0
1675875126797 0.2478187084197998 0
1675875126879 0.2478572577238083 0
1675875126959 0.24722298979759216 0
1675875127039 0.24735397100448608 0
1675875127119 0.24708761274814606 0
1675875127198 0.2468060851097107 0
1675875127277 0.24656572937965393 0
1675875127356 0.24719101190567017 0
1675875127435 0.24605269730091095 0
1675875127513 0.24630409479141235 0
1675875127593 0.24578958749771118 0
1675875127673 0.24620836973190308 0
1675875127753 0.24509297311306 0
1675875127825 0.24511051177978516 0
1675875128001 0.2448367476463318 0
1675875128083 0.24518194794654846 0
1675875128163 0.2456613928079605 0
1675875128243 0.2446441352367401 0
1675875128323 0.244691863656044 0
1675875128402 0.24418610334396362 0
1675875128481 0.24394939839839935 0
1675875128564 0.24415944516658783 0
1675875128644 0.24374209344387054 0
1675875128723 0.2432071715593338 0
1675875128802 0.24355724453926086 0
1675875128880 0.24360600113868713 0
1675875128961 0.24340230226516724 0
1675875129040 0.2435527741909027 0
1675875129120 0.24295082688331604 0
1675875129199 0.2424272894859314 0
1675875129278 0.24259959161281586 0
1675875129359 0.24272724986076355 0
1675875129441 0.2420455813407898 0
1675875129524 0.24111416935920715 0
1675875129607 0.24134132266044617 0
1675875129689 0.2415187507867813 0
1675875129771 0.2404414862394333 0
1675875129853 0.24147705733776093 0
1675875129935 0.2409020960330963 0
1675875130017 0.24041271209716797 0
1675875130099 0.240596741437912 0
1675875130180 0.23899109661579132 0
1675875130254 0.24066269397735596 0
1675875130433 0.24085481464862823 0
1675875130515 0.24016724526882172 0
1675875130596 0.23903609812259674 0
1675875130677 0.23834341764450073 0
1675875130760 0.23930074274539948 0
1675875130841 0.23969882726669312 0
1675875130924 0.23919565975666046 0
1675875131006 0.23918011784553528 0
1675875131089 0.23965317010879517 0
1675875131171 0.23858627676963806 0
1675875131253 0.2374657839536667 0
1675875131334 0.2372613549232483 0
1675875131415 0.23937484622001648 0
1675875131496 0.2393171340227127 0
1675875131578 0.23769362270832062 0
1675875131661 0.2370290607213974 0
1675875131742 0.23656617105007172 0
1675875131823 0.23580746352672577 0
1675875131905 0.23562504351139069 0
1675875131986 0.23816527426242828 0
1675875132068 0.2360723316669464 0
1675875132150 0.23582540452480316 0
1675875132232 0.23755474388599396 0
1675875132314 0.23747171461582184 0
1675875132396 0.23441432416439056 0
1675875132478 0.23496364057064056 0
1675875132561 0.23629352450370789 0
1675875132643 0.23544614017009735 0
1675875132718 0.23565135896205902 0
1675875132899 0.234577015042305 0
1675875132980 0.2371000200510025 0
1675875133061 0.23414285480976105 0
1675875133142 0.23339185118675232 0
1675875133226 0.234422504901886 0
1675875133311 0.23263849318027496 0
1675875133394 0.23342347145080566 0
1675875133477 0.23572209477424622 0
1675875133562 0.23004832863807678 0
1675875133646 0.23427437245845795 0
1675875133731 0.2345312237739563 0
1675875133816 0.23517197370529175 0
1675875133900 0.2324402779340744 0
1675875133982 0.232852503657341 0
1675875134068 0.23298241198062897 0
1675875134152 0.23239676654338837 0
1675875134236 0.23273682594299316 0
1675875134315 0.23319967091083527 0
1675875134388 0.23191435635089874 0
1675875134461 0.23516026139259338 0
1675875134534 0.2329321652650833 0
1675875134606 0.2304115891456604 0
1675875134681 0.2305290400981903 0
1675875134754 0.23133863508701324 0
1675875134828 0.23019002377986908 0
1675875134902 0.23005251586437225 0
1675875134975 0.2305317521095276 0
1675875135049 0.22970356047153473 0
1675875135117 0.23155662417411804 0
1675875135282 0.23283837735652924 0
1675875135356 0.2294824719429016 0
1675875135429 0.22782640159130096 0
1675875135503 0.22882318496704102 0
1675875135576 0.22760088741779327 0
1675875135649 0.22960945963859558 0
1675875135723 0.22920647263526917 0
1675875135796 0.22781966626644135 0
1675875135869 0.22633393108844757 0
1675875135943 0.22895437479019165 0
1675875136017 0.2294694483280182 0
1675875136091 0.22609275579452515 0
1675875136164 0.23035332560539246 0
1675875136237 0.22660642862319946 0
1675875136311 0.22887399792671204 0
1675875136384 0.2306649386882782 0
1675875136458 0.23164121806621552 0
1675875136531 0.23136554658412933 0
1675875136604 0.22372318804264069 0
1675875136678 0.22523239254951477 0
1675875136752 0.22143355011940002 0
1675875136825 0.22380658984184265 0
1675875136901 0.22783462703227997 0
1675875136975 0.22832660377025604 0
1675875137050 0.2257002294063568 0
1675875137122 0.22486113011837006 0
1675875137195 0.23174765706062317 0
1675875137268 0.22890053689479828 0
1675875137336 0.22721907496452332 0
1675875137502 0.22371728718280792 0
1675875137575 0.23050786554813385 0
1675875137649 0.22655682265758514 0
1675875137723 0.22920116782188416 0
1675875137796 0.22549057006835938 0
1675875137869 0.2262791097164154 0
1675875137943 0.22384066879749298 0
1675875138016 0.2246607095003128 0
1675875138089 0.22477354109287262 0
1675875138164 0.2237185537815094 0
1675875138238 0.2226460576057434 0
1675875138311 0.2266875058412552 0
1675875138384 0.22372493147850037 0
1675875138456 0.22368749976158142 0
1675875138528 0.21979795396327972 0
1675875138601 0.2209625542163849 0
1675875138675 0.2217906266450882 0
1675875138751 0.22197593748569489 0
1675875138824 0.2234305441379547 0
1675875138898 0.22119155526161194 0
1675875138971 0.22132053971290588 0
1675875139045 0.21838440001010895 0
1675875139124 0.22084827721118927 0
1675875139203 0.22333835065364838 0
1675875139283 0.22240787744522095 0
1675875139362 0.22195591032505035 0
1675875139441 0.223099485039711 0
1675875139521 0.2224215865135193 0
1675875139593 0.21699579060077667 0
1675875139773 0.21804356575012207 0
1675875139854 0.21835510432720184 0
1675875139934 0.21997740864753723 0
1675875140013 0.221687451004982 0
1675875140093 0.21823959052562714 0
1675875140172 0.21803435683250427 0
1675875140251 0.22250263392925262 0
1675875140331 0.21586592495441437 0
1675875140410 0.22051165997982025 0
1675875140489 0.2187613546848297 0
1675875140569 0.2213694304227829 0
1675875140647 0.22203654050827026 0
1675875140728 0.22056764364242554 0
1675875140806 0.2251690775156021 0
1675875140886 0.21805889904499054 0
1675875140964 0.2173023521900177 0
1675875141042 0.21927133202552795 0
1675875141123 0.21656832098960876 0
1675875141201 0.21883419156074524 0
1675875141281 0.2168155312538147 0
1675875141361 0.2225678414106369 0
1675875141442 0.21375051140785217 0
1675875141521 0.21537379920482635 0
1675875141601 0.21725288033485413 0
1675875141682 0.21709422767162323 0
1675875141762 0.2179974615573883 0
1675875141841 0.21459874510765076 0
1675875141921 0.22137118875980377 0
1675875141993 0.2124376744031906 0
1675875142173 0.21102257072925568 0
1675875142252 0.22163733839988708 0
1675875142333 0.21821372210979462 0
1675875142414 0.2120528221130371 0
1675875142496 0.21487949788570404 0
1675875142577 0.21798090636730194 0
1675875142657 0.21540069580078125 0
1675875142736 0.21515589952468872 0
1675875142823 0.21273861825466156 0
1675875142903 0.2171623855829239 0
1675875142988 0.21936646103858948 0
1675875143067 0.21465182304382324 0
1675875143148 0.21368294954299927 0
1675875143227 0.21207216382026672 0
1675875143308 0.21403534710407257 0
1675875143388 0.21699970960617065 0
1675875143469 0.21632902324199677 0
1675875143549 0.2174028605222702 0
1675875143631 0.20836669206619263 0
1675875143711 0.21214504539966583 0
1675875143791 0.2107592523097992 0
1675875143871 0.21880310773849487 0
1675875143951 0.21324965357780457 0
1675875144030 0.2115326076745987 0
1675875144110 0.21316035091876984 0
1675875144189 0.21003498136997223 0
1675875144270 0.21272611618041992 0
1675875144350 0.20415793359279633 0
1675875144426 0.2111937701702118 0
1675875144603 0.2079974263906479 0
1675875144682 0.21269290149211884 0
1675875144762 0.20583327114582062 0
1675875144842 0.2079540640115738 0
1675875144922 0.20827016234397888 0
1675875144998 0.21068039536476135 0
1675875145071 0.21744804084300995 0
1675875145143 0.20805339515209198 0
1675875145215 0.21424096822738647 0
1675875145286 0.21358521282672882 0
1675875145359 0.21414582431316376 0
1675875145437 0.2107737511396408 0
1675875145516 0.20677447319030762 0
1675875145595 0.2062414139509201 0
1675875145675 0.2141207754611969 0
1675875145754 0.21351642906665802 0
1675875145834 0.21456320583820343 0
1675875145913 0.20858685672283173 0
1675875145993 0.2064928114414215 0
1675875146072 0.21009445190429688 0
1675875146152 0.20446191728115082 0
1675875146232 0.2117309719324112 0
1675875146312 0.20516027510166168 0
1675875146390 0.20344407856464386 0
1675875146470 0.21173959970474243 0
1675875146549 0.2089962661266327 0
1675875146628 0.2075989842414856 0
1675875146707 0.20873163640499115 0
1675875146783 0.19942836463451385 0
1675875146965 0.20972058176994324 0
1675875147045 0.20755808055400848 0
1675875147126 0.20036570727825165 0
1675875147205 0.20189543068408966 0
1675875147285 0.20526599884033203 0
1675875147365 0.2153943032026291 0
1675875147446 0.20424935221672058 0
1675875147525 0.20950976014137268 0
1675875147604 0.20291024446487427 0
1675875147683 0.20338299870491028 0
1675875147762 0.2000720351934433 0
1675875147841 0.20052951574325562 0
1675875147921 0.20864515006542206 0
1675875148001 0.20771700143814087 0
1675875148082 0.21076364815235138 0
1675875148162 0.20176830887794495 0
1675875148241 0.20000405609607697 0
1675875148320 0.2000267207622528 0
1675875148399 0.20415712893009186 0
1675875148479 0.20088091492652893 0
1675875148559 0.21528516709804535 0
1675875148638 0.19715552031993866 0
1675875148717 0.20529009401798248 0
1675875148796 0.20432251691818237 0
1675875148875 0.20683273673057556 0
1675875148955 0.20736335217952728 0
1675875149035 0.2030954658985138 0
1675875149114 0.20888717472553253 0
1675875149187 0.20046545565128326 0
1675875149363 0.20578329265117645 0
1675875149442 0.202035054564476 0
1675875149521 0.2040053904056549 0
1675875149600 0.20527391135692596 0
1675875149680 0.20159079134464264 0
1675875149760 0.19998696446418762 0
1675875149839 0.20751647651195526 0
1675875149918 0.21063753962516785 0
1675875149998 0.1966702938079834 0
1675875150077 0.19367465376853943 0
1675875150157 0.19457602500915527 0
1675875150237 0.20105968415737152 0
1675875150317 0.2027110755443573 0
1675875150396 0.19826170802116394 0
1675875150476 0.20369002223014832 0
1675875150554 0.20046427845954895 0
1675875150633 0.2045583426952362 0
1675875150713 0.2117355763912201 0
1675875150795 0.2036699652671814 0
1675875150877 0.19342412054538727 0
1675875150960 0.1950027346611023 0
1675875151042 0.20067715644836426 0
1675875151123 0.2032332420349121 0
1675875151203 0.19090431928634644 0
1675875151287 0.20165486633777618 0
1675875151367 0.19243976473808289 0
1675875151452 0.19358506798744202 0
1675875151533 0.1974552720785141 0
1675875151604 0.20056341588497162 0
1675875151768 0.18983158469200134 0
1675875151844 0.19888244569301605 0
1675875151922 0.19527468085289001 0
1675875152001 0.19760499894618988 0
1675875152080 0.19685493409633636 0
1675875152159 0.19174876809120178 0
1675875152237 0.19603022933006287 0
1675875152316 0.19619958102703094 0
1675875152396 0.19400328397750854 0
1675875152478 0.18967603147029877 0
1675875152558 0.2011169046163559 0
1675875152638 0.1994054764509201 0
1675875152717 0.19864962995052338 0
1675875152795 0.19247691333293915 0
1675875152874 0.20102769136428833 0
1675875152955 0.19370868802070618 0
1675875153034 0.19153673946857452 0
1675875153113 0.20215155184268951 0
1675875153192 0.19437724351882935 0
1675875153270 0.19654998183250427 0
1675875153349 0.1966722458600998 0
1675875153427 0.19306904077529907 0
1675875153506 0.1934247761964798 0
1675875153586 0.1956833302974701 0
1675875153665 0.20377831161022186 0
1675875153744 0.2074577808380127 0
1675875153822 0.19604068994522095 0
1675875153900 0.19986499845981598 0
1675875153971 0.19060802459716797 0
1675875154149 0.19192856550216675 0
1675875154229 0.19598767161369324 0
1675875154307 0.19143196940422058 0
1675875154384 0.20319965481758118 0
1675875154462 0.19708971679210663 0
1675875154540 0.18704575300216675 0
1675875154618 0.2009761929512024 0
1675875154695 0.20308692753314972 0
1675875154773 0.195148766040802 0
1675875154846 0.1840045303106308 0
1675875154923 0.18810778856277466 0
1675875154993 0.1948094218969345 0
1675875155065 0.1987425982952118 0
1675875155135 0.19045290350914001 0
1675875155207 0.19330903887748718 0
1675875155278 0.1863333135843277 0
1675875155350 0.18701475858688354 0
1675875155420 0.19643869996070862 0
1675875155492 0.18967461585998535 0
1675875155564 0.18783429265022278 0
1675875155635 0.19670221209526062 0
1675875155705 0.19693845510482788 0
1675875155775 0.19210562109947205 0
1675875155875 0.19051377475261688 0
1675875155987 0.18772149085998535 0
1675875156073 0.1908991038799286 0
1675875156160 0.19183212518692017 0
1675875156247 0.18657781183719635 0
1675875156326 0.18144826591014862 0
1675875156514 0.19546502828598022 0
1675875156596 0.20015712082386017 0
1675875156679 0.19260939955711365 0
1675875156762 0.1838233768939972 0
1675875156846 0.1895160675048828 0
1675875156938 0.1841016262769699 0
1675875157020 0.2048873007297516 0
1675875157102 0.1870751678943634 0
1675875157184 0.18967227637767792 0
1675875157265 0.19336874783039093 0
1675875157359 0.1956966519355774 0
1675875157438 0.18686586618423462 0
1675875157517 0.18339435756206512 0
1675875157596 0.19683711230754852 0
1675875157675 0.1821204274892807 0
1675875157754 0.19139371812343597 0
1675875157835 0.18485361337661743 0
1675875157914 0.18763163685798645 0
1675875158006 0.19505439698696136 0
1675875158089 0.18225927650928497 0
1675875158171 0.19461895525455475 0
1675875158253 0.1905992478132248 0
1675875158336 0.19496837258338928 0
1675875158419 0.17696890234947205 0
1675875158506 0.18184570968151093 0
1675875158588 0.1843777596950531 0
1675875158672 0.1751989722251892 0
1675875158754 0.18465706706047058 0
1675875158833 0.18061000108718872 0
1675875159016 0.18839508295059204 0
1675875159099 0.18201430141925812 0
1675875159181 0.17981499433517456 0
1675875159262 0.18559472262859344 0
1675875159342 0.17080235481262207 0
1675875159420 0.1887802928686142 0
1675875159499 0.18323546648025513 0
1675875159579 0.18822404742240906 0
1675875159660 0.1945469230413437 0
1675875159743 0.17516250908374786 0
1675875159827 0.19191183149814606 0
1675875159909 0.18774369359016418 0
1675875159994 0.18711568415164948 0
1675875160077 0.1887524276971817 0
1675875160159 0.17450390756130219 0
1675875160241 0.18704518675804138 0
1675875160323 0.18494625389575958 0
1675875160404 0.17600415647029877 0
1675875160493 0.1937086582183838 0
1675875160593 0.18649330735206604 0
1675875160676 0.19967471063137054 0
1675875160759 0.18477551639080048 0
1675875160842 0.19740663468837738 0
1675875160925 0.18228891491889954 0
1675875161011 0.17961248755455017 0
1675875161097 0.1723398119211197 0
1675875161179 0.19506336748600006 0
1675875161261 0.18609343469142914 0
1675875161337 0.18272598087787628 0
1675875161517 0.18095436692237854 0
1675875161598 0.17723195254802704 0
1675875161681 0.18813221156597137 0
1675875161763 0.18226657807826996 0
1675875161846 0.18726323544979095 0
1675875161928 0.18765980005264282 0
1675875162014 0.17841866612434387 0
1675875162099 0.1872241199016571 0
1675875162178 0.17750857770442963 0
1675875162254 0.18101811408996582 0
1675875162330 0.17791299521923065 0
1675875162413 0.18370307981967926 0
1675875162495 0.19297535717487335 0
1675875162577 0.1849038302898407 0
1675875162660 0.20074312388896942 0
1675875162741 0.1875457465648651 0
1675875162822 0.1696343868970871 0
1675875162903 0.18191027641296387 0
1675875162997 0.17020191252231598 0
1675875163077 0.1860019415616989 0
1675875163157 0.1692625731229782 0
1675875163238 0.17225350439548492 0
1675875163318 0.18433351814746857 0
1675875163399 0.17869621515274048 0
1675875163480 0.17042067646980286 0
1675875163560 0.18547390401363373 0
1675875163641 0.19588440656661987 0
1675875163721 0.18591852486133575 0
1675875163795 0.1851377934217453 0
1675875163974 0.16222257912158966 0
1675875164055 0.18335120379924774 0
1675875164136 0.16698458790779114 0
1675875164217 0.18342183530330658 0
1675875164299 0.19475023448467255 0
1675875164380 0.17410936951637268 0
1675875164461 0.19918306171894073 0
1675875164541 0.1805134117603302 0
1675875164621 0.18200628459453583 0
1675875164701 0.17603425681591034 0
1675875164783 0.1869460940361023 0
1675875164864 0.17757153511047363 0
1675875164944 0.1732717901468277 0
1675875165027 0.1759731024503708 0
1675875165108 0.18223786354064941 0
1675875165189 0.1865617334842682 0
1675875165271 0.18153852224349976 0
1675875165353 0.16828979551792145 0
1675875165435 0.17612537741661072 0
1675875165515 0.18238449096679688 0
1675875165595 0.16735266149044037 0
1675875165676 0.16256459057331085 0
1675875165757 0.18585188686847687 0
1675875165837 0.18629437685012817 0
1675875165918 0.18242250382900238 0
1675875165998 0.18673671782016754 0
1675875166080 0.1796756237745285 0
1675875166162 0.20196262001991272 0
1675875166236 0.16991229355335236 0
1675875166414 0.19579921662807465 0
1675875166496 0.165134996175766 0
1675875166577 0.19003257155418396 0
1675875166658 0.17230652272701263 0
1675875166740 0.18177634477615356 0
1675875166821 0.17927142977714539 0
1675875166903 0.19266986846923828 0
1675875166985 0.19022531807422638 0
1675875167073 0.18569430708885193 0
1675875167154 0.18075601756572723 0
1675875167236 0.1917165070772171 0
1675875167316 0.1696607917547226 0
1675875167397 0.17725013196468353 0
1675875167477 0.18384169042110443 0
1675875167559 0.16718393564224243 0
1675875167640 0.17629636824131012 0
1675875167722 0.16504348814487457 0
1675875167804 0.17794004082679749 0
1675875167888 0.17458468675613403 0
1675875167969 0.16338439285755157 0
1675875168049 0.16909317672252655 0
1675875168129 0.16732265055179596 0
1675875168210 0.18773029744625092 0
1675875168290 0.1931605339050293 0
1675875168370 0.16916126012802124 0
1675875168451 0.16995909810066223 0
1675875168531 0.15840467810630798 0
1675875168611 0.1941322535276413 0
1675875168685 0.1657489687204361 0
1675875168864 0.1783902794122696 0
1675875168944 0.17633084952831268 0
1675875169025 0.18711671233177185 0
1675875169106 0.1874132603406906 0
1675875169187 0.1863861232995987 0
1675875169267 0.1774834245443344 0
1675875169351 0.15589483082294464 0
1675875169432 0.16182571649551392 0
1675875169512 0.18441765010356903 0
1675875169588 0.17515382170677185 0
1675875169662 0.16564294695854187 0
1675875169736 0.167978435754776 0
1675875169811 0.1760646551847458 0
1675875169887 0.1932556927204132 0
1675875169961 0.1819373071193695 0
1675875170035 0.16492480039596558 0
1675875170109 0.16632255911827087 0
1675875170183 0.17042036354541779 0
1675875170255 0.15895171463489532 0
1675875170329 0.18714787065982819 0
1675875170402 0.18277280032634735 0
1675875170475 0.16389775276184082 0
1675875170548 0.18376947939395905 0
1675875170621 0.18516571819782257 0
1675875170695 0.18969528377056122 0
1675875170767 0.170892134308815 0
1675875170839 0.16501286625862122 0
1675875170911 0.174751415848732 0
1675875170977 0.1906987577676773 0
1675875171142 0.18318261206150055 0
1675875171216 0.17089179158210754 0
1675875171289 0.19239187240600586 0
1675875171362 0.18185065686702728 0
1675875171435 0.18877674639225006 0
1675875171507 0.16907784342765808 0
1675875171581 0.15887552499771118 0
1675875171657 0.17120812833309174 0
1675875171736 0.14976896345615387 0
1675875171815 0.17451883852481842 0
1675875171896 0.17463278770446777 0
1675875171976 0.16783536970615387 0
1675875172056 0.1663137823343277 0
1675875172143 0.17554110288619995 0
1675875172223 0.17153258621692657 0
1675875172303 0.18186327815055847 0
1675875172382 0.18322892487049103 0
1675875172461 0.16298027336597443 0
1675875172540 0.18766961991786957 0
1675875172619 0.1852402538061142 0
1675875172699 0.1747635453939438 0
1675875172778 0.1916320025920868 0
1675875172857 0.17253415286540985 0
1675875172936 0.17034654319286346 0
1675875173016 0.1703515350818634 0
1675875173096 0.16962987184524536 0
1675875173176 0.17551662027835846 0
1675875173254 0.17846018075942993 0
1675875173324 0.16709066927433014 0
