1674827663479 0.7266084551811218 0
1674827663918 0.7270380854606628 0
1674827664404 0.7255624532699585 0
1674827664794 0.7280155420303345 0
1674827665264 0.725189208984375 0
1674827665599 0.7293280959129333 0
1674827666239 0.7234482169151306 0
1674827666799 0.7256085276603699 0
1674827667269 0.7243359088897705 0
1674827667739 0.7242741584777832 0
1674827668234 0.7254459857940674 0
1674827668650 0.7255339622497559 0
1674827669185 0.7239594459533691 0
1674827669559 0.7277487516403198 0
1674827669964 0.7254302501678467 0
1674827670452 0.7238690853118896 0
1674827670904 0.7247002720832825 0
1674827671399 0.7229319214820862 0
1674827671877 0.7209851741790771 0
1674827672289 0.7246912717819214 0
1674827672839 0.7212724089622498 0
1674827673424 0.7221699953079224 0
1674827673819 0.7257243990898132 0
1674827674284 0.7233664393424988 0
1674827674779 0.7239233255386353 0
1674827675212 0.7255051136016846 0
1674827675599 0.7250868082046509 0
1674827676144 0.7195796966552734 0
1674827676559 0.7230456471443176 0
1674827677099 0.7213444113731384 0
1674827677544 0.7235420942306519 0
1674827677909 0.726868748664856 0
1674827678439 0.7217782735824585 0
1674827678854 0.7225395441055298 0
1674827679429 0.7178183794021606 0
1674827679850 0.7252964973449707 0
1674827680299 0.7227280139923096 0
1674827680839 0.7229364514350891 0
1674827681244 0.7232664227485657 0
1674827681779 0.7168669700622559 0
1674827682406 0.7166128754615784 0
1674827682909 0.7215482592582703 0
1674827683299 0.7240459322929382 0
1674827683759 0.7209712862968445 0
1674827684359 0.7209117412567139 0
1674827684759 0.723750650882721 0
1674827685189 0.7233852744102478 0
1674827685664 0.720233678817749 0
1674827686159 0.7205642461776733 0
1674827686584 0.7234373688697815 0
1674827687029 0.7204428911209106 0
1674827687389 0.724846601486206 0
1674827687859 0.7181357145309448 0
1674827688329 0.7199464440345764 0
1674827688769 0.7196846604347229 0
1674827689304 0.7190626263618469 0
1674827689769 0.7200806736946106 0
1674827690213 0.7204378247261047 0
1674827690629 0.719937264919281 0
1674827691064 0.7214934825897217 0
1674827691470 0.7219228148460388 0
1674827691824 0.723633885383606 0
1674827692239 0.7204558849334717 0
1674827692664 0.720668375492096 0
1674827693144 0.7195008397102356 0
1674827693619 0.7223803997039795 0
1674827694074 0.722517728805542 0
1674827694584 0.7165361046791077 0
1674827694989 0.7214556932449341 0
1674827695434 0.718833863735199 0
1674827695950 0.715923011302948 0
1674827696384 0.7215858101844788 0
1674827696750 0.7218329310417175 0
1674827697119 0.7242064476013184 0
1674827697529 0.7201003432273865 0
1674827697950 0.7191309332847595 0
1674827698390 0.7194585800170898 0
1674827698764 0.7208408713340759 0
1674827699214 0.7192518711090088 0
1674827699717 0.7175784111022949 0
1674827700274 0.7141331434249878 0
1674827700744 0.7169071435928345 0
1674827701109 0.7230064272880554 0
1674827701584 0.7167659401893616 0
1674827701984 0.7197542190551758 0
1674827702479 0.7193634510040283 0
1674827702949 0.7169162034988403 0
1674827703389 0.7181889414787292 0
1674827703769 0.7192758321762085 0
1674827704339 0.7133533358573914 0
1674827704914 0.7140957117080688 0
1674827705293 0.7199400663375854 0
1674827705634 0.7192230224609375 0
1674827706069 0.7194229960441589 0
1674827706619 0.7194522619247437 0
1674827707144 0.7148603200912476 0
1674827707480 0.7211019992828369 0
1674827707969 0.7151923179626465 0
1674827708514 0.7152450680732727 0
1674827708899 0.7180230021476746 0
1674827709434 0.7137434482574463 0
1674827709819 0.7178812623023987 0
1674827710259 0.7145179510116577 0
1674827710644 0.7183483839035034 0
1674827710999 0.7190563678741455 0
1674827711369 0.7169486880302429 0
1674827711764 0.7170546054840088 0
1674827712164 0.7146627306938171 0
1674827712624 0.7145748138427734 0
1674827712999 0.7173228859901428 0
1674827713409 0.7159819602966309 0
1674827713919 0.7108668088912964 0
1674827714354 0.7153355479240417 0
1674827714808 0.7126761674880981 0
1674827715234 0.7169181108474731 0
1674827715664 0.7161638736724854 0
1674827716084 0.7132226824760437 0
1674827716429 0.717678427696228 0
1674827716834 0.7144433856010437 0
1674827717284 0.7136996984481812 0
1674827717695 0.7183511257171631 0
1674827718129 0.7135641574859619 0
1674827718782 0.7083853483200073 0
1674827719320 0.710358202457428 0
1674827719889 0.7134408950805664 0
1674827720359 0.7140246629714966 0
1674827720799 0.712971031665802 0
1674827721319 0.7147727012634277 0
1674827721729 0.7150734066963196 0
1674827722114 0.7149494290351868 0
1674827722559 0.7152875661849976 0
1674827722999 0.7128843665122986 0
1674827723394 0.7130565047264099 0
1674827723840 0.7120042443275452 0
1674827724229 0.7134833931922913 0
1674827724641 0.7136732339859009 0
1674827725205 0.7082511186599731 0
1674827725609 0.7133669853210449 0
1674827726042 0.7138375639915466 0
1674827726549 0.7113968133926392 0
1674827727019 0.7117054462432861 0
1674827727404 0.7143396139144897 0
1674827727909 0.7086266875267029 0
1674827728399 0.7141013145446777 0
1674827728824 0.7124824523925781 0
1674827729264 0.7105137705802917 0
1674827729705 0.7135222554206848 0
1674827730167 0.7106849551200867 0
1674827730594 0.7124533653259277 0
1674827731079 0.7103089690208435 0
1674827731589 0.7089153528213501 0
1674827732069 0.709610641002655 0
1674827732529 0.7099212408065796 0
1674827733014 0.7081979513168335 0
1674827733414 0.7122681736946106 0
1674827733954 0.7068148851394653 0
1674827734329 0.7119656205177307 0
1674827734784 0.7113837599754333 0
1674827735249 0.7088431715965271 0
1674827735799 0.7055589556694031 0
1674827736209 0.7115556597709656 0
1674827736649 0.7082698345184326 0
1674827736979 0.713463544845581 0
1674827737374 0.7116010189056396 0
1674827737844 0.7106791138648987 0
1674827738304 0.7098754644393921 0
1674827738659 0.7127869129180908 0
1674827739134 0.7081712484359741 0
1674827739639 0.7100914120674133 0
1674827740016 0.711088240146637 0
1674827740400 0.7101913094520569 0
1674827740869 0.7094385027885437 0
1674827741259 0.7072793245315552 0
