1675589569340 0.7272583246231079 0
1675589569473 0.7107699513435364 0
1675589569624 0.6966422200202942 0
1675589569762 0.6849563717842102 0
1675589569884 0.6760703325271606 0
1675589570032 0.6624571084976196 0
1675589570170 0.6539880037307739 0
1675589570316 0.6430072784423828 0
1675589570425 0.6383861303329468 0
1675589570528 0.631472647190094 0
1675589570638 0.6214725971221924 0
1675589570763 0.6151213049888611 0
1675589570909 0.6057033538818359 0
1675589571038 0.6018094420433044 0
1675589571165 0.5998361110687256 0
1675589571292 0.5917989015579224 0
1675589571430 0.5865256190299988 0
1675589571547 0.5838918685913086 0
1675589571669 0.5785583257675171 0
1675589571791 0.5724387764930725 0
1675589571899 0.569961667060852 0
1675589572043 0.5632538199424744 0
1675589572173 0.5614362359046936 0
1675589572319 0.5599250793457031 0
1675589572448 0.5593172311782837 0
1675589572551 0.5555307269096375 0
1675589572665 0.5527666211128235 0
1675589572802 0.5471444725990295 0
1675589572928 0.5486666560173035 0
1675589573054 0.5441462993621826 0
1675589573182 0.5413175225257874 0
1675589573310 0.5426503419876099 0
1675589573446 0.5374096035957336 0
1675589573581 0.5398346781730652 0
1675589573697 0.5390223264694214 0
1675589573856 0.5290125608444214 0
1675589574003 0.5311630964279175 0
1675589574102 0.5329582095146179 0
1675589574226 0.529937207698822 0
1675589574351 0.5282272696495056 0
1675589574479 0.5249769687652588 0
1675589574620 0.5226140022277832 0
1675589574747 0.5227268934249878 0
1675589574857 0.5250396728515625 0
1675589574996 0.5186171531677246 0
1675589575123 0.5192137956619263 0
1675589575252 0.517625093460083 0
1675589575370 0.5186983942985535 0
1675589575497 0.5154566168785095 0
1675589575596 0.5197962522506714 0
1675589575728 0.5129175782203674 0
1675589575852 0.5126651525497437 0
1675589575968 0.5156655311584473 0
1675589576129 0.5105543732643127 0
1675589576280 0.5107283592224121 0
1675589576390 0.51092928647995 0
1675589576503 0.5121709108352661 0
1675589576619 0.5096660852432251 0
1675589576764 0.5083824396133423 0
1675589576890 0.5090383887290955 0
1675589577003 0.505770206451416 0
1675589577123 0.507479727268219 0
1675589577243 0.5038259029388428 0
1675589577381 0.5033364295959473 0
1675589577518 0.5028747916221619 0
1675589577634 0.5021440386772156 0
1675589577743 0.5058285593986511 0
1675589577844 0.5027899742126465 0
1675589577973 0.5010010600090027 0
1675589578083 0.5045336484909058 0
1675589578191 0.5018150806427002 0
1675589578334 0.4935486614704132 0
1675589578466 0.4960893392562866 0
1675589578576 0.5029274225234985 0
1675589578694 0.4984437823295593 0
1675589578818 0.4998081922531128 0
1675589578964 0.49139538407325745 0
1675589579109 0.49092018604278564 0
1675589579250 0.4921378195285797 0
1675589579389 0.494370698928833 0
1675589579522 0.4926389455795288 0
1675589579629 0.49427899718284607 0
1675589579771 0.4922464191913605 0
1675589579903 0.4911160171031952 0
1675589580020 0.49518540501594543 0
1675589580125 0.4925995469093323 0
1675589580237 0.49511611461639404 0
1675589580362 0.495129257440567 0
1675589580447 0.49891674518585205 0
1675589580580 0.49071550369262695 0
1675589580719 0.4885040521621704 0
1675589580828 0.4934324026107788 0
1675589580944 0.4918530285358429 0
1675589581058 0.4909880757331848 0
1675589581190 0.48769840598106384 0
1675589581318 0.4907985031604767 0
1675589581431 0.49220719933509827 0
1675589581545 0.48863327503204346 0
1675589581702 0.4861036241054535 0
1675589581833 0.48791685700416565 0
1675589581960 0.4860696494579315 0
1675589582056 0.4928413927555084 0
1675589582186 0.4855526387691498 0
1675589582303 0.488635390996933 0
1675589582423 0.4886181950569153 0
1675589582559 0.48209622502326965 0
1675589582671 0.487132728099823 0
1675589582794 0.48465201258659363 0
1675589582932 0.48401370644569397 0
1675589583066 0.48385944962501526 0
1675589583210 0.4826752841472626 0
1675589583336 0.4822630286216736 0
1675589583478 0.4817679822444916 0
1675589583594 0.4861483871936798 0
1675589583709 0.4843847453594208 0
1675589583819 0.4845426380634308 0
1675589583955 0.4825190603733063 0
1675589584090 0.4795539677143097 0
1675589584216 0.48325881361961365 0
1675589584330 0.48549357056617737 0
1675589584443 0.484758198261261 0
1675589584564 0.4830096364021301 0
1675589584689 0.4827840030193329 0
1675589584815 0.48074448108673096 0
1675589584943 0.4840121269226074 0
1675589585062 0.4805150628089905 0
1675589585235 0.47313687205314636 0
1675589585364 0.4843631386756897 0
1675589585513 0.47565165162086487 0
1675589585641 0.4817764163017273 0
1675589585791 0.47358590364456177 0
1675589585914 0.47961437702178955 0
1675589586032 0.4813293218612671 0
1675589586138 0.4834267795085907 0
1675589586287 0.4750461280345917 0
1675589586407 0.48259007930755615 0
1675589586567 0.4759690761566162 0
1675589586682 0.4794226884841919 0
1675589586802 0.4794025719165802 0
1675589586920 0.48166540265083313 0
1675589587054 0.47597071528434753 0
1675589587168 0.47898024320602417 0
1675589587338 0.4699885845184326 0
1675589587465 0.47921982407569885 0
1675589587576 0.48023200035095215 0
1675589587699 0.47771310806274414 0
1675589587806 0.4814733862876892 0
1675589587908 0.4810207188129425 0
1675589588022 0.47931239008903503 0
1675589588159 0.4756467342376709 0
1675589588291 0.4739537239074707 0
1675589588401 0.48057740926742554 0
1675589588531 0.47958776354789734 0
1675589588656 0.4743233621120453 0
1675589588777 0.4752751588821411 0
1675589588913 0.4717930853366852 0
1675589589043 0.47717034816741943 0
1675589590180 0.47305572032928467 0
1675589590318 0.47382721304893494 0
1675589590431 0.47836363315582275 0
1675589590542 0.4796675443649292 0
1675589590662 0.47777146100997925 0
1675589590773 0.4786027669906616 0
1675589590885 0.47507190704345703 0
1675589590986 0.47871696949005127 0
1675589591169 0.4645842909812927 0
1675589591308 0.47346025705337524 0
1675589591414 0.47915056347846985 0
1675589591567 0.4680889844894409 0
1675589591720 0.4725577235221863 0
1675589591836 0.4768739342689514 0
1675589591967 0.4717146158218384 0
1675589592115 0.47233232855796814 0
1675589592205 0.4829012453556061 0
1675589592311 0.47589364647865295 0
1675589592423 0.47570499777793884 0
1675589592553 0.47334277629852295 0
1675589592693 0.47103768587112427 0
1675589592825 0.472190797328949 0
1675589592952 0.47114166617393494 0
1675589593062 0.47513219714164734 0
1675589593203 0.46771228313446045 0
1675589593350 0.4677906930446625 0
1675589593467 0.473660409450531 0
1675589593579 0.4759466350078583 0
1675589593709 0.47235628962516785 0
1675589593834 0.47454291582107544 0
1675589593972 0.4693656861782074 0
1675589594114 0.4661407768726349 0
1675589594226 0.4749237298965454 0
1675589594349 0.47025007009506226 0
1675589594502 0.46839430928230286 0
1675589594630 0.472042053937912 0
1675589594742 0.47442886233329773 0
1675589594885 0.46574705839157104 0
1675589595042 0.4655859172344208 0
1675589595169 0.4726727604866028 0
1675589595305 0.4666917026042938 0
1675589595426 0.46959298849105835 0
1675589595568 0.4672439694404602 0
1675589595687 0.4736829102039337 0
1675589595806 0.47017478942871094 0
1675589595918 0.47229352593421936 0
1675589596061 0.4705565571784973 0
1675589596216 0.46776068210601807 0
1675589596340 0.469266414642334 0
1675589596475 0.4687197506427765 0
1675589596618 0.4642992615699768 0
1675589596733 0.47205913066864014 0
1675589596854 0.47174984216690063 0
1675589596981 0.4673800468444824 0
1675589597107 0.4702475070953369 0
1675589597220 0.47081106901168823 0
1675589597333 0.47204557061195374 0
1675589597457 0.46789708733558655 0
1675589597594 0.4658893942832947 0
1675589597709 0.47137150168418884 0
1675589597824 0.4724719822406769 0
1675589597942 0.46967828273773193 0
1675589598059 0.46962928771972656 0
1675589598196 0.4679022431373596 0
1675589598317 0.46730270981788635 0
1675589598430 0.47048673033714294 0
1675589598572 0.465266615152359 0
1675589598726 0.4605569839477539 0
1675589598822 0.4754316210746765 0
1675589598939 0.46794310212135315 0
1675589599040 0.4727425277233124 0
1675589599142 0.4724493622779846 0
1675589599265 0.46689373254776 0
1675589599368 0.4714195132255554 0
1675589599490 0.46806856989860535 0
1675589599602 0.471465140581131 0
1675589599734 0.4671706557273865 0
1675589599848 0.46876978874206543 0
1675589599979 0.46703553199768066 0
1675589600084 0.47117266058921814 0
1675589600228 0.4661307632923126 0
1675589600376 0.46459412574768066 0
1675589600487 0.47143277525901794 0
1675589600619 0.4622238576412201 0
1675589600743 0.46705493330955505 0
1675589600861 0.4695342779159546 0
1675589601011 0.46086180210113525 0
1675589601144 0.4641439914703369 0
1675589601258 0.46774983406066895 0
1675589601382 0.46814197301864624 0
1675589601514 0.4635726809501648 0
1675589601637 0.4684692323207855 0
1675589601746 0.46708375215530396 0
1675589601880 0.46402692794799805 0
1675589601995 0.4657861590385437 0
1675589602163 0.45846492052078247 0
1675589602298 0.4623248875141144 0
1675589602430 0.46138450503349304 0
1675589602564 0.46162647008895874 0
1675589602677 0.46799978613853455 0
1675589602818 0.4644695818424225 0
1675589602952 0.4620177149772644 0
1675589603071 0.46419233083724976 0
1675589603234 0.45639827847480774 0
1675589603339 0.4674401581287384 0
1675589603467 0.46253690123558044 0
1675589603596 0.46491739153862 0
1675589603703 0.4685005843639374 0
1675589603836 0.45884743332862854 0
1675589603944 0.46527498960494995 0
1675589604058 0.4663424789905548 0
1675589604166 0.46715274453163147 0
1675589604303 0.46333974599838257 0
1675589604429 0.46116402745246887 0
1675589604553 0.46411100029945374 0
1675589604671 0.4663655161857605 0
1675589604786 0.4637887477874756 0
1675589604918 0.45781534910202026 0
1675589605075 0.4548432230949402 0
1675589605214 0.4600372016429901 0
1675589605324 0.4646376967430115 0
1675589605447 0.4628030061721802 0
1675589605574 0.461728572845459 0
1675589605712 0.46108025312423706 0
1675589605846 0.4603770077228546 0
1675589605940 0.46928611397743225 0
1675589606065 0.4608704447746277 0
1675589606185 0.46028614044189453 0
1675589606311 0.46059274673461914 0
1675589606430 0.4630444645881653 0
1675589606553 0.4598692059516907 0
1675589606667 0.4655134975910187 0
1675589606785 0.4599527418613434 0
1675589606914 0.4577365517616272 0
1675589607045 0.4589502513408661 0
1675589607153 0.4635046720504761 0
1675589607277 0.4621477723121643 0
1675589607396 0.46225693821907043 0
1675589607493 0.46615952253341675 0
1675589607633 0.45847806334495544 0
1675589607764 0.46089664101600647 0
1675589607907 0.45343437790870667 0
1675589608021 0.4628024399280548 0
1675589608151 0.45822378993034363 0
1675589608291 0.45546674728393555 0
1675589608426 0.45726752281188965 0
1675589608577 0.45455121994018555 0
1675589608698 0.46031463146209717 0
1675589608830 0.4578641355037689 0
1675589608972 0.45757248997688293 0
1675589609125 0.4545253813266754 0
1675589609229 0.46552199125289917 0
1675589609364 0.45784792304039 0
1675589609496 0.45881474018096924 0
1675589609602 0.46504858136177063 0
1675589609729 0.4612579643726349 0
1675589609869 0.4558309316635132 0
1675589610970 0.46271005272865295 0
1675589611092 0.46041420102119446 0
1675589611213 0.4595277011394501 0
1675589611321 0.463315486907959 0
1675589611437 0.4592733383178711 0
1675589611551 0.4601023495197296 0
1675589611697 0.45695915818214417 0
1675589611818 0.4579172730445862 0
1675589611944 0.45812299847602844 0
1675589612073 0.45459699630737305 0
1675589612197 0.4564143121242523 0
1675589612322 0.4585917294025421 0
1675589612450 0.4574878513813019 0
1675589612569 0.45782455801963806 0
1675589612691 0.46109944581985474 0
1675589612819 0.45585837960243225 0
1675589612928 0.462118923664093 0
1675589613055 0.455593079328537 0
1675589613176 0.4591907858848572 0
1675589613281 0.4635980427265167 0
1675589613398 0.45886650681495667 0
1675589613542 0.455608606338501 0
1675589613665 0.4566817581653595 0
1675589613787 0.46013736724853516 0
1675589613909 0.46208053827285767 0
1675589614057 0.456678569316864 0
1675589614201 0.453717440366745 0
1675589614303 0.46386784315109253 0
1675589614429 0.4578939974308014 0
1675589614590 0.4498865604400635 0
1675589614736 0.4530714452266693 0
1675589614854 0.45888105034828186 0
1675589614963 0.46041715145111084 0
1675589615087 0.46022823452949524 0
1675589615196 0.46078503131866455 0
1675589615337 0.45377102494239807 0
1675589615443 0.46123161911964417 0
1675589615545 0.46270930767059326 0
1675589615685 0.45737090706825256 0
1675589615824 0.45619088411331177 0
1675589615951 0.45692119002342224 0
1675589616105 0.4557843804359436 0
1675589616204 0.4653843939304352 0
1675589616324 0.45824962854385376 0
1675589616457 0.4566902220249176 0
1675589616575 0.45795080065727234 0
1675589616666 0.46671879291534424 0
1675589616804 0.4511090815067291 0
1675589616929 0.45604008436203003 0
1675589617059 0.45445534586906433 0
1675589617175 0.45809030532836914 0
1675589617317 0.4554932713508606 0
1675589617460 0.4544578492641449 0
1675589617595 0.45507383346557617 0
1675589617761 0.4455479681491852 0
1675589617881 0.45766356587409973 0
1675589618013 0.45437321066856384 0
1675589618125 0.45818305015563965 0
1675589618278 0.44913846254348755 0
1675589618403 0.45634445548057556 0
1675589618525 0.45583510398864746 0
1675589618639 0.456269234418869 0
1675589618768 0.453327476978302 0
1675589618895 0.4554930031299591 0
1675589619008 0.4564288258552551 0
1675589619142 0.45098981261253357 0
1675589619245 0.4608398377895355 0
1675589619383 0.4523683190345764 0
1675589619482 0.46143442392349243 0
1675589619602 0.45491424202919006 0
1675589619723 0.45581260323524475 0
1675589619857 0.4549223482608795 0
1675589619978 0.45473426580429077 0
1675589620098 0.4562826454639435 0
1675589620209 0.46070176362991333 0
1675589620347 0.4542318284511566 0
1675589620460 0.45851510763168335 0
1675589620581 0.4569534957408905 0
1675589620691 0.4580628573894501 0
1675589620812 0.4586562514305115 0
1675589620936 0.45379599928855896 0
1675589621068 0.4541281759738922 0
1675589621179 0.46176162362098694 0
1675589621305 0.4546005129814148 0
1675589621439 0.456531822681427 0
1675589621549 0.45655691623687744 0
1675589621691 0.4497385025024414 0
1675589621818 0.45393821597099304 0
1675589621941 0.4557754397392273 0
1675589622082 0.45456311106681824 0
1675589622187 0.45760804414749146 0
1675589622301 0.4584154784679413 0
1675589622432 0.45547914505004883 0
1675589622530 0.46035584807395935 0
1675589622659 0.45253491401672363 0
1675589622772 0.45598238706588745 0
1675589622879 0.46046966314315796 0
1675589623025 0.4484559893608093 0
1675589623162 0.4505811035633087 0
1675589623297 0.44914549589157104 0
1675589623397 0.4601150453090668 0
1675589623508 0.45820292830467224 0
1675589623626 0.45614203810691833 0
1675589623770 0.44633620977401733 0
1675589623875 0.4591766595840454 0
1675589624006 0.45328614115715027 0
1675589624137 0.4526746869087219 0
1675589624245 0.45667529106140137 0
1675589624380 0.4518723785877228 0
1675589624519 0.45146024227142334 0
1675589624642 0.456434428691864 0
1675589624747 0.4586031138896942 0
1675589624846 0.4615289568901062 0
1675589624961 0.45336562395095825 0
1675589625106 0.4478435516357422 0
1675589625226 0.4522336423397064 0
1675589625313 0.4650725722312927 0
1675589625452 0.45032835006713867 0
1675589625580 0.45213600993156433 0
1675589625723 0.44825422763824463 0
1675589625818 0.4604960083961487 0
1675589625952 0.45269444584846497 0
1675589626071 0.4541777968406677 0
1675589626204 0.4488520622253418 0
1675589626310 0.4578854739665985 0
1675589626446 0.4504335820674896 0
1675589626588 0.4487378001213074 0
1675589626725 0.4484501779079437 0
1675589626833 0.4581165909767151 0
1675589626954 0.4534452259540558 0
1675589627088 0.44988778233528137 0
1675589627201 0.45471271872520447 0
1675589627307 0.4592597782611847 0
1675589627444 0.4504295587539673 0
1675589627582 0.4495640695095062 0
1675589627711 0.45443660020828247 0
1675589627835 0.45140254497528076 0
1675589627965 0.45488715171813965 0
1675589628100 0.4500512182712555 0
1675589628233 0.45065346360206604 0
1675589628349 0.4565250873565674 0
1675589628481 0.4504657983779907 0
1675589628601 0.4523087441921234 0
1675589628742 0.44985508918762207 0
1675589628841 0.4592595100402832 0
1675589629010 0.44248825311660767 0
1675589629133 0.4531219005584717 0
1675589629250 0.45294681191444397 0
1675589629382 0.450794517993927 0
1675589629544 0.4481983780860901 0
1675589629671 0.45339247584342957 0
1675589629803 0.44987982511520386 0
1675589629939 0.448515921831131 0
1675589630062 0.4536541700363159 0
1675589630181 0.4504261612892151 0
1675589630306 0.454275906085968 0
1675589630420 0.4556788504123688 0
1675589631547 0.445310115814209 0
1675589631675 0.450294554233551 0
1675589631820 0.4450799822807312 0
1675589631952 0.4482160210609436 0
1675589632074 0.4541926681995392 0
1675589632177 0.45743849873542786 0
1675589632316 0.44891104102134705 0
1675589632448 0.44961291551589966 0
1675589632565 0.45217442512512207 0
1675589632695 0.44809192419052124 0
1675589632815 0.4518301784992218 0
1675589632942 0.45049262046813965 0
1675589633067 0.4516020119190216 0
1675589633193 0.45130854845046997 0
1675589633320 0.44893255829811096 0
1675589633434 0.4556134343147278 0
1675589633539 0.458478718996048 0
1675589633648 0.4590413272380829 0
1675589633759 0.45418524742126465 0
1675589633896 0.45034921169281006 0
1675589634027 0.44837310910224915 0
1675589634155 0.44871872663497925 0
1675589634290 0.45059919357299805 0
1675589634390 0.4611365795135498 0
1675589634536 0.44836172461509705 0
1675589634673 0.4469949007034302 0
1675589634798 0.45185184478759766 0
1675589634924 0.4488075375556946 0
1675589635051 0.4528765082359314 0
1675589635176 0.4525003433227539 0
1675589635292 0.45472514629364014 0
1675589635410 0.45349252223968506 0
1675589635557 0.44471585750579834 0
1675589635672 0.4526035785675049 0
1675589635786 0.4536711573600769 0
1675589635907 0.4534543454647064 0
1675589636032 0.4509342908859253 0
1675589636161 0.4493999183177948 0
1675589636274 0.45403411984443665 0
1675589636384 0.454946368932724 0
1675589636520 0.44633713364601135 0
1675589636685 0.44203442335128784 0
1675589636832 0.4451011121273041 0
1675589636933 0.45479315519332886 0
1675589637088 0.43965011835098267 0
1675589637209 0.45266443490982056 0
1675589637316 0.45408394932746887 0
1675589637456 0.4478380084037781 0
1675589637556 0.4590706527233124 0
1675589637699 0.44445154070854187 0
1675589637868 0.4421015977859497 0
1675589637997 0.44879966974258423 0
1675589638107 0.45426061749458313 0
1675589638222 0.45215675234794617 0
1675589638332 0.4537900984287262 0
1675589638446 0.45682233572006226 0
1675589638560 0.45154130458831787 0
1675589638723 0.4458666443824768 0
1675589638831 0.4555511772632599 0
1675589638952 0.4514348804950714 0
1675589639074 0.45154744386672974 0
1675589639192 0.45146769285202026 0
1675589639289 0.4577582776546478 0
1675589639422 0.44598862528800964 0
1675589639536 0.4534115791320801 0
1675589639659 0.44914722442626953 0
1675589639768 0.4548684358596802 0
1675589639886 0.4520316421985626 0
1675589640042 0.44295400381088257 0
1675589640152 0.4555652141571045 0
1675589640257 0.455951064825058 0
1675589640361 0.4538887143135071 0
1675589640503 0.44993194937705994 0
1675589640628 0.45034387707710266 0
1675589640749 0.44878876209259033 0
1675589640867 0.45069408416748047 0
1675589640987 0.4515306353569031 0
1675589641095 0.45369189977645874 0
1675589641213 0.4502650499343872 0
1675589641337 0.45098063349723816 0
1675589641479 0.44291427731513977 0
1675589641621 0.4429028630256653 0
1675589641727 0.45646971464157104 0
1675589641844 0.4522175192832947 0
1675589641978 0.44752416014671326 0
1675589642149 0.439031183719635 0
1675589642253 0.45423585176467896 0
1675589642367 0.4505673944950104 0
1675589642495 0.44789791107177734 0
1675589642607 0.4528366029262543 0
1675589642727 0.4523938298225403 0
1675589642866 0.4453299641609192 0
1675589642981 0.45506933331489563 0
1675589643078 0.45810624957084656 0
1675589643190 0.45191797614097595 0
1675589643296 0.45548421144485474 0
1675589643421 0.44973140954971313 0
1675589643542 0.45059266686439514 0
1675589643670 0.44955310225486755 0
1675589643816 0.4457378089427948 0
1675589643938 0.4484805166721344 0
1675589644086 0.44113588333129883 0
1675589644227 0.44549012184143066 0
1675589644371 0.4421507716178894 0
1675589644492 0.450484037399292 0
1675589644624 0.4482921361923218 0
1675589644748 0.44923752546310425 0
1675589644892 0.4423677325248718 0
1675589645020 0.4492569863796234 0
1675589645143 0.44874218106269836 0
1675589645272 0.449360191822052 0
1675589645391 0.4520111083984375 0
1675589645507 0.45081907510757446 0
1675589645657 0.44447338581085205 0
1675589645755 0.4560271203517914 0
1675589645842 0.4605080187320709 0
1675589645946 0.4560529291629791 0
1675589646114 0.4435224235057831 0
1675589646230 0.44975215196609497 0
1675589646353 0.4475773274898529 0
1675589646471 0.4504336714744568 0
1675589646586 0.45257630944252014 0
1675589646726 0.4423735439777374 0
1675589646876 0.44231557846069336 0
1675589646999 0.4478400945663452 0
1675589647118 0.4483301639556885 0
1675589647252 0.44570446014404297 0
1675589647397 0.4406844675540924 0
1675589647514 0.4489929974079132 0
1675589647638 0.45008179545402527 0
1675589647756 0.45004716515541077 0
1675589647905 0.43881142139434814 0
1675589648015 0.45220568776130676 0
1675589648140 0.4471258819103241 0
1675589648258 0.45021599531173706 0
1675589648389 0.4459901750087738 0
1675589648528 0.4424188733100891 0
1675589648673 0.4418551027774811 0
1675589648770 0.459764689207077 0
1675589648909 0.4426533281803131 0
1675589649031 0.44612592458724976 0
1675589649151 0.4474911093711853 0
1675589649258 0.4510309398174286 0
1675589649381 0.45060330629348755 0
1675589649491 0.45271164178848267 0
1675589649616 0.44996288418769836 0
1675589649721 0.4522934556007385 0
1675589649854 0.4445964992046356 0
1675589649985 0.44681090116500854 0
1675589650124 0.44471475481987 0
1675589650226 0.45695745944976807 0
1675589650327 0.45442575216293335 0
1675589650441 0.45117220282554626 0
1675589650558 0.4523802399635315 0
1675589650695 0.4451703429222107 0
1675589650834 0.44091689586639404 0
1675589650947 0.4489889442920685 0
1675589652079 0.4403077960014343 0
1675589652183 0.45309242606163025 0
1675589652294 0.4519217610359192 0
1675589652399 0.45323339104652405 0
1675589652522 0.44809868931770325 0
1675589652672 0.4403146207332611 0
1675589652799 0.44695237278938293 0
1675589652939 0.44649621844291687 0
1675589653062 0.4488791227340698 0
1675589653189 0.44646191596984863 0
1675589653292 0.4542827606201172 0
1675589653402 0.4515140950679779 0
1675589653519 0.44945651292800903 0
1675589653637 0.45217278599739075 0
1675589653774 0.44445669651031494 0
1675589653928 0.4388640224933624 0
1675589654103 0.4356417953968048 0
1675589654214 0.4499463737010956 0
1675589654354 0.4417027533054352 0
1675589654489 0.4439413249492645 0
1675589654611 0.4459042251110077 0
1675589654744 0.44640010595321655 0
1675589654867 0.4486924707889557 0
1675589655019 0.4376315474510193 0
1675589655168 0.4440990686416626 0
1675589655323 0.43957439064979553 0
1675589655446 0.450711190700531 0
1675589655559 0.44865909218788147 0
1675589655694 0.4456104040145874 0
1675589655812 0.4475260376930237 0
1675589655953 0.4421009421348572 0
1675589656090 0.44575637578964233 0
1675589656222 0.44870176911354065 0
1675589656344 0.4482179582118988 0
1675589656466 0.44658181071281433 0
1675589656580 0.4515868127346039 0
1675589656693 0.44990813732147217 0
1675589656830 0.4440855383872986 0
1675589656960 0.44450047612190247 0
1675589657089 0.44774919748306274 0
1675589657213 0.44825300574302673 0
1675589657353 0.4442213773727417 0
1675589657470 0.44976818561553955 0
1675589657577 0.4524244964122772 0
1675589657707 0.4436250627040863 0
1675589657837 0.4461885392665863 0
1675589657957 0.44987717270851135 0
1675589658095 0.44536420702934265 0
1675589658214 0.4496717154979706 0
1675589658329 0.4485411047935486 0
1675589658460 0.4444677531719208 0
1675589658585 0.45227256417274475 0
1675589658735 0.440192848443985 0
1675589658860 0.44335266947746277 0
1675589658987 0.44731172919273376 0
1675589659100 0.45270392298698425 0
1675589659213 0.4518532156944275 0
1675589659342 0.4441722631454468 0
1675589659446 0.45284268260002136 0
1675589659570 0.44615602493286133 0
1675589659698 0.44306814670562744 0
1675589659804 0.45452558994293213 0
1675589659911 0.4502965211868286 0
1675589660007 0.4544717073440552 0
1675589660142 0.4454873204231262 0
1675589660272 0.44234058260917664 0
1675589660385 0.44987237453460693 0
1675589660503 0.4478858411312103 0
1675589660626 0.4473940134048462 0
1675589660739 0.4497658312320709 0
1675589660859 0.4468742907047272 0
1675589660975 0.44845229387283325 0
1675589661096 0.44558292627334595 0
1675589661201 0.4513402581214905 0
1675589661350 0.44141292572021484 0
1675589661459 0.45195311307907104 0
1675589661597 0.44254276156425476 0
1675589661712 0.45119303464889526 0
1675589661836 0.4457230567932129 0
1675589661947 0.44885319471359253 0
1675589662084 0.44691580533981323 0
1675589662216 0.44700002670288086 0
1675589662355 0.4411020874977112 0
1675589662457 0.4517838954925537 0
1675589662574 0.4469052255153656 0
1675589662719 0.4397658109664917 0
1675589662878 0.4388504922389984 0
1675589663001 0.44266724586486816 0
1675589663148 0.4374854564666748 0
1675589663267 0.4490588903427124 0
1675589663372 0.45213422179222107 0
1675589663465 0.4563506841659546 0
1675589663566 0.4522678852081299 0
1675589663704 0.4430682361125946 0
1675589663848 0.4423939883708954 0
1675589663983 0.4398728311061859 0
1675589664096 0.4494068920612335 0
1675589664213 0.44690799713134766 0
1675589664320 0.45097020268440247 0
1675589664429 0.45013242959976196 0
1675589664575 0.43915635347366333 0
1675589664736 0.43425264954566956 0
1675589664861 0.4424677789211273 0
1675589665006 0.440195769071579 0
1675589665116 0.4490565359592438 0
1675589665257 0.43950265645980835 0
1675589665363 0.4571278393268585 0
1675589665484 0.44567951560020447 0
1675589665621 0.4429156482219696 0
1675589665761 0.44374698400497437 0
1675589665917 0.4386146068572998 0
1675589666047 0.44468918442726135 0
1675589666191 0.4402552545070648 0
1675589666313 0.44484132528305054 0
1675589666469 0.43688368797302246 0
1675589666604 0.4419168531894684 0
1675589666728 0.44329896569252014 0
1675589666869 0.43736734986305237 0
1675589666976 0.45069649815559387 0
1675589667094 0.4504806399345398 0
1675589667214 0.44531819224357605 0
1675589667365 0.4375159740447998 0
1675589667471 0.45071154832839966 0
1675589667564 0.4559627175331116 0
1675589667681 0.44770026206970215 0
1675589667829 0.4389817714691162 0
1675589667946 0.4472147524356842 0
1675589668066 0.4468649923801422 0
1675589668191 0.4456203877925873 0
1675589668309 0.44503292441368103 0
1675589668415 0.45061662793159485 0
1675589668537 0.44685012102127075 0
1675589668655 0.44433996081352234 0
1675589668780 0.44615450501441956 0
1675589668907 0.4423195719718933 0
1675589669017 0.45162197947502136 0
1675589669158 0.44185230135917664 0
1675589669321 0.43382343649864197 0
1675589669461 0.4381718337535858 0
1675589669576 0.44807982444763184 0
1675589669711 0.43849971890449524 0
1675589669814 0.4502792954444885 0
1675589669931 0.44536879658699036 0
1675589670040 0.4493025839328766 0
1675589670151 0.4506751298904419 0
1675589670285 0.44525307416915894 0
1675589670418 0.44372060894966125 0
1675589670575 0.4336763620376587 0
1675589670686 0.45125913619995117 0
1675589670803 0.4473940134048462 0
1675589670929 0.4432770013809204 0
1675589671026 0.4534902274608612 0
1675589671132 0.4495075047016144 0
1675589671239 0.4480307996273041 0
1675589671339 0.4513183832168579 0
1675589671450 0.4475513696670532 0
1675589671605 0.43451738357543945 0
