1675855530211 0.704133927822113 0
1675855530255 0.6850982904434204 1
1675855530296 0.6741901636123657 2
1675855530336 0.6701698303222656 3
1675855530385 0.6089479327201843 4
1675855530425 0.6736540198326111 5
1675855530466 0.6728483438491821 6
1675855530504 0.6837870478630066 7
1675855530544 0.7106159925460815 8
1675855530587 0.5441277027130127 9
1675855530631 0.558356523513794 10
1675855530672 0.5632308125495911 11
1675855530710 0.6515915393829346 12
1675855530749 0.6734983325004578 13
1675855530789 0.7176612615585327 14
1675855530830 0.5440807342529297 15
1675855530868 0.6860039830207825 16
1675855530909 0.5472201704978943 17
1675855530948 0.5451690554618835 18
1675855530988 0.52530437707901 19
1675855531036 0.4900883436203003 20
1675855531077 0.5455647706985474 21
1675855531117 0.49513742327690125 22
1675855531158 0.5166997909545898 23
1675855531194 0.541668176651001 24
1675855531240 0.41492316126823425 25
1675855531279 0.799620509147644 26
1675855531316 0.5680810809135437 27
1675855531359 0.475680410861969 28
1675855531397 0.6356444358825684 29
1675855531436 0.6093548536300659 30
1675855531476 0.6453921794891357 31
1675855531517 0.5266848802566528 32
1675855531554 0.6353721022605896 33
1675855531591 0.5078853368759155 34
1675855531632 0.48116955161094666 35
1675855531674 0.47907114028930664 36
1675855531721 0.42651426792144775 37
1675855531761 0.5651642084121704 38
1675855531812 0.5450687408447266 39
1675855531851 0.4174635410308838 40
1675855531891 0.7049123644828796 41
1675855531946 0.2835347056388855 42
1675855531987 0.5154876708984375 43
1675855532032 0.403289794921875 44
1675855532070 0.44404730200767517 45
1675855532109 0.4053097367286682 46
1675855532153 0.32179251313209534 47
1675855532195 0.3777226209640503 48
1675855532235 0.3930585980415344 49
1675855532277 0.2513437569141388 50
1675855532319 0.32016751170158386 51
1675855532365 0.5395567417144775 52
1675855532404 0.5277836918830872 53
1675855532445 0.7968224287033081 54
1675855532484 0.3160220980644226 55
1675855532535 0.3802548944950104 56
1675855532576 0.3926387429237366 57
1675855532617 0.3865996301174164 58
1675855532657 0.3019525408744812 59
1675855532700 0.375321626663208 60
1675855532738 0.5232416987419128 61
1675855532776 0.4290999472141266 62
1675855532816 0.6016746759414673 63
1675855532866 0.3483888506889343 64
1675855532906 0.3019358515739441 65
1675855532947 0.38707077503204346 66
1675855532990 0.3523006737232208 67
1675855533031 0.2845710515975952 68
1675855533086 0.34213685989379883 69
1675855533127 0.4374476373195648 70
1675855533166 0.246064692735672 71
1675855533207 0.15400460362434387 72
1675855533249 0.3825366199016571 73
1675855533287 0.7562749981880188 74
1675855533328 0.4884786605834961 75
1675855533366 0.3011513352394104 76
1675855533406 0.18691208958625793 77
1675855533446 0.47723039984703064 78
1675855533485 0.2919963300228119 79
1675855533527 0.382409930229187 80
1675855533567 0.7114859819412231 81
1675855533606 0.18087360262870789 82
1675855533646 0.12747585773468018 83
1675855533684 0.5019304156303406 84
1675855533726 0.40173301100730896 85
1675855533768 0.31597039103507996 86
1675855533809 0.5289804339408875 87
1675855533853 0.3811895251274109 88
1675855533892 0.5049446225166321 89
1675855533930 0.6369448304176331 90
1675855533968 0.16619864106178284 91
1675855534007 0.14141705632209778 92
1675855534047 0.5163531303405762 93
1675855534092 0.25433748960494995 94
1675855534130 0.4555404782295227 95
1675855534172 0.2594940960407257 96
1675855534212 0.3958514332771301 97
1675855534249 0.4944867491722107 98
1675855534300 0.23675362765789032 99
1675855534350 0.5002145767211914 100
1675855534392 0.2957954704761505 101
1675855534432 0.3552727699279785 102
1675855534472 0.4353458285331726 103
1675855534515 0.34491416811943054 104
1675855534559 0.5710570216178894 105
1675855534599 0.23038522899150848 106
1675855534636 0.11791582405567169 107
1675855534679 0.32303017377853394 108
1675855534720 0.26044800877571106 109
1675855534762 0.3562934994697571 110
1675855534799 0.14425644278526306 111
1675855534839 0.30447739362716675 112
1675855534880 0.7313515543937683 113
1675855534921 0.060009460896253586 114
1675855534962 0.06057578697800636 115
1675855535003 0.11923794448375702 116
1675855535046 0.31501859426498413 117
1675855535086 0.03942554444074631 118
1675855535128 0.5008925795555115 119
1675855535170 0.07775227725505829 120
1675855535212 0.6337580680847168 121
1675855535256 0.41831347346305847 122
1675855535297 0.07542351633310318 123
1675855535337 0.1866324245929718 124
1675855535379 0.2963305711746216 125
1675855535417 0.48989248275756836 126
1675855535457 0.14161370694637299 127
1675855535496 0.5347641110420227 128
1675855535535 0.48774993419647217 129
1675855535574 0.3740905225276947 130
1675855535616 0.32611799240112305 131
1675855535678 0.29109811782836914 132
1675855535719 0.4224638342857361 133
1675855535779 0.3866317868232727 134
1675855535819 0.3369598090648651 135
1675855535860 0.41975998878479004 136
1675855535900 0.9118624925613403 137
1675855535937 0.06607408076524734 138
1675855535977 0.40959858894348145 139
1675855536017 0.723479688167572 140
1675855536060 0.3186754584312439 141
1675855536115 0.28377091884613037 142
1675855536157 0.12783654034137726 143
1675855536194 0.25145071744918823 144
1675855536234 0.3052605390548706 145
1675855536271 0.1603183001279831 146
1675855536309 0.4159151017665863 147
1675855536368 0.32103803753852844 148
1675855536408 0.14855176210403442 149
1675855536445 0.051569581031799316 150
1675855536485 0.04650265723466873 151
1675855536527 0.01853027008473873 152
1675855536568 0.25498688220977783 153
1675855536607 1.6428806781768799 154
1675855536647 0.40783795714378357 155
1675855536685 0.6038010716438293 156
1675855536728 0.35940372943878174 157
1675855536768 0.10482241213321686 158
1675855536811 0.2071601003408432 159
1675855536853 0.19905775785446167 160
1675855536899 0.4285274147987366 161
1675855536936 0.637493908405304 162
1675855536974 0.2774703800678253 163
1675855537015 0.33612003922462463 164
1675855537055 0.4273765981197357 165
1675855537104 0.3099634051322937 166
1675855537143 0.18146024644374847 167
1675855537185 0.275350421667099 168
1675855537229 0.28182199597358704 169
1675855537273 0.27365413308143616 170
1675855537311 0.3149937093257904 171
1675855537351 0.16487665474414825 172
1675855537401 0.20085395872592926 173
1675855537437 0.17005275189876556 174
1675855537479 0.26900818943977356 175
1675855537519 0.11997511237859726 176
1675855537560 0.6469059586524963 177
1675855537604 0.41826990246772766 178
1675855537645 0.04576314240694046 179
1675855537700 0.08481042087078094 180
1675855537746 0.30524927377700806 181
1675855537787 0.33807578682899475 182
1675855537836 0.4796098470687866 183
1675855537875 0.14465375244617462 184
1675855537915 0.13592292368412018 185
1675855537957 0.8117180466651917 186
1675855537998 0.3122716546058655 187
1675855538038 0.03071681037545204 188
1675855538078 0.0513041689991951 189
1675855538118 0.21451209485530853 190
1675855538159 0.005219841841608286 191
1675855538201 0.34905973076820374 192
1675855538239 0.23477664589881897 193
1675855538277 1.1239382028579712 194
1675855538320 0.6052310466766357 195
1675855538371 0.28409773111343384 196
1675855538410 0.05798983573913574 197
1675855538451 0.2340066134929657 198
1675855538491 0.17145738005638123 199
1675855538530 0.4022364020347595 200
1675855538573 0.33160609006881714 201
1675855538615 0.2935137152671814 202
1675855538654 0.06606118381023407 203
1675855538710 0.34268924593925476 204
1675855538748 0.3977390229701996 205
1675855538786 0.3375333845615387 206
1675855538829 0.23418839275836945 207
1675855538868 0.057100892066955566 208
1675855538908 0.30361446738243103 209
1675855538947 0.05406872555613518 210
1675855538989 0.32534635066986084 211
1675855539035 0.17675593495368958 212
1675855539086 0.31132960319519043 213
1675855539126 0.47288113832473755 214
1675855539165 0.02820717915892601 215
1675855539205 0.3030550479888916 216
1675855539249 0.14487780630588531 217
1675855539290 0.3163304924964905 218
1675855539332 0.14009340107440948 219
1675855539373 0.27523550391197205 220
1675855539423 0.2388298064470291 221
1675855539462 0.3217735290527344 222
1675855539516 0.31469765305519104 223
1675855539555 0.20101234316825867 224
1675855539604 0.2095860242843628 225
1675855539644 0.5059224963188171 226
1675855539688 0.20005206763744354 227
1675855539726 0.062490303069353104 228
1675855539767 0.1328982412815094 229
1675855539816 0.4367608428001404 230
1675855539854 0.0845409631729126 231
1675855539894 0.3953268826007843 232
1675855539944 0.3743828237056732 233
1675855539983 1.0148130655288696 234
1675855540022 0.3114466965198517 235
1675855540067 0.3777444660663605 236
1675855540107 0.009941312484443188 237
1675855540147 0.15876570343971252 238
1675855540186 0.2147083580493927 239
1675855540227 0.535349428653717 240
1675855540267 0.3564348816871643 241
1675855540308 0.25094494223594666 242
1675855540346 0.1025422066450119 243
1675855540390 0.2695194482803345 244
1675855540430 0.2655966281890869 245
1675855540475 0.30466949939727783 246
1675855540524 0.3603653013706207 247
1675855540562 0.07999690622091293 248
1675855540602 0.1469024270772934 249
1675855540646 0.4239654839038849 250
1675855540690 0.28777769207954407 251
1675855540728 0.23233388364315033 252
1675855540765 0.496927410364151 253
1675855540809 0.14793632924556732 254
1675855540849 0.10149811953306198 255
1675855540888 0.17819733917713165 256
1675855540928 0.09947343170642853 257
1675855540975 0.12152903527021408 258
1675855541012 0.15380920469760895 259
1675855541053 0.0001915880129672587 260
1675855541095 0.01957099512219429 261
1675855541145 0.4126250147819519 262
1675855541186 0.4669285714626312 263
1675855541224 0.0073750680312514305 264
1675855541265 0.008048427291214466 265
1675855541307 0.48439154028892517 266
1675855541345 0.07876689732074738 267
1675855541382 0.16973836719989777 268
1675855541422 0.8593373894691467 269
1675855541463 0.13482442498207092 270
1675855541504 0.37507253885269165 271
1675855541543 0.11855217069387436 272
1675855541583 0.7025758028030396 273
1675855541621 0.4597848057746887 274
1675855541661 0.24335011839866638 275
1675855541706 0.5033557415008545 276
1675855541760 0.24877803027629852 277
1675855541799 0.28163301944732666 278
1675855541837 0.5407446622848511 279
1675855541877 0.3290340006351471 280
1675855541920 0.3814583420753479 281
1675855541965 0.2885257601737976 282
1675855542005 0.24756257236003876 283
1675855542045 0.33458155393600464 284
1675855542095 0.2681589722633362 285
1675855542138 0.1358727514743805 286
1675855542179 0.13136164844036102 287
1675855542219 0.10494892299175262 288
1675855542263 0.17162057757377625 289
1675855542307 0.15973758697509766 290
1675855542356 0.18110160529613495 291
1675855542396 0.08429764211177826 292
1675855542442 0.241645947098732 293
1675855542486 0.3189753592014313 294
1675855542527 0.05112019181251526 295
1675855542564 0.14979501068592072 296
1675855542604 1.4009840488433838 297
1675855542645 0.14029231667518616 298
1675855542684 0.08631759136915207 299
1675855542726 0.6339913606643677 300
1675855542769 0.204489067196846 301
1675855542809 0.021773943677544594 302
1675855542849 1.0865776538848877 303
1675855542888 0.31656113266944885 304
1675855542932 0.20533858239650726 305
1675855542972 0.4237774908542633 306
1675855543012 0.07664276659488678 307
1675855543053 0.25306928157806396 308
1675855543092 0.29292935132980347 309
1675855543134 0.23673675954341888 310
1675855543174 0.23885682225227356 311
1675855543213 0.47148698568344116 312
1675855543261 0.18689189851284027 313
1675855543302 0.20261706411838531 314
1675855543345 0.4919341504573822 315
1675855543389 0.21984301507472992 316
1675855543429 0.35569998621940613 317
1675855543469 0.35552895069122314 318
1675855543510 0.6685131192207336 319
1675855543547 0.24114863574504852 320
1675855543611 0.17123672366142273 321
1675855543651 0.2310083657503128 322
1675855543698 0.47562897205352783 323
1675855543737 0.5415619611740112 324
1675855543778 0.2982853949069977 325
1675855543815 0.23648123443126678 326
1675855543858 0.2893073856830597 327
1675855543895 0.11547474563121796 328
1675855543937 0.2093578279018402 329
1675855543986 0.29175031185150146 330
1675855544025 0.026868462562561035 331
1675855544065 0.5529663562774658 332
1675855544106 0.8670597076416016 333
1675855544149 0.10793674737215042 334
1675855544192 0.27377060055732727 335
1675855544231 0.11875561624765396 336
1675855544270 0.09736493229866028 337
1675855544307 0.7784141898155212 338
1675855544344 0.0983535498380661 339
1675855544383 0.07639437168836594 340
1675855544429 0.16799846291542053 341
1675855544471 0.568467378616333 342
1675855544520 0.37019234895706177 343
1675855544558 0.6565302014350891 344
1675855544595 0.2532244622707367 345
1675855544635 0.06418900936841965 346
1675855544682 0.3610338866710663 347
1675855544730 0.2377524971961975 348
1675855544771 0.07199716567993164 349
1675855544811 0.08221902698278427 350
1675855544865 0.2841404974460602 351
1675855544908 0.22025729715824127 352
1675855544950 0.20039673149585724 353
1675855544992 0.22372712194919586 354
1675855545039 0.33511245250701904 355
1675855545081 0.3237370550632477 356
1675855545127 0.28745037317276 357
1675855545166 0.21928387880325317 358
1675855545206 0.37760043144226074 359
1675855545245 0.057538628578186035 360
1675855545289 0.23592796921730042 361
1675855545330 0.16713856160640717 362
1675855545367 0.14917735755443573 363
1675855545407 0.05045194923877716 364
1675855545444 0.015088595449924469 365
1675855545482 0.04021182283759117 366
1675855545522 0.023257356137037277 367
1675855545565 0.004151300992816687 368
1675855545604 0.03693332523107529 369
1675855545645 0.22490224242210388 370
1675855545686 0.25037726759910583 371
1675855545724 0.012774516828358173 372
1675855545763 0.011641986668109894 373
1675855545800 0.01205808762460947 374
1675855545841 0.21405328810214996 375
1675855545889 0.31829559803009033 376
1675855545942 0.5280963182449341 377
1675855545981 0.04737802967429161 378
1675855546019 0.1870945543050766 379
1675855546059 0.021085133776068687 380
1675855546101 1.3320424556732178 381
1675855546143 0.13042804598808289 382
1675855546187 0.11351466923952103 383
1675855546228 0.537877082824707 384
1675855546274 0.27831366658210754 385
1675855546316 0.34789910912513733 386
1675855546356 0.2900022566318512 387
1675855546395 0.41282883286476135 388
1675855546435 0.06234695762395859 389
1675855546487 0.25496259331703186 390
1675855546525 0.4210716784000397 391
1675855546569 0.13154944777488708 392
1675855546607 0.4016897678375244 393
1675855546645 0.2771717607975006 394
1675855546684 0.14992879331111908 395
1675855546725 0.2881711423397064 396
1675855546775 0.3820025622844696 397
1675855546812 0.2548406720161438 398
1675855546851 0.2850251793861389 399
1675855546888 0.16178396344184875 400
1675855546934 0.19929496943950653 401
1675855546989 0.3208860456943512 402
1675855547029 0.3227487802505493 403
1675855547073 0.5681114196777344 404
1675855547115 0.15699897706508636 405
1675855547153 0.17770379781723022 406
1675855547205 0.23489682376384735 407
1675855547247 0.5768079161643982 408
1675855547285 0.059894807636737823 409
1675855547326 0.30491670966148376 410
1675855547366 0.18569590151309967 411
1675855547406 0.2712579071521759 412
1675855547449 0.08789972215890884 413
1675855547494 0.11782179027795792 414
1675855547532 0.17872010171413422 415
1675855547576 0.30082401633262634 416
1675855547616 0.1470579206943512 417
1675855547655 0.04326876625418663 418
1675855547696 0.07693366706371307 419
1675855547740 0.2141163945198059 420
1675855547782 0.030048124492168427 421
1675855547827 0.14777036011219025 422
1675855547868 0.14658643305301666 423
1675855547907 0.08000260591506958 424
1675855547946 0.8474348187446594 425
1675855547984 0.41665536165237427 426
1675855548023 0.13146574795246124 427
1675855548077 0.18806393444538116 428
1675855548116 0.0707058385014534 429
1675855548160 0.22644685208797455 430
1675855548199 0.028564944863319397 431
1675855548246 0.34856194257736206 432
1675855548300 0.1830492913722992 433
1675855548342 0.19340884685516357 434
1675855548381 0.33254319429397583 435
1675855548422 0.15777766704559326 436
1675855548470 0.25898051261901855 437
1675855548514 0.3509654998779297 438
1675855548557 0.3565260171890259 439
1675855548595 0.06437242031097412 440
1675855548636 0.0485738143324852 441
1675855548674 0.2600317597389221 442
1675855548719 0.2513427138328552 443
1675855548759 0.4636746346950531 444
1675855548799 0.4498233497142792 445
1675855548840 0.11667151749134064 446
1675855548880 0.6658932566642761 447
1675855548918 0.18766237795352936 448
1675855548966 0.35537225008010864 449
1675855549006 0.06982124596834183 450
1675855549044 0.04891566187143326 451
1675855549084 0.2040470391511917 452
1675855549127 0.23770911991596222 453
1675855549167 0.07035723328590393 454
1675855549209 0.2919546365737915 455
1675855549250 0.10157668590545654 456
1675855549294 0.16538597643375397 457
1675855549333 0.09582935273647308 458
1675855549372 0.4082941710948944 459
1675855549415 0.09061829000711441 460
1675855549454 0.15172652900218964 461
1675855549494 0.05711071938276291 462
1675855549535 0.2927984893321991 463
1675855549574 0.08191924542188644 464
1675855549613 0.4276506304740906 465
1675855549652 0.22959546744823456 466
1675855549693 0.014286093413829803 467
1675855549731 0.06009636074304581 468
1675855549772 0.2604821026325226 469
1675855549812 0.178165465593338 470
1675855549856 0.12576323747634888 471
1675855549894 0.25701388716697693 472
1675855549932 0.015768999233841896 473
1675855549972 0.0002526675525587052 474
1675855550010 0.1262371689081192 475
1675855550051 0.1168898493051529 476
1675855550090 0.00221768906340003 477
1675855550130 0.443534791469574 478
1675855550169 0.00036183008342050016 479
1675855550211 0.015739116817712784 480
1675855550254 0.49138322472572327 481
1675855550293 0.0037971539422869682 482
1675855550332 0.03274674341082573 483
1675855550371 0.29800543189048767 484
1675855550410 0.08045384287834167 485
1675855550452 0.013930246233940125 486
1675855550492 0.5674750208854675 487
1675855550535 0.44956621527671814 488
1675855550575 0.5796821713447571 489
1675855550634 0.33076420426368713 490
1675855550679 0.22050555050373077 491
1675855550717 0.032661072909832 492
1675855550756 0.18254582583904266 493
1675855550799 0.11671605706214905 494
1675855550840 0.08657427132129669 495
1675855550880 0.07582615315914154 496
1675855550918 0.0013050457928329706 497
1675855550956 0.18901672959327698 498
1675855550994 0.47519221901893616 499
1675855551048 0.3745133578777313 500
1675855551090 0.1242377981543541 501
1675855551134 0.278998464345932 502
1675855551176 0.0002647451183293015 503
1675855551224 0.28028368949890137 504
1675855551268 0.15183725953102112 505
1675855551309 0.15962977707386017 506
1675855551353 0.1274680495262146 507
1675855551394 0.13696235418319702 508
1675855551435 0.0032275996636599302 509
1675855551475 0.20572660863399506 510
1675855551515 0.31636589765548706 511
1675855551557 0.0742078348994255 512
1675855551600 0.3695533275604248 513
1675855551649 0.0028517611790448427 514
1675855551707 0.22338947653770447 515
1675855551751 0.00033990733209066093 516
1675855551792 0.16310963034629822 517
1675855551833 0.30106475949287415 518
1675855551877 0.4166422486305237 519
1675855551916 3.209934584447183e-05 520
1675855551963 0.17559552192687988 521
1675855552009 0.11018336564302444 522
1675855552055 0.17954079806804657 523
1675855552097 0.06418410688638687 524
1675855552144 0.32441526651382446 525
1675855552199 0.14576509594917297 526
1675855552244 0.4980872571468353 527
1675855552287 0.21461264789104462 528
1675855552331 0.2703370451927185 529
1675855552382 0.1860436499118805 530
1675855552440 0.1976810246706009 531
1675855552493 0.11270149797201157 532
1675855552534 1.5174351574387401e-05 533
1675855552575 0.0632951557636261 534
1675855552618 0.24405938386917114 535
1675855552663 0.5111430883407593 536
1675855552706 0.3506283164024353 537
1675855552749 0.01998564973473549 538
1675855552797 0.15824146568775177 539
1675855552840 0.005769879557192326 540
1675855552881 0.032738618552684784 541
1675855552925 0.1377001255750656 542
1675855552966 0.6687777638435364 543
1675855553007 0.29216277599334717 544
1675855553047 0.240097776055336 545
1675855553089 0.2685296833515167 546
1675855553136 0.13757261633872986 547
1675855553174 0.08833753317594528 548
1675855553218 0.022891147062182426 549
1675855553260 0.060687899589538574 550
1675855553304 0.19693544507026672 551
1675855553349 0.21058955788612366 552
1675855553396 0.15831422805786133 553
1675855553443 0.45086541771888733 554
1675855553489 0.15833395719528198 555
1675855553531 0.011311239562928677 556
1675855553574 0.015287714079022408 557
1675855553616 0.12457109987735748 558
1675855553655 0.09069272875785828 559
1675855553696 0.12291394174098969 560
1675855553734 0.023341650143265724 561
1675855553780 0.0876464769244194 562
1675855553820 0.3398580253124237 563
1675855553861 0.016222914680838585 564
1675855553903 0.2341453582048416 565
1675855553942 0.1768549233675003 566
1675855553980 0.008041690103709698 567
1675855554018 0.005712923593819141 568
1675855554057 0.003227801527827978 569
1675855554096 0.28774163126945496 570
1675855554139 0.0015137109439820051 571
1675855554178 0.27159133553504944 572
1675855554222 0.1699923574924469 573
1675855554263 0.03787323087453842 574
1675855554303 0.10192231088876724 575
1675855554341 0.09808255732059479 576
1675855554383 0.5034493207931519 577
1675855554423 0.030520383268594742 578
1675855554464 5.625814446830191e-05 579
1675855554506 0.031395990401506424 580
1675855554547 0.14134061336517334 581
1675855554589 0.8423503637313843 582
1675855554634 0.3936993479728699 583
1675855554678 0.6366403698921204 584
1675855554721 2.1573679447174072 585
1675855554765 0.203184574842453 586
1675855554805 0.44018658995628357 587
1675855554846 0.13165786862373352 588
1675855554889 0.10011172294616699 589
1675855554929 0.3292565643787384 590
1675855554969 0.3302013874053955 591
1675855555022 0.5024085640907288 592
1675855555064 0.27140045166015625 593
1675855555104 0.13164392113685608 594
1675855555142 0.1513330191373825 595
1675855555181 0.3148483633995056 596
1675855555220 0.10152190178632736 597
1675855555259 0.8250400424003601 598
1675855555303 0.17767184972763062 599
1675855555348 0.2904476821422577 600
1675855555388 0.012333706021308899 601
1675855555428 0.175157368183136 602
1675855555468 0.06688003242015839 603
1675855555510 0.2203921675682068 604
1675855555550 0.27850648760795593 605
1675855555592 0.01568167470395565 606
1675855555634 0.1714751124382019 607
1675855555677 0.02888115681707859 608
1675855555720 0.39738646149635315 609
1675855555780 0.24035148322582245 610
1675855555820 0.017763299867510796 611
1675855555859 0.5111197233200073 612
1675855555897 0.20842929184436798 613
1675855555937 0.057047437876462936 614
1675855555979 0.09478827565908432 615
1675855556025 0.3734106421470642 616
1675855556081 0.20166650414466858 617
1675855556119 0.18025723099708557 618
1675855556161 0.10643767565488815 619
1675855556206 0.2684824466705322 620
1675855556248 0.29698529839515686 621
1675855556290 0.0331464558839798 622
1675855556330 1.1688350439071655 623
1675855556372 0.6348604559898376 624
1675855556415 0.4557623863220215 625
1675855556461 0.15420684218406677 626
1675855556502 0.12681642174720764 627
1675855556554 0.23122082650661469 628
1675855556594 0.054710373282432556 629
1675855556635 0.27357298135757446 630
1675855556675 0.22161948680877686 631
1675855556713 0.16621865332126617 632
1675855556751 0.07529950141906738 633
1675855556795 0.067324198782444 634
1675855556839 0.06445277482271194 635
1675855556881 0.5852998495101929 636
1675855556925 0.17136408388614655 637
1675855556967 0.3423307538032532 638
1675855557011 0.16921459138393402 639
1675855557049 0.08118585497140884 640
1675855557092 0.18512170016765594 641
1675855557135 0.1913643330335617 642
1675855557175 0.03849237784743309 643
1675855557219 0.27572721242904663 644
1675855557258 0.20316310226917267 645
1675855557319 0.3195023834705353 646
1675855557385 0.32582753896713257 647
1675855557436 0.29036736488342285 648
1675855557486 0.11446331441402435 649
1675855557531 0.010257584042847157 650
1675855557576 0.05921930447220802 651
1675855557629 0.16173714399337769 652
1675855557678 0.03334225341677666 653
1675855557725 0.18480195105075836 654
1675855557767 0.011985602788627148 655
1675855557813 0.15682625770568848 656
1675855557857 0.11032161861658096 657
1675855557906 0.38256189227104187 658
1675855557953 0.1444149911403656 659
1675855558002 0.3365992605686188 660
1675855558045 0.46485522389411926 661
1675855558134 0.879287838935852 662
1675855558177 0.2350432574748993 663
1675855558219 0.1383255571126938 664
1675855558268 0.21116885542869568 665
1675855558317 0.17631065845489502 666
1675855558360 0.21033219993114471 667
1675855558403 0.14528194069862366 668
1675855558458 0.19522744417190552 669
1675855558503 0.138429656624794 670
1675855558546 0.033806316554546356 671
1675855558589 0.34523698687553406 672
1675855558638 0.19671232998371124 673
1675855558681 0.07241593301296234 674
1675855558722 0.10382143408060074 675
1675855558761 0.04119415208697319 676
1675855558802 0.0015138222370296717 677
1675855558844 0.3989526629447937 678
1675855558883 0.07611098885536194 679
1675855558921 0.10694781690835953 680
1675855558959 0.09656517952680588 681
1675855559002 0.09879253804683685 682
1675855559041 0.37638571858406067 683
1675855559082 0.10097528249025345 684
1675855559126 0.1119534820318222 685
1675855559167 0.18783579766750336 686
1675855559207 0.3398842215538025 687
1675855559248 0.3927685022354126 688
1675855559292 0.10726416856050491 689
1675855559334 0.2410384714603424 690
1675855559383 0.1456257402896881 691
1675855559424 0.24150507152080536 692
1675855559464 0.17881979048252106 693
1675855559507 0.11638683825731277 694
1675855559550 0.1657363623380661 695
1675855559591 0.10470308363437653 696
1675855559629 0.0300205796957016 697
1675855559671 0.32166820764541626 698
1675855559712 0.08195514231920242 699
1675855559751 0.04394414648413658 700
1675855559791 0.07338232547044754 701
1675855559831 0.057706933468580246 702
1675855559871 0.027512898668646812 703
1675855559918 0.6650514006614685 704
1675855559959 0.3122881352901459 705
1675855560008 0.18679624795913696 706
1675855560056 0.054131489247083664 707
1675855560097 0.0004789233789779246 708
1675855560143 0.24133551120758057 709
1675855560188 0.18529018759727478 710
1675855560245 0.334560751914978 711
1675855560292 0.12242279946804047 712
1675855560335 0.010108977556228638 713
1675855560375 0.11085756123065948 714
1675855560413 0.544846773147583 715
1675855560452 0.0446503646671772 716
1675855560490 0.0646684467792511 717
1675855560528 0.4118042588233948 718
1675855560568 0.005027265753597021 719
1675855560608 0.036756522953510284 720
1675855560647 0.1998581886291504 721
1675855560691 0.20044739544391632 722
1675855560730 0.11316697299480438 723
1675855560773 0.25111621618270874 724
1675855560813 0.290536105632782 725
1675855560863 0.12371174246072769 726
1675855560905 0.2762075364589691 727
1675855560947 0.10109893232584 728
1675855560986 0.7466403841972351 729
1675855561027 0.030189111828804016 730
1675855561067 3.749997267732397e-05 731
1675855561111 0.3439824879169464 732
1675855561155 0.2597288191318512 733
1675855561196 0.25721073150634766 734
1675855561234 0.059468161314725876 735
1675855561278 0.10904639214277267 736
1675855561315 0.5125328898429871 737
1675855561354 0.4897204339504242 738
1675855561397 0.3109067678451538 739
1675855561437 0.07872989028692245 740
1675855561474 0.4738214612007141 741
1675855561513 0.509434163570404 742
1675855561551 0.0549473874270916 743
1675855561591 0.05646700784564018 744
1675855561635 0.09047023952007294 745
1675855561702 0.238079234957695 746
1675855561743 0.09769435971975327 747
1675855561782 0.2574920058250427 748
1675855561825 0.017497260123491287 749
1675855561868 0.18263128399848938 750
1675855561907 0.0275382399559021 751
1675855561946 0.009527996182441711 752
1675855561988 0.10781320184469223 753
1675855562028 1.2833455801010132 754
1675855562067 0.01165548525750637 755
1675855562110 0.07406896352767944 756
1675855562148 0.8115819096565247 757
1675855562188 0.5115510821342468 758
1675855562228 2.0682994090748252e-06 759
1675855562269 0.15321698784828186 760
1675855562309 0.3364505469799042 761
1675855562355 0.17655612528324127 762
1675855562402 0.3349702060222626 763
1675855562443 0.16390551626682281 764
1675855562484 0.31454530358314514 765
1675855562527 0.028609517961740494 766
1675855562568 0.10817164182662964 767
1675855562613 0.14601902663707733 768
1675855562655 0.005248625297099352 769
1675855562698 0.11652224510908127 770
1675855562737 0.4177882671356201 771
1675855562775 0.21862730383872986 772
1675855562828 0.8416385650634766 773
1675855562868 0.33808961510658264 774
1675855562910 0.29455822706222534 775
1675855562956 0.16713641583919525 776
1675855563001 0.09968692809343338 777
1675855563044 0.10209406912326813 778
1675855563087 0.12610536813735962 779
1675855563132 0.015561123378574848 780
1675855563171 0.08360031992197037 781
1675855563210 1.2422163486480713 782
1675855563254 0.1870853751897812 783
1675855563293 0.021884601563215256 784
1675855563334 0.1240004450082779 785
1675855563380 0.10761507600545883 786
1675855563423 0.14115026593208313 787
1675855563465 0.14861741662025452 788
1675855563503 0.049276016652584076 789
1675855563544 0.3387032747268677 790
1675855563604 0.25645121932029724 791
1675855563643 0.11383198201656342 792
1675855563685 0.3386118710041046 793
1675855563729 0.29398590326309204 794
1675855563771 0.14954295754432678 795
1675855563810 0.009217914193868637 796
1675855563851 0.028238719329237938 797
1675855563890 0.18601401150226593 798
1675855563934 0.22451284527778625 799
1675855563974 0.001976482104510069 800
1675855564016 0.20660890638828278 801
1675855564056 0.11935687065124512 802
1675855564116 0.23795641958713531 803
1675855564155 0.0011077576782554388 804
1675855564196 0.1617639809846878 805
1675855564234 0.29160887002944946 806
1675855564276 0.22883836925029755 807
1675855564320 0.03397506847977638 808
1675855564361 0.18876011669635773 809
1675855564410 0.1986718624830246 810
1675855564452 0.0057736788876354694 811
1675855564494 0.029729735106229782 812
1675855564538 0.002030694391578436 813
1675855564583 0.07338383793830872 814
1675855564623 0.03958895429968834 815
1675855564664 0.013891952112317085 816
1675855564708 0.0007843222701922059 817
1675855564749 4.822126356884837e-06 818
1675855564790 0.9673868417739868 819
1675855564835 0.13516774773597717 820
1675855564879 0.12447020411491394 821
1675855564919 0.15889982879161835 822
1675855564959 0.0426376610994339 823
1675855565008 0.0946529358625412 824
1675855565050 0.18286235630512238 825
1675855565089 0.4653532803058624 826
1675855565129 0.06887386739253998 827
1675855565176 2.549199104309082 828
1675855565218 0.05740295723080635 829
1675855565257 0.39918801188468933 830
1675855565295 0.14152437448501587 831
1675855565335 0.0991273745894432 832
1675855565373 0.8788264393806458 833
1675855565412 0.03150345757603645 834
1675855565450 0.8030611276626587 835
1675855565494 0.16641847789287567 836
1675855565533 0.06911192834377289 837
1675855565574 0.20279906690120697 838
1675855565614 0.19803571701049805 839
1675855565652 0.2148849219083786 840
1675855565697 0.19564373791217804 841
1675855565738 0.17043526470661163 842
1675855565778 0.11832883954048157 843
1675855565816 0.41348719596862793 844
1675855565855 0.08818306028842926 845
1675855565893 0.07006755471229553 846
1675855565933 0.107265904545784 847
1675855565974 0.1704241782426834 848
1675855566010 0.044356804341077805 849
1675855566050 0.08944603055715561 850
1675855566090 0.012364924885332584 851
1675855566137 0.274471253156662 852
1675855566178 0.028985215350985527 853
1675855566219 0.20677626132965088 854
1675855566287 0.6033759117126465 855
1675855566328 5.332434011506848e-05 856
1675855566369 0.1445225477218628 857
1675855566410 1.201282262802124 858
1675855566452 0.18027566373348236 859
1675855566493 1.6723833084106445 860
1675855566533 0.05593398958444595 861
1675855566571 0.11787135154008865 862
1675855566613 0.10400716960430145 863
1675855566659 0.04634232074022293 864
1675855566699 0.13265690207481384 865
1675855566739 0.08013465255498886 866
1675855566778 0.5444234013557434 867
1675855566815 0.23459355533123016 868
1675855566856 0.07193461805582047 869
1675855566897 0.10466641187667847 870
1675855566941 0.17234134674072266 871
1675855566982 0.17982827126979828 872
1675855567027 0.11206784099340439 873
1675855567072 0.35030481219291687 874
1675855567113 0.006413558032363653 875
1675855567159 0.1804662048816681 876
1675855567202 0.23375500738620758 877
1675855567242 0.07019466906785965 878
1675855567280 0.6826571822166443 879
1675855567321 0.22982195019721985 880
1675855567361 0.13346590101718903 881
1675855567401 0.7266137003898621 882
1675855567441 0.2567550539970398 883
1675855567490 0.24343082308769226 884
1675855567528 0.27413472533226013 885
1675855567566 0.1707509458065033 886
1675855567606 0.27549710869789124 887
1675855567646 0.06809532642364502 888
1675855567697 0.2501107156276703 889
1675855567742 0.3263683617115021 890
1675855567781 0.043263066560029984 891
1675855567839 0.16896583139896393 892
1675855567879 0.1861967295408249 893
1675855567922 0.28170788288116455 894
1675855567961 0.05481688305735588 895
1675855568000 0.13198821246623993 896
1675855568040 0.05036408454179764 897
1675855568090 0.2907045781612396 898
1675855568142 0.39890170097351074 899
1675855568184 0.24821367859840393 900
1675855568224 0.12631525099277496 901
1675855568267 0.07549328356981277 902
1675855568306 0.09266261756420135 903
1675855568348 0.04046253114938736 904
1675855568392 0.07411114126443863 905
1675855568434 0.048178914934396744 906
1675855568478 0.21793806552886963 907
1675855568519 0.17214950919151306 908
1675855568561 8.413101022597402e-05 909
1675855568601 0.0241552647203207 910
1675855568641 0.03891199827194214 911
1675855568682 0.1499481201171875 912
1675855568723 0.4287814199924469 913
1675855568764 0.000546616327483207 914
1675855568801 0.02832210063934326 915
1675855568846 0.49233824014663696 916
1675855568891 0.5274918079376221 917
1675855568932 0.3072455823421478 918
1675855568972 0.2571028470993042 919
1675855569015 0.09105995297431946 920
1675855569057 0.09572211652994156 921
1675855569107 0.3295581042766571 922
1675855569153 0.13305729627609253 923
1675855569191 0.16576574742794037 924
1675855569231 0.029584364965558052 925
1675855569272 0.22397586703300476 926
1675855569313 0.0736178308725357 927
1675855569350 0.5092792510986328 928
1675855569393 0.14708669483661652 929
1675855569433 0.24426642060279846 930
1675855569472 0.08193980902433395 931
1675855569511 0.24472828209400177 932
1675855569549 0.8088490962982178 933
1675855569589 0.3014257848262787 934
1675855569633 0.3885878324508667 935
1675855569684 0.19417624175548553 936
1675855569722 0.1654650866985321 937
1675855569763 0.28418418765068054 938
1675855569808 0.12312602996826172 939
1675855569849 0.09257616847753525 940
1675855569894 0.13056433200836182 941
1675855569933 0.044490668922662735 942
1675855569971 0.03400786221027374 943
1675855570014 0.17951485514640808 944
1675855570055 0.5342275500297546 945
1675855570095 0.07431791722774506 946
1675855570134 0.024691393598914146 947
1675855570172 0.16433680057525635 948
1675855570210 0.01236250065267086 949
1675855570250 0.032129429280757904 950
1675855570293 0.12838292121887207 951
1675855570337 0.12797167897224426 952
1675855570378 0.301371306180954 953
1675855570416 0.01033067237585783 954
1675855570457 5.120137691497803 955
1675855570496 0.2456575185060501 956
1675855570533 0.25234824419021606 957
1675855570573 0.12604941427707672 958
1675855570612 0.0026515917852520943 959
1675855570650 0.26018571853637695 960
1675855570698 0.7400858402252197 961
1675855570738 0.07249602675437927 962
1675855570799 0.29558226466178894 963
1675855570842 0.1497805118560791 964
1675855570879 0.19154930114746094 965
1675855570920 0.13202115893363953 966
1675855570960 0.2919512987136841 967
1675855570996 0.002535701496526599 968
1675855571035 0.19128046929836273 969
1675855571075 0.1168605387210846 970
1675855571113 0.15954133868217468 971
1675855571153 0.15230444073677063 972
1675855571196 0.19583961367607117 973
1675855571233 0.10522472858428955 974
1675855571273 0.2547648251056671 975
1675855571314 0.08714114129543304 976
1675855571351 0.0039025365840643644 977
1675855571393 0.19451728463172913 978
1675855571433 0.13013967871665955 979
1675855571470 0.0132740568369627 980
1675855571533 0.15872788429260254 981
1675855571575 0.16931229829788208 982
1675855571615 0.047082316130399704 983
1675855571654 0.0014271041145548224 984
1675855571694 0.20175418257713318 985
1675855571738 0.175027996301651 986
1675855571778 0.09885714948177338 987
1675855571821 0.06148923933506012 988
1675855571862 0.04158828780055046 989
1675855571901 1.893818443932105e-05 990
1675855571948 0.45000818371772766 991
1675855571985 0.17228567600250244 992
1675855572023 0.0024406814482063055 993
1675855572064 0.14981791377067566 994
1675855572108 0.0831059068441391 995
1675855572149 0.7149798274040222 996
1675855572194 0.1648232638835907 997
1675855572233 0.17521506547927856 998
1675855572293 0.09132085740566254 999
