1675623442268 0.9407526850700378 0
1675623442444 0.9454433917999268 0
1675623442640 0.9486978650093079 0
1675623442853 0.9419251084327698 0
1675623443053 0.9436421990394592 0
1675623443238 0.9502753615379333 0
1675623443456 0.932536244392395 0
1675623443664 0.9377727508544922 0
1675623443854 0.9449792504310608 0
1675623444075 0.9388620853424072 0
1675623444293 0.93560391664505 0
1675623444499 0.9340356588363647 0
1675623444704 0.934182345867157 0
1675623444913 0.9294412732124329 0
1675623445135 0.9315903782844543 0
1675623445353 0.9279668927192688 0
1675623445570 0.9252078533172607 0
1675623445761 0.9330746531486511 0
1675623445971 0.9259862303733826 0
1675623446187 0.9183441996574402 0
1675623446382 0.9269481897354126 0
1675623446613 0.9138127565383911 0
1675623446811 0.9236759543418884 0
1675623447018 0.9206307530403137 0
1675623447252 0.9080810546875 0
1675623447470 0.9118689298629761 0
1675623447713 0.902274489402771 0
1675623447918 0.9166903495788574 0
1675623448118 0.916584312915802 0
1675623448335 0.9123400449752808 0
1675623448558 0.9083784222602844 0
1675623448787 0.9069000482559204 0
1675623449003 0.9126577377319336 0
1675623449222 0.9127830862998962 0
1675623449512 0.9009818434715271 0
1675623449842 0.9037249684333801 0
1675623450170 0.8888617157936096 0
1675623450427 0.9073005318641663 0
1675623450708 0.897981584072113 0
1675623451021 0.8978418111801147 0
1675623451332 0.8862946033477783 0
1675623451628 0.888545036315918 0
1675623451870 0.9004819393157959 0
1675623452114 0.8948379755020142 0
1675623452366 0.8890960812568665 0
1675623452585 0.8915761113166809 0
1675623452806 0.8923325538635254 0
1675623453039 0.8933351635932922 0
1675623453243 0.8944975137710571 0
1675623453495 0.8809387683868408 0
1675623453720 0.8811779022216797 0
1675623453946 0.8899504542350769 0
1675623454221 0.8819568157196045 0
1675623454486 0.8761096596717834 0
1675623454750 0.8826296329498291 0
1675623455031 0.8735978603363037 0
1675623455235 0.881510317325592 0
1675623455443 0.8768961429595947 0
1675623455656 0.8746592402458191 0
1675623455866 0.8710854649543762 0
1675623456091 0.865959644317627 0
1675623456303 0.8700778484344482 0
1675623456536 0.8628088235855103 0
1675623456761 0.8710702061653137 0
1675623457003 0.8641405701637268 0
1675623457267 0.8619136214256287 0
1675623457504 0.8643132448196411 0
1675623457732 0.8623338937759399 0
1675623457947 0.8622214794158936 0
1675623458171 0.8552062511444092 0
1675623458390 0.8562222719192505 0
1675623458671 0.8528962731361389 0
1675623458883 0.8571588397026062 0
1675623459091 0.8520985841751099 0
1675623459313 0.8471083641052246 0
1675623459500 0.8538573384284973 0
1675623459688 0.8537055850028992 0
1675623459877 0.8530811667442322 0
1675623460081 0.8457155227661133 0
1675623460299 0.8401747941970825 0
1675623460510 0.8436549305915833 0
1675623460715 0.8390296101570129 0
1675623460929 0.8323143720626831 0
1675623461147 0.8306204080581665 0
1675623461358 0.8357846140861511 0
1675623461575 0.8287440538406372 0
1675623461798 0.829861044883728 0
1675623462009 0.8296260237693787 0
1675623462249 0.8218490481376648 0
1675623462458 0.8231867551803589 0
1675623462657 0.8231353163719177 0
1675623462875 0.818173885345459 0
1675623463104 0.8144198060035706 0
1675623463378 0.8019876480102539 0
1675623463638 0.8049249053001404 0
1675623463870 0.8105309009552002 0
1675623464076 0.8090062141418457 0
1675623464293 0.8032278418540955 0
1675623464503 0.8029288649559021 0
1675623464729 0.798865020275116 0
1675623464972 0.7906169295310974 0
1675623465258 0.7919479012489319 0
1675623465496 0.7878473997116089 0
1675623465715 0.7895611524581909 0
1675623465938 0.7893930077552795 0
1675623466166 0.7833661437034607 0
1675623466359 0.7917467951774597 0
1675623466565 0.7863029837608337 0
1675623466780 0.7792118191719055 0
1675623466988 0.779907763004303 0
1675623467227 0.766930878162384 0
1675623467459 0.7766948938369751 0
1675623467739 0.7635379433631897 0
1675623468016 0.7570903897285461 0
1675623468253 0.7573696970939636 0
1675623468485 0.7541929483413696 0
1675623468692 0.7553091645240784 0
1675623468888 0.7550731301307678 0
1675623469096 0.7499751448631287 0
1675623469309 0.7451840043067932 0
1675623469546 0.7404154539108276 0
1675623469782 0.734847366809845 0
1675623470006 0.7359439134597778 0
1675623470217 0.7313641309738159 0
1675623470425 0.729507327079773 0
1675623470635 0.720842719078064 0
1675623470847 0.7170846462249756 0
1675623471101 0.7199093103408813 0
1675623471430 0.7149314880371094 0
1675623471703 0.7099316716194153 0
1675623471931 0.7016964554786682 0
1675623472130 0.7066013216972351 0
1675623472391 0.7011361718177795 0
1675623472664 0.688682496547699 0
1675623472920 0.6804092526435852 0
1675623473138 0.6799637675285339 0
1675623473326 0.6809014081954956 0
1675623473534 0.6711704134941101 0
1675623473759 0.6634252071380615 0
1675623473992 0.6582160592079163 0
1675623474191 0.6618509292602539 0
1675623474374 0.6552690863609314 0
1675623474591 0.6405929923057556 0
1675623474790 0.6408267021179199 0
1675623475031 0.6260755062103271 0
1675623475215 0.6314444541931152 0
1675623475419 0.6220853328704834 0
1675623475626 0.6139941811561584 0
1675623475843 0.603554368019104 0
1675623476070 0.5966088175773621 0
1675623476254 0.5971699357032776 0
1675623476452 0.5864760875701904 0
1675623476682 0.5750691890716553 0
1675623476890 0.5709611773490906 0
1675623477106 0.5575911402702332 0
1675623477306 0.5522860288619995 0
1675623477528 0.5417459011077881 0
1675623479080 0.534417450428009 0
1675623479330 0.5226148366928101 0
1675623479541 0.5187965631484985 0
1675623479762 0.5071991682052612 0
1675623480003 0.4944514036178589 0
1675623480243 0.48249897360801697 0
1675623480522 0.47427093982696533 0
1675623480765 0.4637291133403778 0
1675623481013 0.4501080811023712 0
1675623481220 0.4417714476585388 0
1675623481432 0.4280391037464142 0
1675623481634 0.41938459873199463 0
1675623481859 0.4023391902446747 0
1675623482081 0.3880770206451416 0
1675623482318 0.3731723427772522 0
1675623482514 0.36163976788520813 0
1675623482725 0.34684500098228455 0
1675623483004 0.33073318004608154 0
1675623483246 0.3141390383243561 0
1675623483460 0.30029964447021484 0
1675623483642 0.28159111738204956 0
1675623483840 0.2655284106731415 0
1675623484034 0.24813632667064667 0
1675623484224 0.23070262372493744 0
1675623484417 0.21468310058116913 0
1675623484658 0.19906792044639587 0
1675623484917 0.18288928270339966 0
1675623485185 0.16654875874519348 0
1675623485459 0.15198692679405212 0
1675623485692 0.1386958211660385 0
1675623485903 0.12421457469463348 0
1675623486146 0.11005935817956924 0
1675623486358 0.098357655107975 0
1675623486593 0.09475429356098175 0
1675623486835 0.08637509495019913 0
1675623487048 0.07645516097545624 0
1675623487265 0.07534442096948624 0
1675623487450 0.06318364292383194 0
1675623487649 0.0633045956492424 0
1675623487862 0.06779570132493973 0
1675623488073 0.06347821652889252 0
1675623488311 0.06911757588386536 0
1675623488533 0.06401314586400986 0
1675623488767 0.06957137584686279 0
1675623489017 0.06792030483484268 0
1675623489261 0.06526464968919754 0
1675623489486 0.0627613514661789 0
1675623489711 0.0639972910284996 0
1675623489915 0.05555276200175285 0
1675623490121 0.05677118897438049 0
1675623490321 0.05057689547538757 0
1675623490523 0.05222097411751747 0
1675623490755 0.058786798268556595 0
1675623490955 0.04988342896103859 0
1675623491180 0.05881458893418312 0
1675623491386 0.05025576427578926 0
1675623491585 0.05048862472176552 0
1675623491865 0.06590528786182404 0
1675623492092 0.05130232870578766 0
1675623492307 0.054495714604854584 0
1675623492554 0.05918394401669502 0
1675623492795 0.05522641912102699 0
1675623493026 0.05334831401705742 0
1675623493271 0.06239541620016098 0
1675623493491 0.05502313748002052 0
1675623493682 0.04293711856007576 0
1675623493919 0.05992182716727257 0
1675623494123 0.04766587167978287 0
1675623494334 0.04802646115422249 0
1675623494569 0.057123057544231415 0
1675623494808 0.057181745767593384 0
1675623495035 0.05652593821287155 0
1675623495230 0.04385757818818092 0
1675623495443 0.05373067036271095 0
1675623495651 0.05169816315174103 0
1675623495857 0.0482422299683094 0
1675623496085 0.05136530101299286 0
1675623496326 0.05470491573214531 0
1675623496531 0.04695647209882736 0
1675623496731 0.04492758959531784 0
1675623496949 0.048524245619773865 0
1675623497170 0.04546164721250534 0
1675623497375 0.04268808290362358 0
1675623497595 0.051640093326568604 0
1675623497803 0.04819919168949127 0
1675623498026 0.05312381684780121 0
1675623498208 0.04014628008008003 0
1675623498418 0.0472232922911644 0
1675623498627 0.048352211713790894 0
1675623498849 0.04931553825736046 0
1675623499071 0.05072025954723358 0
1675623499281 0.04844598099589348 0
1675623499508 0.05419251322746277 0
1675623499707 0.04366137087345123 0
1675623499895 0.03948449715971947 0
1675623500131 0.053575772792100906 0
1675623500356 0.05228835344314575 0
1675623500570 0.051457248628139496 0
1675623500787 0.05127552151679993 0
1675623501027 0.05916907638311386 0
1675623501231 0.04728877916932106 0
1675623501442 0.04853055998682976 0
1675623501665 0.04935545101761818 0
1675623501896 0.043714120984077454 0
1675623502145 0.05299151688814163 0
1675623502371 0.05462159961462021 0
1675623502572 0.0450374074280262 0
1675623502790 0.052833136171102524 0
1675623502996 0.04539669677615166 0
1675623503224 0.05342679098248482 0
1675623503422 0.044163767248392105 0
1675623503666 0.05971522629261017 0
1675623503891 0.047558948397636414 0
1675623504104 0.04833688586950302 0
1675623504314 0.04589076340198517 0
1675623504514 0.043091293424367905 0
1675623504706 0.04186130315065384 0
1675623504912 0.04440129175782204 0
1675623505127 0.04652159661054611 0
1675623505323 0.04087388888001442 0
1675623505553 0.053300291299819946 0
1675623505783 0.05136796832084656 0
1675623505992 0.04755471274256706 0
1675623506246 0.06282653659582138 0
1675623506477 0.05421242490410805 0
1675623506699 0.04903692752122879 0
1675623506947 0.05590248852968216 0
1675623507145 0.04484818875789642 0
1675623507350 0.044243548065423965 0
1675623507594 0.05846595764160156 0
1675623507802 0.04504365101456642 0
1675623508022 0.05100088194012642 0
1675623508240 0.04966708645224571 0
1675623508464 0.05242479592561722 0
1675623508662 0.04188169538974762 0
1675623508894 0.05654960125684738 0
1675623509116 0.05003062263131142 0
1675623509332 0.045762576162815094 0
1675623509556 0.049495868384838104 0
1675623509778 0.04979494959115982 0
1675623510002 0.050649967044591904 0
1675623510232 0.05342390015721321 0
1675623510465 0.05236997827887535 0
1675623510679 0.04612880200147629 0
1675623510927 0.045986358076334 0
1675623511166 0.05198127031326294 0
1675623511400 0.055270593613386154 0
1675623511613 0.04817212373018265 0
1675623511824 0.044624295085668564 0
1675623512058 0.053944915533065796 0
1675623512274 0.047513045370578766 0
1675623512476 0.04490526020526886 0
1675623512732 0.06182326748967171 0
1675623512940 0.04634105786681175 0
1675623513130 0.04242929816246033 0
1675623513343 0.04787472262978554 0
1675623513579 0.05929846689105034 0
1675623515016 0.04771353304386139 0
1675623515228 0.04648667201399803 0
1675623515451 0.056302573531866074 0
1675623515700 0.05992956832051277 0
1675623515910 0.048737071454524994 0
1675623516128 0.05084388703107834 0
1675623516328 0.045124031603336334 0
1675623516551 0.0489921011030674 0
1675623516808 0.06478982418775558 0
1675623517022 0.046691641211509705 0
1675623517249 0.056091662496328354 0
1675623517471 0.052622128278017044 0
1675623517717 0.058169782161712646 0
1675623517925 0.04521762952208519 0
1675623518118 0.044607292860746384 0
1675623518361 0.05935259535908699 0
1675623518560 0.050145238637924194 0
1675623518769 0.04386694356799126 0
1675623518969 0.04596621170639992 0
1675623519195 0.05341367796063423 0
1675623519400 0.04896741732954979 0
1675623519619 0.050062358379364014 0
1675623519828 0.050877805799245834 0
1675623520020 0.040611933916807175 0
1675623520217 0.04736306145787239 0
1675623520409 0.04064897820353508 0
1675623520622 0.05126410350203514 0
1675623520832 0.04417235404253006 0
1675623521072 0.05139381065964699 0
1675623521335 0.057235367596149445 0
1675623521556 0.05069781467318535 0
1675623521760 0.03803032636642456 0
1675623522006 0.056722767651081085 0
1675623522228 0.04998741298913956 0
1675623522409 0.039065420627593994 0
1675623522695 0.05349203571677208 0
1675623522992 0.06313347816467285 0
1675623523241 0.0430002361536026 0
1675623523511 0.05326883867383003 0
1675623523710 0.036932095885276794 0
1675623523946 0.05351958051323891 0
1675623524150 0.045182280242443085 0
1675623524373 0.056127727031707764 0
1675623524598 0.052808258682489395 0
1675623524792 0.043901149183511734 0
1675623525017 0.05132213979959488 0
1675623525225 0.0513433963060379 0
1675623525435 0.042884524911642075 0
1675623525665 0.05676566809415817 0
1675623525874 0.04884791746735573 0
1675623526089 0.05477782338857651 0
1675623526285 0.04246030002832413 0
1675623526474 0.0450064018368721 0
1675623526669 0.043923504650592804 0
1675623526867 0.047254618257284164 0
1675623527072 0.043598536401987076 0
1675623527266 0.0436168797314167 0
1675623527497 0.05483144521713257 0
1675623527729 0.05666143819689751 0
1675623527951 0.049355391412973404 0
1675623528127 0.039213623851537704 0
1675623528338 0.04812709614634514 0
1675623528527 0.04295467585325241 0
1675623528730 0.04652972146868706 0
1675623528949 0.043813858181238174 0
1675623529199 0.04296443611383438 0
1675623529464 0.05226997286081314 0
1675623529732 0.049627840518951416 0
1675623529986 0.04770198091864586 0
1675623530232 0.043044205754995346 0
1675623530468 0.04868261516094208 0
1675623530723 0.04544825106859207 0
1675623530971 0.04719538986682892 0
1675623531219 0.03981643170118332 0
1675623531465 0.04838613420724869 0
1675623531751 0.05335314944386482 0
1675623531983 0.04436420276761055 0
1675623532243 0.05697082355618477 0
1675623532434 0.04145945981144905 0
1675623532648 0.04928562045097351 0
1675623532839 0.04517417028546333 0
1675623533058 0.05187414214015007 0
1675623533250 0.04429960623383522 0
1675623533434 0.03823534771800041 0
1675623533644 0.04676252603530884 0
1675623533853 0.04764363542199135 0
1675623534086 0.05762774869799614 0
1675623534296 0.042505163699388504 0
1675623534486 0.0472530834376812 0
1675623534707 0.05227009952068329 0
1675623534925 0.05550684407353401 0
1675623535148 0.05129481479525566 0
1675623535356 0.04951746016740799 0
1675623535610 0.060367096215486526 0
1675623535814 0.04745024815201759 0
1675623536045 0.051608115434646606 0
1675623536254 0.04969577491283417 0
1675623536473 0.04989636689424515 0
1675623536673 0.04900868609547615 0
1675623536928 0.05736853927373886 0
1675623537147 0.0499325692653656 0
1675623537380 0.05246563255786896 0
1675623537571 0.041943714022636414 0
1675623537777 0.044597990810871124 0
1675623538023 0.05971120297908783 0
1675623538234 0.0465228371322155 0
1675623538441 0.051826659590005875 0
1675623538648 0.046049509197473526 0
1675623538856 0.04788414016366005 0
1675623539083 0.051573775708675385 0
1675623539299 0.04665084183216095 0
1675623539522 0.05005465820431709 0
1675623539712 0.04380291327834129 0
1675623539946 0.056752294301986694 0
1675623540158 0.051168277859687805 0
1675623540392 0.05585658177733421 0
1675623540591 0.04551386833190918 0
1675623540848 0.06343646347522736 0
1675623541047 0.04815007746219635 0
1675623541233 0.038969267159700394 0
1675623541443 0.051318831741809845 0
1675623541667 0.047580569982528687 0
1675623541879 0.043226465582847595 0
1675623542121 0.05366829037666321 0
1675623542322 0.046534981578588486 0
1675623542551 0.052821919322013855 0
1675623542771 0.051387663930654526 0
1675623542989 0.049334656447172165 0
1675623543214 0.057262521237134933 0
1675623543435 0.04908677935600281 0
1675623543633 0.0473136380314827 0
1675623543858 0.05067559704184532 0
1675623544063 0.047622986137866974 0
1675623544281 0.05058011785149574 0
1675623544489 0.04824396222829819 0
1675623544704 0.05048268660902977 0
1675623544906 0.04527273029088974 0
1675623545136 0.048436690121889114 0
1675623545369 0.05564827471971512 0
1675623545581 0.047939274460077286 0
1675623545788 0.04692405089735985 0
1675623545998 0.04837419092655182 0
1675623546222 0.05318889394402504 0
1675623546416 0.03968023136258125 0
1675623546604 0.04096542298793793 0
1675623546849 0.05980953201651573 0
1675623547054 0.05034710094332695 0
1675623547254 0.04163610190153122 0
1675623547461 0.043836869299411774 0
1675623547704 0.052397873252630234 0
1675623547910 0.050850193947553635 0
1675623548123 0.04680875688791275 0
1675623548290 0.037228699773550034 0
1675623548497 0.0464249812066555 0
1675623548690 0.04670562595129013 0
1675623548884 0.0444602444767952 0
1675623549072 0.0450669564306736 0
1675623550572 0.06016386300325394 0
1675623550796 0.047870803624391556 0
1675623551068 0.05133965238928795 0
1675623551310 0.04517830163240433 0
1675623551557 0.05472588539123535 0
1675623551792 0.04976758733391762 0
1675623552020 0.04564869403839111 0
1675623552243 0.051210153847932816 0
1675623552474 0.05001330375671387 0
1675623552688 0.049769725650548935 0
1675623552934 0.06122588738799095 0
1675623553149 0.048188287764787674 0
1675623553361 0.04903319850564003 0
1675623553562 0.04051235690712929 0
1675623553766 0.04419094696640968 0
1675623553993 0.054336853325366974 0
1675623554197 0.04489072784781456 0
1675623554442 0.05828506499528885 0
1675623554646 0.04270623251795769 0
1675623554858 0.04836553707718849 0
1675623555074 0.049623262137174606 0
1675623555292 0.05000505968928337 0
1675623555510 0.05181165784597397 0
1675623555711 0.043039362877607346 0
1675623555929 0.05021218582987785 0
1675623556125 0.04365655407309532 0
1675623556319 0.042622074484825134 0
1675623556523 0.04411580041050911 0
1675623556728 0.044469188898801804 0
1675623556965 0.051667556166648865 0
1675623557208 0.056456100195646286 0
1675623557395 0.03945469111204147 0
1675623557630 0.056365158408880234 0
1675623557838 0.04698190465569496 0
1675623558048 0.04741791635751724 0
1675623558289 0.05704716965556145 0
1675623558498 0.04668275639414787 0
1675623558726 0.05099785327911377 0
1675623558951 0.0529727004468441 0
1675623559137 0.036924123764038086 0
1675623559355 0.05116536095738411 0
1675623559559 0.04586544632911682 0
1675623559761 0.0448860228061676 0
1675623559991 0.05316794291138649 0
1675623560218 0.05347932130098343 0
1675623560475 0.06473594158887863 0
1675623560679 0.04704015329480171 0
1675623560892 0.04404336214065552 0
1675623561091 0.042349983006715775 0
1675623561310 0.05046054348349571 0
1675623561526 0.048231255263090134 0
1675623561767 0.04954422265291214 0
1675623562017 0.05325091630220413 0
1675623562212 0.04292627051472664 0
1675623562438 0.055244315415620804 0
1675623562632 0.04115045443177223 0
1675623562848 0.04820974916219711 0
1675623563058 0.04523519054055214 0
1675623563268 0.04792873188853264 0
1675623563481 0.04893665015697479 0
1675623563718 0.05378780886530876 0
1675623563959 0.057263340801000595 0
1675623564161 0.043974295258522034 0
1675623564347 0.0400090366601944 0
1675623564589 0.05921470373868942 0
1675623564788 0.041513342410326004 0
1675623565018 0.054790910333395004 0
1675623565217 0.04290122911334038 0
1675623565422 0.045654453337192535 0
1675623565633 0.046799372881650925 0
1675623565857 0.05380452051758766 0
1675623566042 0.041157204657793045 0
1675623566257 0.047488514333963394 0
1675623566480 0.05036623775959015 0
1675623566702 0.051635004580020905 0
1675623566912 0.0441119410097599 0
1675623567135 0.04989992454648018 0
1675623567371 0.05633440986275673 0
1675623567585 0.0470486618578434 0
1675623567822 0.04816703498363495 0
1675623568043 0.043990593403577805 0
1675623568256 0.03978688642382622 0
1675623568478 0.045565709471702576 0
1675623568684 0.04226064309477806 0
1675623568904 0.05089525133371353 0
1675623569114 0.04728782922029495 0
1675623569340 0.05428247153759003 0
1675623569529 0.04036673903465271 0
1675623569751 0.048973605036735535 0
1675623569995 0.05556408688426018 0
1675623570232 0.056698333472013474 0
1675623570451 0.050836171954870224 0
1675623570656 0.04461251571774483 0
1675623570903 0.053060561418533325 0
1675623571148 0.055889666080474854 0
1675623571365 0.05026186630129814 0
1675623571617 0.061520062386989594 0
1675623571849 0.041185829788446426 0
1675623572068 0.04652469605207443 0
1675623572283 0.050450850278139114 0
1675623572486 0.046709537506103516 0
1675623572691 0.04578917473554611 0
1675623572933 0.051564883440732956 0
1675623573174 0.050881944596767426 0
1675623573403 0.05151835083961487 0
1675623573616 0.04785582423210144 0
1675623573862 0.057721834629774094 0
1675623574081 0.050929050892591476 0
1675623574301 0.048685915768146515 0
1675623574508 0.04790528491139412 0
1675623574725 0.04837428405880928 0
1675623574935 0.04638848081231117 0
1675623575165 0.05345604568719864 0
1675623575381 0.04867056384682655 0
1675623575613 0.05452747642993927 0
1675623575830 0.0460270531475544 0
1675623576044 0.04677174612879753 0
1675623576274 0.05321118235588074 0
1675623576492 0.048091817647218704 0
1675623576707 0.048024073243141174 0
1675623576915 0.04631352424621582 0
1675623577118 0.04606350511312485 0
1675623577327 0.04762912541627884 0
1675623577528 0.04539649188518524 0
1675623577748 0.04453470557928085 0
1675623578008 0.0515175461769104 0
1675623578243 0.055754706263542175 0
1675623578437 0.04093910753726959 0
1675623578627 0.042635638266801834 0
1675623578855 0.0522582046687603 0
1675623579066 0.04713090509176254 0
1675623579270 0.04365257918834686 0
1675623579487 0.05128113925457001 0
1675623579694 0.0453934371471405 0
1675623579943 0.05798643082380295 0
1675623580155 0.04806629940867424 0
1675623580402 0.053803589195013046 0
1675623580639 0.05364738404750824 0
1675623580828 0.04042068123817444 0
1675623581045 0.04876045882701874 0
1675623581251 0.042143259197473526 0
1675623581452 0.043088994920253754 0
1675623581649 0.04101871699094772 0
1675623581902 0.04622117802500725 0
1675623582200 0.05771835520863533 0
1675623582415 0.04511293023824692 0
1675623582640 0.051087845116853714 0
1675623582867 0.04917607828974724 0
1675623583093 0.0531325601041317 0
1675623583287 0.04148244857788086 0
1675623583497 0.045647840946912766 0
1675623583710 0.041285231709480286 0
1675623583977 0.05444673076272011 0
1675623584197 0.045567672699689865 0
1675623584441 0.05124978348612785 0
1675623584680 0.04938589781522751 0
1675623584891 0.04602021723985672 0
1675623586337 0.042978353798389435 0
1675623586536 0.0444028340280056 0
1675623586743 0.04755210876464844 0
1675623586955 0.04666073992848396 0
1675623587191 0.05148962885141373 0
1675623587426 0.050377652049064636 0
1675623587633 0.043192584067583084 0
1675623587834 0.04634219780564308 0
1675623588054 0.04664624109864235 0
1675623588232 0.038544271141290665 0
1675623588438 0.046917758882045746 0
1675623588639 0.047388095408678055 0
1675623588897 0.051078952848911285 0
1675623589105 0.048649370670318604 0
1675623589316 0.05211283266544342 0
1675623589511 0.04620196297764778 0
1675623589711 0.04795651510357857 0
1675623589903 0.044075608253479004 0
1675623590088 0.03843259811401367 0
1675623590276 0.04273982346057892 0
1675623590507 0.05824171379208565 0
1675623590713 0.049778711050748825 0
1675623590950 0.05989638715982437 0
1675623591180 0.05622579902410507 0
1675623591387 0.05004225671291351 0
1675623591594 0.051539331674575806 0
1675623591786 0.041525207459926605 0
1675623591999 0.047461289912462234 0
1675623592208 0.046763382852077484 0
1675623592379 0.036420922726392746 0
1675623592580 0.05032433569431305 0
1675623592761 0.04014408960938454 0
1675623592971 0.04815223067998886 0
1675623593175 0.049335163086652756 0
1675623593387 0.053835079073905945 0
1675623593599 0.049113836139440536 0
1675623593807 0.048726893961429596 0
1675623594047 0.05889081582427025 0
1675623594276 0.05150456354022026 0
1675623594495 0.048422954976558685 0
1675623594701 0.04994508624076843 0
1675623594901 0.048226289451122284 0
1675623595103 0.047380901873111725 0
1675623595321 0.05320889130234718 0
1675623595531 0.050165824592113495 0
1675623595741 0.052891165018081665 0
1675623595955 0.05289671942591667 0
1675623596177 0.053860150277614594 0
1675623596371 0.04656026512384415 0
1675623596579 0.0490085743367672 0
1675623596781 0.04737340286374092 0
1675623596970 0.040528979152441025 0
1675623597169 0.04591330513358116 0
1675623597376 0.0470915213227272 0
1675623597586 0.052022844552993774 0
1675623597783 0.04537263885140419 0
1675623597982 0.04813412204384804 0
1675623598175 0.0463111475110054 0
1675623598414 0.06072006747126579 0
1675623598614 0.0462987907230854 0
1675623598837 0.05506817623972893 0
1675623599011 0.03793645277619362 0
1675623599215 0.047579292207956314 0
1675623599449 0.058339182287454605 0
1675623599642 0.04548347741365433 0
1675623599844 0.04822580888867378 0
1675623600042 0.04621993750333786 0
1675623600226 0.04191651940345764 0
1675623600398 0.03773518279194832 0
1675623600611 0.051718007773160934 0
1675623600811 0.04652119427919388 0
1675623601000 0.04279208183288574 0
1675623601217 0.053176626563072205 0
1675623601411 0.04554848372936249 0
1675623601613 0.04378709942102432 0
1675623601834 0.04617653414607048 0
1675623602087 0.04547175392508507 0
1675623602328 0.04971902072429657 0
1675623602588 0.05591021850705147 0
1675623602846 0.0500171072781086 0
1675623603118 0.052391763776540756 0
1675623603376 0.04469487816095352 0
1675623603620 0.042626820504665375 0
1675623603878 0.04757346212863922 0
1675623604163 0.052927982062101364 0
1675623604476 0.05493816360831261 0
1675623604750 0.05034077540040016 0
1675623605039 0.04920808598399162 0
1675623605372 0.054906588047742844 0
1675623605671 0.05057259649038315 0
1675623605919 0.05141955241560936 0
1675623606176 0.04830275848507881 0
1675623606390 0.04282565414905548 0
1675623606602 0.04376034811139107 0
1675623606815 0.04408128187060356 0
1675623607043 0.0483066663146019 0
1675623607264 0.04902762174606323 0
1675623607447 0.04136812314391136 0
1675623607687 0.05832367017865181 0
1675623607914 0.05800335854291916 0
1675623608119 0.04570811614394188 0
1675623608304 0.04314419999718666 0
1675623608490 0.04204307496547699 0
1675623608686 0.04634289816021919 0
1675623608920 0.058421023190021515 0
1675623609133 0.04256655275821686 0
1675623609467 0.05307920277118683 0
1675623609688 0.04416863992810249 0
1675623609950 0.05065179616212845 0
1675623610219 0.0503537617623806 0
1675623610479 0.047628361731767654 0
1675623610711 0.046486787497997284 0
1675623610994 0.05370212718844414 0
1675623611277 0.043641846626996994 0
1675623611515 0.049505844712257385 0
1675623611796 0.0478053092956543 0
1675623612075 0.05758920684456825 0
1675623612310 0.048121415078639984 0
1675623612535 0.04316834732890129 0
1675623612759 0.04862302541732788 0
1675623613018 0.05980352312326431 0
1675623613278 0.05280610918998718 0
1675623613546 0.05061855539679527 0
1675623613784 0.04263646900653839 0
1675623614035 0.04751904308795929 0
1675623614265 0.0413065068423748 0
1675623614519 0.04669303819537163 0
1675623614764 0.059514306485652924 0
1675623614963 0.04785803332924843 0
1675623615165 0.04803020879626274 0
1675623615379 0.05355743691325188 0
1675623615583 0.04962315037846565 0
1675623615779 0.043698109686374664 0
1675623615981 0.048173800110816956 0
1675623616169 0.0426921583712101 0
1675623616361 0.04354612156748772 0
1675623616565 0.04864082857966423 0
1675623616815 0.05645867809653282 0
1675623616995 0.038448650389909744 0
1675623617217 0.05615202337503433 0
1675623617426 0.04768373444676399 0
1675623617668 0.0586157888174057 0
1675623617886 0.04820287600159645 0
1675623618116 0.05081949383020401 0
1675623618332 0.04485981911420822 0
1675623618538 0.044537391513586044 0
1675623618733 0.045253485441207886 0
1675623618947 0.05346314609050751 0
1675623619171 0.05684482678771019 0
1675623619367 0.04736535996198654 0
1675623619551 0.040449127554893494 0
1675623619775 0.054639264941215515 0
1675623619993 0.05583124980330467 0
1675623620217 0.05296684429049492 0
1675623620426 0.04646147042512894 0
1675623620668 0.05707588791847229 0
1675623620882 0.048703357577323914 0
