1675870424784 0.6650997400283813 0
1675870424991 0.6641802191734314 0
1675870425205 0.6658400893211365 0
1675870425434 0.6629721522331238 0
1675870425680 0.6618967652320862 0
1675870425900 0.6654148697853088 0
1675870426115 0.6640364527702332 0
1675870426342 0.6622449159622192 0
1675870426557 0.6666057705879211 0
1675870426800 0.6648924946784973 0
1675870427011 0.6652751564979553 0
1675870427239 0.663984477519989 0
1675870427476 0.6634514331817627 0
1675870427675 0.6671290993690491 0
1675870427887 0.6644145250320435 0
1675870428121 0.6640611290931702 0
1675870428348 0.669704258441925 0
1675870428576 0.6656848192214966 0
1675870428807 0.6637356281280518 0
1675870429027 0.6622753739356995 0
1675870429225 0.6688108444213867 0
1675870429462 0.6610792279243469 0
1675870429662 0.6674679517745972 0
1675870429888 0.6606649160385132 0
1675870430119 0.6617506742477417 0
1675870430340 0.6617669463157654 0
1675870430575 0.661220371723175 0
1675870430800 0.6619450449943542 0
1675870431013 0.66335129737854 0
1675870431215 0.6657363176345825 0
1675870431418 0.6657451391220093 0
1675870431630 0.663411021232605 0
1675870431839 0.6665517687797546 0
1675870432083 0.6568949222564697 0
1675870432290 0.6639013886451721 0
1675870432532 0.6575024127960205 0
1675870432767 0.6597093939781189 0
1675870432970 0.666775107383728 0
1675870433168 0.6675865054130554 0
1675870433409 0.6620969772338867 0
1675870433650 0.6615681052207947 0
1675870433877 0.6620346307754517 0
1675870434100 0.6621493697166443 0
1675870434341 0.6598363518714905 0
1675870434562 0.6642578840255737 0
1675870434783 0.6659209132194519 0
1675870434999 0.6631792783737183 0
1675870435205 0.6650776267051697 0
1675870435429 0.6602022647857666 0
1675870435626 0.666235625743866 0
1675870435813 0.6703181862831116 0
1675870436080 0.6553258895874023 0
1675870436300 0.6651753187179565 0
1675870436489 0.667801022529602 0
1675870436716 0.6598832607269287 0
1675870436963 0.6620567440986633 0
1675870437190 0.660315752029419 0
1675870437407 0.6635313630104065 0
1675870437646 0.6583361625671387 0
1675870437849 0.6653367877006531 0
1675870438068 0.6653327941894531 0
1675870438308 0.6566265225410461 0
1675870438541 0.6615361571311951 0
1675870438744 0.6657907366752625 0
1675870438941 0.6669223308563232 0
1675870439143 0.666382372379303 0
1675870439344 0.6661176681518555 0
1675870439550 0.6644814610481262 0
1675870439777 0.6622653007507324 0
1675870440003 0.6604131460189819 0
1675870440226 0.6620982885360718 0
1675870440460 0.6589116454124451 0
1675870440678 0.662617027759552 0
1675870440889 0.6626166701316833 0
1675870441104 0.6621655821800232 0
1675870441310 0.6640504598617554 0
1675870441542 0.659320592880249 0
1675870441792 0.6576253175735474 0
1675870442019 0.6621298789978027 0
1675870442214 0.6661347150802612 0
1675870442416 0.6646408438682556 0
1675870442649 0.6648275852203369 0
1675870442873 0.6600531935691833 0
1675870443094 0.6626846194267273 0
1675870443282 0.667289674282074 0
1675870443496 0.663317084312439 0
1675870443702 0.6629055738449097 0
1675870443933 0.6593044996261597 0
1675870444156 0.6615393161773682 0
1675870444419 0.6575182676315308 0
1675870444649 0.661191999912262 0
1675870444870 0.6606011986732483 0
1675870445100 0.6603642106056213 0
1675870445350 0.6650872826576233 0
1675870445567 0.6628831028938293 0
1675870445793 0.6620619893074036 0
1675870446083 0.6594572067260742 0
1675870446338 0.6629155278205872 0
1675870446590 0.6635934710502625 0
1675870446863 0.6594452261924744 0
1675870447103 0.6660031676292419 0
1675870447380 0.658954381942749 0
1675870447614 0.6655537486076355 0
1675870447839 0.6577207446098328 0
1675870448066 0.6614922285079956 0
1675870448303 0.66177898645401 0
1675870448531 0.6675971150398254 0
1675870448793 0.6572290062904358 0
1675870449069 0.653328001499176 0
1675870449324 0.658058762550354 0
1675870449563 0.6652695536613464 0
1675870449845 0.6578308343887329 0
1675870450070 0.6642680764198303 0
1675870450325 0.6584650874137878 0
1675870450627 0.6507742404937744 0
1675870452513 0.6608766913414001 0
1675870452754 0.6635239124298096 0
1675870452989 0.6628199815750122 0
1675870453217 0.6613247990608215 0
1675870453431 0.6639660000801086 0
1675870453645 0.6631940603256226 0
1675870453866 0.6618019938468933 0
1675870454124 0.6575883030891418 0
1675870454366 0.6586573719978333 0
1675870454618 0.6616393327713013 0
1675870454837 0.6623439788818359 0
1675870455084 0.657300591468811 0
1675870455306 0.6625008583068848 0
1675870455543 0.658804178237915 0
1675870455757 0.6622195243835449 0
1675870455950 0.6629548668861389 0
1675870456154 0.6603834629058838 0
1675870456351 0.662746250629425 0
1675870456545 0.6625789403915405 0
1675870456756 0.6582644581794739 0
1675870456980 0.659817636013031 0
1675870457173 0.663404643535614 0
1675870457360 0.6649031043052673 0
1675870457563 0.6613515615463257 0
1675870457768 0.666373074054718 0
1675870457983 0.6577482223510742 0
1675870458190 0.6597747206687927 0
1675870458402 0.6612718105316162 0
1675870458643 0.654832661151886 0
1675870458862 0.6593539118766785 0
1675870459108 0.6564850211143494 0
1675870459338 0.6609299182891846 0
1675870459601 0.652140736579895 0
1675870459857 0.6611974239349365 0
1675870460103 0.6634405255317688 0
1675870460331 0.6564440131187439 0
1675870460538 0.6603814363479614 0
1675870460755 0.6605038046836853 0
1675870461007 0.6532608866691589 0
1675870461249 0.6514443755149841 0
1675870461465 0.6570232510566711 0
1675870461674 0.6587448716163635 0
1675870463109 0.6565840840339661 0
1675870463323 0.6581522822380066 0
1675870463504 0.6647523045539856 0
1675870463704 0.660940945148468 0
1675870463936 0.6567976474761963 0
1675870464145 0.6609095931053162 0
1675870464347 0.6609451770782471 0
1675870464558 0.6613643169403076 0
1675870464755 0.6615583300590515 0
1675870464987 0.6556504964828491 0
1675870465204 0.6604620814323425 0
1675870465404 0.6615407466888428 0
1675870465599 0.6626147627830505 0
1675870465823 0.6560204029083252 0
1675870466008 0.6632316708564758 0
1675870466229 0.6578834056854248 0
1675870466447 0.6559486985206604 0
1675870466649 0.6591851711273193 0
1675870466881 0.6532362699508667 0
1675870467103 0.6552561521530151 0
1675870467301 0.6609583497047424 0
1675870467510 0.6584525108337402 0
1675870467724 0.6566768288612366 0
1675870467916 0.6619699597358704 0
1675870468136 0.6570624709129333 0
1675870468340 0.6593958735466003 0
1675870468539 0.66102534532547 0
1675870468742 0.6585583686828613 0
1675870468965 0.6554895043373108 0
1675870469169 0.6584489941596985 0
1675870469381 0.6556224226951599 0
1675870469612 0.652319073677063 0
1675870469799 0.6634698510169983 0
1675870469992 0.6613436341285706 0
1675870470223 0.6547626256942749 0
1675870470412 0.6648039817810059 0
1675870470608 0.6597579717636108 0
1675870470811 0.658784806728363 0
1675870471006 0.6603519320487976 0
1675870471251 0.6530007719993591 0
1675870471470 0.6543833017349243 0
1675870471663 0.6610950231552124 0
1675870471871 0.6578973531723022 0
1675870472081 0.6562192440032959 0
1675870472271 0.6611903309822083 0
1675870472516 0.6503825187683105 0
1675870472744 0.656781792640686 0
1675870472993 0.6503223776817322 0
1675870473239 0.65263432264328 0
1675870473449 0.6574769616127014 0
1675870473672 0.6569774746894836 0
1675870473893 0.6596316695213318 0
1675870474109 0.6588593125343323 0
1675870474334 0.6579593420028687 0
1675870474547 0.657766580581665 0
1675870474764 0.655292809009552 0
1675870474973 0.6571888327598572 0
1675870475197 0.653515100479126 0
1675870475446 0.6517331004142761 0
1675870475659 0.6537761688232422 0
1675870475866 0.6563613414764404 0
1675870476051 0.6603410243988037 0
1675870476259 0.6572598814964294 0
1675870476445 0.6621049642562866 0
1675870476677 0.6522583961486816 0
1675870476895 0.6546981334686279 0
1675870477095 0.6577696204185486 0
1675870477349 0.6578311920166016 0
1675870477575 0.6556604504585266 0
1675870477791 0.6591635346412659 0
1675870478012 0.6582226157188416 0
1675870478259 0.6536972522735596 0
1675870478492 0.6551595330238342 0
1675870478730 0.6532021164894104 0
1675870478966 0.6558085083961487 0
1675870479184 0.6552125215530396 0
1675870479399 0.6553994417190552 0
1675870479615 0.6567083597183228 0
1675870479820 0.6568948030471802 0
1675870480025 0.6570801138877869 0
1675870480198 0.6629531383514404 0
1675870480409 0.658577561378479 0
1675870480612 0.6584620475769043 0
1675870480852 0.6530977487564087 0
1675870481095 0.6488772630691528 0
1675870481334 0.6519556641578674 0
1675870481541 0.6599938869476318 0
1675870481753 0.6579191088676453 0
1675870481956 0.6585966944694519 0
1675870482190 0.6517536640167236 0
1675870482397 0.6569777131080627 0
1675870482642 0.6564757227897644 0
1675870482889 0.6542359590530396 0
1675870483110 0.6576388478279114 0
1675870483352 0.6536262631416321 0
1675870483639 0.6544603109359741 0
1675870483900 0.6574590802192688 0
1675870484186 0.6516438126564026 0
1675870484462 0.6538190245628357 0
1675870484686 0.6609001755714417 0
1675870484906 0.6529101729393005 0
1675870485095 0.6596361994743347 0
1675870485307 0.6555517315864563 0
1675870485566 0.6514828205108643 0
1675870485787 0.6587579846382141 0
1675870486007 0.6579341292381287 0
1675870486286 0.6490055918693542 0
1675870486547 0.6530698537826538 0
1675870486806 0.6548231244087219 0
1675870487033 0.655087947845459 0
1675870487235 0.6585450768470764 0
1675870487476 0.654356837272644 0
1675870487795 0.6563165783882141 0
1675870488023 0.6564038395881653 0
1675870488283 0.6508210301399231 0
1675870488507 0.6536890864372253 0
1675870488752 0.655916154384613 0
1675870488964 0.6554975509643555 0
1675870489179 0.6561601758003235 0
1675870489461 0.6524951457977295 0
1675870489670 0.6587112545967102 0
1675870489879 0.656090497970581 0
1675870490096 0.6550204753875732 0
1675870490300 0.6562387347221375 0
1675870490524 0.6528406143188477 0
1675870490768 0.6477288603782654 0
1675870490978 0.6555051207542419 0
1675870491202 0.6540626883506775 0
1675870491443 0.6497126221656799 0
1675870491679 0.6504767537117004 0
1675870491937 0.649742841720581 0
1675870492180 0.6510612368583679 0
1675870492401 0.6525381803512573 0
1675870492658 0.6502349972724915 0
1675870492904 0.6504316926002502 0
1675870493121 0.6508435606956482 0
1675870493330 0.6534781455993652 0
1675870493553 0.6510539650917053 0
1675870493776 0.6532065272331238 0
1675870494002 0.6525354981422424 0
1675870494212 0.6542806029319763 0
1675870494432 0.6544027328491211 0
1675870494654 0.6527527570724487 0
1675870494873 0.6517902612686157 0
1675870495076 0.6552684903144836 0
1675870495311 0.6499453783035278 0
1675870495534 0.6524395942687988 0
1675870495749 0.6524533033370972 0
1675870495994 0.651261031627655 0
1675870496233 0.6510425806045532 0
