1675961329181 0.017339646816253662 0
1675961329579 0.6868416786193847 40
1675961329958 0.6719636440277099 80
1675961330408 0.6566983699798584 120
1675961330811 0.6403259754180908 160
1675961331237 0.61709566116333 200
1675961331755 0.5798948764801025 240
1675961332184 0.6229279994964599 280
1675961332874 0.6131348609924316 320
1675961333390 0.5964046955108643 360
1675961333889 0.5988484382629394 400
1675961334393 0.5841989517211914 440
1675961334847 0.6174131870269776 480
1675961335236 0.6008020401000976 520
1675961335713 0.5890778064727783 560
1675961336089 0.6061059474945069 600
1675961336514 0.6012029647827148 640
1675961336942 0.5865401268005371 680
1675961337312 0.5951998233795166 720
1675961337770 0.6069255352020264 760
1675961338279 0.5969393730163575 800
1675961338625 0.6069841384887695 840
1675961339006 0.6141556739807129 880
1675961339415 0.6004469871520997 920
1675961339856 0.5986392498016357 960
1675961340385 0.6041261672973632 1000
1675961340812 0.6076836585998535 1040
1675961341542 0.6050479412078857 1080
1675961341989 0.6007057666778565 1120
1675961342561 0.5728321552276612 1160
1675961343069 0.6001089096069336 1200
1675961343589 0.6114142894744873 1240
1675961344087 0.6110309600830078 1280
1675961344607 0.5828841686248779 1320
1675961345100 0.604369068145752 1360
1675961345463 0.593690013885498 1400
1675961345856 0.6066661357879639 1440
1675961346303 0.6017170906066894 1480
1675961346774 0.6015397071838379 1520
1675961347206 0.5836299896240235 1560
1675961347921 0.610228157043457 1600
1675961348850 0.6127915859222413 1640
1675961349209 0.6144941329956055 1680
1675961349578 0.6065075874328614 1720
1675961350026 0.6079594612121582 1760
1675961350455 0.6151437759399414 1800
1675961350864 0.5970092296600342 1840
1675961351269 0.6124279499053955 1880
1675961351673 0.6004620552062988 1920
1675961352114 0.6194369316101074 1960
1675961352522 0.6083344936370849 2000
1675961353032 0.5818627357482911 2040
1675961353458 0.6056467533111572 2080
1675961353885 0.5975543975830078 2120
1675961354298 0.6040344715118409 2160
1675961354694 0.6032663345336914 2200
1675961355153 0.5769125938415527 2240
1675961355595 0.602532148361206 2280
1675961355966 0.6181965351104737 2320
1675961356635 0.591555404663086 2360
1675961357216 0.595954418182373 2400
1675961357603 0.6069252967834473 2440
1675961358106 0.5797735214233398 2480
1675961358524 0.6143548965454102 2520
1675961358947 0.593262004852295 2560
1675961359382 0.5877652168273926 2600
1675961359897 0.5964865684509277 2640
1675961360378 0.6064287662506104 2680
1675961360943 0.6003775596618652 2720
1675961361399 0.5876311302185059 2760
1675961361954 0.5897582054138184 2800
1675961362465 0.6221815586090088 2840
1675961363032 0.6027238368988037 2880
1675961363635 0.5946259021759033 2920
1675961364160 0.5976688385009765 2960
1675961364593 0.6077977180480957 3000
1675961364988 0.5938525676727295 3040
1675961365727 0.5761369705200196 3080
1675961366308 0.590474271774292 3120
1675961366805 0.6058906078338623 3160
1675961367317 0.6081063270568847 3200
1675961367838 0.6013493061065673 3240
1675961368363 0.5908631324768067 3280
1675961368783 0.5980916023254395 3320
1675961369205 0.593595552444458 3360
1675961369667 0.603368091583252 3400
1675961370363 0.5882106304168702 3440
1675961370937 0.5969743728637695 3480
1675961371289 0.6023458003997803 3520
1675961371892 0.5948416233062744 3560
1675961372392 0.595403003692627 3600
1675961372834 0.6034390449523925 3640
1675961373253 0.6052700519561768 3680
1675961373689 0.5823851108551026 3720
1675961374363 0.5872940063476563 3760
1675961374720 0.6118637561798096 3800
1675961375937 0.6074307441711426 3840
1675961376905 0.5896656513214111 3880
1675961377465 0.6184160232543945 3920
1675961378183 0.6072864055633544 3960
1675961378795 0.6032144069671631 4000
1675961379312 0.5958104133605957 4040
1675961379822 0.6105542182922363 4080
1675961380328 0.5846599578857422 4120
1675961380712 0.5755650997161865 4160
1675961381064 0.6142923831939697 4200
1675961381447 0.6015724182128906 4240
1675961381949 0.5863176345825195 4280
1675961382726 0.6036909103393555 4320
1675961383281 0.5893452167510986 4360
1675961383709 0.5937573909759521 4400
1675961384096 0.5873194217681885 4440
1675961384476 0.5979138374328613 4480
1675961384844 0.5846963882446289 4520
1675961385184 0.627531623840332 4560
1675961385538 0.5890354156494141 4600
1675961385891 0.6040468692779541 4640
1675961386320 0.5814160346984864 4680
1675961386683 0.5929060459136963 4720
1675961387051 0.5877211570739747 4760
1675961387431 0.5889458656311035 4800
1675961387753 0.616041612625122 4840
1675961388073 0.5936718940734863 4880
1675961388481 0.603046178817749 4920
1675961388761 0.6184172630310059 4960
1675961389125 0.5945095539093017 5000
1675961389500 0.5989596843719482 5040
1675961389861 0.6077964305877686 5080
1675961390189 0.6106948852539062 5120
1675961390574 0.585701847076416 5160
1675961390878 0.6388065814971924 5200
1675961391269 0.5848226547241211 5240
1675961391675 0.614785099029541 5280
1675961391998 0.6111422538757324 5320
1675961392370 0.6054261684417724 5360
1675961392809 0.5935919761657715 5400
1675961393258 0.6178571701049804 5440
1675961393551 0.607564115524292 5480
1675961393857 0.6002490997314454 5520
1675961394197 0.6173590660095215 5560
1675961394598 0.5868487358093262 5600
1675961394936 0.6063537120819091 5640
1675961395310 0.5880455017089844 5680
1675961395678 0.591096305847168 5720
1675961396077 0.5885740756988526 5760
1675961396441 0.6085068225860596 5800
1675961396766 0.6211812973022461 5840
1675961397086 0.6109692096710205 5880
1675961397423 0.6120612144470214 5920
1675961397817 0.5849040985107422 5960
1675961398277 0.5938103675842286 6000
1675961398677 0.6135467529296875 6040
1675961399027 0.6077199935913086 6080
1675961399367 0.6179691314697265 6120
1675961399734 0.6049859523773193 6160
1675961400040 0.6325697898864746 6200
1675961400421 0.5981109619140625 6240
1675961400793 0.5924057960510254 6280
1675961401138 0.6072199821472168 6320
1675961401512 0.5991238594055176 6360
1675961401962 0.6107569694519043 6400
1675961402333 0.5973929405212403 6440
1675961402734 0.5972228050231934 6480
1675961403097 0.598606014251709 6520
1675961403434 0.6331432819366455 6560
1675961403798 0.6085128307342529 6600
1675961404139 0.604250717163086 6640
1675961404490 0.6039490699768066 6680
1675961404927 0.5841801166534424 6720
1675961405304 0.6012668132781982 6760
1675961405640 0.6015909671783447 6800
1675961406003 0.6064198017120361 6840
1675961406359 0.5892709732055664 6880
1675961406831 0.598042106628418 6920
1675961407246 0.6011382579803467 6960
1675961407724 0.5880471706390381 7000
1675961408211 0.6118619918823243 7040
1675961408737 0.5993882656097412 7080
1675961409099 0.5976006031036377 7120
1675961409445 0.6120908260345459 7160
1675961409877 0.5984076499938965 7200
1675961410242 0.6046750545501709 7240
1675961410627 0.5827279567718506 7280
1675961410986 0.6050693035125733 7320
1675961411362 0.6103941917419433 7360
1675961411723 0.6145630836486816 7400
1675961412136 0.6065718650817871 7440
1675961412499 0.5977502346038819 7480
1675961412963 0.5878427982330322 7520
1675961413426 0.5782968044281006 7560
1675961413770 0.6101295471191406 7600
1675961414161 0.5775085926055908 7640
1675961414547 0.6122789859771729 7680
1675961414948 0.5893004894256592 7720
1675961415346 0.6279656410217285 7760
1675961415706 0.6072635650634766 7800
1675961416023 0.6113895893096923 7840
1675961416492 0.5834433078765869 7880
1675961416888 0.595478868484497 7920
1675961417294 0.5893842220306397 7960
1675961417632 0.6170892238616943 8000
1675961418045 0.5861402034759522 8040
1675961418508 0.5877152442932129 8080
1675961418902 0.5938342571258545 8120
1675961419312 0.5970302581787109 8160
1675961419660 0.6199847221374511 8200
1675961420036 0.5895524024963379 8240
1675961420395 0.5978386878967286 8280
1675961420728 0.6093005657196044 8320
1675961421070 0.6079333782196045 8360
1675961421432 0.6003167152404785 8400
1675961421777 0.5991367816925048 8440
1675961422144 0.6040084362030029 8480
1675961422538 0.6102834701538086 8520
1675961422982 0.6030314445495606 8560
1675961423503 0.590073537826538 8600
1675961423854 0.611767053604126 8640
1675961424265 0.5992842197418213 8680
1675961424638 0.6051170349121093 8720
1675961424996 0.5905004501342773 8760
1675961425350 0.604717493057251 8800
1675961425693 0.6080855846405029 8840
1675961426051 0.5961516380310059 8880
1675961426437 0.6169833183288574 8920
1675961426785 0.5896911144256591 8960
1675961427137 0.6124370098114014 9000
1675961427505 0.600874376296997 9040
1675961427844 0.6017298698425293 9080
1675961428234 0.6062969207763672 9120
1675961428633 0.5955389499664306 9160
1675961429009 0.5993068218231201 9200
1675961429364 0.5963644027709961 9240
1675961429682 0.6229281425476074 9280
1675961430029 0.6138792037963867 9320
1675961430405 0.6112992286682128 9360
1675961430798 0.5901262283325195 9400
1675961431157 0.6057514667510986 9440
1675961431528 0.6069448471069336 9480
1675961431909 0.5755924701690673 9520
1675961432277 0.5911333560943604 9560
1675961432658 0.5885602951049804 9600
1675961433018 0.5975516319274903 9640
1675961433356 0.6159659385681152 9680
1675961433691 0.6083518028259277 9720
1675961434013 0.6151050090789795 9760
1675961434362 0.5931788921356201 9800
1675961434726 0.5944459438323975 9840
1675961435062 0.6080511093139649 9880
1675961435398 0.6208848476409912 9920
1675961435801 0.6060439109802246 9960
1675961436207 0.6050603866577149 10000
1675961436537 0.6125459194183349 10040
1675961438310 0.5555860042572022 10080
1675961438843 0.5848213195800781 10120
1675961439196 0.5924034118652344 10160
1675961439582 0.5946719169616699 10200
1675961439944 0.5997167587280273 10240
1675961440336 0.5710560321807862 10280
1675961440658 0.6122864246368408 10320
1675961441034 0.5880335807800293 10360
1675961441432 0.5975131034851074 10400
1675961441773 0.5976212024688721 10440
1675961442153 0.5878400802612305 10480
1675961442493 0.6101954936981201 10520
1675961442904 0.6038729667663574 10560
1675961443309 0.5701318264007569 10600
1675961443641 0.607887077331543 10640
1675961443979 0.600614070892334 10680
1675961444352 0.5800695896148682 10720
1675961444722 0.595446252822876 10760
1675961445084 0.6056222915649414 10800
1675961445446 0.596320915222168 10840
1675961445787 0.6118136405944824 10880
1675961446138 0.6191515922546387 10920
1675961446499 0.5981516361236572 10960
1675961446836 0.5901547908782959 11000
1675961447211 0.6122903823852539 11040
1675961447614 0.5958699226379395 11080
1675961447972 0.6123196601867675 11120
1675961448463 0.5960041046142578 11160
1675961448889 0.5798499584197998 11200
1675961449286 0.5878361225128174 11240
1675961449626 0.6157262802124024 11280
1675961449996 0.6070938110351562 11320
1675961450415 0.5849589347839356 11360
1675961450758 0.6036718368530274 11400
1675961451123 0.598023509979248 11440
1675961451484 0.6065953731536865 11480
1675961451854 0.5986093997955322 11520
1675961452211 0.5993722915649414 11560
1675961452723 0.5839126110076904 11600
1675961453410 0.5994130611419678 11640
1675961453786 0.6157553195953369 11680
1675961454148 0.6167109489440918 11720
1675961454515 0.6028833389282227 11760
1675961454857 0.607838773727417 11800
1675961455180 0.6114574909210205 11840
1675961455541 0.6037674427032471 11880
1675961455897 0.6109150886535645 11920
1675961456285 0.603755521774292 11960
1675961456667 0.6091584682464599 12000
1675961457073 0.6144334316253662 12040
1675961457479 0.5834816455841064 12080
1675961457832 0.6052890300750733 12120
1675961458251 0.59376540184021 12160
1675961458666 0.5989864826202392 12200
1675961459038 0.611432695388794 12240
1675961459466 0.5763082504272461 12280
1675961459831 0.6000979900360107 12320
1675961460189 0.6077905178070069 12360
1675961460533 0.5999758243560791 12400
1675961460900 0.5948002338409424 12440
1675961461237 0.6147702693939209 12480
1675961461646 0.5782629966735839 12520
1675961462037 0.6138686656951904 12560
1675961462440 0.5881548881530761 12600
1675961462863 0.583462905883789 12640
1675961463280 0.6073990345001221 12680
1675961463733 0.5981153964996337 12720
1675961464128 0.6103540420532226 12760
1675961464519 0.590228796005249 12800
1675961465009 0.5852666854858398 12840
1675961465363 0.6200936317443848 12880
1675961465716 0.6058928012847901 12920
1675961466122 0.5908554553985595 12960
1675961466488 0.5985375881195069 13000
1675961466802 0.6074995517730712 13040
1675961467147 0.5943164348602294 13080
1675961467560 0.5797137260437012 13120
1675961468079 0.5865583419799805 13160
1675961468380 0.6009058475494384 13200
1675961468873 0.6053410053253174 13240
1675961469294 0.598028564453125 13280
1675961469675 0.5943305492401123 13320
1675961470142 0.598576831817627 13360
1675961470553 0.586406135559082 13400
1675961470890 0.6057650566101074 13440
1675961471292 0.5867712020874023 13480
1675961471666 0.5961262702941894 13520
1675961472084 0.6027518272399902 13560
1675961472436 0.5921618461608886 13600
1675961472810 0.6002388954162597 13640
1675961473155 0.6031188488006591 13680
1675961473503 0.6010353088378906 13720
1675961473889 0.5957026481628418 13760
1675961474295 0.5778984069824219 13800
1675961474627 0.6090004444122314 13840
1675961475027 0.6077730178833007 13880
1675961475393 0.5927194595336914 13920
1675961475732 0.6125340461730957 13960
1675961476072 0.6115522861480713 14000
1675961476442 0.6028209209442139 14040
1675961476804 0.5951778888702393 14080
1675961477170 0.607033109664917 14120
1675961477519 0.5958563804626464 14160
1675961477940 0.5698723793029785 14200
1675961478337 0.6092116832733154 14240
1675961478682 0.6030619621276856 14280
1675961479057 0.5834487438201904 14320
1675961479397 0.6110139846801758 14360
1675961479796 0.5832796573638916 14400
1675961480164 0.5958874702453614 14440
1675961480569 0.5779087543487549 14480
1675961480991 0.6092518329620361 14520
1675961481409 0.5728654384613037 14560
1675961481734 0.6228891849517822 14600
1675961482096 0.6004374504089356 14640
1675961482467 0.6063518524169922 14680
1675961483002 0.5765801429748535 14720
1675961483356 0.5938864707946777 14760
1675961483905 0.5847000122070313 14800
1675961484288 0.5955394744873047 14840
1675961484668 0.6085819244384766 14880
1675961485027 0.5983188629150391 14920
1675961485401 0.5915937900543213 14960
1675961485698 0.627466869354248 15000
1675961486095 0.5953714847564697 15040
1675961486490 0.5876573085784912 15080
1675961486844 0.6064963340759277 15120
1675961487171 0.6203639507293701 15160
1675961487559 0.5828046798706055 15200
1675961487889 0.625718069076538 15240
1675961488309 0.5977774143218995 15280
1675961488669 0.6112277030944824 15320
1675961489034 0.612837266921997 15360
1675961489341 0.6099133968353272 15400
1675961489723 0.5909065246582031 15440
1675961490062 0.6099298000335693 15480
1675961490385 0.6115305423736572 15520
1675961490767 0.6054682731628418 15560
1675961491104 0.611195421218872 15600
1675961491490 0.5949973106384278 15640
1675961491853 0.6004215240478515 15680
1675961492230 0.5906684875488282 15720
1675961492627 0.593664026260376 15760
1675961493037 0.5879788398742676 15800
1675961493419 0.6009943962097168 15840
1675961493744 0.6197011470794678 15880
1675961494076 0.614771556854248 15920
1675961494484 0.6028157234191894 15960
1675961494866 0.5907731533050538 16000
1675961495268 0.5905844688415527 16040
1675961495616 0.6121960163116456 16080
1675961495974 0.6073091983795166 16120
1675961496328 0.613576602935791 16160
1675961496758 0.6127236366271973 16200
1675961497129 0.6263778209686279 16240
1675961497560 0.6015851974487305 16280
1675961498071 0.5940851688385009 16320
1675961498464 0.6118972778320313 16360
1675961498868 0.5921262264251709 16400
1675961499222 0.6178876876831054 16440
1675961499575 0.5966752529144287 16480
1675961499931 0.5970198154449463 16520
1675961500258 0.5982336044311524 16560
1675961500575 0.6233079433441162 16600
1675961500922 0.6147806644439697 16640
1675961501270 0.6047502517700195 16680
1675961501594 0.6044830322265625 16720
1675961501999 0.5822321891784668 16760
1675961502362 0.6009718894958496 16800
1675961502778 0.5993650913238525 16840
1675961503175 0.6115455627441406 16880
1675961503619 0.5871926307678222 16920
1675961504016 0.596964168548584 16960
1675961504374 0.6010900497436523 17000
1675961504773 0.5885227203369141 17040
1675961505102 0.6164558887481689 17080
1675961505466 0.5977940559387207 17120
1675961505811 0.5973951816558838 17160
1675961506208 0.6090936183929443 17200
1675961506578 0.6077097415924072 17240
1675961506943 0.6033779144287109 17280
1675961507323 0.5887522220611572 17320
1675961507728 0.5838188171386719 17360
1675961508051 0.6149016857147217 17400
1675961508481 0.6115724086761475 17440
1675961508862 0.6074410438537597 17480
1675961509213 0.6020748138427734 17520
1675961509593 0.5923313617706298 17560
1675961510008 0.5762127876281739 17600
1675961510362 0.6062989234924316 17640
1675961510749 0.5822566509246826 17680
1675961511142 0.6055610179901123 17720
1675961511531 0.5843079566955567 17760
1675961511858 0.6259182929992676 17800
1675961512218 0.6028775215148926 17840
1675961512570 0.6196916103363037 17880
1675961513124 0.5944124221801758 17920
1675961513854 0.5839601516723633 17960
1675961514259 0.5860430717468261 18000
1675961514610 0.6204547882080078 18040
1675961514989 0.5865541458129883 18080
1675961515397 0.580394172668457 18120
1675961515770 0.5939604282379151 18160
1675961516124 0.6003199577331543 18200
1675961516449 0.6227749824523926 18240
1675961516824 0.5890323638916015 18280
1675961517181 0.5969108581542969 18320
1675961517513 0.602794885635376 18360
1675961517852 0.6117218971252442 18400
1675961518204 0.5950973987579345 18440
1675961518597 0.5964111328125 18480
1675961518944 0.6082418918609619 18520
1675961519301 0.6054822921752929 18560
1675961519649 0.6035871982574463 18600
1675961520047 0.5835105895996093 18640
1675961520403 0.6150662422180175 18680
1675961520756 0.6021553039550781 18720
1675961521130 0.6086021900177002 18760
1675961521547 0.5899018764495849 18800
1675961521904 0.5997313022613525 18840
1675961522244 0.609709358215332 18880
1675961522623 0.5892728328704834 18920
1675961522934 0.6190178394317627 18960
1675961523321 0.5930874824523926 19000
1675961523671 0.6108472347259521 19040
1675961524012 0.6017320632934571 19080
1675961524421 0.6040931701660156 19120
1675961524800 0.5961196899414063 19160
1675961525188 0.59630126953125 19200
1675961525603 0.5995688915252686 19240
1675961525975 0.5997570991516114 19280
1675961526293 0.6216807842254639 19320
1675961526622 0.6109305858612061 19360
1675961526944 0.6161922931671142 19400
1675961527318 0.5888160228729248 19440
1675961527702 0.612637996673584 19480
1675961528090 0.5992118358612061 19520
1675961528469 0.5796531677246094 19560
1675961528977 0.5941701889038086 19600
1675961529347 0.5844625949859619 19640
1675961529712 0.6005441665649414 19680
1675961530057 0.6148864269256592 19720
1675961530395 0.610624122619629 19760
1675961530724 0.6117574214935303 19800
1675961531077 0.5924376964569091 19840
1675961531513 0.5940501689910889 19880
1675961531865 0.6154534339904785 19920
1675961532219 0.6127386569976807 19960
1675961532619 0.6011924743652344 20000
1675961532964 0.611353874206543 20040
1675961533319 0.6081118583679199 20080
1675961535055 0.47461137771606443 20120
1675961535553 0.5903745174407959 20160
1675961535941 0.5921112060546875 20200
1675961536402 0.593412971496582 20240
1675961536762 0.6017940998077392 20280
1675961537168 0.5728859424591064 20320
1675961537524 0.6042337894439698 20360
1675961537906 0.5966265678405762 20400
1675961538318 0.6023594379425049 20440
1675961538764 0.5826900959014892 20480
1675961539156 0.5996857166290284 20520
1675961539544 0.6008176803588867 20560
1675961539934 0.611086368560791 20600
1675961540314 0.5760429859161377 20640
1675961540672 0.6042783260345459 20680
1675961541070 0.5931682109832763 20720
1675961541453 0.5840768814086914 20760
1675961541838 0.5935242176055908 20800
1675961542219 0.6010893821716309 20840
1675961542614 0.6060367584228515 20880
1675961543088 0.5987395286560059 20920
1675961543617 0.6286189556121826 20960
1675961544097 0.5888772964477539 21000
1675961544480 0.5994398117065429 21040
1675961544851 0.6054445266723633 21080
1675961545243 0.5906095981597901 21120
1675961545671 0.6208579063415527 21160
1675961546094 0.6011815071105957 21200
1675961546509 0.5865987300872803 21240
1675961546921 0.5747957706451416 21280
1675961547276 0.6194825172424316 21320
1675961547634 0.5991524696350098 21360
1675961548009 0.5912364959716797 21400
1675961548411 0.6026157379150391 21440
1675961548782 0.5961616039276123 21480
1675961549131 0.607005500793457 21520
1675961549535 0.6000766754150391 21560
1675961549885 0.603547477722168 21600
1675961550260 0.5819486141204834 21640
1675961550589 0.5912617206573486 21680
1675961550880 0.6263856410980224 21720
1675961551224 0.6063932418823242 21760
1675961551563 0.6084902286529541 21800
1675961551919 0.6084654331207275 21840
1675961552258 0.6163972377777099 21880
1675961552622 0.6020800590515136 21920
1675961553000 0.6029680728912353 21960
1675961553412 0.6077737808227539 22000
1675961553758 0.6084053039550781 22040
1675961554117 0.6235183715820313 22080
1675961554526 0.5832079887390137 22120
1675961554924 0.602313756942749 22160
1675961555328 0.5907731056213379 22200
1675961555693 0.6047639369964599 22240
1675961556068 0.6107302665710449 22280
1675961556495 0.5755038738250733 22320
1675961556867 0.6011706352233886 22360
1675961557242 0.5989160060882568 22400
1675961557654 0.6126245975494384 22440
1675961558161 0.5845237731933594 22480
1675961558858 0.6160436630249023 22520
1675961559316 0.5816675662994385 22560
1675961559704 0.6062249660491943 22600
1675961560081 0.6022325992584229 22640
1675961560491 0.5715014457702636 22680
1675961560838 0.6148295879364014 22720
1675961561264 0.5937899112701416 22760
1675961561628 0.6032777786254883 22800
1675961562004 0.5960118770599365 22840
1675961562427 0.5844212532043457 22880
1675961562790 0.6121750354766846 22920
1675961563167 0.6145457267761231 22960
1675961563570 0.5886032581329346 23000
1675961563933 0.6015270709991455 23040
1675961564305 0.6037684917449951 23080
1675961564693 0.6015395641326904 23120
1675961565120 0.5806392669677735 23160
1675961565524 0.5866347789764405 23200
1675961565901 0.5944566249847412 23240
1675961566278 0.6056338310241699 23280
1675961566691 0.599708366394043 23320
1675961567091 0.5899094581604004 23360
1675961567462 0.6028856754302978 23400
1675961567869 0.5910304069519043 23440
1675961568260 0.6026825904846191 23480
1675961568677 0.590140438079834 23520
1675961569116 0.5974195957183838 23560
1675961569496 0.5936641693115234 23600
1675961569870 0.5912868976593018 23640
1675961570277 0.6111706256866455 23680
1675961570650 0.6005845546722413 23720
1675961571033 0.5924383163452148 23760
1675961571395 0.6077775001525879 23800
1675961571857 0.5752785682678223 23840
1675961572253 0.5965813159942627 23880
1675961572684 0.6139261245727539 23920
1675961573172 0.5954612255096435 23960
1675961573661 0.612882423400879 24000
1675961574154 0.6118933677673339 24040
1675961574530 0.5999068260192871 24080
1675961574926 0.5945544242858887 24120
1675961575321 0.6071599960327149 24160
1675961575695 0.6013364315032959 24200
1675961576119 0.5710110664367676 24240
1675961576495 0.5979741096496582 24280
1675961576838 0.6106711387634277 24320
1675961577219 0.5882016181945801 24360
1675961577559 0.6032840251922608 24400
1675961577949 0.5878942489624024 24440
1675961578404 0.5975257396697998 24480
1675961578823 0.5751709461212158 24520
1675961579183 0.611255407333374 24560
1675961579599 0.5766527652740479 24600
1675961579972 0.6174495220184326 24640
1675961580342 0.601808500289917 24680
1675961580693 0.6066624164581299 24720
1675961581192 0.5746612548828125 24760
1675961581568 0.5980638027191162 24800
1675961581977 0.5792536258697509 24840
1675961582343 0.5963927745819092 24880
1675961582759 0.6016764640808105 24920
1675961583113 0.611470890045166 24960
1675961583512 0.5830698490142823 25000
1675961583850 0.6190614223480224 25040
1675961584213 0.6024890422821045 25080
1675961584604 0.5914150714874268 25120
1675961584978 0.5997185230255127 25160
1675961585312 0.6233268737792969 25200
1675961585728 0.5935672760009766 25240
1675961586114 0.6158831119537354 25280
1675961586530 0.5960562705993653 25320
1675961586891 0.6134871482849121 25360
1675961587281 0.6141393661499024 25400
1675961587651 0.6093043804168701 25440
1675961588113 0.5874768733978272 25480
1675961588633 0.6083104133605957 25520
1675961589136 0.6144613265991211 25560
1675961589517 0.6028311252593994 25600
1675961589879 0.6151225090026855 25640
1675961590261 0.5990359306335449 25680
1675961590652 0.591378927230835 25720
1675961591046 0.5991315841674805 25760
1675961591464 0.5910655975341796 25800
1675961591879 0.5924557685852051 25840
1675961592284 0.5888368606567382 25880
1675961592621 0.626981258392334 25920
1675961592973 0.6154816150665283 25960
1675961593375 0.6004407405853271 26000
1675961593811 0.5970502376556397 26040
1675961594296 0.583545732498169 26080
1675961594710 0.6090748310089111 26120
1675961595128 0.6147878170013428 26160
1675961595568 0.6140332221984863 26200
1675961595940 0.6063015937805176 26240
1675961596362 0.6221366405487061 26280
1675961596965 0.6149064540863037 26320
1675961597422 0.5888217926025391 26360
1675961597844 0.6064563274383545 26400
1675961598317 0.5934401512145996 26440
1675961598728 0.6142995834350586 26480
1675961599099 0.6022853374481201 26520
1675961599499 0.5892667770385742 26560
1675961599923 0.6033013343811036 26600
1675961600283 0.6216657638549805 26640
1675961600657 0.6148722648620606 26680
1675961601025 0.6079038143157959 26720
1675961601416 0.6074901103973389 26760
1675961601864 0.5793819427490234 26800
1675961602258 0.5952116966247558 26840
1675961602720 0.6040874481201172 26880
1675961603216 0.6107528209686279 26920
1675961603751 0.5870321750640869 26960
1675961604192 0.600775957107544 27000
1675961604604 0.5928961277008057 27040
1675961605014 0.5944521427154541 27080
1675961605370 0.6103480815887451 27120
1675961605804 0.6061388969421386 27160
1675961606184 0.5930286884307862 27200
1675961606565 0.6041436195373535 27240
1675961607100 0.6104370594024658 27280
1675961607531 0.6083819389343261 27320
1675961607913 0.5870965480804443 27360
1675961608441 0.5778971195220948 27400
1675961608794 0.6219597339630127 27440
1675961609177 0.6010542869567871 27480
1675961609600 0.6133342266082764 27520
1675961609954 0.6062293529510498 27560
1675961610347 0.592745018005371 27600
1675961610751 0.5814501762390136 27640
1675961611117 0.5998157501220703 27680
1675961611574 0.577411699295044 27720
1675961611997 0.60553879737854 27760
1675961612379 0.5919462680816651 27800
1675961612719 0.6247412204742432 27840
1675961613170 0.6035069942474365 27880
1675961613522 0.6179630756378174 27920
1675961613906 0.5964056968688964 27960
1675961614348 0.590197229385376 28000
1675961614772 0.5803544998168946 28040
1675961615162 0.6100196838378906 28080
1675961615571 0.593096923828125 28120
1675961615993 0.5850948810577392 28160
1675961616389 0.5942857742309571 28200
1675961616785 0.5974295139312744 28240
1675961617132 0.6171378135681153 28280
1675961617536 0.5899787425994873 28320
1675961618030 0.5968729019165039 28360
1675961618582 0.6098992824554443 28400
1675961618946 0.6053589820861817 28440
1675961619316 0.5995254993438721 28480
1675961619700 0.5885687828063965 28520
1675961620049 0.6072406768798828 28560
1675961620411 0.6065508365631104 28600
1675961620769 0.6120086669921875 28640
1675961621201 0.5900021553039551 28680
1675961621602 0.6028897285461425 28720
1675961622049 0.6094014167785644 28760
1675961622468 0.6036808967590332 28800
1675961623214 0.5967840194702149 28840
1675961623709 0.5954854488372803 28880
1675961624104 0.6060222625732422 28920
1675961624580 0.5934988498687744 28960
1675961625041 0.6264840602874756 29000
1675961625426 0.5923186779022217 29040
1675961625809 0.5997801303863526 29080
1675961626152 0.6145884990692139 29120
1675961626549 0.5878300189971923 29160
1675961626981 0.6045933723449707 29200
1675961627356 0.6010697364807129 29240
1675961627759 0.5972159385681153 29280
1675961628147 0.5973296165466309 29320
1675961628545 0.618143367767334 29360
1675961628917 0.6185739040374756 29400
1675961629303 0.6127735614776612 29440
1675961629711 0.5877379894256591 29480
1675961630113 0.6085325241088867 29520
1675961630481 0.601616907119751 29560
1675961630849 0.5910475254058838 29600
1675961631305 0.5813776969909668 29640
1675961631689 0.5963192462921143 29680
1675961632087 0.5925275325775147 29720
1675961632531 0.6096960544586182 29760
1675961633189 0.6111786365509033 29800
1675961633696 0.6151226043701172 29840
1675961634163 0.5994882106781005 29880
1675961634609 0.5870819568634034 29920
1675961635007 0.6149354934692383 29960
1675961635420 0.6148844718933105 30000
1675961635840 0.5940234184265136 30040
1675961636211 0.6160427570343018 30080
1675961636571 0.6110620975494385 30120
1675961638382 0.3961723566055298 30160
1675961638774 0.5946026802062988 30200
1675961639151 0.5925140380859375 30240
1675961639553 0.5845330238342286 30280
1675961639976 0.6059645652770996 30320
1675961640527 0.5765002250671387 30360
1675961640907 0.6003755569458008 30400
1675961641286 0.5992645740509033 30440
1675961641657 0.6042918205261231 30480
1675961642062 0.5834089279174804 30520
1675961642486 0.5943894863128663 30560
1675961642885 0.5959222316741943 30600
1675961643245 0.6177369117736816 30640
1675961643672 0.5783609390258789 30680
1675961644030 0.5986816883087158 30720
1675961644442 0.5968101978302002 30760
1675961644881 0.5851547718048096 30800
1675961645246 0.6013013839721679 30840
1675961645728 0.5944469928741455 30880
1675961646111 0.6032277107238769 30920
1675961646522 0.5932692527770996 30960
1675961646869 0.627602481842041 31000
1675961647262 0.5951248645782471 31040
1675961647831 0.5994390964508056 31080
1675961648453 0.606184720993042 31120
1675961649064 0.5941250324249268 31160
1675961649515 0.6194612979888916 31200
1675961649986 0.5966190338134766 31240
1675961650459 0.5889855861663819 31280
1675961650922 0.5716646194458008 31320
1675961651294 0.6152824401855469 31360
1675961651690 0.6033942699432373 31400
1675961652156 0.6010231971740723 31440
1675961652562 0.5990561962127685 31480
1675961652928 0.5958703994750977 31520
1675961653325 0.5989243030548096 31560
1675961653724 0.6080020904541016 31600
1675961654116 0.604129695892334 31640
1675961654534 0.5790955543518066 31680
1675961654956 0.5886469841003418 31720
1675961655405 0.6266363620758056 31760
1675961655766 0.6046586990356445 31800
1675961656164 0.6100739002227783 31840
1675961656551 0.6099031448364258 31880
1675961656898 0.6150295734405518 31920
1675961657275 0.5957581043243408 31960
1675961657701 0.6041445255279541 32000
1675961658097 0.6129661560058594 32040
1675961658572 0.6028591156005859 32080
1675961658996 0.6228964328765869 32120
1675961659406 0.5918425559997559 32160
1675961659790 0.6018795490264892 32200
1675961660204 0.5883498668670655 32240
1675961660541 0.6095691680908203 32280
1675961660956 0.6047255992889404 32320
1675961661368 0.5866923809051514 32360
1675961661766 0.592504358291626 32400
1675961662135 0.6029451847076416 32440
1675961662546 0.6036971092224122 32480
1675961663242 0.5938645839691162 32520
1675961663548 0.6128244400024414 32560
1675961664082 0.583390760421753 32600
1675961664510 0.5960220336914063 32640
1675961664899 0.6062849044799805 32680
1675961665381 0.5794100761413574 32720
1675961665769 0.6038203716278077 32760
1675961666189 0.5895581722259522 32800
1675961666561 0.6156129837036133 32840
1675961666985 0.595797061920166 32880
1675961667440 0.5795743942260743 32920
1675961667932 0.6107739925384521 32960
1675961668290 0.6230802536010742 33000
1675961668741 0.5908073902130127 33040
1675961669164 0.5880168914794922 33080
1675961669540 0.6087213516235351 33120
1675961669970 0.5947353363037109 33160
1675961670422 0.5851097106933594 33200
1675961670840 0.5875302791595459 33240
1675961671276 0.5886024951934814 33280
1675961671649 0.6130188941955567 33320
1675961672017 0.5988760948181152 33360
1675961672447 0.5858580589294433 33400
1675961672822 0.610473918914795 33440
1675961673294 0.5862291812896728 33480
1675961673687 0.5991720676422119 33520
1675961674102 0.5978579044342041 33560
1675961674525 0.5914702892303467 33600
1675961674908 0.597651195526123 33640
1675961675349 0.587117862701416 33680
1675961675712 0.6131234169006348 33720
1675961676173 0.59962477684021 33760
1675961676605 0.5987056732177735 33800
1675961677008 0.605506181716919 33840
1675961677565 0.5796847820281983 33880
1675961678158 0.5898425102233886 33920
1675961678701 0.6131832599639893 33960
1675961679168 0.5941459655761718 34000
1675961679564 0.6138891220092774 34040
1675961679950 0.6089039325714112 34080
1675961680339 0.6045319080352783 34120
1675961680766 0.5904198169708252 34160
1675961681191 0.6055717468261719 34200
1675961681589 0.6044339656829834 34240
1675961682027 0.5815919399261474 34280
1675961682447 0.5904102325439453 34320
1675961682855 0.6073162078857421 34360
1675961683253 0.5963347911834717 34400
1675961683639 0.5960219383239747 34440
1675961684005 0.598971176147461 34480
1675961684406 0.5931507110595703 34520
1675961684839 0.5760390758514404 34560
1675961685238 0.6008262634277344 34600
1675961685674 0.5799842834472656 34640
1675961686014 0.6205730438232422 34680
1675961686425 0.5981234550476074 34720
1675961686803 0.6086332321166992 34760
1675961687303 0.5809000968933106 34800
1675961687699 0.601341962814331 34840
1675961688217 0.5616819858551025 34880
1675961688625 0.6051818370819092 34920
1675961689104 0.6016175270080566 34960
1675961689468 0.6109109878540039 35000
1675961689939 0.5764042854309082 35040
1675961690275 0.622890853881836 35080
1675961690655 0.6015019416809082 35120
1675961691039 0.596993350982666 35160
1675961691452 0.6024563789367676 35200
1675961691844 0.6158339500427246 35240
1675961692299 0.5956768989562988 35280
1675961692740 0.6157722473144531 35320
1675961693213 0.5995206832885742 35360
1675961693824 0.6049676895141601 35400
1675961694232 0.6154532432556152 35440
1675961694599 0.6139049530029297 35480
1675961694995 0.5886000156402588 35520
1675961695400 0.60496826171875 35560
1675961695759 0.6099738121032715 35600
1675961696156 0.6070870399475098 35640
1675961696523 0.6109224796295166 35680
1675961696926 0.600194263458252 35720
1675961697327 0.5944207668304443 35760
1675961697703 0.60594482421875 35800
1675961698115 0.5946972370147705 35840
1675961698561 0.588876485824585 35880
1675961699021 0.5829425811767578 35920
1675961699379 0.6262035369873047 35960
1675961699782 0.6150568962097168 36000
1675961700148 0.6051109790802002 36040
1675961700593 0.6048059940338135 36080
1675961701045 0.5755988597869873 36120
1675961701413 0.6110512733459472 36160
1675961701800 0.6077228546142578 36200
1675961702218 0.6135838031768799 36240
1675961702629 0.6091672420501709 36280
1675961703021 0.6190235137939453 36320
1675961703461 0.6193925857543945 36360
1675961703870 0.5931686878204345 36400
1675961704294 0.6003823280334473 36440
1675961704700 0.5984259605407715 36480
1675961705076 0.6085837364196778 36520
1675961705454 0.6041083812713623 36560
1675961705857 0.5929686069488526 36600
1675961706280 0.5952990531921387 36640
1675961706618 0.6200110435485839 36680
1675961706991 0.6239841938018799 36720
1675961707400 0.601503562927246 36760
1675961707937 0.6089066505432129 36800
1675961708639 0.5862740993499755 36840
1675961709091 0.5839598178863525 36880
1675961709453 0.6143781185150147 36920
1675961709871 0.6041881561279296 36960
1675961710271 0.5885599613189697 37000
1675961710648 0.6035107612609864 37040
1675961711055 0.593468427658081 37080
1675961711569 0.592754316329956 37120
1675961711986 0.6055930137634278 37160
1675961712349 0.6050389766693115 37200
1675961712777 0.5978713512420655 37240
1675961713153 0.6047383308410644 37280
1675961713500 0.613231086730957 37320
1675961713846 0.6014857292175293 37360
1675961714248 0.5901048183441162 37400
1675961714716 0.5759107112884522 37440
1675961715069 0.618878173828125 37480
1675961715480 0.6064916133880616 37520
1675961715906 0.6061489582061768 37560
1675961716249 0.6172115325927734 37600
1675961716639 0.5918047904968262 37640
1675961717072 0.5814191341400147 37680
1675961717491 0.5909897804260253 37720
1675961717901 0.5890376567840576 37760
1675961718382 0.5952998161315918 37800
1675961718845 0.5989567756652832 37840
1675961719186 0.6154381275177002 37880
1675961719558 0.6131229400634766 37920
1675961719958 0.6137504577636719 37960
1675961720341 0.59711594581604 38000
1675961720773 0.5912558078765869 38040
1675961721182 0.5798717021942139 38080
1675961721555 0.6054116249084472 38120
1675961721974 0.5955096244812011 38160
1675961722412 0.5913866043090821 38200
1675961722961 0.5815432071685791 38240
1675961723557 0.6068037986755371 38280
1675961723981 0.6121178150177002 38320
1675961724463 0.5937142848968506 38360
1675961724852 0.5993424892425537 38400
1675961725220 0.6056719779968261 38440
1675961725581 0.6093813896179199 38480
1675961725961 0.5973793506622315 38520
1675961726364 0.5868142127990723 38560
1675961726737 0.6058670043945312 38600
1675961727108 0.6091471672058105 38640
1675961727485 0.6049923419952392 38680
1675961727884 0.5946789264678956 38720
1675961728403 0.6029845237731933 38760
1675961728781 0.6062174797058105 38800
1675961729078 0.607856559753418 38840
1675961729467 0.5975421905517578 38880
1675961729875 0.5933175086975098 38920
1675961730215 0.6115490913391113 38960
1675961730651 0.5835413932800293 39000
1675961731017 0.6272122859954834 39040
1675961731412 0.590452766418457 39080
1675961731780 0.6048247337341308 39120
1675961732145 0.6072879791259765 39160
1675961732613 0.5972414016723633 39200
1675961733019 0.5980297565460205 39240
1675961733421 0.6008567810058594 39280
1675961733811 0.6043576717376709 39320
1675961734283 0.5904050350189209 39360
1675961734650 0.615384292602539 39400
1675961735055 0.6237918376922608 39440
1675961735455 0.6042865753173828 39480
1675961735842 0.5967790126800537 39520
1675961736253 0.6012228965759278 39560
1675961736653 0.6035614013671875 39600
1675961737026 0.5932132244110108 39640
1675961737449 0.5800901889801026 39680
1675961737834 0.5923971652984619 39720
1675961738432 0.5953760147094727 39760
1675961738878 0.606814193725586 39800
1675961739245 0.6159220218658448 39840
1675961739583 0.6160494804382324 39880
1675961739972 0.5963069438934326 39920
1675961740368 0.595094871520996 39960
1675961740744 0.6069706916809082 40000
1675961741122 0.6169535636901855 40040
1675961741522 0.5997745513916015 40080
1675961741892 0.6113191604614258 40120
1675961742244 0.6159458160400391 40160
1675961744109 0.32474849224090574 40200
1675961744533 0.5908622741699219 40240
1675961744930 0.5981891632080079 40280
1675961745405 0.5850608348846436 40320
1675961745851 0.6019446372985839 40360
1675961746296 0.5841506481170654 40400
1675961746772 0.5885653972625733 40440
1675961747184 0.6024813652038574 40480
1675961747630 0.6051346778869628 40520
1675961748087 0.5877241134643555 40560
1675961748589 0.5924960613250733 40600
1675961749035 0.5901612281799317 40640
1675961749433 0.623428201675415 40680
1675961749889 0.5756888389587402 40720
1675961750287 0.6054633617401123 40760
1675961750703 0.5888735771179199 40800
1675961751136 0.586937141418457 40840
1675961751566 0.6011014938354492 40880
1675961752041 0.5939836025238037 40920
1675961752492 0.6012893676757812 40960
1675961753025 0.600096321105957 41000
1675961753588 0.616283369064331 41040
1675961754159 0.5960643291473389 41080
1675961754539 0.6008369445800781 41120
1675961754939 0.6077418804168702 41160
1675961755504 0.5997466087341309 41200
1675961755897 0.6126952648162842 41240
1675961756388 0.5981392860412598 41280
1675961756851 0.5865072250366211 41320
1675961757320 0.5815368175506592 41360
1675961757772 0.6048083305358887 41400
1675961758206 0.6045896053314209 41440
1675961758672 0.6045132160186768 41480
1675961759100 0.5901739597320557 41520
1675961759474 0.6077705383300781 41560
1675961759921 0.5877522945404052 41600
1675961760313 0.6156494140625 41640
1675961760714 0.5936880111694336 41680
1675961761136 0.5828553676605225 41720
1675961761538 0.5945509433746338 41760
1675961761935 0.6218231678009033 41800
1675961762324 0.6091196060180664 41840
1675961762731 0.610959815979004 41880
1675961763145 0.6084788799285888 41920
1675961763509 0.6190486907958984 41960
1675961763995 0.5887438774108886 42000
1675961764409 0.6074741363525391 42040
1675961764828 0.608387041091919 42080
1675961765223 0.6041532516479492 42120
1675961765621 0.6185937881469726 42160
1675961766086 0.5916821479797363 42200
1675961766523 0.6041563987731934 42240
1675961766959 0.5919760227203369 42280
1675961767364 0.6043822288513183 42320
1675961767948 0.5992941856384277 42360
1675961768562 0.5904819011688233 42400
1675961768994 0.5992876052856445 42440
1675961769428 0.5971981048583984 42480
1675961769881 0.6085222244262696 42520
1675961770376 0.5952733993530274 42560
1675961770790 0.6151364803314209 42600
1675961771279 0.5813580989837647 42640
1675961771789 0.5926822662353516 42680
1675961772195 0.6108311176300049 42720
1675961772660 0.5844597816467285 42760
1675961773078 0.6007657051086426 42800
1675961773516 0.5888196945190429 42840
1675961773913 0.614605712890625 42880
1675961774345 0.5936109542846679 42920
1675961774811 0.5874704360961914 42960
1675961775335 0.601252555847168 43000
1675961775749 0.6194628715515137 43040
1675961776200 0.6008287906646729 43080
1675961776616 0.5870895385742188 43120
1675961777021 0.6056478023529053 43160
1675961777442 0.6006551742553711 43200
1675961777933 0.588377046585083 43240
1675961778440 0.5827093601226807 43280
1675961778896 0.5941833019256592 43320
1675961779291 0.6069686889648438 43360
1675961779728 0.5940178394317627 43400
1675961780202 0.5889270782470704 43440
1675961780590 0.6160068988800049 43480
1675961781109 0.5814847469329834 43520
1675961781528 0.5935781955718994 43560
1675961781926 0.607151985168457 43600
1675961782429 0.5886713981628418 43640
1675961782843 0.5942261219024658 43680
1675961783433 0.5957888603210449 43720
1675961783848 0.5975444316864014 43760
1675961784310 0.6007352828979492 43800
1675961784692 0.6004816055297851 43840
1675961785114 0.6070131778717041 43880
1675961785595 0.5799010753631592 43920
1675961786072 0.5871393203735351 43960
1675961786513 0.6207552909851074 44000
1675961786945 0.5889650344848633 44040
1675961787349 0.6136109828948975 44080
1675961787736 0.6058849334716797 44120
1675961788151 0.615281343460083 44160
1675961788587 0.585978364944458 44200
1675961788994 0.6141082763671875 44240
1675961789432 0.5980599880218506 44280
1675961789899 0.5823379993438721 44320
1675961790360 0.5839182376861572 44360
1675961790792 0.6169960021972656 44400
1675961791213 0.5937618732452392 44440
1675961791633 0.589383316040039 44480
1675961792031 0.6079789638519287 44520
1675961792552 0.5914787292480469 44560
1675961793038 0.5732041835784912 44600
1675961793456 0.5996979713439942 44640
1675961793910 0.58197922706604 44680
1675961794294 0.6194271087646485 44720
1675961794693 0.6001089572906494 44760
1675961795104 0.6104630470275879 44800
1675961795632 0.57713303565979 44840
1675961796057 0.6060251235961914 44880
1675961796589 0.5599909782409668 44920
1675961796969 0.6074107646942138 44960
1675961797441 0.589145278930664 45000
1675961798405 0.6171607494354248 45040
1675961798869 0.5716521263122558 45080
1675961799220 0.6278916358947754 45120
1675961799622 0.6051401615142822 45160
1675961800062 0.5976459980010986 45200
1675961800527 0.5982186317443847 45240
1675961800905 0.6166004657745361 45280
1675961801335 0.5958633422851562 45320
1675961801739 0.6096966743469239 45360
1675961802163 0.613076639175415 45400
1675961802587 0.5974631309509277 45440
1675961802966 0.6158712863922119 45480
1675961803352 0.611539649963379 45520
1675961803761 0.5916186332702636 45560
1675961804156 0.6113605976104737 45600
1675961804566 0.6037968635559082 45640
1675961804982 0.6132719039916992 45680
1675961805392 0.6070176601409912 45720
1675961805828 0.599100923538208 45760
1675961806258 0.5961104393005371 45800
1675961806751 0.6013054370880127 45840
1675961807201 0.5956249237060547 45880
1675961807621 0.5924646377563476 45920
1675961808139 0.5852874279022217 45960
1675961808546 0.6159318447113037 46000
1675961808913 0.6237467765808106 46040
1675961809306 0.6027305603027344 46080
1675961809713 0.6038611888885498 46120
1675961810177 0.5786853790283203 46160
1675961810584 0.6012581348419189 46200
1675961810983 0.6135820865631103 46240
1675961811426 0.6150322914123535 46280
1675961811855 0.603413724899292 46320
1675961812258 0.6249744892120361 46360
1675961812807 0.6133203029632568 46400
1675961813375 0.5991162776947021 46440
1675961813861 0.6056746482849121 46480
1675961814346 0.5956847190856933 46520
1675961814804 0.6039385318756103 46560
1675961815276 0.6095865726470947 46600
1675961815716 0.59174485206604 46640
1675961816151 0.5904994964599609 46680
1675961816553 0.6167463302612305 46720
1675961816977 0.6290922164916992 46760
1675961817382 0.6037990570068359 46800
1675961817782 0.6098605155944824 46840
1675961818269 0.5898615837097168 46880
1675961818781 0.5720488548278808 46920
1675961819155 0.6182644844055176 46960
1675961819551 0.6061246871948243 47000
1675961819992 0.5932084083557129 47040
1675961820409 0.6079126358032226 47080
1675961820876 0.5860720634460449 47120
1675961821365 0.6031096458435059 47160
1675961821835 0.5934382915496826 47200
1675961822231 0.6041433811187744 47240
1675961822644 0.6048115730285645 47280
1675961823041 0.6029038429260254 47320
1675961823491 0.6086800575256348 47360
1675961823928 0.5960839748382568 47400
1675961824339 0.5997219085693359 47440
1675961824810 0.5796540737152099 47480
1675961825225 0.6106736183166503 47520
1675961825637 0.6013338565826416 47560
1675961826108 0.6181755542755127 47600
1675961826518 0.6047080039978028 47640
1675961826937 0.6004830360412597 47680
1675961827418 0.5836169719696045 47720
1675961828038 0.5851042747497559 47760
1675961828880 0.5944774150848389 47800
1675961829396 0.6016299247741699 47840
1675961829866 0.585206413269043 47880
1675961830251 0.6151819705963135 47920
1675961830754 0.6110136985778809 47960
1675961831161 0.6112908840179443 48000
1675961831581 0.6082546710968018 48040
1675961832036 0.5841484069824219 48080
1675961832473 0.5857569217681885 48120
1675961832902 0.6055165290832519 48160
1675961833384 0.5996850490570068 48200
1675961833853 0.5876584529876709 48240
1675961834304 0.5822274684906006 48280
1675961834760 0.6023909568786621 48320
1675961835150 0.6129311084747314 48360
1675961835598 0.595271635055542 48400
1675961836046 0.5959682464599609 48440
1675961836450 0.6110661029815674 48480
1675961836899 0.6053090572357178 48520
1675961837316 0.601833724975586 48560
1675961837775 0.5841378688812255 48600
1675961838240 0.6071512699127197 48640
1675961838658 0.6131360530853271 48680
1675961839086 0.6001538276672364 48720
1675961839531 0.5967796325683594 48760
1675961839937 0.6009023666381836 48800
1675961840345 0.6035504817962647 48840
1675961840756 0.6105869293212891 48880
1675961841190 0.6001616954803467 48920
1675961841661 0.5967728614807128 48960
1675961842065 0.607136344909668 49000
1675961842513 0.5820564270019531 49040
1675961842919 0.6254451274871826 49080
1675961843717 0.5971831798553466 49120
1675961844085 0.5976433753967285 49160
1675961844465 0.6132791042327881 49200
1675961845001 0.5935783386230469 49240
1675961845427 0.5960958957672119 49280
1675961845833 0.6119329929351807 49320
1675961846356 0.5942823410034179 49360
1675961846784 0.5976639270782471 49400
1675961847198 0.6054664611816406 49440
1675961847565 0.623839282989502 49480
1675961848005 0.604315710067749 49520
1675961848491 0.6097584247589112 49560
1675961848899 0.5954783916473388 49600
1675961849320 0.6010633945465088 49640
1675961849700 0.5949856758117675 49680
1675961850127 0.5838254451751709 49720
1675961850524 0.5903003215789795 49760
1675961850956 0.5937072277069092 49800
1675961851350 0.6048996925354004 49840
1675961851739 0.6125465393066406 49880
1675961852127 0.6183673858642578 49920
1675961852557 0.5998556613922119 49960
1675961852973 0.5985182762145996 50000
1675961853394 0.596119499206543 50040
1675961853785 0.6151399612426758 50080
1675961854270 0.6100590705871582 50120
1675961854660 0.6086338520050049 50160
1675961855087 0.6139541149139405 50200
1675961857140 0.2505086898803711 50240
1675961857603 0.5918059825897217 50280
1675961858128 0.6002728462219238 50320
1675961859020 0.5779244899749756 50360
1675961859427 0.6029039859771729 50400
1675961859839 0.5882709980010986 50440
1675961860269 0.5822948455810547 50480
1675961860664 0.5978948593139648 50520
1675961861159 0.606531810760498 50560
1675961861574 0.5990257263183594 50600
1675961862045 0.5887994766235352 50640
1675961862478 0.5877677440643311 50680
1675961862860 0.6206107616424561 50720
1675961863326 0.5824509143829346 50760
1675961863705 0.5985576152801514 50800
1675961864113 0.5999349117279053 50840
1675961864535 0.5841681480407714 50880
1675961864935 0.5936764240264892 50920
1675961865421 0.5954457283020019 50960
1675961865862 0.6067550659179688 51000
1675961866362 0.5904053688049317 51040
1675961866802 0.6134303092956543 51080
1675961867255 0.6055149555206298 51120
1675961867622 0.6013352394104003 51160
1675961868043 0.601409912109375 51200
1675961868588 0.6001459121704101 51240
1675961868958 0.6156448364257813 51280
1675961869470 0.5971870422363281 51320
1675961869922 0.5915024280548096 51360
1675961870454 0.5706231594085693 51400
1675961870841 0.6097717761993409 51440
1675961871219 0.6101134777069092 51480
1675961871635 0.5993301391601562 51520
1675961872030 0.5901901245117187 51560
1675961872418 0.6100053787231445 51600
1675961872960 0.5837214946746826 51640
1675961873564 0.6208901405334473 51680
1675961873971 0.5936586856842041 51720
1675961874391 0.5913903713226318 51760
1675961874834 0.5864212989807129 51800
1675961875213 0.6154297351837158 51840
1675961875585 0.6152276039123535 51880
1675961875950 0.6197838306427002 51920
1675961876376 0.6017533779144287 51960
1675961876733 0.6175444602966309 52000
1675961877178 0.5957781314849854 52040
1675961877556 0.610789680480957 52080
1675961877969 0.6041350841522217 52120
1675961878413 0.6042687892913818 52160
1675961878845 0.6203231811523438 52200
1675961879289 0.5907585144042968 52240
1675961879680 0.6013754367828369 52280
1675961880118 0.5929691314697265 52320
1675961880473 0.6068034172058105 52360
1675961880874 0.5963784217834472 52400
1675961881261 0.5982282161712646 52440
1675961881721 0.5869238376617432 52480
1675961882110 0.6011556625366211 52520
1675961882494 0.6112602233886719 52560
1675961882924 0.5889642238616943 52600
1675961883286 0.6159749031066895 52640
1675961883681 0.593489694595337 52680
1675961884112 0.5893834590911865 52720
1675961884510 0.6151376247406006 52760
1675961884961 0.5847203254699707 52800
1675961885421 0.5876864910125732 52840
1675961885892 0.5952211856842041 52880
1675961886325 0.6097280502319335 52920
1675961886741 0.59455246925354 52960
1675961887153 0.5856518745422363 53000
1675961887632 0.6049742221832275 53040
1675961888745 0.6247320175170898 53080
1675961889144 0.5949294090270996 53120
1675961889579 0.5833454132080078 53160
1675961889953 0.6080724716186523 53200
1675961890405 0.6054419040679931 53240
1675961890847 0.586728286743164 53280
1675961891324 0.5856042385101319 53320
1675961891761 0.5874737739562989 53360
1675961892157 0.6080301761627197 53400
1675961892542 0.5933225631713868 53440
1675961893028 0.5898765563964844 53480
1675961893422 0.6125166416168213 53520
1675961893889 0.5854024887084961 53560
1675961894315 0.5917171001434326 53600
1675961894687 0.6152912616729737 53640
1675961895217 0.5742815971374512 53680
1675961895617 0.5995104789733887 53720
1675961896016 0.5933621883392334 53760
1675961896456 0.5994399070739747 53800
1675961896847 0.6045112133026123 53840
1675961897256 0.5978755950927734 53880
1675961897635 0.6102720260620117 53920
1675961898071 0.5830480098724365 53960
1675961898553 0.5771077156066895 54000
1675961898918 0.6224306583404541 54040
1675961899310 0.5904335975646973 54080
1675961899677 0.6103243827819824 54120
1675961900061 0.6031749248504639 54160
1675961900421 0.616855239868164 54200
1675961900844 0.5895811080932617 54240
1675961901284 0.6008831024169922 54280
1675961901672 0.6088266849517823 54320
1675961902153 0.5800388336181641 54360
1675961902676 0.5869909286499023 54400
1675961903317 0.6137804985046387 54440
1675961903821 0.5934255123138428 54480
1675961904206 0.5983245849609375 54520
1675961904621 0.6024768829345704 54560
1675961905031 0.5908305168151855 54600
1675961905475 0.5727883338928222 54640
1675961905892 0.593512487411499 54680
1675961906320 0.5880014896392822 54720
1675961906722 0.6144760131835938 54760
1675961907134 0.605623197555542 54800
1675961907523 0.6026899337768554 54840
1675961907999 0.5797172069549561 54880
1675961908429 0.6039515972137451 54920
1675961908967 0.5650142669677735 54960
1675961909407 0.6093608379364014 55000
1675961910343 0.5861002922058105 55040
1675961911691 0.6150797367095947 55080
1675961912636 0.5815662384033203 55120
1675961913109 0.6268770217895507 55160
1675961913725 0.6038999080657959 55200
1675961914151 0.5941966056823731 55240
1675961914743 0.599522066116333 55280
1675961915141 0.609394121170044 55320
1675961916013 0.5996033668518066 55360
1675961916596 0.6030097961425781 55400
1675961917161 0.6131388187408447 55440
1675961917623 0.6001439571380616 55480
1675961918356 0.6184465408325195 55520
1675961918826 0.6058382034301758 55560
1675961919464 0.5994245052337647 55600
1675961920000 0.6044965267181397 55640
1675961920922 0.6051960945129394 55680
1675961921494 0.6191339492797852 55720
1675961922401 0.6012110233306884 55760
1675961923144 0.6049994468688965 55800
1675961923695 0.5931573867797851 55840
1675961924277 0.6020464897155762 55880
1675961924836 0.5953954696655274 55920
1675961925528 0.5916063785552979 55960
1675961926289 0.5808359622955322 56000
1675961926881 0.6147698879241943 56040
1675961927887 0.6229546546936036 56080
1675961928553 0.61301589012146 56120
1675961929142 0.6015097141265869 56160
1675961929703 0.5810128211975097 56200
1675961930167 0.5981339454650879 56240
1675961930567 0.6139910221099854 56280
1675961930994 0.6104611873626709 56320
1675961931420 0.6074760913848877 56360
1675961931878 0.6210349559783935 56400
1675961932379 0.6223694801330566 56440
1675961932978 0.5879093170166015 56480
1675961933671 0.6079539775848388 56520
1675961934099 0.5973263263702393 56560
1675961934587 0.6073514461517334 56600
1675961935085 0.6071803092956543 56640
1675961935494 0.591890525817871 56680
1675961935965 0.5910129547119141 56720
1675961936403 0.6150814533233643 56760
1675961936774 0.6289732456207275 56800
1675961937216 0.6021058082580566 56840
1675961937611 0.6119353294372558 56880
1675961938012 0.598835802078247 56920
1675961938610 0.563505220413208 56960
1675961939015 0.6156418800354004 57000
1675961939423 0.6064116477966308 57040
1675961939829 0.5937134742736816 57080
1675961940318 0.6093694686889648 57120
1675961940780 0.5834366798400878 57160
1675961941177 0.6003532409667969 57200
1675961941598 0.594133710861206 57240
1675961942034 0.6089084625244141 57280
1675961942594 0.6015172004699707 57320
1675961942993 0.6025318622589111 57360
1675961943560 0.6025290012359619 57400
1675961943999 0.59890775680542 57440
1675961944402 0.605961275100708 57480
1675961944847 0.5845580577850342 57520
1675961945288 0.597540807723999 57560
1675961945685 0.6093451499938964 57600
1675961946192 0.6125357151031494 57640
1675961946654 0.6077789783477783 57680
1675961947118 0.6034098148345948 57720
1675961947670 0.5876523017883301 57760
1675961948567 0.5791563510894775 57800
1675961949080 0.6002219676971435 57840
1675961949512 0.5977090358734131 57880
1675961949959 0.5839524269104004 57920
1675961950336 0.6108414649963378 57960
1675961950736 0.6126150131225586 58000
1675961951129 0.6128342628479004 58040
1675961951552 0.6082215309143066 58080
1675961951990 0.5888376235961914 58120
1675961952447 0.5859018802642822 58160
1675961952878 0.6037408828735351 58200
1675961953295 0.6050414085388184 58240
1675961953778 0.5795011997222901 58280
1675961954198 0.5815845489501953 58320
1675961954649 0.6077413082122802 58360
1675961955092 0.6071562767028809 58400
1675961955581 0.59275803565979 58440
1675961956022 0.596345043182373 58480
1675961956497 0.6005404472351075 58520
1675961956927 0.6049537658691406 58560
1675961957343 0.6135345458984375 58600
1675961957777 0.587194299697876 58640
1675961958276 0.6009461879730225 58680
1675961958683 0.6132273197174072 58720
1675961959099 0.5975083351135254 58760
1675961959498 0.6049174308776856 58800
1675961959896 0.601365041732788 58840
1675961960322 0.5957777976989747 58880
1675961960683 0.6164976596832276 58920
1675961961155 0.5984868049621582 58960
1675961961587 0.6012208461761475 59000
1675961962026 0.6002246856689453 59040
1675961962523 0.5932936191558837 59080
1675961962949 0.6163321018218995 59120
1675961963558 0.6000314712524414 59160
1675961963960 0.5951523780822754 59200
1675961964320 0.6117416858673096 59240
1675961964712 0.5981743335723877 59280
1675961965134 0.587354040145874 59320
1675961965505 0.6201383590698242 59360
1675961965971 0.5888535499572753 59400
1675961966404 0.5995092868804932 59440
1675961966791 0.6026052474975586 59480
1675961967151 0.6282756805419922 59520
1675961967590 0.6062344074249267 59560
1675961968067 0.6093559741973877 59600
1675961968608 0.5908617496490478 59640
1675961969048 0.6000296115875244 59680
1675961969442 0.5973960876464843 59720
1675961969974 0.5826372146606446 59760
1675961970364 0.5976065635681153 59800
1675961970801 0.5882704257965088 59840
1675961971203 0.6019827842712402 59880
1675961971603 0.6121753692626953 59920
1675961972007 0.6160149574279785 59960
1675961972388 0.6083411693572998 60000
1675961972810 0.5874474048614502 60040
1675961973266 0.5942278385162354 60080
1675961973647 0.6130797863006592 60120
1675961973992 0.6294705867767334 60160
1675961974463 0.5988451480865479 60200
1675961974899 0.611248254776001 60240
1675961977013 0.17396774291992187 60280
1675961977527 0.592884874343872 60320
1675961978012 0.5982683658599853 60360
1675961978845 0.587557315826416 60400
1675961979296 0.5928784847259522 60440
1675961979756 0.5971338272094726 60480
1675961980292 0.5781821250915528 60520
1675961981023 0.6024465560913086 60560
1675961981613 0.5992439746856689 60600
1675961982036 0.6005722999572753 60640
1675961982513 0.5910520076751709 60680
1675961983144 0.5859464645385742 60720
1675961983560 0.6201030254364014 60760
1675961983961 0.5894968509674072 60800
1675961984366 0.5926365375518798 60840
1675961984770 0.59776930809021 60880
1675961985388 0.5866901397705078 60920
1675961985850 0.5990744590759277 60960
1675961986413 0.5872014045715332 61000
1675961987304 0.6048012256622315 61040
1675961988075 0.5928751945495605 61080
1675961988738 0.6201622009277343 61120
1675961989260 0.6057596206665039 61160
1675961989946 0.5924678325653077 61200
1675961990621 0.6005742073059082 61240
1675961991137 0.6047801017761231 61280
1675961991598 0.6164005279541016 61320
1675961992085 0.601426362991333 61360
1675961992584 0.5873319625854492 61400
1675961993298 0.5718563556671142 61440
1675961993945 0.605651569366455 61480
1675961994441 0.6088377475738526 61520
1675961994917 0.6095880508422852 61560
1675961995705 0.5828721523284912 61600
1675961996151 0.6150339603424072 61640
1675961996670 0.585524606704712 61680
1675961997283 0.6051512241363526 61720
1675961997957 0.6012725830078125 61760
1675961998505 0.5938753604888916 61800
1675961999057 0.5882895469665528 61840
1675961999547 0.6134619235992431 61880
1675962000244 0.6120938777923584 61920
1675962001210 0.6246757507324219 61960
1675962002570 0.5994407653808593 62000
1675962003781 0.6090016841888428 62040
1675962004166 0.6097991466522217 62080
1675962005016 0.6013559341430664 62120
1675962005632 0.608121681213379 62160
1675962006071 0.6060405254364014 62200
1675962006622 0.615724515914917 62240
1675962007308 0.6016651153564453 62280
1675962007953 0.5922584533691406 62320
1675962008789 0.5929492473602295 62360
1675962009305 0.6093368053436279 62400
1675962009915 0.5962142944335938 62440
1675962010474 0.602675199508667 62480
1675962011086 0.5915753364562988 62520
1675962011898 0.5920104503631591 62560
1675962012483 0.6156394481658936 62600
1675962012973 0.586052131652832 62640
1675962013433 0.6096948146820068 62680
1675962013893 0.5973754405975342 62720
1675962014343 0.5856290340423584 62760
1675962014767 0.6172146797180176 62800
1675962015310 0.580875825881958 62840
1675962015807 0.5887880802154541 62880
1675962016289 0.599925422668457 62920
1675962016797 0.6058783531188965 62960
1675962017294 0.5961570262908935 63000
1675962017802 0.5836765766143799 63040
1675962018283 0.6011061668395996 63080
1675962018786 0.6293072700500488 63120
1675962019268 0.589578914642334 63160
1675962019722 0.5919181823730468 63200
1675962020183 0.6060785293579102 63240
1675962020627 0.5999504089355469 63280
1675962021117 0.5881465911865235 63320
1675962021666 0.5826058864593506 63360
1675962022122 0.5773473739624023 63400
1675962022595 0.623696231842041 63440
1675962023358 0.594973087310791 63480
1675962023900 0.5939066886901856 63520
1675962024418 0.6108735561370849 63560
1675962024883 0.5838089942932129 63600
1675962025327 0.5839799880981446 63640
1675962025703 0.6187828063964844 63680
1675962026155 0.5751416683197021 63720
1675962026580 0.5942045211791992 63760
1675962027003 0.6028831005096436 63800
1675962027453 0.598008108139038 63840
1675962027886 0.6006888389587403 63880
1675962028385 0.599554967880249 63920
1675962028882 0.6040019035339356 63960
1675962029396 0.5876839637756348 64000
1675962029824 0.5871063709259033 64040
1675962030236 0.6105745315551758 64080
1675962030641 0.6014715194702148 64120
1675962031099 0.5945628166198731 64160
1675962031507 0.6147502899169922 64200
1675962031914 0.6105472087860108 64240
1675962032341 0.5974421977996827 64280
1675962032829 0.5902962207794189 64320
1675962033327 0.6183891296386719 64360
1675962033780 0.5830682754516602 64400
1675962034264 0.5774648189544678 64440
1675962034749 0.615371561050415 64480
1675962035273 0.600145673751831 64520
1675962035781 0.588279914855957 64560
1675962036230 0.6050580978393555 64600
1675962036681 0.5897780418395996 64640
1675962037149 0.579073429107666 64680
1675962037653 0.5866646766662598 64720
1675962038225 0.5960357189178467 64760
1675962038738 0.6040534019470215 64800
1675962039189 0.6095147132873535 64840
1675962039794 0.6024466037750245 64880
1675962040375 0.5807266712188721 64920
1675962040857 0.5982612133026123 64960
1675962041408 0.5765316009521484 65000
1675962041909 0.6018077373504639 65040
1675962042373 0.5933008193969727 65080
1675962042817 0.605787706375122 65120
1675962043291 0.5864574909210205 65160
1675962043729 0.6158827781677246 65200
1675962044127 0.6108520984649658 65240
1675962044620 0.595320177078247 65280
1675962045093 0.5943593502044677 65320
1675962045552 0.6152164459228515 65360
1675962046025 0.6029497146606445 65400
1675962046574 0.5943143367767334 65440
1675962048002 0.6209591388702392 65480
1675962048892 0.6002959251403809 65520
1675962049680 0.6167320251464844 65560
1675962050235 0.6016943454742432 65600
1675962050804 0.6070914268493652 65640
1675962051302 0.5979179382324219 65680
1675962051774 0.6051582813262939 65720
1675962052230 0.6188789367675781 65760
1675962052867 0.5971059322357177 65800
1675962053515 0.612243938446045 65840
1675962054249 0.5892003059387207 65880
1675962054715 0.6074860572814942 65920
1675962055135 0.5934199810028076 65960
1675962055577 0.5890457630157471 66000
1675962056106 0.5820613861083984 66040
1675962056550 0.612191104888916 66080
1675962057026 0.6234254360198974 66120
1675962057437 0.6111313819885253 66160
1675962057925 0.60373854637146 66200
1675962058380 0.5863884449005127 66240
1675962058913 0.5905914306640625 66280
1675962059490 0.6113090991973877 66320
1675962059933 0.6124025344848633 66360
1675962060369 0.6120514869689941 66400
1675962060815 0.6147657871246338 66440
1675962061230 0.6319567203521729 66480
1675962061686 0.5873262882232666 66520
1675962062110 0.6018290996551514 66560
1675962062565 0.5998077869415284 66600
1675962063034 0.6076353073120118 66640
1675962063512 0.6102808475494385 66680
1675962063975 0.5921957969665528 66720
1675962064491 0.5929830551147461 66760
1675962065039 0.6107512950897217 66800
1675962065474 0.6304894924163819 66840
1675962065924 0.5992242813110351 66880
1675962066321 0.6123054027557373 66920
1675962066747 0.5989506244659424 66960
1675962067298 0.5755874633789062 67000
1675962067723 0.6079913139343261 67040
1675962068506 0.599476432800293 67080
1675962069165 0.6004077434539795 67120
1675962069815 0.6093023300170899 67160
1675962070295 0.5929434299468994 67200
1675962070790 0.5982519149780273 67240
1675962071265 0.583510446548462 67280
1675962071673 0.6103277683258057 67320
1675962072162 0.6036495208740235 67360
1675962072685 0.6045599460601807 67400
1675962073129 0.6081996917724609 67440
1675962073650 0.5964590549468994 67480
1675962074078 0.6060262203216553 67520
1675962074644 0.5904687404632568 67560
1675962075441 0.5915225982666016 67600
1675962076014 0.6053103446960449 67640
1675962076477 0.6184978485107422 67680
1675962076951 0.6007790088653564 67720
1675962077418 0.606608247756958 67760
1675962077876 0.5856816291809082 67800
1675962078504 0.5822625637054444 67840
1675962079362 0.6072479248046875 67880
1675962079893 0.5925003528594971 67920
1675962080976 0.5865054130554199 67960
1675962081535 0.6042823791503906 68000
1675962082026 0.614761209487915 68040
1675962082805 0.6176597118377686 68080
1675962083746 0.6037122249603272 68120
1675962084392 0.5927966117858887 68160
1675962084973 0.5881931781768799 68200
1675962085546 0.5910553932189941 68240
1675962086033 0.6149182796478272 68280
1675962086538 0.5863942623138427 68320
1675962087181 0.5818009853363038 68360
1675962087733 0.6005620002746582 68400
1675962088192 0.6074374675750732 68440
1675962088696 0.604636287689209 68480
1675962089228 0.5865207195281983 68520
1675962089667 0.6007803440093994 68560
1675962090107 0.604470682144165 68600
1675962090522 0.6128219604492188 68640
1675962090965 0.5914938449859619 68680
1675962091407 0.6019996643066406 68720
1675962091822 0.6064682960510254 68760
1675962092261 0.6032353401184082 68800
1675962092677 0.612395191192627 68840
1675962093412 0.5905406951904297 68880
1675962093838 0.5956325054168701 68920
1675962094161 0.6114837169647217 68960
1675962094501 0.6055192947387695 69000
1675962094845 0.6040784358978272 69040
1675962095223 0.590655517578125 69080
1675962095585 0.6046292781829834 69120
1675962095989 0.6135737895965576 69160
1675962096321 0.6025526523590088 69200
1675962096658 0.5854177951812745 69240
1675962097067 0.6200084209442138 69280
1675962097419 0.5978332042694092 69320
1675962097792 0.5942417621612549 69360
1675962098129 0.6051051616668701 69400
1675962098481 0.6030152320861817 69440
1675962098857 0.5994101524353027 69480
1675962099167 0.5994064331054687 69520
1675962099453 0.6197426795959473 69560
1675962099765 0.618492841720581 69600
1675962100098 0.6054337024688721 69640
1675962100429 0.5984837055206299 69680
1675962100805 0.5933231353759766 69720
1675962101122 0.6017168521881103 69760
1675962101485 0.5806617736816406 69800
1675962101808 0.5962919235229492 69840
1675962102150 0.5876543521881104 69880
1675962102494 0.6033780097961425 69920
1675962102820 0.6057162761688233 69960
1675962103124 0.6210509300231933 70000
1675962103455 0.5997276306152344 70040
1675962103805 0.5983563423156738 70080
1675962104208 0.5959716320037842 70120
1675962104567 0.6047149181365967 70160
1675962104868 0.6312349796295166 70200
1675962105218 0.59999680519104 70240
1675962105521 0.6117160797119141 70280
