1675616575172 0.6113885045051575 0
1675616575348 0.6208328008651733 0
1675616575553 0.6172329783439636 0
1675616575749 0.6187568306922913 0
1675616575967 0.6141166687011719 0
1675616576193 0.6131952404975891 0
1675616576416 0.6103986501693726 0
1675616576611 0.6164225339889526 0
1675616576835 0.6108388900756836 0
1675616577031 0.617953360080719 0
1675616577265 0.6053315997123718 0
1675616577461 0.6139761209487915 0
1675616577681 0.6121309399604797 0
1675616577915 0.6068974137306213 0
1675616578130 0.6091075539588928 0
1675616578337 0.6097365021705627 0
1675616578592 0.6065020561218262 0
1675616578818 0.6046421527862549 0
1675616579046 0.6028106212615967 0
1675616579244 0.6097317934036255 0
1675616579463 0.6039921045303345 0
1675616579658 0.609496533870697 0
1675616579871 0.605305552482605 0
1675616580105 0.6021341681480408 0
1675616580311 0.6074085235595703 0
1675616580530 0.6014590263366699 0
1675616580769 0.5958794951438904 0
1675616580976 0.6036615371704102 0
1675616581196 0.5993715524673462 0
1675616581427 0.5963329076766968 0
1675616581630 0.6060283780097961 0
1675616581886 0.5926647186279297 0
1675616582146 0.5944072008132935 0
1675616582383 0.5952834486961365 0
1675616582618 0.591964840888977 0
1675616582852 0.5934008955955505 0
1675616583078 0.5948047041893005 0
1675616583290 0.5958483219146729 0
1675616583486 0.5999025106430054 0
1675616583731 0.587458610534668 0
1675616583928 0.5978919863700867 0
1675616584129 0.5956818461418152 0
1675616584350 0.5915100574493408 0
1675616584567 0.5949987769126892 0
1675616584822 0.584269106388092 0
1675616585033 0.5917789340019226 0
1675616585239 0.5912648439407349 0
1675616585464 0.586068868637085 0
1675616585696 0.5846372842788696 0
1675616585902 0.5894597172737122 0
1675616586117 0.5862236022949219 0
1675616586349 0.5819761753082275 0
1675616586557 0.5864918828010559 0
1675616586741 0.5911841988563538 0
1675616586946 0.5874320268630981 0
1675616587158 0.5829361081123352 0
1675616587378 0.5800003409385681 0
1675616587644 0.5793259739875793 0
1675616587912 0.5825260281562805 0
1675616588212 0.5802319645881653 0
1675616588431 0.5791237950325012 0
1675616588633 0.5814356803894043 0
1675616588872 0.5727784633636475 0
1675616589125 0.5766288042068481 0
1675616589354 0.5743939876556396 0
1675616589569 0.5741560459136963 0
1675616589770 0.5756005048751831 0
1675616589998 0.5688672065734863 0
1675616590207 0.5736658573150635 0
1675616590416 0.5701473951339722 0
1675616590620 0.5695780515670776 0
1675616590815 0.5721409320831299 0
1675616591029 0.5648332238197327 0
1675616591294 0.5573583245277405 0
1675616591489 0.5671629905700684 0
1675616591718 0.5608069896697998 0
1675616591958 0.5549857020378113 0
1675616592182 0.5570135712623596 0
1675616592395 0.5567190051078796 0
1675616592615 0.5541850924491882 0
1675616592826 0.5537195205688477 0
1675616593055 0.5490725040435791 0
1675616593284 0.5504584312438965 0
1675616593523 0.5431796312332153 0
1675616593736 0.5459752082824707 0
1675616593970 0.5415095686912537 0
1675616594196 0.5419063568115234 0
1675616594427 0.5369170308113098 0
1675616594630 0.53996741771698 0
1675616594874 0.530884861946106 0
1675616595100 0.5327423214912415 0
1675616595300 0.5338650941848755 0
1675616595512 0.529620885848999 0
1675616595715 0.5292716026306152 0
1675616595926 0.5252763032913208 0
1675616596167 0.5178053379058838 0
1675616596385 0.5192103385925293 0
1675616596594 0.5176495313644409 0
1675616596815 0.512052059173584 0
1675616597025 0.5129771828651428 0
1675616597241 0.5085792541503906 0
1675616597472 0.5038425326347351 0
1675616597733 0.49757835268974304 0
1675616597961 0.49599364399909973 0
1675616598153 0.49619370698928833 0
1675616598368 0.48873448371887207 0
1675616598611 0.4814547598361969 0
1675616598830 0.47998636960983276 0
1675616599041 0.47660934925079346 0
1675616599261 0.4720171093940735 0
1675616599457 0.4697076678276062 0
1675616599708 0.45870622992515564 0
1675616599929 0.45686182379722595 0
1675616600160 0.4520467221736908 0
1675616600396 0.4452057480812073 0
1675616600612 0.44201162457466125 0
1675616600842 0.4354686737060547 0
1675616601048 0.4311252534389496 0
1675616601265 0.42546117305755615 0
1675616601537 0.41413527727127075 0
1675616601771 0.41053280234336853 0
1675616601999 0.4038659930229187 0
1675616602213 0.39782077074050903 0
1675616602458 0.38856056332588196 0
1675616602683 0.383146733045578 0
1675616602886 0.37677323818206787 0
1675616603116 0.367735356092453 0
1675616603334 0.35937732458114624 0
1675616603549 0.35151249170303345 0
1675616603764 0.3423923850059509 0
1675616603978 0.3334290385246277 0
1675616604308 0.32490289211273193 0
1675616604567 0.3154136836528778 0
1675616604809 0.30621078610420227 0
1675616605053 0.29693663120269775 0
1675616605303 0.2875606119632721 0
1675616605545 0.278180330991745 0
1675616605795 0.2679523229598999 0
1675616606046 0.2596549987792969 0
1675616606294 0.24849219620227814 0
1675616606527 0.2395298033952713 0
1675616606755 0.22956621646881104 0
1675616606973 0.21818822622299194 0
1675616607202 0.20764945447444916 0
1675616607414 0.19794344902038574 0
1675616607657 0.18978677690029144 0
1675616607850 0.1761147677898407 0
1675616608057 0.16893187165260315 0
1675616608306 0.1625935137271881 0
1675616608512 0.15127593278884888 0
1675616608718 0.1426348239183426 0
1675616608926 0.13453000783920288 0
1675616609140 0.1266801506280899 0
1675616609330 0.11669521033763885 0
1675616609550 0.11116360872983932 0
1675616609781 0.10801877081394196 0
1675616610002 0.10036418586969376 0
1675616611501 0.0958646610379219 0
1675616611711 0.08724594116210938 0
1675616611933 0.08489175885915756 0
1675616612140 0.07678575068712234 0
1675616612334 0.06982919573783875 0
1675616612604 0.07479707896709442 0
1675616612853 0.0646882951259613 0
1675616613120 0.0608251728117466 0
1675616613347 0.053214751183986664 0
1675616613590 0.05338656157255173 0
1675616613800 0.05127490311861038 0
1675616614035 0.05030682310461998 0
1675616614252 0.04795435443520546 0
1675616614482 0.048520009964704514 0
1675616614697 0.043356284499168396 0
1675616614925 0.044279105961322784 0
1675616615144 0.04097997769713402 0
1675616615350 0.037156201899051666 0
1675616615581 0.037521179765462875 0
1675616615795 0.03524533286690712 0
1675616616039 0.03944981098175049 0
1675616616288 0.037691205739974976 0
1675616616508 0.03229842334985733 0
1675616616703 0.0277286097407341 0
1675616616954 0.030847126618027687 0
1675616617150 0.026577232405543327 0
1675616617369 0.029652222990989685 0
1675616617586 0.027821652591228485 0
1675616617816 0.02886880189180374 0
1675616618048 0.030207837000489235 0
1675616618250 0.024916186928749084 0
1675616618447 0.023555684834718704 0
1675616618703 0.03267545998096466 0
1675616618938 0.0301305390894413 0
1675616619153 0.02506520412862301 0
1675616619362 0.023852715268731117 0
1675616619563 0.02128761261701584 0
1675616619777 0.02120213583111763 0
1675616619982 0.020417580381035805 0
1675616620216 0.026351379230618477 0
1675616620421 0.021669721230864525 0
1675616620655 0.027671074494719505 0
1675616620867 0.021413296461105347 0
1675616621075 0.021175596863031387 0
1675616621301 0.024239739403128624 0
1675616621524 0.023171527311205864 0
1675616621804 0.029662011191248894 0
1675616622038 0.018692266196012497 0
1675616622231 0.016562752425670624 0
1675616622469 0.025632668286561966 0
1675616622692 0.0219363272190094 0
1675616622895 0.018602218478918076 0
1675616623117 0.021630708128213882 0
1675616623354 0.024090010672807693 0
1675616623569 0.019827954471111298 0
1675616623785 0.016914604231715202 0
1675616624016 0.01754080317914486 0
1675616624256 0.019680961966514587 0
1675616624487 0.020131461322307587 0
1675616624761 0.019482877105474472 0
1675616624989 0.021332915872335434 0
1675616625221 0.02027961052954197 0
1675616625457 0.02218828909099102 0
1675616625668 0.01624421961605549 0
1675616625879 0.01831221953034401 0
1675616626127 0.025436216965317726 0
1675616626340 0.0197265837341547 0
1675616626591 0.021994801238179207 0
1675616626808 0.019304847344756126 0
1675616627033 0.021137960255146027 0
1675616627244 0.01788143441081047 0
1675616627457 0.020147357136011124 0
1675616627702 0.020675037056207657 0
1675616627913 0.01778293028473854 0
1675616628143 0.019742310047149658 0
1675616628391 0.021355723962187767 0
1675616628623 0.016825318336486816 0
1675616628885 0.02160438522696495 0
1675616629130 0.016473237425088882 0
1675616629374 0.021658608689904213 0
1675616629623 0.022343672811985016 0
1675616629862 0.022920208051800728 0
1675616630092 0.019497668370604515 0
1675616630292 0.015260951593518257 0
1675616630509 0.018040262162685394 0
1675616630732 0.02008611150085926 0
1675616630944 0.018225746229290962 0
1675616631164 0.0198401790112257 0
1675616631414 0.023452995344996452 0
1675616631634 0.020037095993757248 0
1675616631848 0.018493378534913063 0
1675616632114 0.021948406472802162 0
1675616632314 0.015810327604413033 0
1675616632555 0.019469434395432472 0
1675616632774 0.01926291733980179 0
1675616632985 0.017246540635824203 0
1675616633220 0.018674243241548538 0
1675616633432 0.01730099692940712 0
1675616633678 0.021699046716094017 0
1675616633907 0.017967162653803825 0
1675616634101 0.01586003229022026 0
1675616634350 0.02249012514948845 0
1675616634561 0.017036370933055878 0
1675616634801 0.023933563381433487 0
1675616635017 0.018817342817783356 0
1675616635213 0.01573336496949196 0
1675616635445 0.020018119364976883 0
1675616635667 0.01988602988421917 0
1675616635902 0.02190151810646057 0
1675616636115 0.0202570091933012 0
1675616636315 0.016993645578622818 0
1675616636521 0.016925662755966187 0
1675616636743 0.018658986315131187 0
1675616636957 0.01801794022321701 0
1675616637176 0.020062513649463654 0
1675616637409 0.02066785655915737 0
1675616637627 0.017560971900820732 0
1675616637855 0.017970198765397072 0
1675616638076 0.01591748371720314 0
1675616638301 0.021253466606140137 0
1675616638506 0.017933731898665428 0
1675616638711 0.0153659638017416 0
1675616638951 0.020865194499492645 0
1675616639169 0.019595008343458176 0
1675616639413 0.02283269725739956 0
1675616639666 0.024220401421189308 0
1675616639901 0.019702481105923653 0
1675616640140 0.02153441309928894 0
1675616640353 0.01807299256324768 0
1675616640537 0.013519019819796085 0
1675616640771 0.022298289462924004 0
1675616641008 0.02047225460410118 0
1675616641238 0.02092442475259304 0
1675616641508 0.02399779111146927 0
1675616641707 0.016428641974925995 0
1675616641986 0.02359645813703537 0
1675616642259 0.018006542697548866 0
1675616642501 0.01925610937178135 0
1675616642728 0.016887424513697624 0
1675616642942 0.016324536874890327 0
1675616643157 0.01879109814763069 0
1675616643395 0.022075258195400238 0
1675616643594 0.01628154329955578 0
1675616643811 0.016996312886476517 0
1675616644048 0.01979193277657032 0
1675616644307 0.019952094182372093 0
1675616644565 0.024658087641000748 0
1675616644807 0.022038035094738007 0
1675616645031 0.01829988695681095 0
1675616645256 0.020128585398197174 0
1675616645464 0.01708875223994255 0
1675616645676 0.01921345479786396 0
1675616645888 0.014597410336136818 0
1675616646125 0.0170403141528368 0
1675616646379 0.02292645163834095 0
1675616646587 0.014653841964900494 0
1675616646847 0.023028934374451637 0
1675616648407 0.025838224217295647 0
1675616648656 0.020101187750697136 0
1675616648884 0.017710719257593155 0
1675616649171 0.019862426444888115 0
1675616649372 0.01627199538052082 0
1675616649595 0.020945249125361443 0
1675616649807 0.01727619767189026 0
1675616650041 0.0196965541690588 0
1675616650272 0.021440528333187103 0
1675616650485 0.018530502915382385 0
1675616650714 0.021868282929062843 0
1675616650958 0.022815708070993423 0
1675616651172 0.019120531156659126 0
1675616651423 0.024944085627794266 0
1675616651633 0.01856037974357605 0
1675616651844 0.018500303849577904 0
1675616652052 0.01622987538576126 0
1675616652281 0.018743528053164482 0
1675616652493 0.018274616450071335 0
1675616652700 0.018038105219602585 0
1675616652921 0.020886173471808434 0
1675616653099 0.013052954338490963 0
1675616653294 0.01599201187491417 0
1675616653508 0.01764078252017498 0
1675616653698 0.014828652143478394 0
1675616653917 0.01901884190738201 0
1675616654134 0.01933697611093521 0
1675616654350 0.018033824861049652 0
1675616654574 0.018065450713038445 0
1675616654806 0.01745881512761116 0
1675616655009 0.016822947189211845 0
1675616655217 0.018611177802085876 0
1675616655445 0.021081455051898956 0
1675616655642 0.016493016853928566 0
1675616655841 0.01631159894168377 0
1675616656090 0.02034754492342472 0
1675616656327 0.018585845828056335 0
1675616656549 0.018751895055174828 0
1675616656797 0.022087497636675835 0
1675616657036 0.021750491112470627 0
1675616657239 0.018031613901257515 0
1675616657453 0.01879305951297283 0
1675616657712 0.017187373712658882 0
1675616657988 0.023114468902349472 0
1675616658193 0.015608693473041058 0
1675616658454 0.021858975291252136 0
1675616658687 0.019052766263484955 0
1675616658894 0.017949584871530533 0
1675616659111 0.01814916543662548 0
1675616659358 0.020471548661589622 0
1675616659659 0.018058674409985542 0
1675616659925 0.01640411466360092 0
1675616660205 0.01825927011668682 0
1675616660457 0.018729569390416145 0
1675616660692 0.01849433220922947 0
1675616660974 0.02150195837020874 0
1675616661212 0.019798865541815758 0
1675616661438 0.01929336041212082 0
1675616661656 0.01998581364750862 0
1675616661860 0.01718711666762829 0
1675616662086 0.021359583362936974 0
1675616662335 0.022744877263903618 0
1675616662538 0.01772261969745159 0
1675616662764 0.02171187847852707 0
1675616662976 0.017879270017147064 0
1675616663192 0.018942028284072876 0
1675616663435 0.02390490286052227 0
1675616663664 0.02067011035978794 0
1675616663888 0.019420957192778587 0
1675616664100 0.017986048012971878 0
1675616664303 0.01578543707728386 0
1675616664542 0.019471263512969017 0
1675616664770 0.020261649042367935 0
1675616665018 0.021409863606095314 0
1675616665223 0.015672195702791214 0
1675616665424 0.01602434553205967 0
1675616665626 0.0161833968013525 0
1675616665840 0.018055317923426628 0
1675616666081 0.019968919456005096 0
1675616666299 0.019616052508354187 0
1675616666509 0.016291700303554535 0
1675616666736 0.01983780413866043 0
1675616666923 0.01420238520950079 0
1675616667175 0.023603539913892746 0
1675616667371 0.015558386221528053 0
1675616667612 0.021992450580000877 0
1675616667855 0.022796478122472763 0
1675616668064 0.016517870128154755 0
1675616668268 0.01615356095135212 0
1675616668472 0.017110684886574745 0
1675616668690 0.01940443553030491 0
1675616668893 0.01726965606212616 0
1675616669093 0.015491200610995293 0
1675616669331 0.022326461970806122 0
1675616669566 0.022040991112589836 0
1675616669799 0.021886808797717094 0
1675616670003 0.017113955691456795 0
1675616670219 0.0182206928730011 0
1675616670461 0.019848354160785675 0
1675616670708 0.020772529765963554 0
1675616670954 0.023246193304657936 0
1675616671202 0.022986069321632385 0
1675616671410 0.018683677539229393 0
1675616671628 0.017579130828380585 0
1675616671820 0.01574457436800003 0
1675616672047 0.021420298144221306 0
1675616672250 0.016600660979747772 0
1675616672510 0.024671612307429314 0
1675616672733 0.0191967710852623 0
1675616672936 0.017101090401411057 0
1675616673168 0.020099038258194923 0
1675616673399 0.022345608100295067 0
1675616673623 0.02028236910700798 0
1675616673843 0.020016245543956757 0
1675616674081 0.0205825287848711 0
1675616674319 0.02065770886838436 0
1675616674512 0.015473403967916965 0
1675616674731 0.01926184818148613 0
1675616674945 0.017424263060092926 0
1675616675185 0.01611623726785183 0
1675616675436 0.021780291572213173 0
1675616675694 0.018330339342355728 0
1675616675921 0.01844610646367073 0
1675616676185 0.021671237424016 0
1675616676423 0.02089337818324566 0
1675616676665 0.020941300317645073 0
1675616676884 0.019911114126443863 0
1675616677110 0.02072840742766857 0
1675616677337 0.020439643412828445 0
1675616677587 0.018059633672237396 0
1675616677846 0.02037314884364605 0
1675616678079 0.02110622264444828 0
1675616678282 0.0159795880317688 0
1675616678517 0.021149057894945145 0
1675616678742 0.016819480806589127 0
1675616679004 0.021207083016633987 0
1675616679229 0.01786717213690281 0
1675616679451 0.017550425603985786 0
1675616679691 0.020749947056174278 0
1675616679915 0.019240189343690872 0
1675616680128 0.017874417826533318 0
1675616680341 0.018406210467219353 0
1675616680565 0.0149790458381176 0
1675616680780 0.017989298328757286 0
1675616681017 0.02201671339571476 0
1675616681226 0.016603844240307808 0
1675616681432 0.016062820330262184 0
1675616681649 0.017367854714393616 0
1675616681898 0.022345207631587982 0
1675616682129 0.0173721332103014 0
1675616682376 0.017204217612743378 0
1675616682613 0.01690831035375595 0
1675616682841 0.016785211861133575 0
1675616683078 0.018525144085288048 0
1675616683301 0.01982986368238926 0
1675616683507 0.016929756850004196 0
1675616683722 0.01818728819489479 0
1675616685209 0.019985079765319824 0
1675616685456 0.02093329094350338 0
1675616685666 0.0175175741314888 0
1675616685897 0.017730720341205597 0
1675616686118 0.019513579085469246 0
1675616686325 0.014995536766946316 0
1675616686546 0.019816650077700615 0
1675616686750 0.017090173438191414 0
1675616686973 0.01883711852133274 0
1675616687194 0.017791448161005974 0
1675616687407 0.018641207367181778 0
1675616687659 0.021183518692851067 0
1675616687891 0.01847914606332779 0
1675616688109 0.01804610714316368 0
1675616688354 0.022736437618732452 0
1675616688567 0.01938987523317337 0
1675616688764 0.015587255358695984 0
1675616689006 0.02066674642264843 0
1675616689222 0.0189350675791502 0
1675616689433 0.01806926541030407 0
1675616689636 0.015431702136993408 0
1675616689878 0.023083096370100975 0
1675616690116 0.020847836509346962 0
1675616690334 0.01691066287457943 0
1675616690550 0.018117228522896767 0
1675616690836 0.0238058939576149 0
1675616691084 0.019262632355093956 0
1675616691340 0.01526398304849863 0
1675616691566 0.0158994197845459 0
1675616691786 0.01724538393318653 0
1675616692023 0.02098241075873375 0
1675616692254 0.022262006998062134 0
1675616692488 0.02239731140434742 0
1675616692717 0.02017110586166382 0
1675616692965 0.019251439720392227 0
1675616693186 0.01879921928048134 0
1675616693413 0.019453348591923714 0
1675616693634 0.01884770579636097 0
1675616693867 0.022024760022759438 0
1675616694102 0.018864257261157036 0
1675616694301 0.01553745474666357 0
1675616694530 0.020711716264486313 0
1675616694727 0.01576954685151577 0
1675616694954 0.01974181830883026 0
1675616695178 0.019531242549419403 0
1675616695395 0.018454140052199364 0
1675616695615 0.018269293010234833 0
1675616695835 0.018461521714925766 0
1675616696062 0.016973311081528664 0
1675616696321 0.02571626380085945 0
1675616696547 0.020270586013793945 0
1675616696811 0.02190500684082508 0
1675616697026 0.01697901263833046 0
1675616697242 0.01867123320698738 0
1675616697469 0.019804880023002625 0
1675616697730 0.019305989146232605 0
1675616697986 0.021834086626768112 0
1675616698208 0.018891716375947 0
1675616698409 0.016071897000074387 0
1675616698625 0.01702939346432686 0
1675616698841 0.0172272976487875 0
1675616699077 0.017304467037320137 0
1675616699335 0.02277349680662155 0
1675616699550 0.017382068559527397 0
1675616699764 0.016568291932344437 0
1675616699964 0.015715504065155983 0
1675616700203 0.020442476496100426 0
1675616700464 0.02390621416270733 0
1675616700708 0.02350589632987976 0
1675616700913 0.017014622688293457 0
1675616701150 0.021264448761940002 0
1675616701380 0.021076887845993042 0
1675616701599 0.018047865480184555 0
1675616701814 0.016150396317243576 0
1675616702034 0.01873449608683586 0
1675616702237 0.014267186634242535 0
1675616702475 0.02137579396367073 0
1675616702698 0.018881261348724365 0
1675616702939 0.018704399466514587 0
1675616703178 0.01776164211332798 0
1675616703404 0.02022404968738556 0
1675616703644 0.017768703401088715 0
1675616703865 0.01543066930025816 0
1675616704140 0.023517485707998276 0
1675616704350 0.016428368166089058 0
1675616704592 0.019843420013785362 0
1675616704832 0.020380208268761635 0
1675616705045 0.01832372508943081 0
1675616705259 0.01674395613372326 0
1675616705492 0.018992720171809196 0
1675616705726 0.0209709033370018 0
1675616705936 0.016300015151500702 0
1675616706161 0.01951221562922001 0
1675616706368 0.018024379387497902 0
1675616706579 0.01593880169093609 0
1675616706838 0.02132502943277359 0
1675616707071 0.018742695450782776 0
1675616707401 0.01727083884179592 0
1675616707653 0.020432086661458015 0
1675616707881 0.0168160367757082 0
1675616708142 0.021217038854956627 0
1675616708386 0.020955851301550865 0
1675616708606 0.01954767107963562 0
1675616708802 0.01480165682733059 0
1675616709064 0.02255186066031456 0
1675616709329 0.022136176005005836 0
1675616709580 0.02052236720919609 0
1675616709807 0.018599877133965492 0
1675616710029 0.015864785760641098 0
1675616710265 0.018306998535990715 0
1675616710474 0.01667722500860691 0
1675616710689 0.01788770779967308 0
1675616710887 0.01581077091395855 0
1675616711108 0.017692022025585175 0
1675616711351 0.019615603610873222 0
1675616711599 0.01711881533265114 0
1675616711883 0.02133835107088089 0
1675616712165 0.019589200615882874 0
1675616712408 0.01998933218419552 0
1675616712633 0.019861087203025818 0
1675616712890 0.022941652685403824 0
1675616713122 0.0207153782248497 0
1675616713338 0.018467511981725693 0
1675616713560 0.019444989040493965 0
1675616713784 0.019441839307546616 0
1675616714025 0.01926860585808754 0
1675616714232 0.016409633681178093 0
1675616714479 0.022529225796461105 0
1675616714673 0.015133469365537167 0
1675616714870 0.0149478605017066 0
1675616715119 0.02091270685195923 0
1675616715352 0.019776880741119385 0
1675616715575 0.018216650933027267 0
1675616715806 0.018658872693777084 0
1675616716000 0.01483010221272707 0
1675616716214 0.017245981842279434 0
1675616716423 0.018062636256217957 0
1675616716639 0.01822124421596527 0
1675616716854 0.01786918379366398 0
1675616717055 0.01584026776254177 0
1675616717272 0.018749147653579712 0
1675616717502 0.020092466846108437 0
1675616717742 0.018582304939627647 0
1675616717975 0.02141922526061535 0
1675616718194 0.01757904514670372 0
1675616718431 0.017588570713996887 0
1675616718659 0.018516678363084793 0
1675616718892 0.020598582923412323 0
1675616719118 0.01887792907655239 0
1675616719411 0.02340885065495968 0
1675616719651 0.018073832616209984 0
1675616719876 0.017972741276025772 0
1675616720089 0.013963505625724792 0
1675616720307 0.016538022086024284 0
1675616720542 0.01867070607841015 0
1675616720777 0.018801191821694374 0
1675616721008 0.01932479627430439 0
1675616722582 0.0188383087515831 0
1675616722804 0.01644425466656685 0
1675616723097 0.02452998049557209 0
1675616723340 0.016849273815751076 0
1675616723615 0.01771388202905655 0
1675616723890 0.01752866804599762 0
1675616724112 0.01801598072052002 0
1675616724352 0.01817590370774269 0
1675616724588 0.018644584342837334 0
1675616724783 0.01557379774749279 0
1675616725027 0.022754603996872902 0
1675616725253 0.01925785094499588 0
1675616725513 0.022098422050476074 0
1675616725765 0.020878788083791733 0
1675616726031 0.023250414058566093 0
1675616726235 0.016397608444094658 0
1675616726474 0.019698642194271088 0
1675616726713 0.021396761760115623 0
1675616726927 0.016941582784056664 0
1675616727164 0.019608210772275925 0
1675616727435 0.024148648604750633 0
1675616727631 0.01265173964202404 0
1675616727871 0.021372666582465172 0
1675616728110 0.021646423265337944 0
1675616728346 0.019680781289935112 0
1675616728550 0.01580335944890976 0
1675616728768 0.01890498399734497 0
1675616728969 0.014551719650626183 0
1675616729210 0.02214175835251808 0
1675616729423 0.018061747774481773 0
1675616729647 0.01856861263513565 0
1675616729861 0.016401201486587524 0
1675616730069 0.016788654029369354 0
1675616730283 0.017736375331878662 0
1675616730494 0.018626948818564415 0
1675616730730 0.022453108802437782 0
1675616730987 0.019487712532281876 0
1675616731214 0.01773197390139103 0
1675616731476 0.021236274391412735 0
1675616731712 0.020927669480443 0
1675616731959 0.023036526516079903 0
1675616732175 0.01759091392159462 0
1675616732390 0.017888516187667847 0
1675616732613 0.01727246679365635 0
1675616732816 0.014965923503041267 0
1675616733004 0.013906647451221943 0
1675616733252 0.02367459051311016 0
1675616733466 0.017226379364728928 0
1675616733665 0.014861532486975193 0
1675616733871 0.01664191111922264 0
1675616734095 0.0184563510119915 0
1675616734307 0.015472212806344032 0
1675616734529 0.019225342199206352 0
1675616734765 0.020659925416111946 0
1675616734983 0.019022313877940178 0
1675616735207 0.01740146428346634 0
1675616735464 0.019935332238674164 0
1675616735713 0.020152101293206215 0
1675616735974 0.021139372140169144 0
1675616736211 0.018345728516578674 0
1675616736479 0.02059936709702015 0
1675616736724 0.019645754247903824 0
1675616736924 0.015069039538502693 0
1675616737152 0.020169688388705254 0
1675616737370 0.017743360251188278 0
1675616737601 0.016726849600672722 0
1675616737835 0.017137324437499046 0
1675616738078 0.021666765213012695 0
1675616738296 0.014081395231187344 0
1675616738547 0.0196312814950943 0
1675616738834 0.021493908017873764 0
1675616739084 0.020343488082289696 0
1675616739309 0.017239078879356384 0
1675616739531 0.019208822399377823 0
1675616739756 0.018596751615405083 0
1675616740002 0.02053910121321678 0
1675616740217 0.016875486820936203 0
1675616740468 0.023981910198926926 0
1675616740707 0.019706690683960915 0
1675616741000 0.018907051533460617 0
1675616741228 0.01861116662621498 0
1675616741440 0.013934253714978695 0
1675616741662 0.01908564753830433 0
1675616741899 0.016731686890125275 0
1675616742101 0.015473456121981144 0
1675616742314 0.018762079998850822 0
1675616742539 0.018601996824145317 0
1675616742752 0.01736987568438053 0
1675616742976 0.017130130901932716 0
1675616743240 0.0242870282381773 0
1675616743473 0.0205881055444479 0
1675616743742 0.02446914277970791 0
1675616743956 0.01777845062315464 0
1675616744217 0.024188656359910965 0
1675616744428 0.016879836097359657 0
1675616744644 0.015498224645853043 0
1675616744877 0.019457941874861717 0
1675616745117 0.01686949096620083 0
1675616745355 0.02185622975230217 0
1675616745559 0.015435293316841125 0
1675616745804 0.018801886588335037 0
1675616746011 0.016877777874469757 0
1675616746228 0.018070649355649948 0
1675616746465 0.01844065450131893 0
1675616746660 0.014566536992788315 0
1675616746922 0.019051656126976013 0
1675616747137 0.0162818543612957 0
1675616747380 0.020307179540395737 0
1675616747603 0.015664903447031975 0
1675616747896 0.019872358068823814 0
1675616748151 0.020305154845118523 0
1675616748376 0.01685882732272148 0
1675616748611 0.019290879368782043 0
1675616748847 0.019588716328144073 0
1675616749104 0.018870344385504723 0
1675616749338 0.018238838762044907 0
1675616749600 0.022352442145347595 0
1675616749807 0.017068076878786087 0
1675616750046 0.019368590787053108 0
1675616750281 0.019529802724719048 0
1675616750494 0.017787430435419083 0
1675616750719 0.01885954849421978 0
1675616750939 0.018188318237662315 0
1675616751224 0.023699797689914703 0
1675616751444 0.018620483577251434 0
1675616751668 0.018552418798208237 0
1675616751895 0.01819542609155178 0
1675616752120 0.017712485045194626 0
1675616752344 0.019677018746733665 0
1675616752592 0.02085292339324951 0
1675616752831 0.01988012157380581 0
1675616753093 0.024698125198483467 0
1675616753292 0.01483205147087574 0
1675616753532 0.02008122391998768 0
1675616753738 0.016191180795431137 0
1675616753961 0.018127918243408203 0
1675616754209 0.022976741194725037 0
1675616754404 0.014284190721809864 0
1675616754653 0.02138400636613369 0
1675616754899 0.018976470455527306 0
1675616755135 0.017795324325561523 0
1675616755370 0.02068079449236393 0
1675616755595 0.019491780549287796 0
1675616755813 0.01903596706688404 0
1675616756056 0.021094011142849922 0
1675616756249 0.015376060269773006 0
1675616756471 0.01896902546286583 0
1675616756695 0.019788706675171852 0
1675616756923 0.020205510780215263 0
1675616757125 0.015352057293057442 0
1675616757326 0.016220632940530777 0
1675616757571 0.021847153082489967 0
1675616757792 0.016415877267718315 0
1675616758036 0.01935790292918682 0
1675616758249 0.01745886541903019 0
1675616758436 0.01414575707167387 0
1675616758635 0.015278770588338375 0
