1675351236891 0.727942705154419 0
1675351237098 0.7223442792892456 0
1675351237333 0.7122961282730103 0
1675351237539 0.7050110101699829 0
1675351237780 0.6950771808624268 0
1675351237970 0.6903374791145325 0
1675351238165 0.6814233660697937 0
1675351238395 0.6720274686813354 0
1675351238624 0.664991021156311 0
1675351238810 0.6579204797744751 0
1675351239052 0.6490189433097839 0
1675351239289 0.6458431482315063 0
1675351239529 0.6371111273765564 0
1675351239776 0.6325873732566833 0
1675351240042 0.6254912614822388 0
1675351240287 0.6211672425270081 0
1675351240543 0.6156139373779297 0
1675351240788 0.6102215051651001 0
1675351240974 0.6084516644477844 0
1675351241197 0.6011087894439697 0
1675351241450 0.5955014228820801 0
1675351241718 0.5933100581169128 0
1675351241960 0.5871270895004272 0
1675351242165 0.5849981307983398 0
1675351242370 0.5840820074081421 0
1675351242546 0.5799059867858887 0
1675351242791 0.5751984119415283 0
1675351243043 0.5696893930435181 0
1675351243248 0.5692041516304016 0
1675351243556 0.5609495043754578 0
1675351243789 0.5594723224639893 0
1675351244028 0.5585865378379822 0
1675351244243 0.5576659440994263 0
1675351244487 0.5520423650741577 0
1675351244753 0.5481470227241516 0
1675351244969 0.5483399629592896 0
1675351245223 0.5476813912391663 0
1675351245485 0.5436733961105347 0
1675351245766 0.5406638383865356 0
1675351246002 0.5362820029258728 0
1675351246218 0.5402780175209045 0
1675351246503 0.5255343914031982 0
1675351246739 0.5375267267227173 0
1675351246967 0.5318024158477783 0
1675351247180 0.5286977291107178 0
1675351247394 0.5277507305145264 0
1675351247613 0.5273990631103516 0
1675351247874 0.5245842337608337 0
1675351248136 0.5199721455574036 0
1675351248345 0.5220731496810913 0
1675351248560 0.5252377986907959 0
1675351248770 0.5175873637199402 0
1675351249099 0.511146605014801 0
1675351249290 0.519661009311676 0
1675351249521 0.5174822211265564 0
1675351249750 0.513334333896637 0
1675351249943 0.5162310600280762 0
1675351250186 0.5121433138847351 0
1675351250433 0.5083482265472412 0
1675351250664 0.5111425518989563 0
1675351250896 0.505287230014801 0
1675351251125 0.5044642686843872 0
1675351251381 0.5061385631561279 0
1675351251698 0.5027304887771606 0
1675351251869 0.5087577700614929 0
1675351252094 0.5054059624671936 0
1675351252344 0.5036491751670837 0
1675351252609 0.4982222616672516 0
1675351252813 0.5014253854751587 0
1675351253035 0.5007415413856506 0
1675351253311 0.4969930052757263 0
1675351253538 0.5010623335838318 0
1675351253770 0.4982530474662781 0
1675351253953 0.49977028369903564 0
1675351254152 0.49791890382766724 0
1675351254428 0.4927889108657837 0
1675351254704 0.49042996764183044 0
1675351254919 0.49634525179862976 0
1675351255169 0.49024367332458496 0
1675351255420 0.4936685562133789 0
1675351255682 0.4941871464252472 0
1675351255899 0.49414029717445374 0
1675351256109 0.49261558055877686 0
1675351256375 0.48757460713386536 0
1675351256567 0.4948771893978119 0
1675351256748 0.4936502277851105 0
1675351256962 0.4903532564640045 0
1675351257161 0.48997557163238525 0
1675351257392 0.4891597628593445 0
1675351257627 0.48467376828193665 0
1675351257870 0.4857339560985565 0
1675351258079 0.48913872241973877 0
1675351258292 0.4882647693157196 0
1675351258536 0.4850800335407257 0
1675351258781 0.48333707451820374 0
1675351258975 0.48944076895713806 0
1675351259228 0.48100772500038147 0
1675351259425 0.4852323532104492 0
1675351259638 0.48805928230285645 0
1675351259897 0.48339739441871643 0
1675351260087 0.48805752396583557 0
1675351260377 0.4783848524093628 0
1675351260610 0.4802122712135315 0
1675351260844 0.48120254278182983 0
1675351261109 0.47531968355178833 0
1675351261301 0.48290857672691345 0
1675351261534 0.4785478413105011 0
1675351261745 0.48190510272979736 0
1675351262038 0.47170019149780273 0
1675351262277 0.4796534776687622 0
1675351262489 0.48333942890167236 0
1675351262694 0.4796431362628937 0
1675351262947 0.48125332593917847 0
1675351263176 0.4768407940864563 0
1675351263413 0.47545015811920166 0
1675351263652 0.47683748602867126 0
1675351263906 0.4749666452407837 0
1675351264144 0.47836920619010925 0
1675351264408 0.47325265407562256 0
1675351264653 0.47221457958221436 0
1675351264881 0.4759453237056732 0
1675351265136 0.47405582666397095 0
1675351265173 0.4646923243999481 0
