1675515366797 0.7235991358757019 0
1675515366927 0.7117148041725159 0
1675515367052 0.7021235227584839 0
1675515367210 0.6872321367263794 0
1675515367356 0.6762304306030273 0
1675515367483 0.6689420938491821 0
1675515367609 0.6576945185661316 0
1675515367747 0.6495130062103271 0
1675515367871 0.6398459076881409 0
1675515367999 0.6326116323471069 0
1675515368140 0.6210092306137085 0
1675515368285 0.6141753196716309 0
1675515368427 0.6108690500259399 0
1675515368598 0.6019296646118164 0
1675515368724 0.5979239344596863 0
1675515368847 0.5923671126365662 0
1675515369015 0.5855904817581177 0
1675515369176 0.5830086469650269 0
1675515369295 0.580684244632721 0
1675515369404 0.5740095973014832 0
1675515369536 0.5714308023452759 0
1675515369674 0.5675221681594849 0
1675515369790 0.5656677484512329 0
1675515369922 0.5605382919311523 0
1675515370052 0.5577949285507202 0
1675515370194 0.5529364943504333 0
1675515370326 0.5500471591949463 0
1675515370460 0.5468462109565735 0
1675515370579 0.5490109324455261 0
1675515370729 0.5423874258995056 0
1675515370849 0.5453187227249146 0
1675515370983 0.5347275137901306 0
1675515371119 0.5408952832221985 0
1675515371258 0.5334180593490601 0
1675515371379 0.534943699836731 0
1675515371489 0.5379170775413513 0
1675515371623 0.5300593972206116 0
1675515371755 0.5270600914955139 0
1675515371882 0.5254926085472107 0
1675515372037 0.5221184492111206 0
1675515372164 0.5265917778015137 0
1675515372289 0.5245142579078674 0
1675515372448 0.5224055051803589 0
1675515372565 0.5199175477027893 0
1675515372670 0.5231552720069885 0
1675515372784 0.5188004970550537 0
1675515372896 0.5188708305358887 0
1675515373043 0.514862596988678 0
1675515373174 0.517913281917572 0
1675515373309 0.5122217535972595 0
1675515373449 0.5120190978050232 0
1675515373580 0.5099000930786133 0
1675515373683 0.5144674777984619 0
1675515373802 0.51154625415802 0
1675515373922 0.5085331201553345 0
1675515374037 0.5081514120101929 0
1675515374166 0.5056473016738892 0
1675515374287 0.5088092684745789 0
1675515374426 0.5062786340713501 0
1675515374578 0.5059984922409058 0
1675515374698 0.5013838410377502 0
1675515374825 0.504362940788269 0
1675515374937 0.5038101077079773 0
1675515375078 0.4988959729671478 0
1675515375185 0.5026376843452454 0
1675515375306 0.49988827109336853 0
1675515375423 0.4997326135635376 0
1675515375586 0.4950312376022339 0
1675515375701 0.49855098128318787 0
1675515375822 0.4985145032405853 0
1675515375952 0.5002474188804626 0
1675515376068 0.49953413009643555 0
1675515376199 0.4947447180747986 0
1675515376295 0.49989280104637146 0
1675515376457 0.49156618118286133 0
1675515376572 0.4950154721736908 0
1675515376725 0.4883165657520294 0
1675515376873 0.49081936478614807 0
1675515376985 0.4932396113872528 0
1675515377085 0.49651026725769043 0
1675515377199 0.49535614252090454 0
1675515377314 0.4958733320236206 0
1675515377461 0.4892314374446869 0
1675515377577 0.4917429983615875 0
1675515377695 0.4933077096939087 0
1675515377810 0.4894711971282959 0
1675515377966 0.48861441016197205 0
1675515378086 0.48882734775543213 0
1675515378208 0.48569583892822266 0
1675515378316 0.48861515522003174 0
1675515378433 0.48935356736183167 0
1675515378560 0.48457181453704834 0
1675515378683 0.4898228049278259 0
1675515378791 0.4865586757659912 0
1675515378908 0.4862740635871887 0
1675515379053 0.4891567826271057 0
1675515379174 0.48375239968299866 0
1675515379292 0.48710116744041443 0
1675515379411 0.48516929149627686 0
1675515379556 0.48016124963760376 0
1675515379676 0.48239150643348694 0
1675515379804 0.481802374124527 0
1675515379929 0.4800579845905304 0
1675515380046 0.4832797646522522 0
1675515380187 0.48359307646751404 0
1675515380306 0.4829387068748474 0
1675515380406 0.4859631061553955 0
1675515380532 0.48038870096206665 0
1675515380671 0.48420965671539307 0
1675515380779 0.485842227935791 0
1675515380939 0.4774090349674225 0
1675515381049 0.4818529486656189 0
1675515381188 0.480599969625473 0
1675515381287 0.4836612343788147 0
1675515381395 0.48443952202796936 0
1675515381519 0.48095449805259705 0
1675515381643 0.4806872010231018 0
1675515381769 0.47908785939216614 0
1675515381900 0.47753268480300903 0
1675515382028 0.47589632868766785 0
1675515382144 0.4797186553478241 0
1675515382262 0.47929030656814575 0
1675515382374 0.48014745116233826 0
1675515382484 0.4781426191329956 0
1675515382590 0.48148319125175476 0
1675515382716 0.4763791561126709 0
1675515382829 0.48066577315330505 0
1675515382933 0.48245611786842346 0
1675515383058 0.476394921541214 0
1675515383185 0.4768306016921997 0
1675515383338 0.47365036606788635 0
1675515383453 0.4792443513870239 0
1675515383577 0.476001113653183 0
1675515383716 0.4728412628173828 0
1675515383822 0.4785330295562744 0
1675515383947 0.47506773471832275 0
1675515384073 0.4736728370189667 0
1675515384191 0.4766574203968048 0
1675515384304 0.4756750464439392 0
1675515384405 0.4813319444656372 0
1675515384545 0.47502267360687256 0
1675515384682 0.470541775226593 0
1675515384802 0.47473466396331787 0
1675515384928 0.4726901948451996 0
1675515385058 0.4727438688278198 0
1675515385184 0.4751201272010803 0
1675515385309 0.47430750727653503 0
1675515385442 0.47014370560646057 0
1675515385556 0.473670095205307 0
1675515385652 0.4790084958076477 0
1675515385768 0.4723967909812927 0
1675515385893 0.4725443124771118 0
1675515386020 0.4693768322467804 0
1675515386121 0.4769788682460785 0
1675515386268 0.46972599625587463 0
1675515386404 0.46845823526382446 0
1675515386537 0.46769779920578003 0
1675515387644 0.47141531109809875 0
1675515387761 0.4723522961139679 0
1675515387893 0.46654602885246277 0
1675515388012 0.47192129492759705 0
1675515388131 0.4708750545978546 0
1675515388262 0.46763530373573303 0
1675515388375 0.4719618260860443 0
1675515388509 0.4727804958820343 0
1675515388648 0.46668773889541626 0
1675515388777 0.47010165452957153 0
1675515388907 0.47285106778144836 0
1675515389042 0.46606507897377014 0
1675515389185 0.46217426657676697 0
1675515389288 0.47250962257385254 0
1675515389391 0.47154369950294495 0
1675515389519 0.46675223112106323 0
1675515389632 0.4728541672229767 0
1675515389764 0.465696781873703 0
1675515389894 0.46840038895606995 0
1675515390035 0.46500492095947266 0
1675515390141 0.4711625277996063 0
1675515390281 0.46628397703170776 0
1675515390405 0.46910202503204346 0
1675515390532 0.4705025553703308 0
1675515390658 0.46652185916900635 0
1675515390782 0.4647434651851654 0
1675515390911 0.46496811509132385 0
1675515391038 0.4654019773006439 0
1675515391167 0.4673748016357422 0
1675515391277 0.4711539149284363 0
1675515391406 0.4655373692512512 0
1675515391513 0.47169023752212524 0
1675515391640 0.47104907035827637 0
1675515391740 0.4730997681617737 0
1675515391863 0.47138553857803345 0
1675515391988 0.4676799774169922 0
1675515392087 0.47468388080596924 0
1675515392224 0.46412503719329834 0
1675515392363 0.4618586301803589 0
1675515392474 0.47054335474967957 0
1675515392602 0.46522873640060425 0
1675515392724 0.4683050811290741 0
1675515392839 0.46865591406822205 0
1675515392968 0.4691867232322693 0
1675515393146 0.4612896144390106 0
1675515393270 0.4657861590385437 0
1675515393389 0.47296953201293945 0
1675515393511 0.46618881821632385 0
1675515393630 0.47124582529067993 0
1675515393746 0.46754300594329834 0
1675515393863 0.46720126271247864 0
1675515394006 0.4633537530899048 0
1675515394104 0.4717642664909363 0
1675515394222 0.4653012752532959 0
1675515394319 0.4711880385875702 0
1675515394452 0.46234849095344543 0
1675515394578 0.4651995003223419 0
1675515394697 0.46569156646728516 0
1675515394825 0.46589237451553345 0
1675515394971 0.4619431793689728 0
1675515395113 0.4647728204727173 0
1675515395235 0.46527695655822754 0
1675515395380 0.461544007062912 0
1675515395506 0.46370068192481995 0
1675515395614 0.46908190846443176 0
1675515395780 0.457155704498291 0
1675515395911 0.46501800417900085 0
1675515396051 0.46031394600868225 0
1675515396179 0.461106538772583 0
1675515396318 0.4609878957271576 0
1675515396440 0.4655682146549225 0
1675515396566 0.46315762400627136 0
1675515396691 0.46672144532203674 0
1675515396835 0.4582478106021881 0
1675515396972 0.4649364650249481 0
1675515397085 0.4670105278491974 0
1675515397231 0.46036356687545776 0
1675515397355 0.46242573857307434 0
1675515397472 0.466259628534317 0
1675515397611 0.458772212266922 0
1675515397736 0.46323564648628235 0
1675515397868 0.458545982837677 0
1675515398008 0.46116870641708374 0
1675515398140 0.46434569358825684 0
1675515398296 0.4597974121570587 0
1675515398398 0.46699029207229614 0
1675515398530 0.461664617061615 0
1675515398665 0.4596777558326721 0
1675515398832 0.45297086238861084 0
1675515398952 0.46663403511047363 0
1675515399093 0.45859959721565247 0
1675515399216 0.4639184772968292 0
1675515399372 0.4562096893787384 0
1675515399489 0.4632260799407959 0
1675515399602 0.4632740616798401 0
1675515399735 0.46195802092552185 0
1675515399889 0.45589491724967957 0
1675515400027 0.4574925899505615 0
1675515400189 0.4538491666316986 0
1675515400327 0.4614610970020294 0
1675515400435 0.4647291600704193 0
1675515400565 0.4604640603065491 0
1675515400690 0.4589189291000366 0
1675515400807 0.4626496732234955 0
1675515400931 0.4606934189796448 0
1675515401047 0.46466293931007385 0
1675515401180 0.45976224541664124 0
1675515401308 0.4609970152378082 0
1675515401442 0.4603196978569031 0
1675515401568 0.4614388048648834 0
1675515401711 0.46045735478401184 0
1675515401843 0.45850270986557007 0
1675515401965 0.46248099207878113 0
1675515402080 0.4629414975643158 0
1675515402203 0.46362027525901794 0
1675515402332 0.4608652889728546 0
1675515402453 0.4620664417743683 0
1675515402575 0.4606316089630127 0
1675515402713 0.46263986825942993 0
1675515402811 0.4682357907295227 0
1675515402937 0.4606562852859497 0
1675515403056 0.46131396293640137 0
1675515403171 0.46255141496658325 0
1675515403285 0.4593523144721985 0
1675515403399 0.4644816219806671 0
1675515403515 0.4611606001853943 0
1675515403643 0.4591262638568878 0
1675515403769 0.45943862199783325 0
1675515403900 0.45680275559425354 0
1675515404047 0.45773303508758545 0
1675515404163 0.46137532591819763 0
1675515404296 0.46026331186294556 0
1675515404417 0.46423110365867615 0
1675515404566 0.4543817937374115 0
1675515404683 0.46108710765838623 0
1675515404802 0.4613701403141022 0
1675515404929 0.4572086036205292 0
1675515405034 0.4658157229423523 0
1675515405179 0.4535340368747711 0
1675515405357 0.45254087448120117 0
1675515405481 0.4593394994735718 0
1675515405595 0.46188822388648987 0
1675515405718 0.4620315134525299 0
1675515405874 0.4540739357471466 0
1675515405982 0.4616011381149292 0
1675515406087 0.4643326699733734 0
1675515406208 0.46249449253082275 0
1675515406328 0.45982426404953003 0
1675515406459 0.4589325785636902 0
1675515406604 0.4551534354686737 0
1675515406711 0.46221089363098145 0
1675515406832 0.4599870443344116 0
1675515406966 0.45942580699920654 0
1675515407080 0.4632071256637573 0
1675515407221 0.4526572823524475 0
1675515407329 0.462765634059906 0
1675515407442 0.4597030282020569 0
1675515408551 0.4612868130207062 0
1675515408654 0.463430255651474 0
1675515408786 0.4590335786342621 0
1675515408925 0.45630934834480286 0
1675515409041 0.46201494336128235 0
1675515409175 0.45499661564826965 0
1675515409309 0.4545053541660309 0
1675515409438 0.45908042788505554 0
1675515409536 0.465122252702713 0
1675515409654 0.45812907814979553 0
1675515409789 0.4592368006706238 0
1675515409937 0.4540351331233978 0
1675515410052 0.4599044620990753 0
1675515410195 0.4534268379211426 0
1675515410318 0.45864227414131165 0
1675515410435 0.46125370264053345 0
1675515410591 0.4506896138191223 0
1675515410729 0.456613689661026 0
1675515410875 0.4552110731601715 0
1675515410987 0.45913422107696533 0
1675515411095 0.4613562524318695 0
1675515411209 0.4627630114555359 0
1675515411353 0.4558769762516022 0
1675515411461 0.4635685384273529 0
1675515411581 0.46110501885414124 0
1675515411701 0.4570990204811096 0
1675515411830 0.45682844519615173 0
1675515411933 0.46318039298057556 0
1675515412061 0.4544607996940613 0
1675515412206 0.4499950110912323 0
1675515412321 0.46106114983558655 0
1675515412452 0.4542434811592102 0
1675515412589 0.4533954858779907 0
1675515412718 0.45688438415527344 0
1675515412839 0.4581608772277832 0
1675515412988 0.453477680683136 0
1675515413124 0.45397868752479553 0
1675515413253 0.45705607533454895 0
1675515413384 0.45469188690185547 0
1675515413502 0.4560922086238861 0
1675515413621 0.45843225717544556 0
1675515413756 0.45606741309165955 0
1675515413890 0.45713675022125244 0
1675515414036 0.45424872636795044 0
1675515414177 0.45691075921058655 0
1675515414323 0.4515874981880188 0
1675515414413 0.4689733684062958 0
1675515414543 0.45681604743003845 0
1675515414680 0.45433199405670166 0
1675515414826 0.45409882068634033 0
1675515414959 0.4556082785129547 0
1675515415103 0.4531135559082031 0
1675515415235 0.4550212323665619 0
1675515415359 0.4572521448135376 0
1675515415517 0.451741486787796 0
1675515415645 0.45445936918258667 0
1675515415776 0.4560740292072296 0
1675515415912 0.45891693234443665 0
1675515416057 0.45330968499183655 0
1675515416179 0.4607429504394531 0
1675515416284 0.4606682062149048 0
1675515416382 0.4643005430698395 0
1675515416529 0.45014747977256775 0
1675515416646 0.45989105105400085 0
1675515416776 0.4546740651130676 0
1675515416885 0.4600892663002014 0
1675515417009 0.45443207025527954 0
1675515417158 0.4524840712547302 0
1675515417276 0.45799511671066284 0
1675515417393 0.4554702937602997 0
1675515417491 0.46457892656326294 0
1675515417613 0.4576049745082855 0
1675515417740 0.45613858103752136 0
1675515417870 0.45694559812545776 0
1675515417973 0.462873637676239 0
1675515418108 0.45376235246658325 0
1675515418218 0.4614417552947998 0
1675515418323 0.4619150161743164 0
1675515418434 0.4624370038509369 0
1675515418549 0.45966076850891113 0
1675515418652 0.462202250957489 0
1675515418795 0.4530670642852783 0
1675515418907 0.4597482979297638 0
1675515419004 0.4650229513645172 0
1675515419105 0.4611901640892029 0
1675515419234 0.4544766843318939 0
1675515419356 0.45861560106277466 0
1675515419475 0.4584844410419464 0
1675515419621 0.4504604935646057 0
1675515419766 0.4529813826084137 0
1675515419895 0.4544104337692261 0
1675515420036 0.45249101519584656 0
1675515420147 0.45767050981521606 0
1675515420284 0.4547443389892578 0
1675515420416 0.4535154104232788 0
1675515420553 0.4525561034679413 0
1675515420690 0.4497096836566925 0
1675515420838 0.451387882232666 0
1675515420976 0.4499165415763855 0
1675515421108 0.45064428448677063 0
1675515421230 0.4554937183856964 0
1675515421346 0.4570702612400055 0
1675515421481 0.4538021981716156 0
1675515421667 0.4462451934814453 0
1675515421807 0.4513170123100281 0
1675515421908 0.46496549248695374 0
1675515422040 0.4541506767272949 0
1675515422171 0.4564014673233032 0
1675515422317 0.4483482241630554 0
1675515422427 0.45834314823150635 0
1675515422524 0.462480366230011 0
1675515422653 0.45050162076950073 0
1675515422800 0.4498533606529236 0
1675515422940 0.45104482769966125 0
1675515423047 0.45876556634902954 0
1675515423179 0.4536140561103821 0
1675515423300 0.45694199204444885 0
1675515423411 0.45718783140182495 0
1675515423565 0.4494014382362366 0
1675515423713 0.4483918249607086 0
1675515423843 0.4531298875808716 0
1675515423997 0.44936516880989075 0
1675515424128 0.45070141553878784 0
1675515424242 0.4589696526527405 0
1675515424372 0.45360246300697327 0
1675515424528 0.4476698935031891 0
1675515424652 0.4520874619483948 0
1675515424795 0.4499709904193878 0
1675515424912 0.4541136920452118 0
1675515425024 0.45813894271850586 0
1675515425147 0.45475274324417114 0
1675515425290 0.44938018918037415 0
1675515425413 0.45614659786224365 0
1675515425533 0.4566345810890198 0
1675515425670 0.45298653841018677 0
1675515425789 0.4587004482746124 0
1675515425914 0.45341867208480835 0
1675515426051 0.45069190859794617 0
1675515426187 0.45343828201293945 0
1675515426306 0.4548438787460327 0
1675515426429 0.4523683786392212 0
1675515426547 0.4525880217552185 0
1675515426694 0.4462944567203522 0
1675515426819 0.4572066068649292 0
1675515426944 0.4562861919403076 0
1675515427067 0.4535217881202698 0
1675515427182 0.4572882056236267 0
1675515427336 0.4499339759349823 0
1675515427459 0.45611080527305603 0
1675515427603 0.44912323355674744 0
1675515427737 0.45151108503341675 0
1675515427861 0.4526951014995575 0
1675515427969 0.4578477442264557 0
1675515428091 0.4539755582809448 0
1675515428202 0.4582745432853699 0
1675515428313 0.45703694224357605 0
1675515428430 0.4550229609012604 0
1675515429552 0.45183929800987244 0
1675515429679 0.4521629810333252 0
1675515429788 0.4572701156139374 0
1675515429903 0.4542332887649536 0
1675515430029 0.452057421207428 0
1675515430136 0.45600950717926025 0
1675515430248 0.45674294233322144 0
1675515430383 0.45126137137413025 0
1675515430511 0.45493361353874207 0
1675515430661 0.4462897777557373 0
1675515430795 0.45017844438552856 0
1675515430889 0.4618973433971405 0
1675515430993 0.4580942690372467 0
1675515431113 0.45175138115882874 0
1675515431226 0.458600252866745 0
1675515431347 0.4539644718170166 0
1675515431490 0.44955816864967346 0
1675515431631 0.4469778537750244 0
1675515431761 0.45202362537384033 0
1675515431881 0.45510852336883545 0
1675515431999 0.45375365018844604 0
1675515432133 0.4505339562892914 0
1675515432230 0.45976606011390686 0
1675515432355 0.45123594999313354 0
1675515432472 0.45674365758895874 0
1675515432625 0.4464123845100403 0
1675515432767 0.4481765329837799 0
1675515432911 0.44511711597442627 0
1675515433063 0.44557175040245056 0
1675515433223 0.44630369544029236 0
1675515433339 0.45254215598106384 0
1675515433473 0.45000526309013367 0
1675515433601 0.4488724172115326 0
1675515433744 0.44702520966529846 0
1675515433873 0.4510253667831421 0
1675515433984 0.4571293592453003 0
1675515434097 0.45505645871162415 0
1675515434219 0.4527256190776825 0
1675515434335 0.4534406363964081 0
1675515434460 0.4521321654319763 0
1675515434589 0.451871395111084 0
1675515434712 0.4524294435977936 0
1675515434823 0.45434412360191345 0
1675515434953 0.45349612832069397 0
1675515435120 0.44620802998542786 0
1675515435237 0.4537230432033539 0
1675515435368 0.4537465274333954 0
1675515435497 0.45210427045822144 0
1675515435645 0.44423967599868774 0
1675515435770 0.4532342553138733 0
1675515435903 0.4518750011920929 0
1675515436083 0.43895459175109863 0
1675515436202 0.4546971023082733 0
1675515436347 0.4472728967666626 0
1675515436489 0.45029333233833313 0
1675515436630 0.4493938684463501 0
1675515436745 0.4543776214122772 0
1675515436870 0.44975075125694275 0
1675515436988 0.45516544580459595 0
1675515437121 0.44962629675865173 0
1675515437235 0.4514116942882538 0
1675515437358 0.452305406332016 0
1675515437489 0.4497683048248291 0
1675515437594 0.4558461606502533 0
1675515437722 0.45305776596069336 0
1675515437843 0.45331865549087524 0
1675515437992 0.4453791081905365 0
1675515438140 0.4463958442211151 0
1675515438253 0.45502009987831116 0
1675515438371 0.4517177641391754 0
1675515438469 0.4590909779071808 0
1675515438590 0.4506606161594391 0
1675515438738 0.44356769323349 0
1675515438843 0.4569944143295288 0
1675515438979 0.4497597813606262 0
1675515439091 0.4532957673072815 0
1675515439207 0.4523669481277466 0
1675515439326 0.45036664605140686 0
1675515439454 0.44930142164230347 0
1675515439569 0.45309266448020935 0
1675515439689 0.45269402861595154 0
1675515439821 0.44914183020591736 0
1675515439964 0.451718270778656 0
1675515440055 0.4604060649871826 0
1675515440178 0.44792526960372925 0
1675515440335 0.44414353370666504 0
1675515440482 0.4470071494579315 0
1675515440585 0.45791906118392944 0
1675515440695 0.45516136288642883 0
1675515440838 0.4448634386062622 0
1675515440955 0.45399314165115356 0
1675515441060 0.45689907670021057 0
1675515441195 0.4477592408657074 0
1675515441325 0.44818925857543945 0
1675515441446 0.45099055767059326 0
1675515441559 0.4513496458530426 0
1675515441686 0.4514540135860443 0
1675515441796 0.45312178134918213 0
1675515441898 0.4584606885910034 0
1675515442034 0.44819575548171997 0
1675515442153 0.4495769739151001 0
1675515442277 0.4520934224128723 0
1675515442398 0.4529440701007843 0
1675515442574 0.43567025661468506 0
1675515442740 0.442058265209198 0
1675515442870 0.44911932945251465 0
1675515443006 0.4473724961280823 0
1675515443137 0.448986679315567 0
1675515443256 0.45200568437576294 0
1675515443395 0.447691410779953 0
1675515443515 0.4509192705154419 0
1675515443646 0.45041728019714355 0
1675515443760 0.45288321375846863 0
1675515443865 0.4548179805278778 0
1675515443991 0.4522266685962677 0
1675515444133 0.4482594430446625 0
1675515444271 0.4476183354854584 0
1675515444380 0.45525282621383667 0
1675515444497 0.4540714621543884 0
1675515444636 0.44876259565353394 0
1675515444767 0.4463719129562378 0
1675515444904 0.44479355216026306 0
1675515445040 0.44881799817085266 0
1675515445173 0.4476301968097687 0
1675515445290 0.4484129250049591 0
1675515445397 0.45240262150764465 0
1675515445559 0.4386981129646301 0
1675515445688 0.44678881764411926 0
1675515445792 0.4536488950252533 0
1675515445902 0.45588207244873047 0
1675515446015 0.45380693674087524 0
1675515446138 0.4483189284801483 0
1675515446268 0.45060262084007263 0
1675515446377 0.45253172516822815 0
1675515446493 0.45186087489128113 0
1675515446638 0.4428669214248657 0
1675515446774 0.44564974308013916 0
1675515446913 0.4438060522079468 0
1675515447050 0.44477784633636475 0
1675515447169 0.45005694031715393 0
1675515447292 0.4506295621395111 0
1675515447433 0.4476485550403595 0
1675515447552 0.4498439133167267 0
1675515447713 0.4390895664691925 0
1675515447843 0.44405657052993774 0
1675515447941 0.45648807287216187 0
1675515448055 0.4505451023578644 0
1675515448176 0.45220986008644104 0
1675515448332 0.4409637153148651 0
1675515448458 0.4465760588645935 0
1675515448591 0.44923949241638184 0
1675515448745 0.4408014714717865 0
1675515448876 0.44779670238494873 0
1675515448987 0.45152390003204346 0
1675515449108 0.4505922496318817 0
1675515449230 0.45238807797431946 0
1675515449330 0.4547809362411499 0
1675515450466 0.44871318340301514 0
1675515450590 0.45082107186317444 0
1675515450704 0.45102450251579285 0
1675515450822 0.45185086131095886 0
1675515450925 0.4553794860839844 0
1675515451072 0.4418084919452667 0
1675515451206 0.44469696283340454 0
1675515451336 0.4456247389316559 0
1675515451456 0.4501582086086273 0
1675515451584 0.4480946362018585 0
1675515451694 0.4514797627925873 0
1675515451820 0.44570592045783997 0
1675515451948 0.45056581497192383 0
1675515452058 0.45211756229400635 0
1675515452171 0.4494532644748688 0
1675515452314 0.44357720017433167 0
1675515452449 0.4450550079345703 0
1675515452597 0.44313061237335205 0
1675515452737 0.4456408619880676 0
1675515452859 0.4487631320953369 0
1675515452983 0.45011940598487854 0
1675515453100 0.4486066401004791 0
1675515453225 0.446969211101532 0
1675515453351 0.4483884274959564 0
1675515453507 0.43782129883766174 0
1675515453642 0.4453125 0
1675515453754 0.4502497613430023 0
1675515453893 0.44346413016319275 0
1675515454046 0.43734753131866455 0
1675515454163 0.45490866899490356 0
1675515454305 0.446277379989624 0
1675515454408 0.4554453492164612 0
1675515454558 0.4402478039264679 0
1675515454703 0.44134068489074707 0
1675515454812 0.45136287808418274 0
1675515454944 0.4463616609573364 0
1675515455056 0.4516606330871582 0
1675515455196 0.4424693286418915 0
1675515455347 0.4398190975189209 0
1675515455493 0.43974876403808594 0
1675515455625 0.4446043074131012 0
1675515455762 0.4420892000198364 0
1675515455896 0.44961488246917725 0
1675515456002 0.454167902469635 0
1675515456115 0.4538194537162781 0
1675515456271 0.4407329559326172 0
1675515456397 0.4499532878398895 0
1675515456509 0.4517778158187866 0
1675515456643 0.44261181354522705 0
1675515456744 0.4537407457828522 0
1675515456835 0.4565649628639221 0
1675515456989 0.440827876329422 0
1675515457124 0.4443362057209015 0
1675515457268 0.44178852438926697 0
1675515457435 0.4345685839653015 0
1675515457543 0.451657235622406 0
1675515457668 0.446725457906723 0
1675515457780 0.45123884081840515 0
1675515457916 0.44686466455459595 0
1675515458070 0.4428190588951111 0
1675515458182 0.4505367577075958 0
1675515458287 0.4516145884990692 0
1675515458420 0.4453486204147339 0
1675515458524 0.4531804323196411 0
1675515458678 0.4374796450138092 0
1675515458829 0.43690553307533264 0
1675515458948 0.4492111802101135 0
1675515459079 0.44675812125205994 0
1675515459172 0.4563523530960083 0
1675515459296 0.44687211513519287 0
1675515459431 0.44605565071105957 0
1675515459542 0.4490567743778229 0
1675515459694 0.4411434829235077 0
1675515459829 0.4454846978187561 0
1675515459942 0.4492119550704956 0
1675515460069 0.44576147198677063 0
1675515460213 0.4415701925754547 0
1675515460306 0.4571532905101776 0
1675515460436 0.4454772472381592 0
1675515460547 0.4514726400375366 0
1675515460665 0.4508683383464813 0
1675515460842 0.4349735975265503 0
1675515460964 0.44843026995658875 0
1675515461099 0.4448429048061371 0
1675515461226 0.4448983669281006 0
1675515461347 0.44787734746932983 0
1675515461462 0.4497530162334442 0
1675515461560 0.4529334008693695 0
1675515461671 0.44948863983154297 0
1675515461811 0.4414566159248352 0
1675515461918 0.45034554600715637 0
1675515462029 0.44859474897384644 0
1675515462167 0.4436371326446533 0
1675515462315 0.4379272758960724 0
1675515462455 0.4432120621204376 0
1675515462584 0.44568321108818054 0
1675515462721 0.4428694546222687 0
1675515462835 0.4484504163265228 0
1675515462954 0.45021742582321167 0
1675515463063 0.4531997740268707 0
1675515463184 0.4494670033454895 0
1675515463326 0.4442165195941925 0
1675515463455 0.44358426332473755 0
1675515463575 0.4481087028980255 0
1675515463695 0.446338951587677 0
1675515463814 0.44721317291259766 0
1675515463965 0.43795570731163025 0
1675515464100 0.4466114938259125 0
1675515464210 0.45097053050994873 0
1675515464334 0.4456864893436432 0
1675515464472 0.4416709840297699 0
1675515464584 0.4484030306339264 0
1675515464724 0.4438714385032654 0
1675515464857 0.44158467650413513 0
1675515464983 0.4462352991104126 0
1675515465106 0.4441738724708557 0
1675515465219 0.4483339786529541 0
1675515465383 0.43242236971855164 0
1675515465521 0.4419581890106201 0
1675515465631 0.4485359191894531 0
1675515465774 0.4418686330318451 0
1675515465887 0.449628621339798 0
1675515466006 0.4476993680000305 0
1675515466124 0.44529229402542114 0
1675515466253 0.4435812830924988 0
1675515466371 0.45049533247947693 0
1675515466511 0.44454872608184814 0
1675515466639 0.44414347410202026 0
1675515466757 0.4490679204463959 0
1675515466903 0.44107744097709656 0
1675515467018 0.4480493366718292 0
1675515467137 0.4480579197406769 0
1675515467263 0.4428427517414093 0
1675515467380 0.4473857879638672 0
1675515467501 0.44829633831977844 0
1675515467613 0.4492548108100891 0
1675515467723 0.4506048560142517 0
1675515467857 0.44431769847869873 0
1675515467980 0.44606006145477295 0
1675515468105 0.44265294075012207 0
1675515468232 0.4451005458831787 0
1675515468358 0.4438076615333557 0
1675515468495 0.4443410634994507 0
1675515468650 0.43653830885887146 0
1675515468788 0.44415003061294556 0
1675515468924 0.4408288598060608 0
1675515469022 0.4513453245162964 0
1675515469140 0.44538766145706177 0
1675515469269 0.44395169615745544 0
1675515469400 0.4429889917373657 0
1675515469533 0.4426325857639313 0
1675515469656 0.4455675184726715 0
1675515469784 0.4449860751628876 0
1675515469904 0.4453291893005371 0
1675515470058 0.43732500076293945 0
1675515470165 0.44951319694519043 0
1675515470277 0.44613176584243774 0
