1675513883150 0.7309765815734863 0
1675513883269 0.7223266363143921 0
1675513883375 0.713379442691803 0
1675513883503 0.699641764163971 0
1675513883611 0.6901555061340332 0
1675513883736 0.6802133321762085 0
1675513883858 0.6698006391525269 0
1675513883965 0.663345992565155 0
1675513884072 0.6529893279075623 0
1675513884207 0.6457409858703613 0
1675513884336 0.638513445854187 0
1675513884455 0.6304376125335693 0
1675513884570 0.6243103742599487 0
1675513884666 0.6181849837303162 0
1675513884800 0.6070918440818787 0
1675513884935 0.6063439249992371 0
1675513885043 0.60167396068573 0
1675513885173 0.5982574224472046 0
1675513885313 0.5907784104347229 0
1675513885431 0.5892349481582642 0
1675513885534 0.585676908493042 0
1675513885672 0.5795736312866211 0
1675513885831 0.5752773880958557 0
1675513885955 0.5742085576057434 0
1675513886078 0.5710733532905579 0
1675513886190 0.5694196820259094 0
1675513886317 0.5635601282119751 0
1675513886434 0.5611480474472046 0
1675513886572 0.5578292608261108 0
1675513886719 0.5549567937850952 0
1675513886828 0.5551571249961853 0
1675513886963 0.5500608086585999 0
1675513887115 0.5456734299659729 0
1675513887224 0.5492621660232544 0
1675513887364 0.5453473925590515 0
1675513887485 0.5414578318595886 0
1675513887623 0.538867175579071 0
1675513887758 0.5375404953956604 0
1675513887900 0.5370745658874512 0
1675513888022 0.5384572148323059 0
1675513888127 0.5371028780937195 0
1675513888252 0.5326827764511108 0
1675513888369 0.5317168235778809 0
1675513888461 0.531678318977356 0
1675513888603 0.5284067988395691 0
1675513888729 0.5271310210227966 0
1675513888849 0.5242137908935547 0
1675513888969 0.5234582424163818 0
1675513889105 0.5208597183227539 0
1675513889242 0.5198028087615967 0
1675513889389 0.5181949734687805 0
1675513889516 0.5201391577720642 0
1675513889652 0.516475260257721 0
1675513889789 0.5182110071182251 0
1675513889925 0.5140469670295715 0
1675513890078 0.5092279314994812 0
1675513890216 0.516074001789093 0
1675513890361 0.5122432112693787 0
1675513890485 0.5134813189506531 0
1675513890617 0.511963427066803 0
1675513890738 0.5106240510940552 0
1675513890854 0.5123384594917297 0
1675513890973 0.5091767311096191 0
1675513891113 0.506911039352417 0
1675513891257 0.5052419900894165 0
1675513891405 0.5073421001434326 0
1675513891525 0.5074921250343323 0
1675513891643 0.5029528737068176 0
1675513891766 0.5032299160957336 0
1675513891899 0.5024112462997437 0
1675513892010 0.5038784742355347 0
1675513892156 0.5002076029777527 0
1675513892283 0.503352701663971 0
1675513892434 0.4965227246284485 0
1675513892542 0.5043579339981079 0
1675513892652 0.5049577951431274 0
1675513892777 0.5004158616065979 0
1675513892908 0.49740070104599 0
1675513893053 0.49808982014656067 0
1675513893187 0.49603110551834106 0
1675513893318 0.497420996427536 0
1675513893440 0.496013879776001 0
1675513893538 0.500004231929779 0
1675513893656 0.4975679814815521 0
1675513893785 0.4960337281227112 0
1675513893923 0.49036845564842224 0
1675513894064 0.4958622455596924 0
1675513894191 0.4957304298877716 0
1675513894320 0.4931918680667877 0
1675513894447 0.4901145100593567 0
1675513894551 0.4968804717063904 0
1675513894712 0.4875299632549286 0
1675513894833 0.4920755922794342 0
1675513894945 0.4927968978881836 0
1675513895077 0.48886919021606445 0
1675513895183 0.49558180570602417 0
1675513895296 0.4925394654273987 0
1675513895410 0.49305960536003113 0
1675513895556 0.4872402250766754 0
1675513895720 0.4813916087150574 0
1675513895831 0.49335798621177673 0
1675513895952 0.49021342396736145 0
1675513896103 0.4865076541900635 0
1675513896226 0.4876765310764313 0
1675513896350 0.48874789476394653 0
1675513896483 0.48769593238830566 0
1675513896609 0.48851296305656433 0
1675513896720 0.48877277970314026 0
1675513896827 0.48843979835510254 0
1675513896946 0.48721155524253845 0
1675513897055 0.488684743642807 0
1675513897190 0.4850436747074127 0
1675513897323 0.48698267340660095 0
1675513897430 0.48788467049598694 0
1675513897539 0.48826444149017334 0
1675513897637 0.4919537901878357 0
1675513897755 0.4867522716522217 0
1675513897870 0.48518872261047363 0
1675513897986 0.48521262407302856 0
1675513898122 0.4833737015724182 0
1675513898250 0.48691457509994507 0
1675513898367 0.4842979609966278 0
1675513898516 0.47893887758255005 0
1675513898660 0.4814992845058441 0
1675513898785 0.4850873649120331 0
1675513898903 0.4838845729827881 0
1675513899040 0.48070549964904785 0
1675513899191 0.4801650941371918 0
1675513899312 0.4819503724575043 0
1675513899413 0.4866791069507599 0
1675513899524 0.4852243959903717 0
1675513899636 0.4814731776714325 0
1675513899771 0.47913333773612976 0
1675513899894 0.4813280701637268 0
1675513900023 0.4800839424133301 0
1675513900149 0.47862255573272705 0
1675513900266 0.483135849237442 0
1675513900396 0.4822835326194763 0
1675513900525 0.47962164878845215 0
1675513900659 0.48283374309539795 0
1675513900791 0.4795427918434143 0
1675513900907 0.4824404716491699 0
1675513901008 0.48544591665267944 0
1675513901126 0.48117703199386597 0
1675513901240 0.48018741607666016 0
1675513901336 0.4844352900981903 0
1675513901441 0.47979649901390076 0
1675513901604 0.4733426868915558 0
1675513901743 0.47704312205314636 0
1675513901863 0.47972795367240906 0
1675513902005 0.47332385182380676 0
1675513902118 0.4818340539932251 0
1675513902223 0.48020923137664795 0
1675513902364 0.4765797555446625 0
1675513902476 0.47790780663490295 0
1675513902608 0.478283166885376 0
1675513902696 0.48447734117507935 0
