1675944191587 0.01725691556930542 0
1675944193162 0.6459325313568115 40
1675944195197 1.4176270484924316 80
1675944196965 0.6252830028533936 120
1675944198779 0.6599076271057129 160
1675944200433 0.6665997505187988 200
1675944202358 0.6659819602966308 240
1675944204020 0.6708761215209961 280
1675944205794 0.6675534248352051 320
1675944207654 0.6635141849517823 360
1675944209548 0.6585466384887695 400
1675944211398 0.6444411277770996 440
1675944212739 0.6408504962921142 480
1675944214484 0.6095454692840576 520
1675944216380 0.5827491283416748 560
1675944217908 0.638385820388794 600
1675944219685 0.6024551391601562 640
1675944221365 0.5876316070556641 680
1675944223241 0.6041003704071045 720
1675944224973 0.6135118007659912 760
1675944226843 0.6080755710601806 800
1675944228569 0.6112784385681153 840
1675944230997 0.614130163192749 880
1675944232798 0.6030169010162354 920
1675944234508 0.5999492645263672 960
1675944236389 0.6042341232299805 1000
1675944238106 0.6086408138275147 1040
1675944239856 0.6067663192749023 1080
1675944241506 0.602672815322876 1120
1675944243715 0.5665614128112793 1160
1675944245347 0.5975270748138428 1200
1675944247881 0.612856388092041 1240
1675944249697 0.6143338203430175 1280
1675944251561 0.5820064544677734 1320
1675944253142 0.6031675815582276 1360
1675944254820 0.5959480762481689 1400
1675944256528 0.6070559024810791 1440
1675944258641 0.6047218322753907 1480
1675944260410 0.6020101547241211 1520
1675944262386 0.5846438884735108 1560
1675944263920 0.6107715129852295 1600
1675944265514 0.6148409366607666 1640
1675944267082 0.6208468437194824 1680
1675944268765 0.60701584815979 1720
1675944270441 0.6052893161773681 1760
1675944272053 0.6122993469238281 1800
1675944273867 0.59809250831604 1840
1675944275624 0.6116818904876709 1880
1675944277234 0.6037817478179932 1920
1675944279086 0.6210689544677734 1960
1675944280822 0.6091700553894043 2000
1675944282875 0.5848958492279053 2040
1675944284507 0.6057647705078125 2080
1675944286232 0.5962582111358643 2120
1675944287925 0.6048912525177002 2160
1675944289501 0.6055891990661622 2200
1675944291462 0.5747648715972901 2240
1675944293264 0.6060808181762696 2280
1675944294894 0.618716049194336 2320
1675944296762 0.5899015903472901 2360
1675944298578 0.5952201843261719 2400
1675944300654 0.6088643550872803 2440
1675944302681 0.5785692214965821 2480
1675944304353 0.6150227546691894 2520
1675944306178 0.5951400756835937 2560
1675944308085 0.5921453475952149 2600
1675944309891 0.5974431514739991 2640
1675944311579 0.6048257350921631 2680
1675944313316 0.6020843029022217 2720
1675944315033 0.5864598274230957 2760
1675944317103 0.5900454998016358 2800
1675944318628 0.6265580654144287 2840
1675944320280 0.6028319835662842 2880
1675944322068 0.5956738471984864 2920
1675944323762 0.5951788902282715 2960
1675944325590 0.6091546058654785 3000
1675944327360 0.5948514938354492 3040
1675944329375 0.5774625778198242 3080
1675944331104 0.5902180671691895 3120
1675944332750 0.6044798374176026 3160
1675944334583 0.6071266651153564 3200
1675944336256 0.6021012783050537 3240
1675944337991 0.5897673606872559 3280
1675944339790 0.5977945327758789 3320
1675944341476 0.5926477909088135 3360
1675944343506 0.602808666229248 3400
1675944345282 0.5874912738800049 3440
1675944347447 0.597111701965332 3480
1675944349088 0.6045359134674072 3520
1675944350770 0.5946785926818847 3560
1675944352521 0.59478759765625 3600
1675944354261 0.6032623291015625 3640
1675944355938 0.6047638893127442 3680
1675944357865 0.5813414096832276 3720
1675944359697 0.5871206283569336 3760
1675944361388 0.6143193244934082 3800
1675944363063 0.6093023777008056 3840
1675944364916 0.5894981384277344 3880
1675944366413 0.6181996822357178 3920
1675944367999 0.6057116031646729 3960
1675944369850 0.6035808086395263 4000
1675944371571 0.596876859664917 4040
1675944373263 0.6077024936676025 4080
1675944375026 0.5875824451446533 4120
1675944376954 0.5772532463073731 4160
1675944378510 0.6135515213012696 4200
1675944380170 0.601820993423462 4240
1675944382040 0.5848115921020508 4280
1675944383749 0.6016554355621337 4320
1675944385649 0.5880870819091797 4360
1675944387382 0.5910839080810547 4400
1675944389396 0.5850461006164551 4440
1675944391185 0.5990262031555176 4480
1675944393042 0.5838417053222656 4520
1675944394673 0.6281950950622559 4560
1675944396400 0.5909976959228516 4600
1675944398232 0.6004777908325195 4640
1675944400307 0.5757241249084473 4680
1675944402145 0.5889326572418213 4720
1675944404273 0.584783411026001 4760
1675944406133 0.5877491474151612 4800
1675944407958 0.608592414855957 4840
1675944410027 0.5902328014373779 4880
1675944412130 0.5995438098907471 4920
1675944413703 0.6124846935272217 4960
1675944415621 0.5894502639770508 5000
1675944417525 0.6101347923278808 5040
1675944419204 0.6073426246643067 5080
1675944420908 0.611394214630127 5120
1675944422660 0.5815573692321777 5160
1675944424149 0.6341697692871093 5200
1675944426003 0.5798345565795898 5240
1675944427637 0.6095929622650147 5280
1675944429287 0.6114758014678955 5320
1675944430904 0.6036452770233154 5360
1675944432651 0.5895831108093261 5400
1675944434193 0.6139643669128418 5440
1675944435760 0.6010464668273926 5480
1675944437617 0.59226975440979 5520
1675944439184 0.6125093460083008 5560
1675944441086 0.5784461498260498 5600
1675944442693 0.6037115573883056 5640
1675944444638 0.5814625263214112 5680
1675944446394 0.5877296447753906 5720
1675944448387 0.5791436672210694 5760
1675944450092 0.5946456909179687 5800
1675944451592 0.6175973892211915 5840
1675944453094 0.6128356456756592 5880
1675944454731 0.6077731609344482 5920
1675944456582 0.5739339351654053 5960
1675944458440 0.5880007266998291 6000
1675944460020 0.6140841484069824 6040
1675944461673 0.6041348934173584 6080
1675944463326 0.6129677295684814 6120
1675944465293 0.6013552188873291 6160
1675944466815 0.6281296730041503 6200
1675944468659 0.5904094696044921 6240
1675944470472 0.5867064952850342 6280
1675944472161 0.5985747337341308 6320
1675944473925 0.5915003299713135 6360
1675944475672 0.613446044921875 6400
1675944477259 0.5879553318023681 6440
1675944479040 0.5945686340332031 6480
1675944480678 0.5938081741333008 6520
1675944482262 0.6268394470214844 6560
1675944484048 0.6034492969512939 6600
1675944485676 0.6029126167297363 6640
1675944487384 0.6036333560943603 6680
1675944489491 0.5798758506774903 6720
1675944491175 0.5981308937072753 6760
1675944492757 0.5996833801269531 6800
1675944494471 0.6088427066802978 6840
1675944496249 0.5884273529052735 6880
1675944498056 0.5933361530303956 6920
1675944499752 0.5878542900085449 6960
1675944501588 0.5793557167053223 7000
1675944503159 0.5712172508239746 7040
1675944505045 0.568555498123169 7080
1675944506774 0.5279126167297363 7120
1675944508440 0.508415699005127 7160
1675944510206 0.49921431541442873 7200
1675944511681 0.3979236364364624 7240
1675944513694 0.44118762016296387 7280
1675944515486 0.40685458183288575 7320
1675944517210 0.35407404899597167 7360
1675944518933 0.3627668619155884 7400
1675944520685 0.4144923210144043 7440
1675944522272 0.3173386573791504 7480
1675944524126 0.35144877433776855 7520
1675944526266 0.39859201908111574 7560
1675944528061 0.3480405330657959 7600
1675944529995 0.38751893043518065 7640
1675944531719 0.3331112861633301 7680
1675944533604 0.3627293109893799 7720
1675944535099 0.35850517749786376 7760
1675944536923 0.33125360012054444 7800
1675944538624 0.28579962253570557 7840
1675944540494 0.39490318298339844 7880
1675944542252 0.3399740934371948 7920
1675944544104 0.3727332830429077 7960
1675944545604 0.3326064109802246 8000
1675944547482 0.38827316761016845 8040
1675944549387 0.35122945308685305 8080
1675944551293 0.31998138427734374 8120
1675944553016 0.35398972034454346 8160
1675944554597 0.24084956645965577 8200
1675944556602 0.28408958911895754 8240
1675944558851 0.32405705451965333 8280
1675944560475 0.32684853076934817 8320
1675944562155 0.3324510812759399 8360
1675944563903 0.3874993085861206 8400
1675944565619 0.3269998550415039 8440
1675944567407 0.2813500642776489 8480
1675944568958 0.32320547103881836 8520
1675944570721 0.33697798252105715 8560
1675944572553 0.30410549640655515 8600
1675944574068 0.3463167905807495 8640
1675944575702 0.3371985197067261 8680
1675944577386 0.2771468162536621 8720
1675944579517 0.3002459526062012 8760
1675944581148 0.2858269691467285 8800
1675944582744 0.3506192207336426 8840
1675944584453 0.33211507797241213 8880
1675944586245 0.2672410488128662 8920
1675944588120 0.28864734172821044 8960
1675944590224 0.31016180515289304 9000
1675944592210 0.3476511240005493 9040
1675944593852 0.32762315273284914 9080
1675944595513 0.2916396617889404 9120
1675944597363 0.3078876495361328 9160
1675944599142 0.27810182571411135 9200
1675944601318 0.3543855667114258 9240
1675944602783 0.22972686290740968 9280
1675944604477 0.3699850559234619 9320
1675944606108 0.28130593299865725 9360
1675944607825 0.3168358087539673 9400
1675944609671 0.3416022777557373 9440
1675944611310 0.30038349628448485 9480
1675944613067 0.3331445693969727 9520
1675944614883 0.31919007301330565 9560
1675944616776 0.3215750455856323 9600
1675944618548 0.3406874418258667 9640
1675944620261 0.25510058403015134 9680
1675944621992 0.3497051477432251 9720
1675944623570 0.30031116008758546 9760
1675944625429 0.3194617033004761 9800
1675944627178 0.3392988681793213 9840
1675944628945 0.2987981796264648 9880
1675944630622 0.29701786041259765 9920
1675944632403 0.2965517997741699 9960
1675944634076 0.3795248746871948 10000
1675944635614 0.2937262296676636 10040
1675944643937 0.25331122875213624 10080
1675944646004 0.31416854858398435 10120
1675944647720 0.30515165328979493 10160
1675944649912 0.2891298770904541 10200
1675944651643 0.31327238082885744 10240
1675944653644 0.33040082454681396 10280
1675944655184 0.33482306003570556 10320
1675944656998 0.31925747394561765 10360
1675944658846 0.35238330364227294 10400
1675944660601 0.3072803497314453 10440
1675944662393 0.32780406475067136 10480
1675944663974 0.28519911766052247 10520
1675944665565 0.26593339443206787 10560
1675944667342 0.3000309705734253 10600
1675944669092 0.2935992956161499 10640
1675944670798 0.32278928756713865 10680
1675944672769 0.35241379737854006 10720
1675944674532 0.3221548080444336 10760
1675944676360 0.2499227285385132 10800
1675944678239 0.31551494598388674 10840
1675944679835 0.2859083652496338 10880
1675944681490 0.23473620414733887 10920
1675944683114 0.33677425384521487 10960
1675944684844 0.34373400211334226 11000
1675944686694 0.28945369720458985 11040
1675944688504 0.3418517351150513 11080
1675944690206 0.3180659532546997 11120
1675944691904 0.31997995376586913 11160
1675944693962 0.3301249027252197 11200
1675944695746 0.3318480968475342 11240
1675944697383 0.28757922649383544 11280
1675944699056 0.30825181007385255 11320
1675944700954 0.338485050201416 11360
1675944702469 0.2520734786987305 11400
1675944704167 0.24282171726226806 11440
1675944705968 0.2766339063644409 11480
1675944707751 0.3061897039413452 11520
1675944709569 0.3285497188568115 11560
1675944711375 0.275450325012207 11600
1675944712863 0.2768318891525269 11640
1675944714372 0.32994034290313723 11680
1675944715992 0.303376293182373 11720
1675944717677 0.3265017747879028 11760
1675944719254 0.2880127429962158 11800
1675944720775 0.3182429075241089 11840
1675944722446 0.29159929752349856 11880
1675944724152 0.35147230625152587 11920
1675944725800 0.2751297473907471 11960
1675944727353 0.29669995307922364 12000
1675944729173 0.26107358932495117 12040
1675944731075 0.29807493686676023 12080
1675944732713 0.41759867668151857 12120
1675944734437 0.2832690000534058 12160
1675944736213 0.3259307384490967 12200
1675944738117 0.27561724185943604 12240
1675944739999 0.3242744207382202 12280
1675944741669 0.33997526168823244 12320
1675944743263 0.30715270042419435 12360
1675944745093 0.26473584175109866 12400
1675944746869 0.3191229820251465 12440
1675944748303 0.2879094839096069 12480
1675944750144 0.3325366497039795 12520
1675944751787 0.26324150562286375 12560
1675944753734 0.30223352909088136 12600
1675944755616 0.2611758947372437 12640
1675944757151 0.2907301187515259 12680
1675944759029 0.27787325382232664 12720
1675944760643 0.2631230354309082 12760
1675944762252 0.3042688131332397 12800
1675944764353 0.3488717555999756 12840
1675944766017 0.30578932762145994 12880
1675944767947 0.3265723943710327 12920
1675944769815 0.3477320671081543 12960
1675944772198 0.30781395435333253 13000
1675944773799 0.3092074155807495 13040
1675944775586 0.2955857515335083 13080
1675944777477 0.3475612163543701 13120
1675944779452 0.34474408626556396 13160
1675944781202 0.23219332695007325 13200
1675944783035 0.29594595432281495 13240
1675944784683 0.283532452583313 13280
1675944786423 0.30061705112457277 13320
1675944788298 0.3041862964630127 13360
1675944790148 0.3283956289291382 13400
1675944791685 0.31769766807556155 13440
1675944793589 0.28752334117889405 13480
1675944795354 0.30080375671386717 13520
1675944796916 0.32882649898529054 13560
1675944798773 0.28010642528533936 13600
1675944800525 0.24358577728271485 13640
1675944802151 0.33171606063842773 13680
1675944803984 0.26176908016204836 13720
1675944805763 0.2440880537033081 13760
1675944807568 0.3252230405807495 13800
1675944809229 0.24925615787506103 13840
1675944810961 0.3025946855545044 13880
1675944812616 0.2527935981750488 13920
1675944814272 0.3063951015472412 13960
1675944815911 0.3390971660614014 14000
1675944817453 0.32520170211791993 14040
1675944819096 0.3241683006286621 14080
1675944820886 0.30240612030029296 14120
1675944822569 0.3232496976852417 14160
1675944824612 0.316546630859375 14200
1675944826223 0.29178752899169924 14240
1675944828106 0.2898053407669067 14280
1675944830022 0.34439525604248045 14320
1675944831542 0.25322391986846926 14360
1675944833360 0.3195258378982544 14400
1675944835022 0.28489587306976316 14440
1675944837153 0.3366285562515259 14480
1675944838709 0.27646603584289553 14520
1675944840587 0.2759011030197144 14560
1675944842052 0.28126220703125 14600
1675944843528 0.4253498077392578 14640
1675944845219 0.3164764404296875 14680
1675944847162 0.26159820556640623 14720
1675944849031 0.326308012008667 14760
1675944850845 0.3528554677963257 14800
1675944852738 0.3137452840805054 14840
1675944854550 0.3067079305648804 14880
1675944856133 0.22875075340270995 14920
1675944858431 0.31189866065979005 14960
1675944859892 0.2505316972732544 15000
1675944861619 0.3087489128112793 15040
1675944863390 0.25906660556793215 15080
1675944865239 0.27988200187683104 15120
1675944866732 0.28963093757629393 15160
1675944868517 0.36227476596832275 15200
1675944870211 0.25058019161224365 15240
1675944872054 0.26088335514068606 15280
1675944873646 0.300288724899292 15320
1675944875209 0.33406245708465576 15360
1675944876692 0.255614709854126 15400
1675944878788 0.3170584201812744 15440
1675944880482 0.230131196975708 15480
1675944882072 0.27073585987091064 15520
1675944883912 0.294656777381897 15560
1675944885589 0.3053873062133789 15600
1675944887694 0.32059786319732664 15640
1675944889522 0.27382969856262207 15680
1675944891522 0.2970611810684204 15720
1675944893263 0.28588593006134033 15760
1675944895291 0.2930994749069214 15800
1675944897110 0.2537348747253418 15840
1675944898642 0.3109877347946167 15880
1675944900283 0.27855477333068845 15920
1675944902362 0.34702765941619873 15960
1675944904150 0.36170282363891604 16000
1675944906045 0.32617161273956297 16040
1675944907772 0.28549115657806395 16080
1675944909524 0.2433175563812256 16120
1675944911166 0.2187798023223877 16160
1675944912927 0.316782021522522 16200
1675944914484 0.2637573480606079 16240
1675944916265 0.24458539485931396 16280
1675944918176 0.24323644638061523 16320
1675944919840 0.3105080366134644 16360
1675944921748 0.3068506717681885 16400
1675944923293 0.3440032243728638 16440
1675944925094 0.30231637954711915 16480
1675944926808 0.2724920272827148 16520
1675944928387 0.2733005046844482 16560
1675944930030 0.31358723640441893 16600
1675944931665 0.28950212001800535 16640
1675944933284 0.2859510898590088 16680
1675944934766 0.26556518077850344 16720
1675944936775 0.32737364768981936 16760
1675944938616 0.2936699867248535 16800
1675944940181 0.269730281829834 16840
1675944941721 0.28516600131988523 16880
1675944943447 0.2783297300338745 16920
1675944945218 0.2762947082519531 16960
1675944946953 0.2458409309387207 17000
1675944949277 0.2780254364013672 17040
1675944951467 0.24985594749450685 17080
1675944953221 0.2674959421157837 17120
1675944954895 0.22933366298675537 17160
1675944956571 0.26775100231170657 17200
1675944958254 0.2943864107131958 17240
1675944959858 0.22136688232421875 17280
1675944961477 0.3149955034255981 17320
1675944963558 0.2362215995788574 17360
1675944965093 0.2536977529525757 17400
1675944966803 0.18587723970413209 17440
1675944968670 0.3238722085952759 17480
1675944970272 0.2723268985748291 17520
1675944972011 0.24138205051422118 17560
1675944973984 0.36014785766601565 17600
1675944975692 0.2779410362243652 17640
1675944977756 0.29087038040161134 17680
1675944979764 0.2827580213546753 17720
1675944981628 0.3010732650756836 17760
1675944982977 0.26352615356445314 17800
1675944984745 0.2622215270996094 17840
1675944986351 0.1899509310722351 17880
1675944988160 0.28171625137329104 17920
1675944990053 0.2737427711486816 17960
1675944991928 0.2758342981338501 18000
1675944993346 0.2373979091644287 18040
1675944995255 0.29085865020751955 18080
1675944997330 0.31411755084991455 18120
1675944999223 0.24729855060577394 18160
1675945000937 0.2920880079269409 18200
1675945002523 0.1931806683540344 18240
1675945004410 0.19326186180114746 18280
1675945006230 0.27814981937408445 18320
1675945007999 0.27429351806640623 18360
1675945009871 0.30008134841918943 18400
1675945011566 0.33420743942260744 18440
1675945013315 0.28053011894226076 18480
1675945015042 0.24682831764221191 18520
1675945016732 0.24522159099578858 18560
1675945018367 0.3073450565338135 18600
1675945020292 0.23768846988677977 18640
1675945021880 0.2989872217178345 18680
1675945023587 0.30583367347717283 18720
1675945025214 0.20252454280853271 18760
1675945027109 0.23737356662750245 18800
1675945028840 0.21889123916625977 18840
1675945030370 0.31184279918670654 18880
1675945032192 0.2722756862640381 18920
1675945033815 0.23928921222686766 18960
1675945035477 0.22371582984924315 19000
1675945037225 0.2632338285446167 19040
1675945038953 0.2845008134841919 19080
1675945040580 0.2629894733428955 19120
1675945042256 0.24572396278381348 19160
1675945044169 0.3024360418319702 19200
1675945046145 0.2386706829071045 19240
1675945047799 0.2908574104309082 19280
1675945049220 0.18343961238861084 19320
1675945050902 0.253287672996521 19360
1675945052544 0.20416455268859862 19400
1675945054263 0.2767064332962036 19440
1675945055830 0.2561772584915161 19480
1675945057541 0.2137927770614624 19520
1675945059393 0.263156795501709 19560
1675945061112 0.2678825855255127 19600
1675945062878 0.26962339878082275 19640
1675945064698 0.29146835803985593 19680
1675945066294 0.1813660144805908 19720
1675945067942 0.31065075397491454 19760
1675945069886 0.21478214263916015 19800
1675945071705 0.28351094722747805 19840
1675945073399 0.2864347219467163 19880
1675945074945 0.19518377780914306 19920
1675945076694 0.2677703142166138 19960
1675945078368 0.24631972312927247 20000
1675945079955 0.2896101951599121 20040
1675945081672 0.28949086666107177 20080
1675945090350 0.18636460304260255 20120
1675945092113 0.2380777359008789 20160
1675945093938 0.2438213586807251 20200
1675945095786 0.22699081897735596 20240
1675945097441 0.21968979835510255 20280
1675945099427 0.2678625822067261 20320
1675945101149 0.23150427341461183 20360
1675945102933 0.30633318424224854 20400
1675945104813 0.29252400398254397 20440
1675945106675 0.27727906703948973 20480
1675945108423 0.22891030311584473 20520
1675945110209 0.24766042232513427 20560
1675945111919 0.21596698760986327 20600
1675945113751 0.21204326152801514 20640
1675945115569 0.2506073236465454 20680
1675945117449 0.2681096315383911 20720
1675945119519 0.27279560565948485 20760
1675945121324 0.24671497344970703 20800
1675945123069 0.2071458339691162 20840
1675945124834 0.2560257434844971 20880
1675945126768 0.23828110694885254 20920
1675945128382 0.19507619142532348 20960
1675945130940 0.2829993009567261 21000
1675945132941 0.2741840839385986 21040
1675945134618 0.2328516960144043 21080
1675945136532 0.25140378475189207 21120
1675945138133 0.26067917346954345 21160
1675945139834 0.22631852626800536 21200
1675945141976 0.2610976219177246 21240
1675945143959 0.25756587982177737 21280
1675945145609 0.2190598726272583 21320
1675945147477 0.24498984813690186 21360
1675945149351 0.2659567356109619 21400
1675945151138 0.16983839273452758 21440
1675945152781 0.20884532928466798 21480
1675945154496 0.1679682970046997 21520
1675945156354 0.24842324256896972 21560
1675945158589 0.22621238231658936 21600
1675945160492 0.22750372886657716 21640
1675945162402 0.2145000457763672 21680
1675945163913 0.23891842365264893 21720
1675945165776 0.2454903841018677 21760
1675945167417 0.23856468200683595 21800
1675945169066 0.23122406005859375 21840
1675945170698 0.20250108242034912 21880
1675945172527 0.22731685638427734 21920
1675945174269 0.2503414869308472 21960
1675945176076 0.2023796558380127 22000
1675945177689 0.1740730047225952 22040
1675945179681 0.18699982166290283 22080
1675945181738 0.2116395950317383 22120
1675945183400 0.2997671365737915 22160
1675945185320 0.2236121416091919 22200
1675945187094 0.20220694541931153 22240
1675945188757 0.19621320962905883 22280
1675945190878 0.2365213394165039 22320
1675945192684 0.22163352966308594 22360
1675945194347 0.22756614685058593 22400
1675945196890 0.22318627834320068 22440
1675945198730 0.19656161069869996 22480
1675945200851 0.20608813762664796 22520
1675945202876 0.23482437133789064 22560
1675945204754 0.20702264308929444 22600
1675945206549 0.19906562566757202 22640
1675945208698 0.25347080230712893 22680
1675945210313 0.1805286169052124 22720
1675945212269 0.24007587432861327 22760
1675945214094 0.1568964719772339 22800
1675945215779 0.2071009635925293 22840
1675945217985 0.2817996978759766 22880
1675945219638 0.28592305183410643 22920
1675945221331 0.19286154508590697 22960
1675945223132 0.254791259765625 23000
1675945224917 0.20893633365631104 23040
1675945226725 0.22067670822143554 23080
1675945228435 0.1908847451210022 23120
1675945230686 0.25003743171691895 23160
1675945232599 0.24658071994781494 23200
1675945234370 0.1701073408126831 23240
1675945236205 0.19864548444747926 23280
1675945237928 0.19823983907699586 23320
1675945239874 0.2264622926712036 23360
1675945241786 0.20588574409484864 23400
1675945243585 0.21555578708648682 23440
1675945245301 0.24158358573913574 23480
1675945247332 0.411993408203125 23520
1675945249488 0.2231743574142456 23560
1675945251775 0.2151409864425659 23600
1675945253474 0.22199978828430175 23640
1675945255231 0.1500975251197815 23680
1675945257073 0.22943906784057616 23720
1675945258730 0.1955497980117798 23760
1675945260502 0.14036492109298707 23800
1675945262671 0.2428839921951294 23840
1675945264393 0.19285359382629394 23880
1675945266157 0.2052372455596924 23920
1675945267960 0.17937402725219725 23960
1675945269595 0.1974339008331299 24000
1675945271223 0.2107320785522461 24040
1675945273063 0.2192624807357788 24080
1675945274870 0.19505497217178344 24120
1675945276944 0.2200570821762085 24160
1675945278669 0.22386131286621094 24200
1675945280652 0.2437966823577881 24240
1675945282400 0.19880890846252441 24280
1675945283969 0.22964155673980713 24320
1675945285946 0.2569140434265137 24360
1675945287747 0.16460429430007933 24400
1675945289504 0.17662960290908813 24440
1675945291330 0.17866687774658202 24480
1675945293468 0.24295554161071778 24520
1675945295025 0.12834367752075196 24560
1675945296959 0.1941271424293518 24600
1675945298717 0.17470215559005736 24640
1675945300391 0.27531354427337645 24680
1675945301968 0.19288400411605836 24720
1675945304212 0.18925981521606444 24760
1675945305991 0.2075958728790283 24800
1675945311462 0.24791085720062256 24840
1675945313462 0.23131725788116456 24880
1675945315315 0.1634163737297058 24920
1675945317057 0.15747270584106446 24960
1675945318946 0.181105899810791 25000
1675945320582 0.16271448135375977 25040
1675945322282 0.16777042150497437 25080
1675945324165 0.16523116827011108 25120
1675945325927 0.2010483741760254 25160
1675945327408 0.20726852416992186 25200
1675945329598 0.23410437107086182 25240
1675945331301 0.1539940595626831 25280
1675945333123 0.18350204229354858 25320
1675945334836 0.17717145681381224 25360
1675945336539 0.19661577939987182 25400
1675945338282 0.17556409835815429 25440
1675945340262 0.23643879890441893 25480
1675945341952 0.18704636096954347 25520
1675945343647 0.16682552099227904 25560
1675945345676 0.22636513710021972 25600
1675945347296 0.22247700691223143 25640
1675945349038 0.19417526721954345 25680
1675945351090 0.16238298416137695 25720
1675945352913 0.18106998205184938 25760
1675945354824 0.22525551319122314 25800
1675945356737 0.21256711483001708 25840
1675945358754 0.17665880918502808 25880
1675945360392 0.2059826135635376 25920
1675945361874 0.2091581106185913 25960
1675945363556 0.2544886589050293 26000
1675945365612 0.26430773735046387 26040
1675945367579 0.23386795520782472 26080
1675945369510 0.22340717315673828 26120
1675945371605 0.18385218381881713 26160
1675945373282 0.13883131742477417 26200
1675945375018 0.20284855365753174 26240
1675945376811 0.15662404298782348 26280
1675945378498 0.17700676918029784 26320
1675945380444 0.1656028985977173 26360
1675945382424 0.1916378378868103 26400
1675945384369 0.21580538749694825 26440
1675945386219 0.2205897569656372 26480
1675945387995 0.19947813749313353 26520
1675945389807 0.1767411470413208 26560
1675945391712 0.20165247917175294 26600
1675945393305 0.2310325860977173 26640
1675945396603 0.20143020153045654 26680
1675945398420 0.185638689994812 26720
1675945400033 0.14945449829101562 26760
1675945402119 0.20618174076080323 26800
1675945403971 0.2297637939453125 26840
1675945405641 0.15833117961883544 26880
1675945408859 0.20690176486968995 26920
1675945410848 0.18193777799606323 26960
1675945412760 0.1396901488304138 27000
1675945414525 0.1624182105064392 27040
1675945416441 0.21767256259918213 27080
1675945418235 0.14276580810546874 27120
1675945419993 0.17544932365417482 27160
1675945421753 0.15500389337539672 27200
1675945423720 0.19657472372055054 27240
1675945425407 0.1966416597366333 27280
1675945427137 0.17517534494400025 27320
1675945429155 0.16352500915527343 27360
1675945431350 0.19820024967193603 27400
1675945433148 0.1422761559486389 27440
1675945434930 0.1566330909729004 27480
1675945437470 0.20470266342163085 27520
1675945439197 0.14585888385772705 27560
1675945441043 0.14893689155578613 27600
1675945443271 0.26222662925720214 27640
1675945445161 0.18998265266418457 27680
1675945447171 0.18157763481140138 27720
1675945449186 0.1687272310256958 27760
1675945451009 0.2016460657119751 27800
1675945452540 0.18660659790039064 27840
1675945454562 0.16046557426452637 27880
1675945456273 0.15186351537704468 27920
1675945458470 0.1775444984436035 27960
1675945460492 0.22613260746002198 28000
1675945462370 0.21491360664367676 28040
1675945464159 0.1453525185585022 28080
1675945466027 0.22214024066925048 28120
1675945467946 0.20889649391174317 28160
1675945469874 0.1665828824043274 28200
1675945471830 0.19218295812606812 28240
1675945473408 0.11446326971054077 28280
1675945475448 0.1443530797958374 28320
1675945477257 0.16193912029266358 28360
1675945479460 0.2456428289413452 28400
1675945481234 0.2008443832397461 28440
1675945482941 0.1871315598487854 28480
1675945484873 0.14547193050384521 28520
1675945486528 0.1629156470298767 28560
1675945488250 0.13826067447662355 28600
1675945490185 0.15331109762191772 28640
1675945492681 0.13550983667373656 28680
1675945494319 0.17965929508209227 28720
1675945496093 0.2192206621170044 28760
1675945497924 0.11650002002716064 28800
1675945499650 0.15710105895996093 28840
1675945502147 0.1687329888343811 28880
1675945503897 0.19266927242279053 28920
1675945505977 0.187575364112854 28960
1675945507542 0.14375631809234618 29000
1675945509252 0.14592559337615968 29040
1675945511253 0.190598726272583 29080
1675945512980 0.170461106300354 29120
1675945514780 0.1617038607597351 29160
1675945516798 0.1629624366760254 29200
1675945518608 0.1890556812286377 29240
1675945520482 0.131799578666687 29280
1675945522305 0.17132266759872436 29320
1675945523994 0.1473975658416748 29360
1675945525623 0.1361193537712097 29400
1675945527411 0.18272125720977783 29440
1675945529241 0.1470617413520813 29480
1675945531126 0.17789398431777953 29520
1675945533000 0.1508735179901123 29560
1675945534717 0.1540157675743103 29600
1675945536795 0.15707721710205078 29640
1675945538550 0.20110204219818115 29680
1675945540508 0.18555207252502443 29720
1675945542450 0.10801726579666138 29760
1675945543985 0.17513290643692017 29800
1675945545584 0.1721411943435669 29840
1675945547523 0.198618745803833 29880
1675945549634 0.1817929983139038 29920
1675945551351 0.13370534181594848 29960
1675945553436 0.18431612253189086 30000
1675945555378 0.1523454189300537 30040
1675945557180 0.2255021095275879 30080
1675945558857 0.21919538974761962 30120
1675945567257 0.10445373058319092 30160
1675945569196 0.16482815742492676 30200
1675945570837 0.19369561672210694 30240
1675945572774 0.14874621629714965 30280
1675945574416 0.13133821487426758 30320
1675945576326 0.16182200908660888 30360
1675945578224 0.15461807250976561 30400
1675945579852 0.22058634757995604 30440
1675945581577 0.20494463443756103 30480
1675945583442 0.19138586521148682 30520
1675945585267 0.181018602848053 30560
1675945587208 0.19970247745513917 30600
1675945588876 0.1560776948928833 30640
1675945590694 0.15777308940887452 30680
1675945592414 0.17494853734970092 30720
1675945594404 0.21488208770751954 30760
1675945596157 0.18840597867965697 30800
1675945597820 0.18783994913101196 30840
1675945599722 0.16353907585144042 30880
1675945601488 0.16014621257781983 30920
1675945603321 0.15439219474792482 30960
1675945605072 0.15142285823822021 31000
1675945606851 0.19390097856521607 31040
1675945608615 0.20788650512695311 31080
1675945610466 0.15683834552764891 31120
1675945612172 0.15099333524703978 31160
1675945613974 0.16385245323181152 31200
1675945615983 0.1636759877204895 31240
1675945617886 0.1885298728942871 31280
1675945620169 0.1858331799507141 31320
1675945621843 0.15180734395980836 31360
1675945623483 0.1874760866165161 31400
1675945625427 0.17847992181777955 31440
1675945627282 0.13474926948547364 31480
1675945628964 0.13793781995773316 31520
1675945630896 0.13095272779464723 31560
1675945632618 0.21288142204284669 31600
1675945634385 0.15948604345321654 31640
1675945636355 0.1978086471557617 31680
1675945638133 0.14727998971939088 31720
1675945639681 0.2017735004425049 31760
1675945641433 0.18449467420578003 31800
1675945642933 0.17478387355804442 31840
1675945644484 0.16508375406265258 31880
1675945646310 0.18524233102798462 31920
1675945647984 0.17796748876571655 31960
1675945649661 0.21687672138214112 32000
1675945651575 0.11760377883911133 32040
1675945653185 0.14851617813110352 32080
1675945654715 0.17638535499572755 32120
1675945656739 0.14007956981658937 32160
1675945658604 0.2291243314743042 32200
1675945660449 0.1783183693885803 32240
1675945662054 0.1268727421760559 32280
1675945663908 0.15301963090896606 32320
1675945665767 0.18502914905548096 32360
1675945667909 0.1559320330619812 32400
1675945669703 0.16782567501068116 32440
1675945671936 0.15554639101028442 32480
1675945674264 0.1650639295578003 32520
1675945675919 0.15649745464324952 32560
1675945677876 0.2029188632965088 32600
1675945679738 0.14724552631378174 32640
1675945681765 0.18840812444686889 32680
1675945683652 0.16441572904586793 32720
1675945685309 0.13955005407333373 32760
1675945687334 0.18569774627685548 32800
1675945688932 0.09827135801315308 32840
1675945690656 0.15208899974822998 32880
1675945692821 0.2096259593963623 32920
1675945694625 0.16437236070632935 32960
1675945696245 0.15091129541397094 33000
1675945698123 0.15669403076171876 33040
1675945700032 0.14832624197006225 33080
1675945701592 0.13283154964447022 33120
1675945703492 0.1518721580505371 33160
1675945705513 0.15595560073852538 33200
1675945707642 0.1759540319442749 33240
1675945709436 0.14105809926986695 33280
1675945711066 0.11806118488311768 33320
1675945712858 0.15816454887390136 33360
1675945714695 0.17712126970291137 33400
1675945716283 0.1261596918106079 33440
1675945718144 0.1612313985824585 33480
1675945719743 0.162885320186615 33520
1675945721542 0.16585766077041625 33560
1675945723495 0.1373357057571411 33600
1675945725178 0.14739922285079957 33640
1675945726996 0.1795303463935852 33680
1675945728687 0.07909707427024841 33720
1675945730461 0.16413183212280275 33760
1675945732147 0.15676335096359253 33800
1675945734224 0.11511270999908448 33840
1675945736193 0.16418193578720092 33880
1675945737906 0.13651375770568847 33920
1675945739763 0.16649857759475709 33960
1675945741461 0.11484020948410034 34000
1675945742979 0.1673760771751404 34040
1675945744693 0.15470205545425414 34080
1675945746289 0.1768484354019165 34120
1675945748073 0.14298810958862304 34160
1675945750216 0.16935904026031495 34200
1675945751855 0.14472556114196777 34240
1675945753686 0.17666064500808715 34280
1675945755617 0.1387440800666809 34320
1675945757772 0.1713516354560852 34360
1675945759718 0.177155601978302 34400
1675945761412 0.11280802488327027 34440
1675945763089 0.13328808546066284 34480
1675945765113 0.12999643087387086 34520
1675945767035 0.23159525394439698 34560
1675945768647 0.10140539407730102 34600
1675945770794 0.16895366907119752 34640
1675945772239 0.12467488050460815 34680
1675945773938 0.19447101354599 34720
1675945775702 0.17471916675567628 34760
1675945777724 0.182974374294281 34800
1675945779716 0.15322672128677367 34840
1675945781995 0.20373845100402832 34880
1675945783820 0.1522605299949646 34920
1675945785873 0.1492437481880188 34960
1675945787546 0.1493895411491394 35000
1675945789406 0.13903478384017945 35040
1675945791055 0.12144955396652221 35080
1675945792891 0.12757190465927123 35120
1675945794965 0.14478925466537476 35160
1675945797035 0.1488996148109436 35200
1675945798607 0.15093365907669068 35240
1675945800998 0.18204739093780517 35280
1675945802794 0.12436532974243164 35320
1675945804702 0.14369068145751954 35360
1675945806684 0.14907096624374389 35400
1675945808344 0.14428997039794922 35440
1675945809927 0.15804727077484132 35480
1675945811839 0.17353018522262573 35520
1675945813569 0.13078386783599855 35560
1675945815216 0.1400224447250366 35600
1675945817263 0.17295790910720826 35640
1675945818848 0.1386791467666626 35680
1675945820543 0.17634618282318115 35720
1675945822312 0.11690016984939575 35760
1675945823883 0.1315755844116211 35800
1675945825684 0.1417933702468872 35840
1675945827649 0.15446107387542723 35880
1675945829682 0.14116712808609008 35920
1675945831256 0.12957983016967772 35960
1675945832840 0.1522546648979187 36000
1675945834371 0.14783875942230223 36040
1675945836100 0.20313374996185302 36080
1675945838155 0.20016145706176758 36120
1675945839733 0.1362837076187134 36160
1675945841444 0.14329038858413695 36200
1675945843205 0.11206545829772949 36240
1675945844797 0.1358581304550171 36280
1675945846370 0.09635714888572693 36320
1675945848239 0.14389489889144896 36360
1675945850286 0.1777072072029114 36400
1675945852704 0.1439697265625 36440
1675945854495 0.15171278715133668 36480
1675945856401 0.1939074754714966 36520
1675945858230 0.1411667585372925 36560
1675945859872 0.12040741443634033 36600
1675945861617 0.15220500230789186 36640
1675945863232 0.1921367645263672 36680
1675945864730 0.14675029516220092 36720
1675945866301 0.1514805793762207 36760
1675945867867 0.11204736232757569 36800
1675945869781 0.15693368911743164 36840
1675945871632 0.1904271960258484 36880
1675945873434 0.10882107019424439 36920
1675945875125 0.13615736961364747 36960
1675945877021 0.14003870487213135 37000
1675945878882 0.09895112514495849 37040
1675945880548 0.12645691633224487 37080
1675945882397 0.1476003646850586 37120
1675945884320 0.10739588737487793 37160
1675945886130 0.15418235063552857 37200
1675945887948 0.11878670454025268 37240
1675945889845 0.12817429304122924 37280
1675945891637 0.16875206232070922 37320
1675945893265 0.12779607772827148 37360
1675945895340 0.10979455709457397 37400
1675945897369 0.14355562925338744 37440
1675945898905 0.1488364338874817 37480
1675945900662 0.1524679183959961 37520
1675945902507 0.14308711290359497 37560
1675945904006 0.10485252141952514 37600
1675945905852 0.11343134641647339 37640
1675945907866 0.24140195846557616 37680
1675945909894 0.15869172811508178 37720
1675945911719 0.15735007524490358 37760
1675945913667 0.12579042911529542 37800
1675945915891 0.14669127464294435 37840
1675945917461 0.1333877444267273 37880
1675945919154 0.16945796012878417 37920
1675945920981 0.14053456783294677 37960
1675945922707 0.12619255781173705 38000
1675945924439 0.15770349502563477 38040
1675945926449 0.16251300573348998 38080
1675945928241 0.11757264137268067 38120
1675945930397 0.18160743713378907 38160
1675945932227 0.15211777687072753 38200
1675945933958 0.14230787754058838 38240
1675945935903 0.14723899364471435 38280
1675945937608 0.1079444169998169 38320
1675945939396 0.113194739818573 38360
1675945941371 0.13892956972122192 38400
1675945942906 0.23851525783538818 38440
1675945944452 0.1225511074066162 38480
1675945946303 0.16021311283111572 38520
1675945948021 0.12947983741760255 38560
1675945949744 0.12644368410110474 38600
1675945951601 0.11449978351593018 38640
1675945953215 0.1326090931892395 38680
1675945955046 0.10796267986297607 38720
1675945956991 0.1684868097305298 38760
1675945958637 0.17343150377273558 38800
1675945960246 0.11498441696166992 38840
1675945962184 0.11607770919799805 38880
1675945963993 0.14785863161087037 38920
1675945965460 0.14216650724411012 38960
1675945967556 0.18999501466751098 39000
1675945969270 0.14363400936126708 39040
1675945970975 0.1340175986289978 39080
1675945972867 0.16194589138031007 39120
1675945974542 0.1301916480064392 39160
1675945976626 0.13301539421081543 39200
1675945978560 0.1249575138092041 39240
1675945980290 0.18781428337097167 39280
1675945982307 0.11123203039169312 39320
1675945984033 0.15092753171920775 39360
1675945985562 0.1306454658508301 39400
1675945987054 0.12028470039367675 39440
1675945988864 0.15471407175064086 39480
1675945990505 0.12155451774597167 39520
1675945992226 0.14182348251342775 39560
1675945994234 0.1298854112625122 39600
1675945995872 0.13182307481765748 39640
1675945997991 0.14201910495758058 39680
1675945999755 0.16547040939331054 39720
1675946001625 0.12131342887878419 39760
1675946003443 0.092471843957901 39800
1675946004894 0.12805224657058717 39840
1675946006449 0.14994494915008544 39880
1675946008366 0.1244649887084961 39920
1675946010062 0.16747753620147704 39960
1675946011719 0.1199843168258667 40000
1675946013402 0.15895866155624389 40040
1675946015195 0.13958488702774047 40080
1675946016826 0.1456524610519409 40120
1675946018632 0.17066354751586915 40160
1675946026897 0.07621222138404846 40200
1675946029048 0.12652039527893066 40240
1675946030963 0.11620182991027832 40280
1675946033718 0.13019448518753052 40320
1675946035825 0.1361607789993286 40360
1675946038050 0.14234397411346436 40400
1675946040336 0.14172010421752929 40440
1675946042257 0.16041892766952515 40480
1675946044066 0.17549899816513062 40520
1675946046075 0.15699764490127563 40560
1675946048042 0.17091881036758422 40600
1675946050235 0.1587498426437378 40640
1675946051848 0.12239700555801392 40680
1675946053826 0.1437034487724304 40720
1675946055767 0.11081522703170776 40760
1675946058128 0.16436119079589845 40800
1675946060264 0.15472612380981446 40840
1675946062108 0.1586943030357361 40880
1675946063954 0.13665591478347777 40920
1675946065964 0.1468409538269043 40960
1675946067910 0.14268487691879272 41000
1675946069610 0.1401599645614624 41040
1675946071769 0.15762183666229249 41080
1675946073334 0.14601173400878906 41120
1675946074979 0.13545178174972533 41160
1675946077091 0.12068027257919312 41200
1675946079039 0.14029695987701415 41240
1675946081188 0.14947445392608644 41280
1675946083269 0.14435806274414062 41320
1675946085388 0.1682176947593689 41360
1675946087506 0.1334836483001709 41400
1675946089331 0.15456711053848265 41440
1675946091480 0.13180139064788818 41480
1675946093397 0.13683729171752929 41520
1675946095038 0.11733043193817139 41560
1675946097367 0.11209386587142944 41600
1675946099134 0.15368012189865113 41640
1675946101650 0.14174911975860596 41680
1675946103619 0.17690913677215575 41720
1675946105566 0.11109777688980102 41760
1675946107759 0.16577494144439697 41800
1675946109851 0.1523091435432434 41840
1675946112139 0.14035470485687257 41880
1675946114031 0.17283982038497925 41920
1675946115764 0.13636937141418456 41960
1675946117889 0.15127207040786744 42000
1675946119730 0.16937280893325807 42040
1675946121537 0.14732059240341186 42080
1675946123440 0.1256046175956726 42120
1675946125191 0.14138212203979492 42160
1675946127371 0.12028111219406128 42200
1675946129195 0.27165019512176514 42240
1675946131131 0.16763635873794555 42280
1675946133009 0.1077799916267395 42320
1675946134947 0.12796932458877563 42360
1675946136975 0.1572842240333557 42400
1675946139051 0.19430294036865234 42440
1675946140944 0.16583495140075682 42480
1675946142816 0.15519729852676392 42520
1675946144791 0.15175106525421142 42560
1675946146427 0.12995413541793824 42600
1675946148844 0.15530047416687012 42640
1675946151025 0.1275187611579895 42680
1675946153071 0.14166098833084106 42720
1675946155097 0.1527833580970764 42760
1675946157263 0.10369771718978882 42800
1675946159271 0.13958386182785035 42840
1675946160922 0.08891049027442932 42880
1675946162796 0.11710741519927978 42920
1675946165017 0.18765288591384888 42960
1675946167047 0.1655915856361389 43000
1675946169045 0.13473652601242064 43040
1675946170883 0.14906680583953857 43080
1675946172807 0.13616256713867186 43120
1675946174695 0.12968569993972778 43160
1675946176515 0.12599525451660157 43200
1675946178652 0.16377729177474976 43240
1675946180863 0.13772596120834352 43280
1675946182949 0.13086962699890137 43320
1675946184991 0.13063035011291504 43360
1675946186913 0.14769926071166992 43400
1675946188957 0.14461030960083007 43440
1675946190962 0.13241747617721558 43480
1675946192946 0.15227092504501344 43520
1675946194876 0.1680506706237793 43560
1675946196766 0.14493589401245116 43600
1675946198703 0.13468602895736695 43640
1675946200616 0.12034811973571777 43680
1675946202459 0.16029930114746094 43720
1675946204229 0.08250473141670227 43760
1675946206273 0.15539590120315552 43800
1675946208116 0.14066327810287477 43840
1675946209906 0.11258286237716675 43880
1675946212317 0.19328616857528685 43920
1675946214671 0.13043084144592285 43960
1675946216580 0.16001636981964112 44000
1675946218746 0.17317483425140381 44040
1675946220772 0.16008158922195434 44080
1675946222556 0.15477315187454224 44120
1675946224230 0.1837713599205017 44160
1675946226335 0.1351146697998047 44200
1675946228071 0.16821837425231934 44240
1675946230123 0.16601303815841675 44280
1675946232244 0.1742291808128357 44320
1675946234116 0.12063630819320678 44360
1675946235743 0.15792824029922486 44400
1675946237898 0.17098273038864137 44440
1675946239747 0.1318822383880615 44480
1675946241692 0.11973958015441895 44520
1675946243631 0.11279622316360474 44560
1675946245758 0.20419058799743653 44600
1675946247826 0.1175303339958191 44640
1675946249787 0.1597339391708374 44680
1675946251681 0.14886915683746338 44720
1675946253428 0.1600361943244934 44760
1675946255116 0.17963945865631104 44800
1675946257503 0.1481281876564026 44840
1675946259290 0.1376079797744751 44880
1675946261552 0.19516339302062988 44920
1675946263544 0.12082964181900024 44960
1675946265809 0.1650424599647522 45000
1675946267825 0.12366039752960205 45040
1675946269893 0.12457635402679443 45080
1675946271578 0.11837986707687378 45120
1675946273411 0.1367520809173584 45160
1675946275256 0.13482537269592285 45200
1675946277129 0.1393044948577881 45240
1675946279843 0.13875164985656738 45280
1675946282166 0.1646486520767212 45320
1675946284269 0.14955607652664185 45360
1675946286058 0.10324245691299438 45400
1675946288138 0.17629696130752565 45440
1675946289755 0.10560461282730102 45480
1675946291550 0.15423977375030518 45520
1675946293568 0.16123485565185547 45560
1675946295406 0.1419252038002014 45600
1675946297246 0.11588174104690552 45640
1675946299260 0.14907493591308593 45680
1675946300957 0.14175235033035277 45720
1675946302826 0.15279182195663452 45760
1675946304829 0.11644629240036011 45800
1675946306642 0.10033526420593261 45840
1675946308725 0.13326016664505005 45880
1675946310684 0.1471882700920105 45920
1675946313045 0.11549080610275268 45960
1675946314811 0.11741833686828614 46000
1675946316338 0.12228533029556274 46040
1675946317994 0.13090633153915404 46080
1675946319934 0.1616317629814148 46120
1675946321961 0.18162670135498046 46160
1675946323660 0.14320642948150636 46200
1675946325623 0.13085834980010985 46240
1675946327413 0.11250106096267701 46280
1675946329513 0.12440251111984253 46320
1675946331251 0.0880852460861206 46360
1675946333110 0.15657056570053102 46400
1675946335384 0.12134499549865722 46440
1675946337134 0.15127941370010375 46480
1675946339368 0.14535263776779175 46520
1675946341575 0.17934415340423585 46560
1675946343389 0.14364376068115234 46600
1675946345349 0.11128240823745728 46640
1675946347390 0.1408339262008667 46680
1675946349126 0.1549426555633545 46720
1675946351007 0.1262362003326416 46760
1675946352749 0.14261305332183838 46800
1675946354484 0.10227310657501221 46840
1675946356528 0.10824965238571167 46880
1675946359273 0.17363359928131103 46920
1675946361109 0.09820224642753601 46960
1675946362776 0.12347301244735717 47000
1675946364583 0.14955604076385498 47040
1675946366494 0.0972616970539093 47080
1675946368490 0.12443804740905762 47120
1675946370378 0.13427960872650146 47160
1675946372544 0.1109571099281311 47200
1675946374257 0.12748267650604247 47240
1675946376199 0.09748257398605346 47280
1675946377933 0.11594982147216797 47320
1675946379978 0.15392858982086183 47360
1675946381994 0.1184072732925415 47400
1675946383985 0.10601252317428589 47440
1675946386065 0.11500792503356934 47480
1675946388047 0.11734663248062134 47520
1675946389948 0.08645986914634704 47560
1675946391997 0.11984844207763672 47600
1675946394341 0.0913353443145752 47640
1675946396259 0.092777681350708 47680
1675946398458 0.1474697232246399 47720
1675946401384 0.13729302883148192 47760
1675946403715 0.14323265552520753 47800
1675946405721 0.11897073984146118 47840
1675946407947 0.12712832689285278 47880
1675946409674 0.10524855852127075 47920
1675946411493 0.11264592409133911 47960
1675946413447 0.11601526737213134 48000
1675946415294 0.08317636847496032 48040
1675946417351 0.14190456867218018 48080
1675946419490 0.1290657639503479 48120
1675946421255 0.12071901559829712 48160
1675946423405 0.15489649772644043 48200
1675946425601 0.1477117657661438 48240
1675946427466 0.1377466917037964 48280
1675946429528 0.1181902527809143 48320
1675946431359 0.0806117057800293 48360
1675946433391 0.0991990327835083 48400
1675946435358 0.1257470965385437 48440
1675946436986 0.13283568620681763 48480
1675946438932 0.1500883936882019 48520
1675946440604 0.14093217849731446 48560
1675946442410 0.11596847772598266 48600
1675946444350 0.10505555868148804 48640
1675946446141 0.09452276229858399 48680
1675946447951 0.10464950799942016 48720
1675946450361 0.08805727958679199 48760
1675946452106 0.12220915555953979 48800
1675946453913 0.14885591268539428 48840
1675946455754 0.09937828183174133 48880
1675946457724 0.11260826587677002 48920
1675946459992 0.13247712850570678 48960
1675946461840 0.1232488751411438 49000
1675946463734 0.1392674446105957 49040
1675946465550 0.10167098045349121 49080
1675946467467 0.10178157091140747 49120
1675946469430 0.12312757968902588 49160
1675946471209 0.1461412191390991 49200
1675946473091 0.10852047204971313 49240
1675946475113 0.140325927734375 49280
1675946476969 0.14029260873794555 49320
1675946479010 0.12026287317276001 49360
1675946481119 0.12604823112487792 49400
1675946482776 0.11955596208572387 49440
1675946484411 0.10406309366226196 49480
1675946486497 0.128335702419281 49520
1675946488454 0.1082687258720398 49560
1675946490654 0.12331974506378174 49600
1675946492680 0.14033273458480836 49640
1675946494454 0.11002376079559326 49680
1675946496728 0.10831619501113891 49720
1675946498444 0.15511926412582397 49760
1675946500311 0.11391644477844239 49800
1675946502388 0.09537327885627747 49840
1675946504067 0.10087753534317016 49880
1675946505853 0.11507941484451294 49920
1675946507866 0.1212638258934021 49960
1675946509806 0.19482845067977905 50000
1675946511996 0.09735342264175414 50040
1675946513740 0.12900725603103638 50080
1675946515636 0.13054572343826293 50120
1675946517575 0.19096518754959108 50160
1675946519370 0.1552184820175171 50200
