1675954285340 0.0172587513923645 0
1675954286124 0.6465667247772217 40
1675954286921 1.4486638069152833 80
1675954287669 0.6270571708679199 120
1675954288471 0.6594092369079589 160
1675954289256 0.6659840106964111 200
1675954290098 0.6653614521026612 240
1675954290875 0.6695590496063233 280
1675954291631 0.6651432037353515 320
1675954292423 0.6589128017425537 360
1675954293197 0.6521032810211181 400
1675954294029 0.6331499576568603 440
1675954294736 0.6309865951538086 480
1675954295487 0.6025856494903564 520
1675954296289 0.5863505840301514 560
1675954297025 0.6238348007202148 600
1675954297861 0.6041965961456299 640
1675954298747 0.5859179496765137 680
1675954299536 0.5995382308959961 720
1675954300309 0.6130885601043701 760
1675954301089 0.6044366359710693 800
1675954301846 0.608563232421875 840
1675954302602 0.6135238647460938 880
1675954303359 0.599943733215332 920
1675954304093 0.5994606971740722 960
1675954304894 0.6045212268829345 1000
1675954305650 0.6121321201324463 1040
1675954306403 0.6057896137237548 1080
1675954307146 0.5995527267456054 1120
1675954308060 0.565609359741211 1160
1675954308821 0.5989463806152344 1200
1675954309577 0.6134512901306153 1240
1675954310329 0.6094500541687011 1280
1675954311156 0.5850154876708984 1320
1675954311908 0.603032398223877 1360
1675954312717 0.593123197555542 1400
1675954313585 0.6076363086700439 1440
1675954314401 0.6030391216278076 1480
1675954315151 0.5996572971343994 1520
1675954315951 0.5848845481872559 1560
1675954316734 0.6114319801330567 1600
1675954317467 0.6133631706237793 1640
1675954318237 0.6195513725280761 1680
1675954318985 0.6080414772033691 1720
1675954319729 0.6081979751586915 1760
1675954320462 0.6134299755096435 1800
1675954321215 0.5980188846588135 1840
1675954321991 0.6145347118377685 1880
1675954322746 0.6024723529815674 1920
1675954323488 0.618492317199707 1960
1675954324269 0.6110881328582763 2000
1675954325088 0.5810415267944335 2040
1675954325865 0.607672929763794 2080
1675954326651 0.59691481590271 2120
1675954327444 0.6076467514038086 2160
1675954328385 0.6071201801300049 2200
1675954329370 0.576059103012085 2240
1675954330151 0.5986217498779297 2280
1675954330872 0.6187992572784424 2320
1675954331673 0.5879514694213868 2360
1675954332456 0.5956195831298828 2400
1675954333203 0.6059877395629882 2440
1675954334027 0.5814474105834961 2480
1675954334786 0.6173747539520263 2520
1675954335583 0.5936727523803711 2560
1675954336414 0.5887117862701416 2600
1675954337170 0.599332046508789 2640
1675954337942 0.6079513549804687 2680
1675954338741 0.6003729343414307 2720
1675954339515 0.5848228931427002 2760
1675954340374 0.58785400390625 2800
1675954341113 0.6264618396759033 2840
1675954341868 0.6008637905120849 2880
1675954342701 0.5955397605895996 2920
1675954343535 0.5976593971252442 2960
1675954344342 0.6080672740936279 3000
1675954345136 0.5946047306060791 3040
1675954346002 0.5754663467407226 3080
1675954346812 0.5875012397766113 3120
1675954347567 0.6062288284301758 3160
1675954348341 0.6066215515136719 3200
1675954349088 0.6022684097290039 3240
1675954349905 0.5913120746612549 3280
1675954350688 0.5988470077514648 3320
1675954351465 0.5932093620300293 3360
1675954352216 0.6033757209777832 3400
1675954353024 0.5866137981414795 3440
1675954353827 0.5970588684082031 3480
1675954354572 0.6076987266540528 3520
1675954355321 0.5940676689147949 3560
1675954356106 0.5961790561676026 3600
1675954356874 0.6021912097930908 3640
1675954357702 0.607978343963623 3680
1675954358646 0.581215763092041 3720
1675954359474 0.5861594200134277 3760
1675954360238 0.6120611667633057 3800
1675954360980 0.6094690799713135 3840
1675954361740 0.5920151233673095 3880
1675954362478 0.6144074916839599 3920
1675954363241 0.6077135086059571 3960
1675954363976 0.6037390232086182 4000
1675954364739 0.5984148025512696 4040
1675954365517 0.60983247756958 4080
1675954366308 0.5871949195861816 4120
1675954367140 0.5749475955963135 4160
1675954367904 0.612952184677124 4200
1675954368645 0.6024283409118653 4240
1675954369437 0.5873166084289551 4280
1675954370171 0.6008784770965576 4320
1675954370955 0.5880263328552247 4360
1675954371756 0.5916666030883789 4400
1675954372635 0.5839653015136719 4440
1675954373504 0.5972711086273194 4480
1675954374353 0.580129861831665 4520
1675954375062 0.6244998455047608 4560
1675954375828 0.5923993110656738 4600
1675954376579 0.6030695915222168 4640
1675954377443 0.5755053997039795 4680
1675954378253 0.5960305213928223 4720
1675954379051 0.5892269134521484 4760
1675954379858 0.5941302299499511 4800
1675954380619 0.6102892398834229 4840
1675954381361 0.5941591262817383 4880
1675954382115 0.6000452995300293 4920
1675954382821 0.6125924587249756 4960
1675954383617 0.5883988380432129 5000
1675954384414 0.5946475505828858 5040
1675954385153 0.603163194656372 5080
1675954385885 0.6065862655639649 5120
1675954386710 0.5828890800476074 5160
1675954387450 0.6326225757598877 5200
1675954388383 0.5766528606414795 5240
1675954389196 0.6138877391815185 5280
1675954389909 0.6079212188720703 5320
1675954390650 0.6039051055908203 5360
1675954391447 0.590686845779419 5400
1675954392162 0.6103792190551758 5440
1675954392905 0.6055855274200439 5480
1675954393721 0.5951157569885254 5520
1675954394444 0.6120082855224609 5560
1675954395270 0.5830088138580323 5600
1675954396023 0.5998847484588623 5640
1675954396893 0.5795344352722168 5680
1675954397764 0.5926332950592041 5720
1675954398637 0.5728487968444824 5760
1675954399405 0.5960732460021972 5800
1675954400122 0.6141191959381104 5840
1675954400828 0.606586503982544 5880
1675954401553 0.6044034957885742 5920
1675954402395 0.571976613998413 5960
1675954403299 0.5792717456817627 6000
1675954404126 0.602629566192627 6040
1675954404889 0.5928796291351318 6080
1675954405615 0.6071430683135987 6120
1675954406382 0.5769908905029297 6160
1675954407143 0.5999388694763184 6200
1675954408035 0.5403308868408203 6240
1675954408849 0.48822803497314454 6280
1675954409614 0.5093725204467774 6320
1675954410392 0.44910888671875 6360
1675954411146 0.5006819248199463 6400
1675954411906 0.35744736194610593 6440
1675954412683 0.3950768709182739 6480
1675954413425 0.37795817852020264 6520
1675954414117 0.42179141044616697 6560
1675954414872 0.42116560935974123 6600
1675954415606 0.36127581596374514 6640
1675954416350 0.3643402099609375 6680
1675954417206 0.4267261981964111 6720
1675954418069 0.3636739730834961 6760
1675954418883 0.3531151056289673 6800
1675954419627 0.3541377067565918 6840
1675954420416 0.36077449321746824 6880
1675954421182 0.3454181432723999 6920
1675954421925 0.29779293537139895 6960
1675954422743 0.3298743724822998 7000
1675954423497 0.3366789579391479 7040
1675954424304 0.3751061201095581 7080
1675954425070 0.2966602325439453 7120
1675954425811 0.3632716178894043 7160
1675954426608 0.3822753429412842 7200
1675954427357 0.3317491769790649 7240
1675954428187 0.36093318462371826 7280
1675954428976 0.3221294641494751 7320
1675954429704 0.335740327835083 7360
1675954430463 0.3096708536148071 7400
1675954431262 0.39633731842041015 7440
1675954432004 0.28631010055541994 7480
1675954432875 0.3298622131347656 7520
1675954433799 0.42137894630432127 7560
1675954434622 0.3363653182983398 7600
1675954435451 0.37437238693237307 7640
1675954436222 0.35017242431640627 7680
1675954436999 0.3801940202713013 7720
1675954437742 0.3799427032470703 7760
1675954438540 0.33309202194213866 7800
1675954439310 0.3010949850082397 7840
1675954440159 0.39196903705596925 7880
1675954440933 0.35002789497375486 7920
1675954441732 0.38527631759643555 7960
1675954442461 0.3207175970077515 8000
1675954443281 0.38192293643951414 8040
1675954444087 0.3772305965423584 8080
1675954444894 0.34291164875030516 8120
1675954445672 0.37100050449371336 8160
1675954446406 0.2980491638183594 8200
1675954447222 0.3036167860031128 8240
1675954448062 0.3420056104660034 8280
1675954448880 0.3476032495498657 8320
1675954449666 0.3703050374984741 8360
1675954450391 0.38738288879394533 8400
1675954451154 0.34151268005371094 8440
1675954451910 0.32194809913635253 8480
1675954452654 0.31672353744506837 8520
1675954453450 0.3304966926574707 8560
1675954454271 0.31486785411834717 8600
1675954455003 0.3663108587265015 8640
1675954455749 0.33740055561065674 8680
1675954456544 0.26034376621246336 8720
1675954457336 0.299334979057312 8760
1675954458105 0.2846081256866455 8800
1675954458876 0.35797848701477053 8840
1675954459679 0.3416208505630493 8880
1675954460417 0.2566404342651367 8920
1675954461178 0.30174808502197265 8960
1675954461943 0.3431853771209717 9000
1675954462819 0.3514161348342896 9040
1675954463753 0.33033270835876466 9080
1675954464597 0.29388291835784913 9120
1675954465404 0.31907846927642824 9160
1675954466203 0.2952186107635498 9200
1675954467011 0.3909961462020874 9240
1675954467770 0.2365262508392334 9280
1675954468661 0.34641032218933104 9320
1675954469514 0.2602745532989502 9360
1675954470372 0.27532143592834474 9400
1675954471220 0.31322627067565917 9440
1675954472024 0.2824999332427979 9480
1675954473115 0.3219730377197266 9520
1675954473956 0.32099571228027346 9560
1675954474771 0.30861635208129884 9600
1675954475634 0.32574806213378904 9640
1675954476422 0.2548844337463379 9680
1675954477252 0.3413344383239746 9720
1675954478132 0.3130854845046997 9760
1675954479021 0.3132621765136719 9800
1675954479861 0.3331169843673706 9840
1675954480629 0.27257308959960935 9880
1675954481383 0.29654865264892577 9920
1675954482193 0.27760953903198243 9960
1675954482986 0.38586814403533937 10000
1675954483737 0.29065492153167727 10040
1675954486982 0.2383040428161621 10080
1675954487851 0.30091490745544436 10120
1675954488653 0.3034753084182739 10160
1675954489480 0.30507652759552 10200
1675954490268 0.2810273885726929 10240
1675954491161 0.328309440612793 10280
1675954492004 0.314676833152771 10320
1675954492885 0.2986510992050171 10360
1675954493811 0.3503313779830933 10400
1675954494645 0.3159290552139282 10440
1675954495523 0.31146175861358644 10480
1675954496296 0.28584492206573486 10520
1675954497080 0.27612640857696535 10560
1675954497940 0.2657228946685791 10600
1675954498697 0.27482588291168214 10640
1675954499542 0.2983994483947754 10680
1675954500349 0.354997444152832 10720
1675954501122 0.29386076927185056 10760
1675954501887 0.24724602699279785 10800
1675954502684 0.3120912551879883 10840
1675954503430 0.2777248382568359 10880
1675954504183 0.21121788024902344 10920
1675954504937 0.3247153997421265 10960
1675954505721 0.333172869682312 11000
1675954506505 0.26793370246887205 11040
1675954507286 0.3307286024093628 11080
1675954508197 0.29401345252990724 11120
1675954509135 0.28801238536834717 11160
1675954510046 0.31056454181671145 11200
1675954510834 0.28299546241760254 11240
1675954511562 0.26078271865844727 11280
1675954512318 0.2799823522567749 11320
1675954513167 0.2880715370178223 11360
1675954513908 0.22684431076049805 11400
1675954514648 0.21952829360961915 11440
1675954515401 0.23385987281799317 11480
1675954516193 0.28548755645751955 11520
1675954516944 0.30177884101867675 11560
1675954517727 0.26242282390594485 11600
1675954518483 0.26616857051849363 11640
1675954519200 0.28969178199768064 11680
1675954519935 0.27727274894714354 11720
1675954520713 0.3257539987564087 11760
1675954521469 0.23533308506011963 11800
1675954522210 0.2519562005996704 11840
1675954523024 0.28171823024749754 11880
1675954523878 0.3069708824157715 11920
1675954524668 0.22510671615600586 11960
1675954525391 0.2496708631515503 12000
1675954526165 0.18628153800964356 12040
1675954526982 0.291825008392334 12080
1675954527753 0.3165589809417725 12120
1675954528553 0.24039876461029053 12160
1675954529307 0.2557016372680664 12200
1675954530061 0.23781628608703614 12240
1675954530873 0.2404724359512329 12280
1675954531638 0.2984164237976074 12320
1675954532369 0.2644521951675415 12360
1675954533117 0.23728466033935547 12400
1675954533902 0.24414613246917724 12440
1675954534607 0.26028439998626707 12480
1675954535396 0.29118211269378663 12520
1675954536174 0.20492286682128907 12560
1675954536970 0.2623048543930054 12600
1675954537868 0.25525527000427245 12640
1675954538666 0.2241077184677124 12680
1675954539505 0.2653848648071289 12720
1675954540259 0.17123993635177612 12760
1675954541032 0.2559765338897705 12800
1675954541872 0.29559056758880614 12840
1675954542609 0.2554674863815308 12880
1675954543374 0.25830299854278566 12920
1675954544158 0.24221839904785156 12960
1675954544946 0.2250378370285034 13000
1675954545707 0.2402127742767334 13040
1675954546502 0.2076037883758545 13080
1675954547368 0.26025710105895994 13120
1675954548191 0.27865264415740965 13160
1675954548937 0.19692596197128295 13200
1675954549697 0.19993211030960084 13240
1675954550436 0.2027742385864258 13280
1675954551230 0.22349965572357178 13320
1675954551975 0.2265686273574829 13360
1675954552827 0.2553743362426758 13400
1675954553635 0.238069748878479 13440
1675954554466 0.21614389419555663 13480
1675954555257 0.24107820987701417 13520
1675954556009 0.23974640369415284 13560
1675954556768 0.2111581087112427 13600
1675954557535 0.158149790763855 13640
1675954558325 0.2601813793182373 13680
1675954559073 0.18233892917633057 13720
1675954559866 0.18800551891326905 13760
1675954560684 0.23410115242004395 13800
1675954561410 0.1833388090133667 13840
1675954562155 0.22054746150970458 13880
1675954562900 0.18300344944000244 13920
1675954563648 0.19867942333221436 13960
1675954564368 0.2739539623260498 14000
1675954565119 0.20572521686553955 14040
1675954565899 0.20797865390777587 14080
1675954566725 0.21865975856781006 14120
1675954567529 0.2220531225204468 14160
1675954568505 0.2247713804244995 14200
1675954569364 0.21089448928833007 14240
1675954570101 0.2121859073638916 14280
1675954570886 0.2900834083557129 14320
1675954571779 0.18428913354873658 14360
1675954573144 0.1837764024734497 14400
1675954574304 0.19047122001647948 14440
1675954575375 0.23325960636138915 14480
1675954576291 0.18621680736541749 14520
1675954577349 0.18197255134582518 14560
1675954578154 0.18132190704345702 14600
1675954578907 0.29225873947143555 14640
1675954579690 0.21300535202026366 14680
1675954580595 0.18249971866607667 14720
1675954581398 0.22643895149230958 14760
1675954582239 0.2277198314666748 14800
1675954583194 0.20512170791625978 14840
1675954584155 0.20548551082611083 14880
1675954584909 0.15607240200042724 14920
1675954585689 0.17966331243515016 14960
1675954586397 0.14989336729049682 15000
1675954587169 0.17654428482055665 15040
1675954587976 0.17983343601226806 15080
1675954588934 0.18554811477661132 15120
1675954589921 0.18714274168014527 15160
1675954590935 0.2432793378829956 15200
1675954591735 0.12733739614486694 15240
1675954592599 0.21320512294769287 15280
1675954593380 0.15452734231948853 15320
1675954594232 0.23706481456756592 15360
1675954595009 0.1764136552810669 15400
1675954595927 0.21373183727264405 15440
1675954596633 0.18079174757003785 15480
1675954597409 0.1900739312171936 15520
1675954598269 0.20917098522186278 15560
1675954599065 0.22518773078918458 15600
1675954599876 0.1827216625213623 15640
1675954600658 0.1616234302520752 15680
1675954601458 0.19092439413070678 15720
1675954602252 0.2122025728225708 15760
1675954603095 0.20036230087280274 15800
1675954603941 0.16273518800735473 15840
1675954604670 0.20788049697875977 15880
1675954605401 0.16395392417907714 15920
1675954606139 0.24531905651092528 15960
1675954606930 0.254033637046814 16000
1675954607727 0.20420732498168945 16040
1675954608500 0.18792091608047484 16080
1675954609227 0.18726880550384523 16120
1675954610003 0.11528928279876709 16160
1675954610754 0.1846402406692505 16200
1675954611463 0.17043534517288209 16240
1675954612270 0.17143943309783935 16280
1675954613153 0.1741214871406555 16320
1675954613950 0.2079749345779419 16360
1675954614790 0.18837132453918456 16400
1675954615516 0.2325817584991455 16440
1675954616292 0.14894442558288573 16480
1675954617047 0.18203065395355225 16520
1675954617813 0.17873455286026002 16560
1675954618586 0.218953537940979 16600
1675954619325 0.17871491909027098 16640
1675954620096 0.177904212474823 16680
1675954620824 0.17306574583053588 16720
1675954621627 0.23602800369262694 16760
1675954622422 0.1800587773323059 16800
1675954623143 0.16188724040985109 16840
1675954623917 0.1720729112625122 16880
1675954624935 0.21055848598480226 16920
1675954625852 0.1748169779777527 16960
1675954626625 0.17529741525650025 17000
1675954627474 0.18609625101089478 17040
1675954628273 0.14553180932998658 17080
1675954629280 0.191644549369812 17120
1675954630158 0.1608121633529663 17160
1675954630938 0.19874124526977538 17200
1675954631719 0.2096935033798218 17240
1675954632456 0.14898539781570436 17280
1675954633221 0.17472563982009887 17320
1675954634086 0.18175797462463378 17360
1675954634789 0.173470401763916 17400
1675954635554 0.14409842491149902 17440
1675954636432 0.20402204990386963 17480
1675954637238 0.15431205034255982 17520
1675954638037 0.14911043643951416 17560
1675954638886 0.2561564683914185 17600
1675954639637 0.18137967586517334 17640
1675954640442 0.1718890905380249 17680
1675954641204 0.17295995950698853 17720
1675954641987 0.1984872579574585 17760
1675954642700 0.14305156469345093 17800
1675954643562 0.1652638554573059 17840
1675954644325 0.12746591567993165 17880
1675954645082 0.17900561094284057 17920
1675954645911 0.1515756607055664 17960
1675954646716 0.19067705869674684 18000
1675954647425 0.1327040195465088 18040
1675954648247 0.18960683345794677 18080
1675954649067 0.2077333450317383 18120
1675954649862 0.13934130668640138 18160
1675954650645 0.1622678279876709 18200
1675954651326 0.11627824306488037 18240
1675954652111 0.14201775789260865 18280
1675954652878 0.16665421724319457 18320
1675954653627 0.18784433603286743 18360
1675954654363 0.14058040380477904 18400
1675954655107 0.1771125912666321 18440
1675954655852 0.142527973651886 18480
1675954656601 0.14749722480773925 18520
1675954657348 0.16087806224822998 18560
1675954658199 0.16466455459594725 18600
1675954659136 0.15997135639190674 18640
1675954659833 0.17952733039855956 18680
1675954660583 0.17251994609832763 18720
1675954661344 0.11974233388900757 18760
1675954662124 0.14065864086151122 18800
1675954662895 0.16731117963790892 18840
1675954663633 0.1944427490234375 18880
1675954664431 0.1618613362312317 18920
1675954665129 0.15249665975570678 18960
1675954665907 0.12759636640548705 19000
1675954666677 0.18811357021331787 19040
1675954667421 0.16307425498962402 19080
1675954668197 0.18098539113998413 19120
1675954668968 0.14422523975372314 19160
1675954669727 0.19555385112762452 19200
1675954670527 0.143849778175354 19240
1675954671282 0.17925868034362794 19280
1675954671963 0.12895450592041016 19320
1675954672754 0.1766566276550293 19360
1675954673538 0.12895320653915404 19400
1675954674358 0.17937679290771485 19440
1675954675085 0.15145813226699828 19480
1675954675856 0.1494998812675476 19520
1675954676617 0.15732842683792114 19560
1675954677369 0.1539269804954529 19600
1675954678159 0.17093590497970582 19640
1675954678910 0.2144545555114746 19680
1675954679636 0.1150905966758728 19720
1675954680339 0.1871194839477539 19760
1675954681083 0.14999687671661377 19800
1675954681858 0.1983324646949768 19840
1675954682654 0.17402896881103516 19880
1675954683373 0.15100146532058717 19920
1675954684124 0.1892103910446167 19960
1675954684889 0.1425031065940857 20000
1675954685638 0.20059785842895508 20040
1675954686365 0.18319158554077147 20080
1675954689589 0.12100586891174317 20120
1675954690364 0.1678470253944397 20160
1675954691113 0.17474980354309083 20200
1675954691881 0.18429989814758302 20240
1675954692626 0.14835677146911622 20280
1675954693470 0.19554417133331298 20320
1675954694208 0.15964192152023315 20360
1675954694977 0.2240981101989746 20400
1675954695780 0.21719708442687988 20440
1675954696548 0.17964439392089843 20480
1675954697334 0.15442268848419188 20520
1675954698081 0.18463972806930543 20560
1675954698810 0.1530190587043762 20600
1675954699648 0.1622377634048462 20640
1675954700366 0.16103191375732423 20680
1675954701135 0.22223975658416747 20720
1675954701895 0.19065966606140136 20760
1675954702665 0.17064149379730226 20800
1675954703526 0.15947846174240113 20840
1675954704316 0.14807527065277098 20880
1675954705088 0.15738838911056519 20920
1675954705802 0.15586574077606202 20960
1675954706566 0.18317773342132568 21000
1675954707289 0.2034287452697754 21040
1675954708045 0.1547717809677124 21080
1675954708826 0.17367405891418458 21120
1675954709535 0.18430696725845336 21160
1675954710275 0.18392378091812134 21200
1675954711095 0.18624054193496703 21240
1675954711905 0.18300230503082277 21280
1675954712623 0.15448378324508666 21320
1675954713372 0.16388227939605712 21360
1675954714164 0.19769705533981324 21400
1675954714928 0.14072983264923095 21440
1675954715673 0.13674018383026124 21480
1675954716418 0.13649537563323974 21520
1675954717220 0.1660192608833313 21560
1675954718047 0.14883899688720703 21600
1675954719020 0.1685905337333679 21640
1675954719806 0.13572978973388672 21680
1675954720499 0.15001682043075562 21720
1675954721233 0.15550215244293214 21760
1675954721981 0.1850300908088684 21800
1675954722734 0.21918232440948487 21840
1675954723459 0.14209818840026855 21880
1675954724211 0.19134941101074218 21920
1675954724981 0.21745641231536866 21960
1675954725741 0.15649158954620362 22000
1675954726452 0.14071165323257445 22040
1675954727182 0.16579748392105104 22080
1675954728026 0.19803353548049926 22120
1675954728822 0.20706048011779785 22160
1675954729602 0.1784648299217224 22200
1675954730335 0.15618082284927368 22240
1675954731080 0.16545190811157226 22280
1675954731885 0.20257847309112548 22320
1675954732687 0.1978078842163086 22360
1675954733499 0.18951575756072997 22400
1675954734288 0.15821195840835572 22440
1675954735096 0.14257360696792604 22480
1675954735803 0.16509361267089845 22520
1675954736592 0.20128440856933594 22560
1675954737393 0.1461954355239868 22600
1675954738155 0.15230443477630615 22640
1675954739006 0.16003304719924927 22680
1675954739727 0.1336917757987976 22720
1675954740513 0.17922435998916625 22760
1675954741265 0.11623046398162842 22800
1675954742000 0.14520926475524903 22840
1675954742858 0.19182363748550416 22880
1675954743609 0.1690267562866211 22920
1675954744341 0.14004669189453126 22960
1675954745113 0.18145741224288942 23000
1675954745845 0.13831672668457032 23040
1675954746582 0.17332813739776612 23080
1675954747350 0.15726970434188842 23120
1675954748327 0.1890912413597107 23160
1675954749214 0.1958450198173523 23200
1675954749997 0.15628883838653565 23240
1675954750741 0.16974997520446777 23280
1675954751469 0.14955289363861085 23320
1675954752285 0.1737756609916687 23360
1675954753020 0.1884963870048523 23400
1675954753839 0.18226808309555054 23440
1675954754578 0.2024967908859253 23480
1675954755350 0.16652969121932984 23520
1675954756127 0.17146884202957152 23560
1675954756869 0.1799920916557312 23600
1675954757620 0.19539642333984375 23640
1675954758416 0.12748122215270996 23680
1675954759196 0.20513443946838378 23720
1675954759973 0.160292649269104 23760
1675954760702 0.10770771503448487 23800
1675954761530 0.20935025215148925 23840
1675954762299 0.15539491176605225 23880
1675954763113 0.15886849164962769 23920
1675954763915 0.13162366151809693 23960
1675954764647 0.16129109859466553 24000
1675954765369 0.17448359727859497 24040
1675954766136 0.15358617305755615 24080
1675954766893 0.1605508804321289 24120
1675954767674 0.1710416078567505 24160
1675954768423 0.15064361095428466 24200
1675954769223 0.1927902102470398 24240
1675954769954 0.14500722885131836 24280
1675954770666 0.1649828553199768 24320
1675954771427 0.1807037591934204 24360
1675954772153 0.126182222366333 24400
1675954772930 0.14194779396057128 24440
1675954773665 0.13952795267105103 24480
1675954774476 0.20138607025146485 24520
1675954775197 0.11170350313186646 24560
1675954775996 0.19170724153518676 24600
1675954776704 0.15283292531967163 24640
1675954777451 0.20838911533355714 24680
1675954778235 0.1671034574508667 24720
1675954779194 0.1761731743812561 24760
1675954779949 0.1709032654762268 24800
1675954780759 0.1989428997039795 24840
1675954781521 0.16862572431564332 24880
1675954782316 0.15491781234741211 24920
1675954783039 0.11252944469451905 24960
1675954783831 0.1831843376159668 25000
1675954784533 0.14417153596878052 25040
1675954785280 0.1261525869369507 25080
1675954786047 0.1403460383415222 25120
1675954786799 0.1542421579360962 25160
1675954787478 0.1372606039047241 25200
1675954788281 0.19060978889465333 25240
1675954789020 0.11845444440841675 25280
1675954789833 0.14399933815002441 25320
1675954790564 0.1438588261604309 25360
1675954791270 0.15482356548309326 25400
1675954792195 0.145170259475708 25440
1675954793082 0.18107749223709108 25480
1675954793877 0.12154420614242553 25520
1675954794617 0.13020820617675782 25560
1675954795410 0.1814224600791931 25600
1675954796177 0.16523958444595338 25640
1675954797039 0.16333621740341187 25680
1675954797880 0.13006455898284913 25720
1675954798675 0.1426548480987549 25760
1675954799451 0.17646222114562987 25800
1675954800250 0.14126685857772828 25840
1675954801074 0.13501869440078734 25880
1675954801887 0.13608341217041015 25920
1675954802682 0.15603067874908447 25960
1675954803451 0.16232000589370726 26000
1675954804215 0.20382578372955323 26040
1675954805021 0.14798378944396973 26080
1675954805900 0.1494329571723938 26120
1675954806785 0.15659472942352295 26160
1675954807649 0.09957942962646485 26200
1675954808588 0.15270841121673584 26240
1675954809361 0.1211402416229248 26280
1675954810117 0.14748311042785645 26320
1675954810901 0.14217865467071533 26360
1675954811662 0.13894680738449097 26400
1675954812465 0.1554949998855591 26440
1675954813194 0.17337888479232788 26480
1675954813977 0.18881630897521973 26520
1675954814745 0.12829720973968506 26560
1675954815469 0.13639400005340577 26600
1675954816174 0.17963865995407105 26640
1675954816912 0.15094810724258423 26680
1675954817642 0.15110868215560913 26720
1675954818372 0.15685316324234008 26760
1675954819185 0.17265114784240723 26800
1675954819978 0.16088566780090333 26840
1675954820700 0.11546953916549682 26880
1675954821426 0.14421309232711793 26920
1675954822206 0.15547891855239868 26960
1675954823007 0.10261770486831664 27000
1675954823860 0.1249692678451538 27040
1675954824669 0.14641880989074707 27080
1675954825382 0.1083218812942505 27120
1675954826135 0.14751088619232178 27160
1675954826924 0.12762894630432128 27200
1675954827670 0.13475288152694703 27240
1675954828446 0.146184241771698 27280
1675954829175 0.12335892915725707 27320
1675954829941 0.1406274437904358 27360
1675954830775 0.16151467561721802 27400
1675954831476 0.10972089767456054 27440
1675954832297 0.13077073097229003 27480
1675954833059 0.15674055814743043 27520
1675954833776 0.1668933391571045 27560
1675954834532 0.1489683747291565 27600
1675954835340 0.21475684642791748 27640
1675954836121 0.1713963270187378 27680
1675954836913 0.1613849401473999 27720
1675954837736 0.132500159740448 27760
1675954838643 0.17586994171142578 27800
1675954839332 0.1583530068397522 27840
1675954840118 0.14203832149505616 27880
1675954840833 0.1609348773956299 27920
1675954841574 0.132456374168396 27960
1675954842361 0.16569874286651612 28000
1675954843149 0.16961103677749634 28040
1675954843896 0.1309496521949768 28080
1675954844677 0.19310686588287354 28120
1675954845486 0.1756005644798279 28160
1675954846261 0.1712403416633606 28200
1675954847037 0.155740487575531 28240
1675954847730 0.10444703102111816 28280
1675954848571 0.12491546869277954 28320
1675954849332 0.17253649234771729 28360
1675954850071 0.19510695934295655 28400
1675954850806 0.14663842916488648 28440
1675954851535 0.16942641735076905 28480
1675954852300 0.143057918548584 28520
1675954853102 0.14781501293182372 28560
1675954853907 0.11985079050064087 28600
1675954854681 0.14944570064544677 28640
1675954855464 0.11817315816879273 28680
1675954856194 0.1746392846107483 28720
1675954856916 0.1626272678375244 28760
1675954857675 0.11101051568984985 28800
1675954858453 0.12748374938964843 28840
1675954859212 0.1669777512550354 28880
1675954859962 0.1537567138671875 28920
1675954860736 0.16587411165237426 28960
1675954861446 0.11441187858581543 29000
1675954862191 0.11236920356750488 29040
1675954862953 0.17893153429031372 29080
1675954863667 0.132407283782959 29120
1675954864442 0.14253185987472533 29160
1675954865194 0.16457459926605225 29200
1675954865951 0.1510615110397339 29240
1675954866761 0.12559973001480101 29280
1675954867562 0.13707760572433472 29320
1675954868447 0.11301349401473999 29360
1675954869240 0.11591471433639526 29400
1675954869968 0.12204391956329345 29440
1675954870741 0.12245726585388184 29480
1675954871456 0.1286085844039917 29520
1675954872224 0.12206809520721436 29560
1675954872961 0.15536036491394042 29600
1675954873766 0.1467074155807495 29640
1675954874500 0.15975989103317262 29680
1675954875289 0.13448036909103395 29720
1675954876032 0.07819676995277405 29760
1675954876741 0.13855259418487548 29800
1675954877451 0.13325473070144653 29840
1675954878230 0.14363272190093995 29880
1675954879035 0.17403897047042846 29920
1675954879765 0.10865999460220337 29960
1675954880501 0.15652031898498536 30000
1675954881281 0.12867318391799926 30040
1675954881990 0.1364721655845642 30080
1675954882777 0.15778645277023315 30120
1675954885804 0.07736950516700744 30160
1675954886561 0.13348779678344727 30200
1675954887319 0.13204755783081054 30240
1675954888112 0.12459043264389039 30280
1675954888877 0.0984596848487854 30320
1675954889683 0.15026378631591797 30360
1675954890421 0.13569469451904298 30400
1675954891173 0.16410259008407593 30440
1675954891933 0.18304319381713868 30480
1675954892699 0.1391666293144226 30520
1675954893471 0.11708705425262451 30560
1675954894226 0.15785634517669678 30600
1675954894943 0.12027239799499512 30640
1675954895715 0.1213687777519226 30680
1675954896435 0.12153223752975464 30720
1675954897189 0.16268548965454102 30760
1675954898009 0.13938192129135132 30800
1675954898867 0.1340204358100891 30840
1675954899639 0.14758946895599365 30880
1675954900406 0.13872318267822265 30920
1675954901172 0.1519402027130127 30960
1675954901877 0.12570000886917115 31000
1675954902619 0.1613629698753357 31040
1675954903339 0.18523156642913818 31080
1675954904085 0.14644888639450074 31120
1675954904845 0.12806646823883056 31160
1675954905543 0.11045564413070678 31200
1675954906310 0.13790394067764283 31240
1675954907122 0.1436511516571045 31280
1675954907964 0.1618966579437256 31320
1675954908710 0.11639708280563354 31360
1675954909455 0.12825686931610109 31400
1675954910201 0.1344659686088562 31440
1675954910952 0.11058976650238037 31480
1675954911674 0.10738016366958618 31520
1675954912442 0.09632757902145386 31560
1675954913270 0.12949025630950928 31600
1675954914081 0.12063615322113037 31640
1675954914879 0.1982847809791565 31680
1675954915606 0.11249321699142456 31720
1675954916290 0.13461557626724244 31760
1675954917016 0.1530361294746399 31800
1675954917733 0.1405823349952698 31840
1675954918466 0.15136874914169313 31880
1675954919162 0.12289571762084961 31920
1675954919898 0.13856489658355714 31960
1675954920660 0.1807149052619934 32000
1675954921386 0.11734532117843628 32040
1675954922140 0.14755889177322387 32080
1675954922865 0.1441289186477661 32120
1675954923667 0.12717652320861816 32160
1675954924418 0.2082949161529541 32200
1675954925185 0.1600795269012451 32240
1675954925871 0.13996671438217162 32280
1675954926634 0.11940445899963378 32320
1675954927409 0.1664104700088501 32360
1675954928268 0.13922959566116333 32400
1675954929056 0.14117944240570068 32440
1675954929805 0.13515034914016724 32480
1675954930583 0.1403593063354492 32520
1675954931273 0.13618496656417847 32560
1675954932034 0.1784801959991455 32600
1675954932841 0.11185998916625976 32640
1675954933622 0.12909287214279175 32680
1675954934426 0.13358460664749144 32720
1675954935168 0.10415289402008057 32760
1675954935950 0.15809149742126466 32800
1675954936669 0.08078289031982422 32840
1675954937401 0.11317745447158814 32880
1675954938250 0.3242181301116943 32920
1675954939024 0.14427781105041504 32960
1675954939727 0.11014397144317627 33000
1675954940492 0.21785416603088378 33040
1675954941274 0.13121916055679322 33080
1675954942000 0.12762619256973268 33120
1675954942825 0.15636706352233887 33160
1675954943766 0.16883816719055175 33200
1675954944574 0.1937299609184265 33240
1675954945339 0.14538865089416503 33280
1675954946049 0.13941830396652222 33320
1675954946774 0.14392231702804564 33360
1675954947596 0.15569002628326417 33400
1675954948332 0.12637630701065064 33440
1675954949085 0.15952552556991578 33480
1675954949821 0.165095055103302 33520
1675954950602 0.16591259241104125 33560
1675954951366 0.16093429327011108 33600
1675954952107 0.1567206025123596 33640
1675954952854 0.19575810432434082 33680
1675954953568 0.0835688829421997 33720
1675954954334 0.14330404996871948 33760
1675954955056 0.16154465675354004 33800
1675954955793 0.08845071196556091 33840
1675954956607 0.1560807704925537 33880
1675954957373 0.1283322811126709 33920
1675954958200 0.15666658878326417 33960
1675954958997 0.10857980251312256 34000
1675954959716 0.14968981742858886 34040
1675954960433 0.1417041540145874 34080
1675954961151 0.16703510284423828 34120
1675954961904 0.12756764888763428 34160
1675954962669 0.1642855405807495 34200
1675954963396 0.12806622982025145 34240
1675954964174 0.17566362619400025 34280
1675954964919 0.12198896408081054 34320
1675954965609 0.12239497900009155 34360
1675954966347 0.1602723479270935 34400
1675954967079 0.1143493890762329 34440
1675954967828 0.13294458389282227 34480
1675954968611 0.11310504674911499 34520
1675954969415 0.17137876749038697 34560
1675954970149 0.10621418952941894 34600
1675954970948 0.14389774799346924 34640
1675954971640 0.11005576848983764 34680
1675954972469 0.17127721309661864 34720
1675954973274 0.1416688919067383 34760
1675954974242 0.17428370714187622 34800
1675954975002 0.14153841733932496 34840
1675954975950 0.18518744707107543 34880
1675954976705 0.12768661975860596 34920
1675954977455 0.14316967725753785 34960
1675954978185 0.11526930332183838 35000
1675954979221 0.15671746730804442 35040
1675954980019 0.11507827043533325 35080
1675954980861 0.10259319543838501 35120
1675954981768 0.11890820264816285 35160
1675954982531 0.12367384433746338 35200
1675954983221 0.10970137119293213 35240
1675954984013 0.14646553993225098 35280
1675954984761 0.12052191495895385 35320
1675954985540 0.12347215414047241 35360
1675954986263 0.1356768488883972 35400
1675954986972 0.1524113178253174 35440
1675954987706 0.1387531876564026 35480
1675954988560 0.13545727729797363 35520
1675954989365 0.1272365689277649 35560
1675954990080 0.10418275594711304 35600
1675954990837 0.1385192394256592 35640
1675954991548 0.12844036817550658 35680
1675954992323 0.14556146860122682 35720
1675954993097 0.11358437538146973 35760
1675954993829 0.10650472640991211 35800
1675954994596 0.12469098567962647 35840
1675954995384 0.11561509370803832 35880
1675954996232 0.11872434616088867 35920
1675954996919 0.12304482460021973 35960
1675954997604 0.12069622278213502 36000
1675954998323 0.1146142840385437 36040
1675954999073 0.15991154909133912 36080
1675954999892 0.15043213367462158 36120
1675955000606 0.12183870077133178 36160
1675955001334 0.1146478533744812 36200
1675955002048 0.11790697574615479 36240
1675955002890 0.12382484674453735 36280
1675955003702 0.09617204666137695 36320
1675955004439 0.13323665857315065 36360
1675955005195 0.13451802730560303 36400
1675955005929 0.1098254919052124 36440
1675955006685 0.14259824752807618 36480
1675955007437 0.13821663856506347 36520
1675955008191 0.1378885865211487 36560
1675955008957 0.11527966260910034 36600
1675955009705 0.125362765789032 36640
1675955010410 0.15349162817001344 36680
1675955011122 0.18412165641784667 36720
1675955011877 0.13392243385314942 36760
1675955012600 0.1142762541770935 36800
1675955013377 0.16120707988739014 36840
1675955014184 0.17072516679763794 36880
1675955014873 0.10832146406173707 36920
1675955015583 0.12906347513198851 36960
1675955016359 0.134752357006073 37000
1675955017099 0.0869030475616455 37040
1675955017940 0.1229678750038147 37080
1675955018812 0.13447625637054444 37120
1675955019585 0.09022659063339233 37160
1675955020319 0.1910317659378052 37200
1675955021073 0.09686340689659119 37240
1675955021806 0.10708919763565064 37280
1675955022561 0.1527012825012207 37320
1675955023303 0.11180086135864258 37360
1675955024067 0.12476731538772583 37400
1675955024901 0.1380281925201416 37440
1675955025601 0.12228326797485352 37480
1675955026312 0.08810131549835205 37520
1675955027090 0.12730787992477416 37560
1675955027791 0.11029188632965088 37600
1675955028558 0.09300270676612854 37640
1675955029364 0.18196780681610109 37680
1675955030141 0.16315279006958008 37720
1675955030909 0.13431735038757325 37760
1675955031711 0.1230120062828064 37800
1675955032459 0.15640846490859986 37840
1675955033199 0.1433080554008484 37880
1675955034008 0.11266837120056153 37920
1675955034772 0.10522980690002441 37960
1675955035525 0.09648409485816956 38000
1675955036300 0.13807018995285034 38040
1675955037090 0.15707443952560424 38080
1675955037820 0.13136974573135377 38120
1675955038613 0.15507750511169432 38160
1675955039407 0.13773573637008668 38200
1675955040177 0.12432571649551391 38240
1675955040925 0.12819747924804686 38280
1675955041625 0.09464828372001648 38320
1675955042391 0.09380577802658081 38360
1675955043147 0.13324198722839356 38400
1675955043864 0.19983766078948975 38440
1675955044595 0.11203089952468873 38480
1675955045331 0.12992621660232545 38520
1675955046080 0.1145970344543457 38560
1675955046797 0.10550272464752197 38600
1675955047542 0.10927023887634277 38640
1675955048385 0.12108861207962036 38680
1675955049239 0.08708223104476928 38720
1675955049975 0.15138187408447265 38760
1675955050700 0.17059581279754638 38800
1675955051408 0.09723606705665588 38840
1675955052209 0.10731381177902222 38880
1675955052970 0.15064940452575684 38920
1675955053697 0.12954361438751222 38960
1675955054470 0.13301938772201538 39000
1675955055166 0.10521440505981446 39040
1675955055916 0.10959788560867309 39080
1675955056650 0.1292836308479309 39120
1675955057380 0.11228115558624267 39160
1675955058146 0.14342904090881348 39200
1675955058904 0.1310907244682312 39240
1675955059663 0.1407114028930664 39280
1675955060423 0.09515556693077087 39320
1675955061199 0.14203547239303588 39360
1675955061911 0.1098671793937683 39400
1675955062631 0.10655267238616943 39440
1675955063461 0.12947206497192382 39480
1675955064300 0.09703214764595032 39520
1675955065029 0.13328663110733033 39560
1675955065789 0.12103254795074463 39600
1675955066500 0.1301545023918152 39640
1675955067297 0.12938734292984008 39680
1675955068037 0.17153074741363525 39720
1675955068813 0.11234906911849976 39760
1675955069544 0.10272523164749145 39800
1675955070236 0.11135368347167969 39840
1675955070927 0.11744552850723267 39880
1675955071705 0.12516642808914186 39920
1675955072477 0.15243473052978515 39960
1675955073214 0.10950334072113037 40000
1675955073929 0.12842494249343872 40040
1675955074693 0.1272352457046509 40080
1675955075404 0.12042369842529296 40120
1675955076149 0.15126053094863892 40160
1675955079244 0.05215790271759033 40200
1675955080023 0.11973350048065186 40240
1675955080781 0.13834600448608397 40280
1675955081543 0.10557446479797364 40320
1675955082302 0.1109726071357727 40360
1675955083067 0.1265180826187134 40400
1675955083868 0.12742605209350585 40440
1675955084636 0.13382304906845094 40480
1675955085380 0.1502490758895874 40520
1675955086146 0.11982593536376954 40560
1675955086937 0.13313528299331664 40600
1675955087701 0.13707045316696168 40640
1675955088451 0.10626012086868286 40680
1675955089230 0.11802871227264404 40720
1675955089956 0.12493737936019897 40760
1675955090725 0.1244698405265808 40800
1675955091476 0.14787207841873168 40840
1675955092215 0.13791754245758056 40880
1675955093056 0.11441965103149414 40920
1675955093906 0.12259794473648071 40960
1675955094706 0.15659115314483643 41000
1675955095432 0.1169894814491272 41040
1675955096183 0.16599079370498657 41080
1675955096895 0.1432809591293335 41120
1675955097620 0.11345396041870118 41160
1675955098411 0.11038342714309693 41200
1675955099111 0.10037703514099121 41240
1675955099889 0.14068729877471925 41280
1675955100705 0.17205369472503662 41320
1675955101502 0.15630189180374146 41360
1675955102250 0.11875160932540893 41400
1675955102985 0.10439435243606568 41440
1675955103758 0.1130797028541565 41480
1675955104524 0.09792549610137939 41520
1675955105230 0.08878995776176453 41560
1675955106004 0.08823108673095703 41600
1675955106750 0.1462466835975647 41640
1675955107522 0.11994503736495972 41680
1675955108429 0.13666884899139403 41720
1675955109211 0.09464606046676635 41760
1675955109911 0.13503525257110596 41800
1675955110617 0.1062923550605774 41840
1675955111325 0.12603328227996827 41880
1675955112072 0.13407552242279053 41920
1675955112767 0.10988392829895019 41960
1675955113566 0.12428202629089355 42000
1675955114319 0.14864516258239746 42040
1675955115071 0.12656689882278443 42080
1675955115803 0.13084861040115356 42120
1675955116517 0.12399017810821533 42160
1675955117320 0.12489192485809326 42200
1675955118081 0.17409310340881348 42240
1675955118870 0.16682418584823608 42280
1675955119574 0.12282919883728027 42320
1675955120345 0.11251147985458373 42360
1675955121102 0.14188462495803833 42400
1675955121863 0.14465492963790894 42440
1675955122649 0.15682034492492675 42480
1675955123455 0.12206215858459472 42520
1675955124336 0.13600078821182252 42560
1675955125035 0.12171268463134766 42600
1675955125791 0.1541934609413147 42640
1675955126576 0.11676353216171265 42680
1675955127327 0.12414786815643311 42720
1675955128108 0.11302999258041382 42760
1675955128886 0.09609923958778381 42800
1675955129656 0.2052933692932129 42840
1675955130366 0.08185063600540161 42880
1675955131119 0.09651857614517212 42920
1675955131893 0.1648693561553955 42960
1675955132682 0.2142420530319214 43000
1675955133402 0.10165836811065673 43040
1675955134147 0.12832834720611572 43080
1675955134914 0.10971189737319946 43120
1675955135638 0.11809865236282349 43160
1675955136393 0.09701364636421203 43200
1675955137195 0.1821116328239441 43240
1675955138093 0.1176425576210022 43280
1675955138962 0.12022583484649658 43320
1675955139710 0.09987919330596924 43360
1675955140453 0.12888320684432983 43400
1675955141226 0.13052768707275392 43440
1675955141934 0.10927319526672363 43480
1675955142743 0.11583462953567505 43520
1675955143501 0.12621095180511474 43560
1675955144252 0.12060879468917847 43600
1675955145035 0.11274446249008178 43640
1675955145794 0.1034629225730896 43680
1675955146521 0.1684743046760559 43720
1675955147272 0.0747282087802887 43760
1675955148048 0.1353976011276245 43800
1675955148780 0.14396123886108397 43840
1675955149516 0.0700649619102478 43880
1675955150322 0.11831891536712646 43920
1675955151086 0.12613948583602905 43960
1675955151818 0.11451504230499268 44000
1675955152594 0.12347700595855712 44040
1675955153360 0.12477126121520996 44080
1675955154154 0.11207088232040405 44120
1675955154875 0.1472816824913025 44160
1675955155642 0.11641077995300293 44200
1675955156399 0.10744472742080688 44240
1675955157165 0.11562074422836303 44280
1675955157930 0.15483886003494263 44320
1675955158736 0.10314228534698486 44360
1675955159458 0.13331507444381713 44400
1675955160223 0.1401570200920105 44440
1675955160974 0.11265230178833008 44480
1675955161698 0.09306654334068298 44520
1675955162462 0.09252012372016907 44560
1675955163280 0.15736160278320313 44600
1675955164029 0.08404434323310853 44640
1675955164815 0.13163288831710815 44680
1675955165524 0.09848755002021789 44720
1675955166264 0.12821784019470214 44760
1675955166976 0.1353062629699707 44800
1675955167941 0.125416898727417 44840
1675955168839 0.10916234254837036 44880
1675955169809 0.16079177856445312 44920
1675955170554 0.09905885457992554 44960
1675955171366 0.15612297058105468 45000
1675955172080 0.09765124917030335 45040
1675955172878 0.1130571961402893 45080
1675955173578 0.08754157423973083 45120
1675955174303 0.09675958752632141 45160
1675955175085 0.10843557119369507 45200
1675955175845 0.10981016159057617 45240
1675955176546 0.10458723306655884 45280
1675955177305 0.11449507474899293 45320
1675955178057 0.11116633415222169 45360
1675955178802 0.09268975853919983 45400
1675955179573 0.14162917137145997 45440
1675955180291 0.0836060643196106 45480
1675955181006 0.12581639289855956 45520
1675955181766 0.12703856229782104 45560
1675955182529 0.09865978360176086 45600
1675955183330 0.09384509325027465 45640
1675955184132 0.10132825374603271 45680
1675955184866 0.11830860376358032 45720
1675955185624 0.13356733322143555 45760
1675955186385 0.10291174650192261 45800
1675955187119 0.08865699172019958 45840
1675955187878 0.10571975708007812 45880
1675955188664 0.12489417791366578 45920
1675955189513 0.10063984394073486 45960
1675955190233 0.10589818954467774 46000
1675955190916 0.1279492974281311 46040
1675955191614 0.11160526275634766 46080
1675955192366 0.11845762729644775 46120
1675955193175 0.16109871864318848 46160
1675955193913 0.13542641401290895 46200
1675955194640 0.11505739688873291 46240
1675955195363 0.12003974914550782 46280
1675955196102 0.11357448101043702 46320
1675955196821 0.08240438103675843 46360
1675955197601 0.12980239391326903 46400
1675955198435 0.10212048292160034 46440
1675955199231 0.10645711421966553 46480
1675955200000 0.1347239851951599 46520
1675955200760 0.1296174168586731 46560
1675955201487 0.15328036546707152 46600
1675955202224 0.1207915186882019 46640
1675955202971 0.1440269947052002 46680
1675955203668 0.14509890079498292 46720
1675955204362 0.11971406936645508 46760
1675955205088 0.13179699182510377 46800
1675955205795 0.1106377363204956 46840
1675955206556 0.11943727731704712 46880
1675955207399 0.15761952400207518 46920
1675955208115 0.08827194571495056 46960
1675955208884 0.12002308368682861 47000
1675955209633 0.10950133800506592 47040
1675955210356 0.08182611465454101 47080
1675955211150 0.0988470733165741 47120
1675955211906 0.12272708415985108 47160
1675955212712 0.09159611463546753 47200
1675955213509 0.1279178261756897 47240
1675955214317 0.12037755250930786 47280
1675955215044 0.08356415033340454 47320
1675955215810 0.13331477642059325 47360
1675955216562 0.09862240552902221 47400
1675955217305 0.10103858709335327 47440
1675955218120 0.11510764360427857 47480
1675955218863 0.13529033660888673 47520
1675955219583 0.08324928283691406 47560
1675955220352 0.11602550745010376 47600
1675955221060 0.08827956318855286 47640
1675955221790 0.0869578778743744 47680
1675955222586 0.12047436237335205 47720
1675955223382 0.12475812435150146 47760
1675955224137 0.12140851020812989 47800
1675955224907 0.11229251623153687 47840
1675955225680 0.11700906753540039 47880
1675955226380 0.0988061249256134 47920
1675955227126 0.11278309822082519 47960
1675955227964 0.09379842877388 48000
1675955228797 0.07387659549713135 48040
1675955229627 0.13039134740829467 48080
1675955230407 0.12764496803283693 48120
1675955231177 0.11629968881607056 48160
1675955231946 0.15065281391143798 48200
1675955232773 0.11344431638717652 48240
1675955233552 0.11654459238052368 48280
1675955234348 0.10297147035598755 48320
1675955235054 0.07866606116294861 48360
1675955235817 0.09590511918067932 48400
1675955236593 0.12006247043609619 48440
1675955237321 0.12368464469909668 48480
1675955238071 0.11871466636657715 48520
1675955238818 0.09649690985679626 48560
1675955239577 0.11018869876861573 48600
1675955240314 0.08425931334495544 48640
1675955241029 0.0888393759727478 48680
1675955241790 0.10118179321289063 48720
1675955242592 0.08767048120498658 48760
1675955243388 0.11676872968673706 48800
1675955244176 0.129413640499115 48840
1675955244895 0.08900507688522338 48880
1675955245654 0.08569957017898559 48920
1675955246430 0.13665282726287842 48960
1675955247150 0.1425180435180664 49000
1675955247920 0.130729079246521 49040
1675955248643 0.08833877444267273 49080
1675955249381 0.10366531610488891 49120
1675955250143 0.11714593172073365 49160
1675955250855 0.11746054887771606 49200
1675955251623 0.09989842176437377 49240
1675955252396 0.13027615547180177 49280
1675955253122 0.12441935539245605 49320
1675955253925 0.09480000734329223 49360
1675955254685 0.11826224327087402 49400
1675955255419 0.1000855803489685 49440
1675955256111 0.11277487277984619 49480
1675955256859 0.08936414122581482 49520
1675955257652 0.08022586703300476 49560
1675955258472 0.12917221784591676 49600
1675955259313 0.12513308525085448 49640
1675955260029 0.1002455472946167 49680
1675955260795 0.1015436053276062 49720
1675955261529 0.13272141218185424 49760
1675955262289 0.09575194120407104 49800
1675955263021 0.0835814893245697 49840
1675955263730 0.09218229651451111 49880
1675955264424 0.09168708920478821 49920
1675955265177 0.10718857049942017 49960
1675955265935 0.1346023201942444 50000
1675955266696 0.09247530698776245 50040
1675955267418 0.12657393217086793 50080
1675955268187 0.12229019403457642 50120
1675955268931 0.1094019055366516 50160
1675955269667 0.13219647407531737 50200
1675955272439 0.04762890636920929 50240
1675955273396 0.09498422741889953 50280
1675955274368 0.11522693634033203 50320
1675955275175 0.10215233564376831 50360
1675955275933 0.09782211780548096 50400
1675955276697 0.12139856815338135 50440
1675955277477 0.115238356590271 50480
1675955278247 0.13577603101730346 50520
1675955278985 0.1279592514038086 50560
1675955279727 0.11669044494628907 50600
1675955280534 0.1250281810760498 50640
1675955281296 0.14387717247009277 50680
1675955282005 0.09694939255714416 50720
1675955282793 0.11036114692687989 50760
1675955283533 0.09075390100479126 50800
1675955284261 0.11890703439712524 50840
1675955285040 0.12768962383270263 50880
1675955285781 0.13160154819488526 50920
1675955286543 0.11192694902420045 50960
1675955287296 0.11883362531661987 51000
1675955288174 0.13599584102630616 51040
1675955289007 0.10047990083694458 51080
1675955289769 0.12377897500991822 51120
1675955290476 0.13665916919708251 51160
1675955291217 0.11306798458099365 51200
1675955291991 0.10526082515716553 51240
1675955292714 0.08296082615852356 51280
1675955293511 0.13016709089279174 51320
1675955294307 0.1322431445121765 51360
1675955295147 0.16756434440612794 51400
1675955295873 0.11363304853439331 51440
1675955296592 0.09106006026268006 51480
1675955297378 0.12315301895141602 51520
1675955298199 0.10157437324523926 51560
1675955298923 0.07715844511985778 51600
1675955299714 0.08975958824157715 51640
1675955300464 0.13313889503479004 51680
1675955301206 0.08856346607208251 51720
1675955301961 0.12418226003646851 51760
1675955302766 0.09837663173675537 51800
1675955303531 0.10081133842468262 51840
1675955304285 0.10334662199020386 51880
1675955304971 0.11266535520553589 51920
1675955305736 0.14679372310638428 51960
1675955306443 0.10220553874969482 52000
1675955307183 0.11255354881286621 52040
1675955307916 0.13192138671875 52080
1675955308700 0.130626118183136 52120
1675955309439 0.10263688564300537 52160
1675955310143 0.1189318060874939 52200
1675955310951 0.10604115724563598 52240
1675955311707 0.1591983199119568 52280
1675955312500 0.15989004373550414 52320
1675955313199 0.1020666480064392 52360
1675955313988 0.08731688261032104 52400
1675955314724 0.12084090709686279 52440
1675955315528 0.14820131063461303 52480
1675955316255 0.12020703554153442 52520
1675955316976 0.10080480575561523 52560
1675955317854 0.15339595079421997 52600
1675955318654 0.10801528692245484 52640
1675955319435 0.1492858648300171 52680
1675955320226 0.10948756933212281 52720
1675955320972 0.12261950969696045 52760
1675955321760 0.10890382528305054 52800
1675955322561 0.11040503978729248 52840
1675955323337 0.11287862062454224 52880
1675955324073 0.08839241266250611 52920
1675955324840 0.10336674451828003 52960
1675955325629 0.15844309329986572 53000
1675955326416 0.13079863786697388 53040
1675955327129 0.08930377960205078 53080
1675955327862 0.11336613893508911 53120
1675955328667 0.11382591724395752 53160
1675955329406 0.12225010395050048 53200
1675955330156 0.12843153476715088 53240
1675955330934 0.13506555557250977 53280
1675955331757 0.11416904926300049 53320
1675955332561 0.12548710107803346 53360
1675955333352 0.104392671585083 53400
1675955334158 0.12643479108810424 53440
1675955334969 0.11305525302886962 53480
1675955335680 0.09746544957160949 53520
1675955336479 0.12465491294860839 53560
1675955337245 0.12725491523742677 53600
1675955337955 0.11157615184783935 53640
1675955338804 0.1198773741722107 53680
1675955339587 0.11678488254547119 53720
1675955340315 0.1478378653526306 53760
1675955341064 0.06982009410858155 53800
1675955341809 0.12450211048126221 53840
1675955342544 0.13687487840652465 53880
1675955343273 0.0800253689289093 53920
1675955344067 0.12051631212234497 53960
1675955344862 0.1376261830329895 54000
1675955345597 0.11016098260879517 54040
1675955346320 0.11983237266540528 54080
1675955347023 0.11692014932632447 54120
1675955347891 0.10786762237548828 54160
1675955348691 0.17099701166152953 54200
1675955349475 0.113433837890625 54240
1675955350226 0.11570147275924683 54280
1675955350980 0.11970797777175904 54320
1675955351747 0.1597333312034607 54360
1675955352509 0.10347148180007934 54400
1675955353242 0.12913124561309813 54440
1675955353996 0.11892783641815186 54480
1675955354710 0.11958099603652954 54520
1675955355432 0.09510344862937928 54560
1675955356205 0.09298138618469239 54600
1675955357038 0.2126185417175293 54640
1675955357806 0.09817540049552917 54680
1675955358607 0.14065109491348265 54720
1675955359317 0.16529794931411743 54760
1675955360033 0.11398694515228272 54800
1675955360740 0.15401959419250488 54840
1675955361569 0.16583412885665894 54880
1675955362334 0.13971171379089356 54920
1675955363294 0.16921625137329102 54960
1675955364080 0.10954064130783081 55000
1675955364934 0.1496073365211487 55040
1675955365646 0.1316369891166687 55080
1675955366396 0.10039199590682983 55120
1675955367088 0.08562201261520386 55160
1675955367811 0.11173025369644166 55200
1675955368615 0.09852487444877625 55240
1675955369376 0.10641758441925049 55280
1675955370101 0.10123108625411988 55320
1675955370840 0.13764139413833618 55360
1675955371601 0.12316198348999023 55400
1675955372334 0.08963713645935059 55440
1675955373108 0.13298367261886596 55480
1675955373819 0.08995410203933715 55520
1675955374525 0.1232135534286499 55560
1675955375269 0.14463462829589843 55600
1675955376018 0.09927778840065002 55640
1675955376747 0.10015467405319214 55680
1675955377487 0.11404935121536255 55720
1675955378316 0.14568523168563843 55760
1675955379157 0.10900300741195679 55800
1675955379952 0.12206510305404664 55840
1675955380683 0.0935354232788086 55880
1675955381446 0.10517671108245849 55920
1675955382232 0.1357940673828125 55960
1675955383084 0.10273358821868897 56000
1675955383808 0.11323115825653077 56040
1675955384480 0.13560668230056763 56080
1675955385168 0.10384066104888916 56120
1675955385928 0.14739589691162108 56160
1675955386714 0.13564674854278563 56200
1675955387467 0.14506157636642455 56240
1675955388223 0.11428881883621216 56280
1675955388978 0.12217080593109131 56320
1675955389704 0.07912742495536804 56360
1675955390432 0.08512871861457824 56400
1675955391153 0.1276329755783081 56440
1675955391956 0.11206926107406616 56480
1675955392718 0.10681861639022827 56520
1675955393556 0.13756251335144043 56560
1675955394353 0.12541816234588624 56600
1675955395093 0.12409055233001709 56640
1675955395838 0.11463457345962524 56680
1675955396588 0.1306053638458252 56720
1675955397290 0.1529663920402527 56760
1675955398006 0.10184917449951172 56800
1675955398739 0.12914930582046508 56840
1675955399447 0.09472447633743286 56880
1675955400189 0.11035975217819213 56920
1675955401049 0.17323739528656007 56960
1675955401768 0.09202139377593994 57000
1675955402489 0.11396446228027343 57040
1675955403244 0.11400127410888672 57080
1675955403956 0.0917162537574768 57120
1675955404740 0.09508652091026307 57160
1675955405489 0.10533797740936279 57200
1675955406252 0.11814025640487671 57240
1675955406982 0.12629611492156984 57280
1675955407775 0.09505262374877929 57320
1675955408644 0.08024795055389404 57360
1675955409457 0.1453770875930786 57400
1675955410207 0.12190003395080566 57440
1675955410930 0.09722650051116943 57480
1675955411723 0.12511348724365234 57520
1675955412509 0.12119041681289673 57560
1675955413211 0.08366585969924926 57600
1675955414009 0.10512977838516235 57640
1675955414752 0.10616071224212646 57680
1675955415596 0.0831307053565979 57720
1675955416459 0.10233663320541382 57760
1675955417328 0.13532869815826415 57800
1675955418128 0.13588746786117553 57840
1675955418909 0.11521716117858886 57880
1675955419710 0.11963669061660767 57920
1675955420450 0.10237507820129395 57960
1675955421201 0.11991991996765136 58000
1675955421918 0.0856190264225006 58040
1675955422725 0.0747347354888916 58080
1675955423600 0.12127851247787476 58120
1675955424415 0.10103392601013184 58160
1675955425161 0.11511420011520386 58200
1675955425911 0.12519986629486085 58240
1675955426759 0.1250607490539551 58280
1675955427526 0.12513329982757568 58320
1675955428361 0.09514535665512085 58360
1675955429073 0.09035630822181702 58400
1675955429841 0.12106746435165405 58440
1675955430601 0.10063818693161011 58480
1675955431313 0.12687236070632935 58520
1675955432032 0.1244080662727356 58560
1675955432747 0.09811331033706665 58600
1675955433479 0.10769510269165039 58640
1675955434204 0.09486846923828125 58680
1675955434921 0.09093890190124512 58720
1675955435670 0.10556999444961548 58760
1675955436426 0.07877441644668579 58800
1675955437156 0.10947266817092896 58840
1675955437956 0.12347229719161987 58880
1675955438716 0.08613013029098511 58920
1675955439543 0.0877421736717224 58960
1675955440287 0.10583623647689819 59000
1675955441033 0.12985581159591675 59040
1675955441779 0.12210794687271118 59080
1675955442502 0.07372532486915588 59120
1675955443231 0.11468296051025391 59160
1675955443996 0.10385113954544067 59200
1675955444703 0.11813315153121948 59240
1675955445470 0.09391105771064759 59280
1675955446248 0.14816612005233765 59320
1675955446970 0.0949818730354309 59360
1675955447813 0.10222409963607788 59400
1675955448683 0.1256264328956604 59440
1675955449479 0.11368762254714966 59480
1675955450198 0.09868968725204467 59520
1675955450972 0.08643234372138978 59560
1675955451772 0.09401168823242187 59600
1675955452577 0.11681883335113526 59640
1675955453481 0.12725065946578978 59680
1675955454289 0.11161547899246216 59720
1675955455148 0.0972750723361969 59760
1675955455946 0.11193194389343261 59800
1675955456799 0.1293766975402832 59840
1675955457731 0.08213381171226501 59880
1675955458573 0.08631752133369446 59920
1675955459438 0.09148890376091004 59960
1675955460235 0.09563130736351014 60000
1675955461102 0.1198314905166626 60040
1675955461962 0.09703028798103333 60080
1675955462762 0.09675737619400024 60120
1675955463519 0.09805023670196533 60160
1675955464353 0.11766203641891479 60200
1675955465077 0.13006507158279418 60240
