1675977822231 0.017262327671051025 0
1675977822395 0.6873808860778808 40
1675977822528 0.6827030181884766 80
1675977822661 0.6779649734497071 120
1675977822827 0.6730857849121094 160
1675977822954 0.666622257232666 200
1675977823102 0.6563342571258545 240
1675977823234 0.6565469264984131 280
1675977823368 0.646043348312378 320
1675977823516 0.6376392841339111 360
1675977823684 0.6300092220306397 400
1675977823902 0.6144183158874512 440
1675977824060 0.6198421478271484 480
1675977824209 0.6002720832824707 520
1675977824363 0.5824463844299317 560
1675977824508 0.5887446403503418 600
1675977824643 0.5775806427001953 640
1675977824813 0.5568320751190186 680
1675977824962 0.5625997543334961 720
1675977825091 0.5703181743621826 760
1675977825221 0.5601308345794678 800
1675977825371 0.5659943103790284 840
1675977825499 0.5762890815734864 880
1675977825628 0.5626632690429687 920
1675977825784 0.5624812126159668 960
1675977825973 0.5600652694702148 1000
1675977826110 0.5578135490417481 1040
1675977826256 0.5477492332458496 1080
1675977826390 0.5368689060211181 1120
1675977826545 0.49729323387145996 1160
1675977826749 0.5285979747772217 1200
1675977826902 0.5370931148529052 1240
1675977827039 0.5373262882232666 1280
1675977827208 0.5050172805786133 1320
1675977827380 0.5109111785888671 1360
1675977827509 0.4990870952606201 1400
1675977827654 0.5141530513763428 1440
1675977827790 0.507084846496582 1480
1675977828096 0.503903865814209 1520
1675977828294 0.4705204486846924 1560
1675977828415 0.5080829620361328 1600
1675977828540 0.5105241298675537 1640
1675977828660 0.4971663475036621 1680
1675977828788 0.4957441329956055 1720
1675977828937 0.48258724212646487 1760
1675977829108 0.4867543697357178 1800
1675977829242 0.45912847518920896 1840
1675977829373 0.4778635501861572 1880
1675977829521 0.45653834342956545 1920
1675977829663 0.46329598426818847 1960
1675977829804 0.4379885196685791 2000
1675977829990 0.4302556037902832 2040
1675977830173 0.45868606567382814 2080
1675977830305 0.41726322174072267 2120
1675977830447 0.43037972450256345 2160
1675977830594 0.4169342041015625 2200
1675977830746 0.38957016468048095 2240
1675977830887 0.4187297821044922 2280
1675977831035 0.42335896492004393 2320
1675977831173 0.38070385456085204 2360
1675977831330 0.3941810607910156 2400
1675977831456 0.3878281593322754 2440
1675977831596 0.3819289207458496 2480
1675977831722 0.3662871360778809 2520
1675977831865 0.3659163236618042 2560
1675977832039 0.31996803283691405 2600
1675977832224 0.357466459274292 2640
1675977832396 0.34657223224639894 2680
1675977832553 0.30798797607421874 2720
1675977832700 0.3422612905502319 2760
1675977832853 0.3803736448287964 2800
1675977833007 0.3176696300506592 2840
1675977833144 0.342861008644104 2880
1675977833292 0.3507141351699829 2920
1675977833440 0.33729431629180906 2960
1675977833575 0.3177417039871216 3000
1675977833709 0.3329044818878174 3040
1675977833867 0.3400357484817505 3080
1675977834065 0.351365327835083 3120
1675977834274 0.28151259422302244 3160
1675977834411 0.29470372200012207 3200
1675977834559 0.2889217138290405 3240
1675977834695 0.3371869087219238 3280
1675977834832 0.30849571228027345 3320
1675977835004 0.35492539405822754 3360
1675977835158 0.34134485721588137 3400
1675977835296 0.2919673681259155 3440
1675977835430 0.33344011306762694 3480
1675977835564 0.33716640472412107 3520
1675977835707 0.28714206218719485 3560
1675977835871 0.27984161376953126 3600
1675977836011 0.30969054698944093 3640
1675977836179 0.26165180206298827 3680
1675977836358 0.27762556076049805 3720
1675977836494 0.33902385234832766 3760
1675977836626 0.2964055061340332 3800
1675977836756 0.29844701290130615 3840
1675977837402 0.28975093364715576 3880
1675977837643 0.2628728628158569 3920
1675977837775 0.3500761747360229 3960
1675977837917 0.29683685302734375 4000
1675977838048 0.2853121042251587 4040
1675977838274 0.28203108310699465 4080
1675977838460 0.32470591068267823 4120
1675977838603 0.31209800243377683 4160
1675977838728 0.2617247819900513 4200
1675977838850 0.308345627784729 4240
1675977838985 0.30370359420776366 4280
1675977839151 0.2719113349914551 4320
1675977839283 0.2472320556640625 4360
1675977839408 0.3054975032806396 4400
1675977839563 0.29019718170166015 4440
1675977839792 0.26258275508880613 4480
1675977839925 0.25189235210418703 4520
1675977840048 0.3142195224761963 4560
1675977840258 0.3497856616973877 4600
1675977840401 0.2701871871948242 4640
1675977840562 0.2658838748931885 4680
1675977840692 0.2958674430847168 4720
1675977840824 0.28746421337127687 4760
1675977840959 0.24942381381988527 4800
1675977841097 0.27662835121154783 4840
1675977841293 0.22837507724761963 4880
1675977841437 0.23025448322296144 4920
1675977841575 0.2290651559829712 4960
1675977841741 0.24565660953521729 5000
1675977841892 0.2392334222793579 5040
1675977842022 0.22829313278198243 5080
1675977842146 0.27902846336364745 5120
1675977842313 0.29393796920776366 5160
1675977842458 0.20253300666809082 5200
1675977842630 0.28104851245880125 5240
1675977842752 0.25406932830810547 5280
1675977842889 0.2754313230514526 5320
1675977843037 0.2408750534057617 5360
1675977843189 0.24429240226745605 5400
1675977843337 0.20166540145874023 5440
1675977843473 0.2636083126068115 5480
1675977843620 0.26502022743225095 5520
1675977843753 0.2514041423797607 5560
1675977843902 0.2578647375106812 5600
1675977844048 0.2417649507522583 5640
1675977844202 0.20532052516937255 5680
1675977844355 0.27056920528411865 5720
1675977844510 0.22225887775421144 5760
1675977844780 0.1973302960395813 5800
1675977844906 0.28749072551727295 5840
1675977845044 0.22232248783111572 5880
1675977845190 0.2825218439102173 5920
1675977845348 0.30039980411529543 5960
1675977845504 0.2616676092147827 6000
1675977845642 0.2431391716003418 6040
1675977845772 0.21014778614044188 6080
1675977845900 0.178055477142334 6120
1675977846032 0.21813621520996093 6160
1675977846174 0.22008821964263917 6200
1675977846349 0.19125726222991943 6240
1675977846504 0.21652548313140868 6280
1675977846645 0.2673359394073486 6320
1675977846836 0.2520177125930786 6360
1675977846961 0.26355819702148436 6400
1675977847093 0.20095744132995605 6440
1675977847241 0.20628490447998046 6480
1675977847413 0.21682212352752686 6520
1675977847533 0.279559588432312 6560
1675977847674 0.23003311157226564 6600
1675977847816 0.18815079927444459 6640
1675977847941 0.2293095827102661 6680
1675977848094 0.24907612800598145 6720
1675977848308 0.22801947593688965 6760
1675977848492 0.21254804134368896 6800
1675977848629 0.19836037158966063 6840
1675977848781 0.2030102252960205 6880
1675977848924 0.21063494682312012 6920
1675977849111 0.19059938192367554 6960
1675977849241 0.2093419313430786 7000
1675977849368 0.20588366985321044 7040
1675977849528 0.21422452926635743 7080
1675977849676 0.17602571249008178 7120
1675977849826 0.23054919242858887 7160
1675977849954 0.20658888816833496 7200
1675977850141 0.17519428730010986 7240
1675977850286 0.19094830751419067 7280
1675977850442 0.18712215423583983 7320
1675977850566 0.18515689373016359 7360
1675977850710 0.17067743539810182 7400
1675977850903 0.22492332458496095 7440
1675977851036 0.16895513534545897 7480
1675977851168 0.19865429401397705 7520
1675977851303 0.2709489107131958 7560
1675977851477 0.21035685539245605 7600
1675977851627 0.2262871742248535 7640
1675977851745 0.17972795963287352 7680
1675977851880 0.2165482759475708 7720
1675977852015 0.17827317714691163 7760
1675977852136 0.20237855911254882 7800
1675977852315 0.15419788360595704 7840
1675977852472 0.23345394134521485 7880
1675977852636 0.19464054107666015 7920
1675977852782 0.20859856605529786 7960
1675977852958 0.17241387367248534 8000
1675977853109 0.2345949411392212 8040
1675977853280 0.2275920867919922 8080
1675977853423 0.1764983654022217 8120
1675977853583 0.20442583560943603 8160
1675977853723 0.1259223461151123 8200
1675977853854 0.18306092023849488 8240
1675977854005 0.19644229412078856 8280
1675977854155 0.20103304386138915 8320
1675977854296 0.17584834098815919 8360
1675977854434 0.22483315467834472 8400
1675977854613 0.18148232698440553 8440
1675977854760 0.14248462915420532 8480
1675977854903 0.18965137004852295 8520
1675977855124 0.17235039472579955 8560
1675977855268 0.17842878103256227 8600
1675977855401 0.23421621322631836 8640
1675977855533 0.19476372003555298 8680
1675977855714 0.14767799377441407 8720
1675977855845 0.165121328830719 8760
1675977855977 0.17658164501190185 8800
1675977856108 0.20246355533599852 8840
1675977856252 0.2023848295211792 8880
1675977856369 0.15540605783462524 8920
1675977856500 0.15142818689346313 8960
1675977857144 0.18115406036376952 9000
1675977857276 0.2075549602508545 9040
1675977857412 0.18376730680465697 9080
1675977857562 0.1831943154335022 9120
1675977857717 0.17972705364227295 9160
1675977857864 0.14705818891525269 9200
1675977857999 0.21582553386688233 9240
1675977858147 0.13454868793487548 9280
1675977858373 0.19829018115997316 9320
1675977858505 0.16940246820449828 9360
1675977858642 0.17555586099624634 9400
1675977858825 0.18256814479827882 9440
1675977858963 0.14080170392990113 9480
1675977859272 0.17750105857849122 9520
1675977859416 0.17338142395019532 9560
1675977859548 0.1910085916519165 9600
1675977859690 0.17492568492889404 9640
1675977859860 0.14232189655303956 9680
1675977860004 0.19479751586914062 9720
1675977860156 0.15202494859695434 9760
1675977860309 0.2223588466644287 9800
1675977860442 0.2175741672515869 9840
1675977860573 0.1500055193901062 9880
1675977860711 0.18043712377548218 9920
1675977860868 0.1666348934173584 9960
1675977861011 0.22669570446014403 10000
1675977861139 0.17949984073638917 10040
1675977862352 0.1393030047416687 10080
1675977862493 0.19131603240966796 10120
1675977862637 0.1639103889465332 10160
1675977862809 0.17349776029586791 10200
1675977862943 0.17003951072692872 10240
1675977863085 0.18910887241363525 10280
1675977863218 0.19828157424926757 10320
1675977863508 0.19422147274017335 10360
1675977863648 0.23875117301940918 10400
1675977863789 0.16339123249053955 10440
1675977863973 0.18728386163711547 10480
1675977864154 0.1886131525039673 10520
1675977864335 0.1649235248565674 10560
1675977864469 0.18890955448150634 10600
1675977864601 0.17608612775802612 10640
1675977864726 0.19346057176589965 10680
1675977864895 0.20541393756866455 10720
1675977865019 0.20913631916046144 10760
1675977865154 0.16147336959838868 10800
1675977865291 0.19765411615371703 10840
1675977865439 0.17528326511383058 10880
1675977865586 0.14947593212127686 10920
1675977865714 0.22315032482147218 10960
1675977865848 0.2059481143951416 11000
1675977866006 0.15223530530929566 11040
1675977866138 0.20300579071044922 11080
1675977866271 0.1713718891143799 11120
1675977866402 0.17850720882415771 11160
1675977866548 0.20780589580535888 11200
1675977866688 0.1551966905593872 11240
1675977866829 0.16341736316680908 11280
1675977867020 0.19720544815063476 11320
1675977867175 0.17756422758102416 11360
1675977867305 0.1377987027168274 11400
1675977867448 0.13003695011138916 11440
1675977867632 0.1528565764427185 11480
1675977867760 0.1976143479347229 11520
1675977867894 0.19429436922073365 11560
1675977868097 0.14948827028274536 11600
1675977868311 0.17182574272155762 11640
1675977868437 0.19430218935012816 11680
1675977868778 0.17075439691543579 11720
1675977868904 0.2264373779296875 11760
1675977869090 0.15606236457824707 11800
1675977869237 0.15319540500640869 11840
1675977869366 0.1678014278411865 11880
1675977869499 0.18927483558654784 11920
1675977869779 0.1461268901824951 11960
1675977869897 0.1640034556388855 12000
1675977870067 0.1385744571685791 12040
1675977870260 0.18891209363937378 12080
1675977870396 0.2128598928451538 12120
1675977870540 0.1636108636856079 12160
1675977870696 0.16783725023269652 12200
1675977870837 0.16228290796279907 12240
1675977870986 0.17423759698867797 12280
1675977871158 0.22187259197235107 12320
1675977871286 0.16322327852249147 12360
1675977871419 0.15298429727554322 12400
1675977871559 0.1603924036026001 12440
1675977871723 0.1698434829711914 12480
1675977871851 0.20062220096588135 12520
1675977871989 0.14129362106323243 12560
1675977872159 0.17405797243118287 12600
1675977872305 0.1628227114677429 12640
1675977872440 0.14517072439193726 12680
1675977872581 0.17911748886108397 12720
1675977872711 0.1067823052406311 12760
1675977872840 0.18401892185211183 12800
1675977872988 0.20066075325012206 12840
1675977873142 0.17447162866592408 12880
1675977873271 0.15863139629364015 12920
1675977873407 0.1720535159111023 12960
1675977873541 0.1383189082145691 13000
1675977873715 0.17425403594970704 13040
1675977873840 0.1461179256439209 13080
1675977873988 0.173866868019104 13120
1675977874173 0.20060243606567382 13160
1675977874303 0.12627798318862915 13200
1675977874434 0.14819120168685912 13240
1675977874561 0.13324350118637085 13280
1675977874698 0.192220938205719 13320
1675977874829 0.15037840604782104 13360
1675977874955 0.1746486783027649 13400
1675977875089 0.17613862752914428 13440
1675977875251 0.17067911624908447 13480
1675977875380 0.17487152814865112 13520
1675977875504 0.17154849767684938 13560
1675977875641 0.15820486545562745 13600
1675977875814 0.10749051570892335 13640
1675977875944 0.18361653089523317 13680
1675977876072 0.13002996444702147 13720
1675977876279 0.1382090926170349 13760
1675977876414 0.18631982803344727 13800
1675977876551 0.1343676805496216 13840
1675977876680 0.1791362762451172 13880
1675977876812 0.1536106824874878 13920
1675977876937 0.1574751019477844 13960
1675977877066 0.18275866508483887 14000
1675977877244 0.17126336097717285 14040
1675977877386 0.16293236017227172 14080
1675977877527 0.15655776262283325 14120
1675977877666 0.1801680088043213 14160
1675977878021 0.19340648651123046 14200
1675977878412 0.16504602432250975 14240
1675977878528 0.17738372087478638 14280
1675977878660 0.18695923089981079 14320
1675977878779 0.13938121795654296 14360
1675977878909 0.15173630714416503 14400
1675977879065 0.15325729846954345 14440
1675977879211 0.18615832328796386 14480
1675977879360 0.13296129703521728 14520
1675977879518 0.15520435571670532 14560
1675977879643 0.14326803684234618 14600
1675977879766 0.23754193782806396 14640
1675977879898 0.18344036340713502 14680
1675977880086 0.1410049319267273 14720
1675977880227 0.1690741539001465 14760
1675977880401 0.17442883253097535 14800
1675977880535 0.16143388748168946 14840
1675977880675 0.14900002479553223 14880
1675977880805 0.13002957105636598 14920
1675977880952 0.14746330976486205 14960
1675977881082 0.13275283575057983 15000
1675977881225 0.14212116003036498 15040
1675977881417 0.14312293529510497 15080
1675977881544 0.14980276823043823 15120
1675977881682 0.13367385864257814 15160
1675977881830 0.19533244371414185 15200
1675977881953 0.12379202842712403 15240
1675977882142 0.15248416662216185 15280
1675977882348 0.14029604196548462 15320
1675977882482 0.17687089443206788 15360
1675977882630 0.14038811922073363 15400
1675977882771 0.18100830316543579 15440
1675977882900 0.13692957162857056 15480
1675977883022 0.1674969434738159 15520
1675977883143 0.1647358775138855 15560
1675977883263 0.1613009214401245 15600
1675977883418 0.14931960105895997 15640
1675977883535 0.15500551462173462 15680
1675977883671 0.13270938396453857 15720
1675977883801 0.16635109186172486 15760
1675977883932 0.16095457077026368 15800
1675977884106 0.13425781726837158 15840
1675977884237 0.16759508848190308 15880
1675977884369 0.1358722686767578 15920
1675977884515 0.17037218809127808 15960
1675977884658 0.2260049819946289 16000
1675977884793 0.17308533191680908 16040
1675977884936 0.16443660259246826 16080
1675977885072 0.13027852773666382 16120
1675977885220 0.1064150094985962 16160
1675977885344 0.16792134046554566 16200
1675977885495 0.12499442100524902 16240
1675977885631 0.12693650722503663 16280
1675977885759 0.14147430658340454 16320
1675977885904 0.19498298168182374 16360
1675977886055 0.15881561040878295 16400
1675977886332 0.18187801837921141 16440
1675977886488 0.14334044456481934 16480
1675977886615 0.14575685262680055 16520
1675977886800 0.1353084921836853 16560
1675977886920 0.19345967769622802 16600
1675977887059 0.13605504035949706 16640
1675977887192 0.14469127655029296 16680
1675977887325 0.1407393217086792 16720
1675977887496 0.1948901653289795 16760
1675977887655 0.1473797917366028 16800
1675977887808 0.14739274978637695 16840
1675977887939 0.12836179733276368 16880
1675977888096 0.1410525918006897 16920
1675977888274 0.12484946250915527 16960
1675977888462 0.1417971968650818 17000
1675977888645 0.160254967212677 17040
1675977888781 0.1389860153198242 17080
1675977888925 0.14872434139251708 17120
1675977889116 0.12453622817993164 17160
1675977889244 0.16877288818359376 17200
1675977889422 0.16140109300613403 17240
1675977889592 0.12630242109298706 17280
1675977889737 0.12001234292984009 17320
1675977889880 0.14499372243881226 17360
1675977890013 0.13502397537231445 17400
1675977890151 0.10592833757400513 17440
1675977890290 0.15942535400390626 17480
1675977890463 0.11656882762908935 17520
1675977890618 0.12741403579711913 17560
1675977890758 0.2206411600112915 17600
1675977890898 0.15825488567352294 17640
1675977891082 0.14207730293273926 17680
1675977891235 0.13106203079223633 17720
1675977891365 0.16335197687149047 17760
1675977891487 0.1290601134300232 17800
1675977891647 0.14991800785064696 17840
1675977891765 0.10180113315582276 17880
1675977891894 0.14078135490417482 17920
1675977892031 0.1341632604598999 17960
1675977892163 0.16563143730163574 18000
1675977892328 0.1143264651298523 18040
1675977892513 0.1709447145462036 18080
1675977892715 0.18609988689422607 18120
1675977892865 0.13294001817703247 18160
1675977892997 0.15669479370117187 18200
1675977893129 0.10496857166290283 18240
1675977893273 0.1277358651161194 18280
1675977893398 0.1324698209762573 18320
1675977893541 0.1612571358680725 18360
1675977893695 0.11623091697692871 18400
1675977893831 0.1467594861984253 18440
1675977893967 0.1174156904220581 18480
1675977894129 0.11117266416549683 18520
1675977894317 0.14520344734191895 18560
1675977894448 0.13579269647598266 18600
1675977894760 0.12900925874710084 18640
1675977894893 0.16581655740737916 18680
1675977895024 0.13093962669372558 18720
1675977895174 0.10411759614944457 18760
1675977895333 0.13826807737350463 18800
1675977895467 0.13475788831710817 18840
1675977895613 0.13221386671066285 18880
1675977895793 0.1462239980697632 18920
1675977895917 0.13860992193222046 18960
1675977896062 0.10258314609527588 19000
1675977896197 0.1267284035682678 19040
1675977896338 0.14021860361099242 19080
1675977896472 0.14887030124664308 19120
1675977896612 0.14666860103607177 19160
1675977896820 0.1428755521774292 19200
1675977896950 0.10449521541595459 19240
1675977897101 0.1371641516685486 19280
1675977897241 0.11158148050308228 19320
1675977897400 0.1465051531791687 19360
1675977897542 0.11987557411193847 19400
1675977897692 0.15624135732650757 19440
1675977897835 0.1370665669441223 19480
1675977897969 0.11427386999130248 19520
1675977898111 0.128295373916626 19560
1675977898249 0.1323405385017395 19600
1675977898391 0.1530679702758789 19640
1675977898543 0.13024247884750367 19680
1675977898684 0.10162250995635987 19720
1675977898942 0.15625468492507935 19760
1675977899112 0.10542588233947754 19800
1675977899252 0.16752926111221314 19840
1675977899407 0.1838923692703247 19880
1675977899560 0.09990479946136474 19920
1675977899734 0.1331106901168823 19960
1675977899905 0.12525792121887208 20000
1675977900032 0.1638878583908081 20040
1675977900179 0.18876224756240845 20080
1675977901824 0.0886132299900055 20120
1675977902008 0.1390146017074585 20160
1675977902145 0.1361967444419861 20200
1675977902297 0.12265920639038086 20240
1675977902444 0.14490760564804078 20280
1675977902600 0.16086984872817994 20320
1675977902738 0.12218146324157715 20360
1675977902891 0.1572518229484558 20400
1675977903109 0.17776570320129395 20440
1675977903249 0.1403375506401062 20480
1675977903399 0.10991151332855224 20520
1675977903541 0.15557258129119872 20560
1675977903693 0.11459033489227295 20600
1675977903850 0.12331445217132568 20640
1675977904048 0.1474348783493042 20680
1675977904196 0.17359380722045897 20720
1675977904333 0.14559587240219116 20760
1675977904482 0.14877090454101563 20800
1675977904634 0.13358787298202515 20840
1675977904770 0.13937003612518312 20880
1675977904912 0.14399592876434325 20920
1675977905101 0.1033198356628418 20960
1675977905281 0.1766432046890259 21000
1675977905422 0.15947223901748658 21040
1675977905547 0.1268424868583679 21080
1675977905803 0.14176381826400758 21120
1675977905925 0.11743427515029907 21160
1675977906098 0.12427669763565063 21200
1675977906318 0.1608830213546753 21240
1675977906476 0.14137368202209472 21280
1675977906622 0.11493383646011353 21320
1675977906756 0.13263041973114015 21360
1675977906911 0.14478669166564942 21400
1675977907089 0.09619214534759521 21440
1675977907286 0.11005970239639282 21480
1675977907433 0.1089677095413208 21520
1675977907597 0.1729537844657898 21560
1675977907770 0.13185970783233641 21600
1675977907919 0.13705612421035768 21640
1675977908100 0.14278156757354737 21680
1675977908536 0.1401057243347168 21720
1675977908685 0.13144056797027587 21760
1675977908832 0.15007920265197755 21800
1675977908979 0.137955379486084 21840
1675977909180 0.1123816728591919 21880
1675977909381 0.12236326932907104 21920
1675977909521 0.1710745096206665 21960
1675977909671 0.1291503429412842 22000
1675977909810 0.11648709774017334 22040
1675977909942 0.1258416533470154 22080
1675977910096 0.13394663333892823 22120
1675977910257 0.15994890928268432 22160
1675977910417 0.1279078960418701 22200
1675977910554 0.12384319305419922 22240
1675977910699 0.13185101747512817 22280
1675977910853 0.14340813159942628 22320
1675977911006 0.17090049982070923 22360
1675977911177 0.1326874613761902 22400
1675977911339 0.12354428768157959 22440
1675977911623 0.13086860179901122 22480
1675977911761 0.12684328556060792 22520
1675977911907 0.16642227172851562 22560
1675977912049 0.11998984813690186 22600
1675977912262 0.1347649097442627 22640
1675977912415 0.1466513156890869 22680
1675977912540 0.10357159376144409 22720
1675977912695 0.12224061489105224 22760
1675977912837 0.0900910496711731 22800
1675977912986 0.128632652759552 22840
1675977913146 0.15674511194229127 22880
1675977913331 0.13585710525512695 22920
1675977913469 0.10919474363327027 22960
1675977913668 0.13911348581314087 23000
1675977913803 0.10478700399398803 23040
1675977913939 0.14922159910202026 23080
1675977914131 0.11723928451538086 23120
1675977914308 0.1398940086364746 23160
1675977914445 0.14960088729858398 23200
1675977914593 0.11080573797225952 23240
1675977914722 0.10730528831481934 23280
1675977914873 0.10660426616668701 23320
1675977915019 0.14337300062179564 23360
1675977915171 0.12200028896331787 23400
1675977915337 0.1323511242866516 23440
1675977915485 0.14697755575180055 23480
1675977915770 0.12082380056381226 23520
1675977915917 0.13349014520645142 23560
1675977916047 0.1253974437713623 23600
1675977916184 0.1472669243812561 23640
1675977916396 0.08015018105506896 23680
1675977916534 0.15084172487258912 23720
1675977916766 0.11348059177398681 23760
1675977916900 0.08194742798805237 23800
1675977917058 0.14392274618148804 23840
1675977917191 0.11680710315704346 23880
1675977917390 0.12323782444000245 23920
1675977917539 0.12851357460021973 23960
1675977917700 0.12813279628753663 24000
1675977917862 0.1333720564842224 24040
1675977917996 0.14686588048934937 24080
1675977918138 0.13938411474227905 24120
1675977918267 0.11347142457962037 24160
1675977918445 0.12878950834274291 24200
1675977918588 0.16035677194595338 24240
1675977918714 0.13496135473251342 24280
1675977918855 0.147330379486084 24320
1675977919010 0.1549672842025757 24360
1675977919149 0.10343741178512574 24400
1675977919300 0.11940494775772095 24440
1675977919477 0.12191517353057861 24480
1675977919648 0.15861949920654297 24520
1675977919836 0.09014887213706971 24560
1675977919985 0.14179368019104005 24600
1675977920122 0.10502705574035645 24640
1675977920256 0.16315979957580568 24680
1675977920456 0.15042349100112914 24720
1675977920609 0.13080357313156127 24760
1675977920745 0.12212061882019043 24800
1675977920878 0.1609719514846802 24840
1675977921014 0.1139908790588379 24880
1675977921152 0.13542345762252808 24920
1675977921286 0.10091420412063598 24960
1675977921461 0.12839752435684204 25000
1675977921594 0.10572202205657959 25040
1675977921731 0.09898514747619629 25080
1675977921922 0.10346039533615112 25120
1675977922095 0.13325607776641846 25160
1675977922473 0.09742779135704041 25200
1675977922628 0.14388140439987182 25240
1675977922759 0.09737165570259095 25280
1675977922897 0.11975721120834351 25320
1675977923030 0.11507306098937989 25360
1675977923175 0.11612920761108399 25400
1675977923303 0.12035022974014283 25440
1675977923457 0.13950974941253663 25480
1675977923613 0.10505787134170533 25520
1675977923744 0.1278202176094055 25560
1675977923890 0.12959810495376586 25600
1675977924166 0.12735309600830078 25640
1675977924300 0.12539548873901368 25680
1675977924460 0.12867965698242187 25720
1675977924636 0.10687347650527954 25760
1675977924769 0.13838396072387696 25800
1675977924916 0.10047510862350464 25840
1675977925096 0.12426466941833496 25880
1675977925239 0.11570030450820923 25920
1675977925370 0.10364041328430176 25960
1675977925523 0.13605048656463622 26000
1675977925687 0.18088688850402831 26040
1675977925839 0.13253495693206788 26080
1675977925975 0.12755731344223023 26120
1675977926164 0.10001595020294189 26160
1675977926298 0.08386825323104859 26200
1675977926427 0.11945633888244629 26240
1675977926594 0.10302186012268066 26280
1675977926737 0.10144778490066528 26320
1675977926922 0.11767488718032837 26360
1675977927116 0.140814208984375 26400
1675977927271 0.1178898811340332 26440
1675977927399 0.14653260707855226 26480
1675977927536 0.12430790662765503 26520
1675977927707 0.11714918613433838 26560
1675977927839 0.10052995681762696 26600
1675977927963 0.12999067306518555 26640
1675977928138 0.11540801525115967 26680
1675977928279 0.10596990585327148 26720
1675977928458 0.10834270715713501 26760
1675977928635 0.14369430541992187 26800
1675977928822 0.15008721351623536 26840
1675977928949 0.10266395807266235 26880
1675977929129 0.10869603157043457 26920
1675977929270 0.1092525839805603 26960
1675977929411 0.07955065965652466 27000
1675977929558 0.11665359735488892 27040
1675977929732 0.12883732318878174 27080
1675977929858 0.09813401103019714 27120
1675977929993 0.12868051528930663 27160
1675977930162 0.10417355298995971 27200
1675977930315 0.12728966474533082 27240
1675977930450 0.10906898975372314 27280
1675977930586 0.10826144218444825 27320
1675977930760 0.1021534562110901 27360
1675977930909 0.12528213262557983 27400
1675977931036 0.09691729545593261 27440
1675977931176 0.08710728883743286 27480
1675977931315 0.1257229208946228 27520
1675977931454 0.09605227708816529 27560
1675977931602 0.09805179834365844 27600
1675977931783 0.16022399663925171 27640
1675977931937 0.1335214853286743 27680
1675977932096 0.10274583101272583 27720
1675977932402 0.08856266140937805 27760
1675977932541 0.12070095539093018 27800
1675977932676 0.10932834148406982 27840
1675977932865 0.10068211555480958 27880
1675977932990 0.0847572147846222 27920
1675977933138 0.09678115844726562 27960
1675977933285 0.10024198293685913 28000
1675977933440 0.12191904783248901 28040
1675977933646 0.09320118427276611 28080
1675977933835 0.14502803087234498 28120
1675977933994 0.13959985971450806 28160
1675977934161 0.10145053863525391 28200
1675977934306 0.11786373853683471 28240
1675977934481 0.07150365114212036 28280
1675977934636 0.09395007491111755 28320
1675977934785 0.1128391981124878 28360
1675977934949 0.1487286925315857 28400
1675977935113 0.0864450216293335 28440
1675977935255 0.09829593300819398 28480
1675977935406 0.09633613228797913 28520
1675977935554 0.0911205530166626 28560
1675977935690 0.09941570162773132 28600
1675977935827 0.09525734782218934 28640
1675977935976 0.08838316798210144 28680
1675977936118 0.12372102737426757 28720
1675977936260 0.11082850694656372 28760
1675977936464 0.07536677718162536 28800
1675977936618 0.09433491826057434 28840
1675977936747 0.11187422275543213 28880
1675977936924 0.10407992601394653 28920
1675977937071 0.10875723361968995 28960
1675977937204 0.09043855667114258 29000
1675977937354 0.09162577390670776 29040
1675977937519 0.10596784353256225 29080
1675977937648 0.10162147283554077 29120
1675977937794 0.10111047029495239 29160
1675977937952 0.11461911201477051 29200
1675977938091 0.11308716535568238 29240
1675977938288 0.08009795546531677 29280
1675977938424 0.09256224036216736 29320
1675977938598 0.08334746956825256 29360
1675977938728 0.0783342182636261 29400
1675977938853 0.10934723615646362 29440
1675977939039 0.0960074245929718 29480
1675977939172 0.10639826059341431 29520
1675977939345 0.10201776027679443 29560
1675977939482 0.09868159294128417 29600
1675977939620 0.09209319353103637 29640
1675977939767 0.10977418422698974 29680
1675977939910 0.09421525597572326 29720
1675977940084 0.06791487336158752 29760
1675977940236 0.11304088830947875 29800
1675977940383 0.08637117743492126 29840
1675977940554 0.11372206211090088 29880
1675977940704 0.13770391941070556 29920
1675977940850 0.08520857691764831 29960
1675977941020 0.11987682580947875 30000
1675977941156 0.08955738544464112 30040
1675977941290 0.10898417234420776 30080
1675977941442 0.15536729097366334 30120
1675977942307 0.0527604341506958 30160
1675977942448 0.10111503601074219 30200
1675977942741 0.09441392421722412 30240
1675977942890 0.10257071256637573 30280
1675977943048 0.0902579665184021 30320
1675977943195 0.12205824851989747 30360
1675977943318 0.0912321925163269 30400
1675977943458 0.12095980644226074 30440
1675977943598 0.14014426469802857 30480
1675977943743 0.10322395563125611 30520
1675977943891 0.08275108337402344 30560
1675977944065 0.1341756224632263 30600
1675977944201 0.09559527635574341 30640
1675977944395 0.09419028162956238 30680
1675977944519 0.10343142747879028 30720
1675977944658 0.12713435888290406 30760
1675977944838 0.10107126235961914 30800
1675977944966 0.10708223581314087 30840
1675977945119 0.12268805503845215 30880
1675977945253 0.10788875818252563 30920
1675977945391 0.0978516697883606 30960
1675977945528 0.0939392864704132 31000
1675977945677 0.1214059829711914 31040
1675977945801 0.13915460109710692 31080
1675977945943 0.09697397351264954 31120
1675977946097 0.09769760370254517 31160
1675977946245 0.08168869018554688 31200
1675977946404 0.1006428599357605 31240
1675977946551 0.11471390724182129 31280
1675977946756 0.11221388578414918 31320
1675977946949 0.10009591579437256 31360
1675977947098 0.09315637350082398 31400
1675977947256 0.09900617003440856 31440
1675977947408 0.06938783526420593 31480
1675977947533 0.08853176832199097 31520
1675977947665 0.07002695202827454 31560
1675977947800 0.11941025257110596 31600
1675977947956 0.09004085063934326 31640
1675977948130 0.104594886302948 31680
1675977948295 0.10428178310394287 31720
1675977948429 0.1067990779876709 31760
1675977948576 0.09952494502067566 31800
1675977948718 0.11453502178192139 31840
1675977948889 0.09673168063163758 31880
1675977949064 0.08754056692123413 31920
1675977949232 0.0920246422290802 31960
1675977949363 0.12926515340805053 32000
1675977949487 0.07674475312232971 32040
1675977949632 0.0976823091506958 32080
1675977949758 0.09755492210388184 32120
1675977949907 0.08386662602424622 32160
1675977950168 0.12947167158126832 32200
1675977950403 0.11593616008758545 32240
1675977950530 0.07801762819290162 32280
1675977950688 0.09484766721725464 32320
1675977950836 0.12028141021728515 32360
1675977951042 0.10286101102828979 32400
1675977951195 0.12172051668167114 32440
1675977951417 0.09811437129974365 32480
1675977951556 0.10174797773361206 32520
1675977951707 0.09653148055076599 32560
1675977951850 0.11646305322647095 32600
1675977952005 0.08264477849006653 32640
1675977952146 0.10002055168151855 32680
1675977952384 0.10230237245559692 32720
1675977952520 0.08177307844161988 32760
1675977952669 0.09483884572982788 32800
1675977952808 0.04781643152236938 32840
1675977952952 0.0853506326675415 32880
1675977953174 0.11008967161178589 32920
1675977953365 0.09514662623405457 32960
1675977953500 0.07506605386734008 33000
1675977953653 0.10297313928604127 33040
1675977953796 0.09099020957946777 33080
1675977953932 0.09902313947677613 33120
1675977954126 0.10143165588378907 33160
1675977954268 0.08986228108406066 33200
1675977954422 0.09987240433692932 33240
1675977954563 0.08838056325912476 33280
1675977954701 0.08848766088485718 33320
1675977954835 0.08733795285224914 33360
1675977954970 0.11320009231567382 33400
1675977955256 0.08035848140716553 33440
1675977955422 0.09440975189208985 33480
1675977955569 0.0934162437915802 33520
1675977955717 0.09145604968070983 33560
1675977955867 0.10596942901611328 33600
1675977956001 0.10350443124771118 33640
1675977956161 0.119041907787323 33680
1675977956343 0.05108305811882019 33720
1675977956516 0.101863694190979 33760
1675977956651 0.10636385679244995 33800
1675977956790 0.06725691556930542 33840
1675977956950 0.09963652491569519 33880
1675977957095 0.08524163365364075 33920
1675977957277 0.10003006458282471 33960
1675977957434 0.09110409021377563 34000
1675977957579 0.10120617151260376 34040
1675977957710 0.09430505633354187 34080
1675977957845 0.11709440946578979 34120
1675977957992 0.09171603322029113 34160
1675977958141 0.07994155287742614 34200
1675977958291 0.0838114857673645 34240
1675977958470 0.13539385795593262 34280
1675977958607 0.09752181768417359 34320
1675977958751 0.09009726047515869 34360
1675977958890 0.10551098585128785 34400
1675977959062 0.07194743752479553 34440
1675977959196 0.08807653188705444 34480
1675977959375 0.08637140989303589 34520
1675977959551 0.11413778066635132 34560
1675977959774 0.07701862454414368 34600
1675977959936 0.11706953048706055 34640
1675977960109 0.06855099201202393 34680
1675977960280 0.13192260265350342 34720
1675977960425 0.11992717981338501 34760
1675977960627 0.1044039249420166 34800
1675977960754 0.0994397222995758 34840
1675977960902 0.12227895259857177 34880
1675977961051 0.06906496286392212 34920
1675977961190 0.10181258916854859 34960
1675977961364 0.08952665328979492 35000
1675977961524 0.1025091528892517 35040
1675977961651 0.08512296676635742 35080
1675977961789 0.06389676928520202 35120
1675977961980 0.07083356380462646 35160
1675977962149 0.08149440884590149 35200
1675977962340 0.08000940680503846 35240
1675977962481 0.09430376291275025 35280
1675977962646 0.08816547989845276 35320
1675977962784 0.08985214829444885 35360
1675977962981 0.09673393368721009 35400
1675977963129 0.07916662693023682 35440
1675977963267 0.09090170860290528 35480
1675977963539 0.10655357837677001 35520
1675977963698 0.07919079661369324 35560
1675977963830 0.09257367253303528 35600
1675977963967 0.10715750455856324 35640
1675977964118 0.08818013668060302 35680
1675977964247 0.11778569221496582 35720
1675977964380 0.08818583488464356 35760
1675977964510 0.08916807174682617 35800
1675977964683 0.09260337948799133 35840
1675977964831 0.07822822332382202 35880
1675977964983 0.08963958024978638 35920
1675977965120 0.09013148546218872 35960
1675977965262 0.08726319074630737 36000
1675977965387 0.08763510584831238 36040
1675977965567 0.12847069501876832 36080
1675977965757 0.11063638925552369 36120
1675977965918 0.1020195722579956 36160
1675977966065 0.08187655806541443 36200
1675977966233 0.06555944085121154 36240
1675977966379 0.08493613600730895 36280
1675977966525 0.06587526798248292 36320
1675977966690 0.10212774276733398 36360
1675977966841 0.08933492302894593 36400
1675977967012 0.09729394316673279 36440
1675977967157 0.09611991047859192 36480
1675977967343 0.10018330812454224 36520
1675977967472 0.09812637567520141 36560
1675977967689 0.07851942777633666 36600
1675977967813 0.08613659739494324 36640
1675977967932 0.09188635349273681 36680
1675977968054 0.09049665927886963 36720
1675977968186 0.08953022360801696 36760
1675977968465 0.08297098875045776 36800
1675977968619 0.10612332820892334 36840
1675977968790 0.10366530418395996 36880
1675977968913 0.07012051939964295 36920
1675977969066 0.08639492392539978 36960
1675977969209 0.07870215177536011 37000
1675977969351 0.07261506319046021 37040
1675977969499 0.07744172215461731 37080
1675977969677 0.09299198389053345 37120
1675977969866 0.06758015751838684 37160
1675977969998 0.10031713247299194 37200
1675977970146 0.0764394998550415 37240
1675977970274 0.07902461886405945 37280
1675977970424 0.09755683541297913 37320
1675977970561 0.06473549604415893 37360
1675977970695 0.06738353371620179 37400
1675977970878 0.0909112572669983 37440
1675977971005 0.07811108231544495 37480
1675977971150 0.06368899345397949 37520
1675977971293 0.11544266939163209 37560
1675977971437 0.06320626735687256 37600
1675977971570 0.06863939762115479 37640
1675977971773 0.11075066328048706 37680
1675977971943 0.097601318359375 37720
1675977972076 0.0876500129699707 37760
1675977972204 0.06963752508163452 37800
1675977972332 0.09220631122589111 37840
1675977972501 0.0943702757358551 37880
1675977972687 0.07426698207855224 37920
1675977972849 0.06751482486724854 37960
1675977972986 0.057177358865737916 38000
1675977973136 0.0882256269454956 38040
1675977973293 0.08513835072517395 38080
1675977973437 0.07497355341911316 38120
1675977973594 0.10289547443389893 38160
1675977973743 0.09188716411590576 38200
1675977973978 0.08775894045829773 38240
1675977974149 0.082887202501297 38280
1675977974284 0.0569613516330719 38320
1675977974421 0.06449995040893555 38360
1675977974566 0.07944520711898803 38400
1675977974707 0.1003069519996643 38440
1675977974846 0.061493712663650515 38480
1675977975041 0.06817365288734437 38520
1675977975188 0.07060269117355347 38560
1675977975320 0.0676897943019867 38600
1675977975468 0.07696912884712219 38640
1675977975605 0.07506974339485169 38680
1675977975744 0.05514143109321594 38720
1675977975947 0.09185484051704407 38760
1675977976091 0.08856576085090637 38800
1675977976219 0.054770761728286745 38840
1675977976351 0.07273640632629394 38880
1675977976496 0.09398966431617736 38920
1675977976620 0.08444459438323974 38960
1675977976891 0.07956044673919678 39000
1675977977047 0.0796208381652832 39040
1675977977180 0.06711958646774292 39080
1675977977318 0.08071624040603638 39120
1675977977454 0.0730801284313202 39160
1675977977584 0.08246463537216187 39200
1675977977719 0.095216566324234 39240
1675977977870 0.10216846466064453 39280
1675977978157 0.058996164798736574 39320
1675977978299 0.07862321734428405 39360
1675977978478 0.06306570172309875 39400
1675977978599 0.058427232503890994 39440
1675977978745 0.07508314847946167 39480
1675977978881 0.06730362176895141 39520
1675977979049 0.10090967416763305 39560
1675977979186 0.07711982131004333 39600
1675977979328 0.08372995853424073 39640
1675977979461 0.0779716432094574 39680
1675977979594 0.08329175114631653 39720
1675977979727 0.08418611288070679 39760
1675977979855 0.061905288696289064 39800
1675977979979 0.07995194792747498 39840
1675977980195 0.0642513632774353 39880
1675977980341 0.0859988808631897 39920
1675977980499 0.1217045545578003 39960
1675977980646 0.07402808070182801 40000
1675977980775 0.09016252756118774 40040
1675977980911 0.07299704551696777 40080
1675977981069 0.08143318295478821 40120
1675977981204 0.11756459474563599 40160
1675977982108 0.031149131059646607 40200
1675977982308 0.07232799530029296 40240
1675977982532 0.07065358161926269 40280
1675977982870 0.0831640362739563 40320
1675977983014 0.07164525389671325 40360
1675977983190 0.09453169703483581 40400
1675977983327 0.08853664398193359 40440
1675977983476 0.1055344820022583 40480
1675977983613 0.1099363088607788 40520
1675977983758 0.08025383353233337 40560
1675977984011 0.06660492420196533 40600
1675977984214 0.09655390977859497 40640
1675977984469 0.06853494048118591 40680
1675977984632 0.07163199782371521 40720
1675977984795 0.07244364023208619 40760
1675977984955 0.10104765892028808 40800
1675977985108 0.0977848470211029 40840
1675977985283 0.09962833523750306 40880
1675977985440 0.08715214133262635 40920
1675977985584 0.1081125020980835 40960
1675977985731 0.08108730316162109 41000
1675977985863 0.08289833664894104 41040
1675977986007 0.09622633457183838 41080
1675977986152 0.09353280663490296 41120
1675977986314 0.08549749851226807 41160
1675977986495 0.07901353240013123 41200
1675977986640 0.06028366684913635 41240
1675977986779 0.08848272562026978 41280
1675977986933 0.10452345609664918 41320
1675977987096 0.10024992227554322 41360
1675977987312 0.08169962763786316 41400
1675977987462 0.07430063486099243 41440
1675977987615 0.07826963067054749 41480
1675977987766 0.06714357733726502 41520
1675977987911 0.05321135520935059 41560
1675977988065 0.05649569034576416 41600
1675977988222 0.10077751874923706 41640
1675977988392 0.07683955430984497 41680
1675977988568 0.07628178000450134 41720
1675977988720 0.08312993049621582 41760
1675977988858 0.09296908378601074 41800
1675977989031 0.07358736991882324 41840
1675977989204 0.08698083758354187 41880
1675977989394 0.0917721450328827 41920
1675977989539 0.07093579769134521 41960
1675977989716 0.07978383898735046 42000
1675977989939 0.09047399163246155 42040
1675977990090 0.08572937846183777 42080
1675977990243 0.075468248128891 42120
1675977990489 0.08741148114204407 42160
1675977990654 0.0766737699508667 42200
1675977990794 0.09726107716560364 42240
1675977990946 0.10263673067092896 42280
1675977991099 0.06481212973594666 42320
1675977991259 0.07141199707984924 42360
1675977991481 0.08493805527687073 42400
1675977991631 0.09283599257469177 42440
1675977991766 0.10038321018218994 42480
1675977991892 0.07143262028694153 42520
1675977992038 0.08607853651046753 42560
1675977992171 0.08366366624832153 42600
1675977992327 0.09343741536140442 42640
1675977992515 0.07099310159683228 42680
1675977992688 0.09707926511764527 42720
1675977992849 0.08455703258514405 42760
1675977992992 0.06985080838203431 42800
1675977993136 0.06851238608360291 42840
1675977993278 0.04736570417881012 42880
1675977993450 0.06457815766334533 42920
1675977993609 0.08734504580497741 42960
1675977993845 0.0819708526134491 43000
1675977994012 0.06679263710975647 43040
1675977994186 0.0810076117515564 43080
1675977994330 0.08277637958526611 43120
1675977994539 0.09209133386611938 43160
1675977994735 0.07538591027259826 43200
1675977994879 0.08294202089309692 43240
1675977995029 0.082283616065979 43280
1675977995187 0.06520251035690308 43320
1675977995320 0.06533029079437255 43360
1675977995493 0.0748648464679718 43400
1675977995652 0.08046656250953674 43440
1675977995800 0.06702070832252502 43480
1675977995947 0.07802207469940185 43520
1675977996119 0.09263519644737243 43560
1675977996288 0.06691619157791137 43600
1675977996533 0.08992101550102234 43640
1675977996737 0.07738674879074096 43680
1675977996884 0.10314034223556519 43720
1675977997031 0.04639310836791992 43760
1675977997222 0.09474000930786133 43800
1675977997383 0.08348942995071411 43840
1675977997576 0.05645936727523804 43880
1675977997736 0.07198013067245483 43920
1675977997881 0.09096892476081848 43960
1675977998014 0.07003704309463502 44000
1675977998182 0.08578444719314575 44040
1675977998346 0.08039151430130005 44080
1675977998589 0.07874298691749573 44120
1675977998855 0.0872537612915039 44160
1675977999052 0.08662066459655762 44200
1675977999186 0.06440792679786682 44240
1675977999335 0.0715398371219635 44280
1675977999486 0.11135565042495728 44320
1675977999694 0.07327414751052856 44360
1675977999827 0.08653638958930969 44400
1675977999982 0.09432874917984009 44440
1675978000155 0.07965079545974732 44480
1675978000318 0.07048161029815674 44520
1675978000487 0.06249228119850159 44560
1675978000683 0.09327765107154846 44600
1675978000829 0.057711660861968994 44640
1675978001038 0.09604520201683045 44680
1675978001183 0.05340901017189026 44720
1675978001337 0.10410896539688111 44760
1675978001485 0.12050312757492065 44800
1675978001676 0.08121154308319092 44840
1675978001820 0.08167065978050232 44880
1675978001980 0.10587668418884277 44920
1675978002118 0.060367423295974734 44960
1675978002258 0.09367346167564392 45000
1675978002439 0.08543110489845276 45040
1675978002594 0.07353292107582092 45080
1675978002767 0.08214516043663025 45120
1675978002908 0.06981703639030457 45160
1675978003109 0.06125993728637695 45200
1675978003251 0.06368011832237244 45240
1675978003378 0.08131173849105836 45280
1675978003516 0.08501018285751342 45320
1675978003666 0.09147841334342957 45360
1675978003820 0.06026781797409057 45400
1675978003979 0.09536749124526978 45440
1675978004138 0.04846805930137634 45480
1675978004280 0.0818598985671997 45520
1675978004439 0.10302848815917968 45560
1675978004588 0.06239879727363586 45600
1675978004767 0.08390603065490723 45640
1675978004919 0.08372849225997925 45680
1675978005147 0.08645392656326294 45720
1675978005291 0.1028637409210205 45760
1675978005446 0.06389461755752564 45800
1675978005600 0.0637612760066986 45840
1675978005782 0.0826010525226593 45880
1675978005939 0.0778347134590149 45920
1675978006186 0.07282481193542481 45960
1675978006325 0.07788781523704529 46000
1675978006467 0.07735017538070679 46040
1675978006610 0.08024238348007202 46080
1675978006845 0.08757284283638 46120
1675978007001 0.11061384677886962 46160
1675978007192 0.10130077600479126 46200
1675978007336 0.06898157000541687 46240
1675978007484 0.0618097186088562 46280
1675978007632 0.06575469374656677 46320
1675978007806 0.05693727731704712 46360
1675978007964 0.10134309530258179 46400
1675978008129 0.05986911654472351 46440
1675978008265 0.08243170380592346 46480
1675978008458 0.0847434163093567 46520
1675978008591 0.0911560297012329 46560
1675978008741 0.07707369327545166 46600
1675978008913 0.07740793824195862 46640
1675978009100 0.08598768711090088 46680
1675978009290 0.07579796910285949 46720
1675978009440 0.06972975730895996 46760
1675978009582 0.08124425411224365 46800
1675978009716 0.0728980004787445 46840
1675978009883 0.08060649037361145 46880
1675978010049 0.09938396811485291 46920
1675978010199 0.0631489872932434 46960
1675978010343 0.08003283739089966 47000
1675978010490 0.06405346989631652 47040
1675978010628 0.056406790018081666 47080
1675978010785 0.06512017846107483 47120
1675978010958 0.07899629473686218 47160
1675978011108 0.0697325587272644 47200
1675978011251 0.0790773332118988 47240
1675978011446 0.0659817099571228 47280
1675978011602 0.0712806761264801 47320
1675978011742 0.0855178713798523 47360
1675978011932 0.06901272535324096 47400
1675978012085 0.06434168815612792 47440
1675978012383 0.07104415893554687 47480
1675978012555 0.07945510745048523 47520
1675978012715 0.05050886869430542 47560
1675978012867 0.09399640560150146 47600
1675978013063 0.06027577519416809 47640
1675978013205 0.057920217514038086 47680
1675978013449 0.0762014091014862 47720
1675978013630 0.08961698412895203 47760
1675978013784 0.10451219081878663 47800
1675978013934 0.061150622367858884 47840
1675978014139 0.0792444109916687 47880
1675978014267 0.0684097170829773 47920
1675978014484 0.06313579678535461 47960
1675978014654 0.06447893977165223 48000
1675978014809 0.047106149792671206 48040
1675978014956 0.08193997144699097 48080
1675978015131 0.06398639678955079 48120
1675978015280 0.07800243496894836 48160
1675978015429 0.08044233322143554 48200
1675978015620 0.09215381741523743 48240
1675978015757 0.08186891674995422 48280
1675978015905 0.07074509859085083 48320
1675978016064 0.056637638807296754 48360
1675978016222 0.06570296883583068 48400
1675978016366 0.07708961367607117 48440
1675978016501 0.08083522319793701 48480
1675978016654 0.07937763333320617 48520
1675978016786 0.05670140385627746 48560
1675978016918 0.07089289426803588 48600
1675978017163 0.05939753651618958 48640
1675978017297 0.06431241035461426 48680
1675978017437 0.06327595114707947 48720
1675978017725 0.04802848100662231 48760
1675978017883 0.07535019516944885 48800
1675978018032 0.08189769387245179 48840
1675978018201 0.04681560397148132 48880
1675978018345 0.06433290243148804 48920
1675978018501 0.07376648187637329 48960
1675978018636 0.07601521015167237 49000
1675978018789 0.0851960837841034 49040
1675978018921 0.061060589551925656 49080
1675978019137 0.0632465124130249 49120
1675978019288 0.06160658597946167 49160
1675978019422 0.07206432819366455 49200
1675978019598 0.060875868797302245 49240
1675978019900 0.09398271441459656 49280
1675978020050 0.0916142225265503 49320
1675978020242 0.05402652025222778 49360
1675978020446 0.0662146270275116 49400
1675978020582 0.06213342547416687 49440
1675978020720 0.0531657338142395 49480
1675978020871 0.06245275139808655 49520
1675978021025 0.05611504316329956 49560
1675978021204 0.08937716484069824 49600
1675978021367 0.07793012261390686 49640
1675978021516 0.06702545285224915 49680
1675978021687 0.07166126370429993 49720
1675978021885 0.08513348698616027 49760
1675978022036 0.06636308431625366 49800
1675978022211 0.05881298184394836 49840
1675978022344 0.07252872586250306 49880
1675978022481 0.05576568841934204 49920
1675978022627 0.07202228903770447 49960
1675978022776 0.09206157922744751 50000
1675978022932 0.06320123076438904 50040
1675978023078 0.08471887111663819 50080
1675978023250 0.06096692681312561 50120
1675978023380 0.07420346140861511 50160
1675978023525 0.09884085059165955 50200
1675978024580 0.0261793851852417 50240
1675978024721 0.058055800199508664 50280
1675978024863 0.06864545345306397 50320
1675978025036 0.07067247629165649 50360
1675978025199 0.05625814199447632 50400
1675978025375 0.09256458282470703 50440
1675978025528 0.07056562304496765 50480
1675978025675 0.08841251730918884 50520
1675978025835 0.09221231341361999 50560
1675978025986 0.06852307319641113 50600
1675978026189 0.0789896309375763 50640
1675978026397 0.08741338849067688 50680
1675978026541 0.062234270572662356 50720
1675978026700 0.06026002764701843 50760
1675978026842 0.058874118328094485 50800
1675978026963 0.08197420239448547 50840
1675978027120 0.07174460291862488 50880
1675978027268 0.09399782419204712 50920
1675978027459 0.07194666266441345 50960
1675978027609 0.09764758944511413 51000
1675978027739 0.07842980027198791 51040
1675978027892 0.07168752551078797 51080
1675978028034 0.09254297614097595 51120
1675978028294 0.08756337761878967 51160
1675978028522 0.09076775908470154 51200
1675978028674 0.06211511492729187 51240
1675978028823 0.051072001457214355 51280
1675978028958 0.08144385218620301 51320
1675978029138 0.07584254145622253 51360
1675978029303 0.10943979024887085 51400
1675978029475 0.07212005257606506 51440
1675978029613 0.05611832737922669 51480
1675978029771 0.06528571844100953 51520
1675978029912 0.07405105829238892 51560
1675978030045 0.05504295229911804 51600
1675978030249 0.053439629077911374 51640
1675978030403 0.08715522289276123 51680
1675978030558 0.053035426139831546 51720
1675978030709 0.07852990031242371 51760
1675978030861 0.06670889258384705 51800
1675978030997 0.07203730940818787 51840
1675978031133 0.07572088241577149 51880
1675978031261 0.08020344376564026 51920
1675978031399 0.08947436213493347 51960
1675978031551 0.0631130039691925 52000
1675978031687 0.07045993804931641 52040
1675978031820 0.0819905698299408 52080
1675978031961 0.07798356413841248 52120
1675978032109 0.06558873057365418 52160
1675978032252 0.07743986845016479 52200
1675978032452 0.06937617659568787 52240
1675978032618 0.08652820587158203 52280
1675978032754 0.10906901359558105 52320
1675978032890 0.06237871646881103 52360
1675978033033 0.07147533893585205 52400
1675978033177 0.09010023474693299 52440
1675978033331 0.08413189649581909 52480
1675978033482 0.09188079237937927 52520
1675978033651 0.061230480670928955 52560
1675978033800 0.09226295351982117 52600
1675978033936 0.07564632892608643 52640
1675978034119 0.0907823920249939 52680
1675978034269 0.06555830240249634 52720
1675978034581 0.08501744866371155 52760
1675978034730 0.060962796211242676 52800
1675978034879 0.0670727789402008 52840
1675978035020 0.055226069688796994 52880
1675978035169 0.0434676855802536 52920
1675978035327 0.06490689516067505 52960
1675978035488 0.07702398896217347 53000
1675978035651 0.0836668610572815 53040
1675978035779 0.05409789681434631 53080
1675978035911 0.07601720690727234 53120
1675978036054 0.07651453614234924 53160
1675978036186 0.08504605889320374 53200
1675978036319 0.06707768440246582 53240
1675978036464 0.08234291076660157 53280
1675978036768 0.07109881043434144 53320
1675978036919 0.06637302041053772 53360
1675978037047 0.05579673647880554 53400
1675978037178 0.07648296356201172 53440
1675978037318 0.07429426312446594 53480
1675978037460 0.06468432545661926 53520
1675978037630 0.07868700623512268 53560
1675978037775 0.07762713432312011 53600
1675978037906 0.06474663615226746 53640
1675978038051 0.08734826445579529 53680
1675978038183 0.07773087024688721 53720
1675978038327 0.09532883167266845 53760
1675978038523 0.04127127528190613 53800
1675978038704 0.07209126949310303 53840
1675978038841 0.09135439991950989 53880
1675978038971 0.0589296817779541 53920
1675978039134 0.06747698783874512 53960
1675978039274 0.087185138463974 54000
1675978039408 0.06304998397827148 54040
1675978039541 0.07624386548995972 54080
1675978039700 0.06927998065948486 54120
1675978039828 0.08416099548339843 54160
1675978039957 0.08323374390602112 54200
1675978040119 0.07183560729026794 54240
1675978040263 0.07520940899848938 54280
1675978040395 0.06608262658119202 54320
1675978040540 0.09716008305549621 54360
1675978040760 0.07609481811523437 54400
1675978040898 0.0827107846736908 54440
1675978041040 0.0733873724937439 54480
1675978041181 0.07467769384384156 54520
1675978041319 0.058726125955581666 54560
1675978041569 0.05568354725837708 54600
1675978041752 0.09239702820777893 54640
1675978041896 0.0687265694141388 54680
1675978042036 0.07972612380981445 54720
1675978042180 0.06578075289726257 54760
1675978042315 0.0823449432849884 54800
1675978042499 0.10096216201782227 54840
1675978042696 0.08457087874412536 54880
1675978042850 0.09169119000434875 54920
1675978043044 0.08504310250282288 54960
1675978043321 0.048713397979736325 55000
1675978043476 0.08513432145118713 55040
1675978043619 0.09515079855918884 55080
1675978043806 0.06136602759361267 55120
1675978043932 0.06539839506149292 55160
1675978044103 0.06149796843528747 55200
1675978044254 0.05423269271850586 55240
1675978044499 0.05743237137794495 55280
1675978044654 0.06357253193855286 55320
1675978044861 0.08885429501533508 55360
1675978045016 0.080083566904068 55400
1675978045164 0.055311542749404904 55440
1675978045314 0.08972441554069518 55480
1675978045450 0.05307434201240539 55520
1675978045607 0.05766427516937256 55560
1675978045871 0.09403941631317139 55600
1675978046021 0.052528107166290285 55640
1675978046153 0.07433289885520936 55680
1675978046301 0.07857820987701417 55720
1675978046446 0.08021253943443299 55760
1675978046580 0.07790881991386414 55800
1675978046734 0.07701297402381897 55840
1675978046945 0.0618263840675354 55880
1675978047088 0.07556577920913696 55920
1675978047237 0.07202444076538086 55960
1675978047400 0.06491432189941407 56000
1675978047543 0.0727544903755188 56040
1675978047685 0.07983214259147645 56080
1675978047819 0.06364846825599671 56120
1675978047990 0.08904021382331848 56160
1675978048131 0.09474107623100281 56200
1675978048272 0.10069575309753417 56240
1675978048445 0.05431775450706482 56280
1675978048590 0.0625827968120575 56320
1675978048790 0.05834383964538574 56360
1675978049076 0.06306611895561218 56400
1675978049203 0.07745600938796997 56440
1675978049340 0.05665650963783264 56480
1675978049488 0.0733692467212677 56520
1675978049631 0.08312752842903137 56560
1675978049762 0.06848541498184205 56600
1675978050192 0.0849634826183319 56640
1675978050327 0.06845967173576355 56680
1675978050510 0.07805083990097046 56720
1675978050636 0.06819218993186951 56760
1675978050755 0.05605949759483338 56800
1675978050888 0.08990671038627625 56840
1675978051093 0.05598651766777039 56880
1675978051229 0.07816933393478394 56920
1675978051395 0.0970485270023346 56960
1675978051527 0.06443746089935302 57000
1675978051656 0.07002182006835937 57040
1675978051801 0.06303327083587647 57080
1675978051938 0.061320406198501584 57120
1675978052121 0.05160878896713257 57160
1675978052271 0.06883367300033569 57200
1675978052415 0.07457489371299744 57240
1675978052558 0.07761645913124085 57280
1675978052706 0.06981962323188781 57320
1675978052860 0.058285492658615115 57360
1675978053168 0.08963673114776612 57400
1675978053313 0.05623428821563721 57440
1675978053456 0.06567974090576172 57480
1675978053612 0.0742055356502533 57520
1675978053756 0.0685710847377777 57560
1675978053888 0.059110575914382936 57600
1675978054085 0.08734478950500488 57640
1675978054240 0.06485118865966796 57680
1675978054384 0.05413686037063599 57720
1675978054533 0.0688016653060913 57760
1675978054688 0.07884040474891663 57800
1675978054839 0.09959572553634644 57840
1675978054992 0.06208674311637878 57880
1675978055230 0.06763898134231568 57920
1675978055372 0.07642691731452941 57960
1675978055538 0.05735818743705749 58000
1675978055676 0.055187654495239255 58040
1675978055820 0.0508341908454895 58080
1675978055975 0.08420442938804626 58120
1675978056183 0.05658259391784668 58160
1675978056333 0.07044717669487 58200
1675978056560 0.07952967882156373 58240
1675978056739 0.08580484986305237 58280
1675978056884 0.08187643885612488 58320
1675978057034 0.05894902944564819 58360
1675978057222 0.05474165678024292 58400
1675978057394 0.05561798810958862 58440
1675978057549 0.058957600593566896 58480
1675978057708 0.07414327263832092 58520
1675978057857 0.07056923508644104 58560
1675978058026 0.051446175575256346 58600
1675978058392 0.054651403427124025 58640
1675978058823 0.05606199502944946 58680
1675978058966 0.051767975091934204 58720
1675978059147 0.059247201681137084 58760
1675978059366 0.043697896599769595 58800
1675978059540 0.06842522621154785 58840
1675978059682 0.08028411269187927 58880
1675978059815 0.05785837173461914 58920
1675978059967 0.06035551428794861 58960
1675978060111 0.06735233664512634 59000
1675978060287 0.07207531332969666 59040
1675978060437 0.07622541189193725 59080
1675978060584 0.052341556549072264 59120
1675978060736 0.05353535413742065 59160
1675978060872 0.07007966041564942 59200
1675978061012 0.0667890191078186 59240
1675978061149 0.059373146295547484 59280
1675978061321 0.08944300413131714 59320
1675978061612 0.07632402181625367 59360
1675978061765 0.06741417646408081 59400
1675978061912 0.07315161228179931 59440
1675978062061 0.055228817462921145 59480
1675978062205 0.051110750436782836 59520
1675978062393 0.057190161943435666 59560
1675978062607 0.05538778901100159 59600
1675978062778 0.07411161661148072 59640
1675978062949 0.08253941535949708 59680
1675978063101 0.054798245429992676 59720
1675978063253 0.0645295262336731 59760
1675978063418 0.07281351089477539 59800
1675978063634 0.08021255731582641 59840
1675978063765 0.046206492185592654 59880
1675978063908 0.07061646580696106 59920
1675978064054 0.053741276264190674 59960
1675978064184 0.06892158389091492 60000
1675978064320 0.10079050064086914 60040
1675978064486 0.0676586389541626 60080
1675978064622 0.07894111275672913 60120
1675978064748 0.05079168677330017 60160
1675978064896 0.06952528953552246 60200
1675978065044 0.08384709954261779 60240
1675978065955 0.0135658860206604 60280
1675978066123 0.0610661506652832 60320
1675978066267 0.07306786775588989 60360
1675978066440 0.06981486082077026 60400
1675978066607 0.06210189461708069 60440
1675978066822 0.06628366708755493 60480
1675978066972 0.07806587219238281 60520
1675978067116 0.08274996876716614 60560
1675978067286 0.07205857038497925 60600
1675978067460 0.0827018678188324 60640
1675978067667 0.07844609618186951 60680
1675978067817 0.06904804706573486 60720
1675978067960 0.059951627254486085 60760
1675978068111 0.05363661050796509 60800
1675978068250 0.06657758355140686 60840
1675978068389 0.07394974827766418 60880
1675978068627 0.07301551699638367 60920
1675978068757 0.09220689535140991 60960
1675978068913 0.0652367651462555 61000
1675978069080 0.0805511713027954 61040
1675978069227 0.09762516021728515 61080
1675978069353 0.04870826303958893 61120
1675978069537 0.08824911713600159 61160
1675978069860 0.06964374780654907 61200
1675978070032 0.09271655678749084 61240
1675978070192 0.07741787433624267 61280
1675978070340 0.04582619965076447 61320
1675978070507 0.07143082022666931 61360
1675978070717 0.07656052708625793 61400
1675978070907 0.09583844542503357 61440
1675978071075 0.0622427761554718 61480
1675978071215 0.048775693774223326 61520
1675978071364 0.07315105795860291 61560
1675978071522 0.06387683749198914 61600
1675978071698 0.04667945206165314 61640
1675978071833 0.04234682023525238 61680
1675978072010 0.06126946210861206 61720
1675978072153 0.06539013385772705 61760
1675978072296 0.07336873412132264 61800
1675978072502 0.04913209676742554 61840
1675978072671 0.0709016501903534 61880
1675978072809 0.07506539821624755 61920
1675978072943 0.06674922108650208 61960
1675978073085 0.07954535484313965 62000
1675978073219 0.058279508352279664 62040
1675978073360 0.06365607380867004 62080
1675978073536 0.08125121593475342 62120
1675978073719 0.07595738768577576 62160
1675978073855 0.060491806268692015 62200
1675978074157 0.0750238835811615 62240
1675978074308 0.06320329308509827 62280
1675978074516 0.0683155596256256 62320
1675978074703 0.09898773431777955 62360
1675978074831 0.0513127863407135 62400
1675978074982 0.0674773633480072 62440
1675978075120 0.06943758726119995 62480
1675978075320 0.08393904566764832 62520
1675978075528 0.09601248502731323 62560
1675978075736 0.05073956847190857 62600
1675978075912 0.09513764381408692 62640
1675978076124 0.0613375723361969 62680
1675978076279 0.08953295350074768 62720
1675978076453 0.07221959829330445 62760
1675978076612 0.07853410840034485 62800
1675978076821 0.06681387424468994 62840
1675978076969 0.07760599255561829 62880
1675978077118 0.047069421410560607 62920
1675978077260 0.04013605117797851 62960
1675978077404 0.06317552924156189 63000
1675978077550 0.06926141381263733 63040
1675978077707 0.07522359490394592 63080
1675978077850 0.05361498594284057 63120
1675978077992 0.06408772468566895 63160
1675978078158 0.0677956759929657 63200
1675978078303 0.0927830994129181 63240
1675978078452 0.060312479734420776 63280
1675978078615 0.07562957406044006 63320
1675978078794 0.06567100882530212 63360
1675978078938 0.06705036163330078 63400
1675978079094 0.051736307144165036 63440
1675978079248 0.061973804235458375 63480
1675978079395 0.06028575301170349 63520
1675978079548 0.06891096830368042 63560
1675978079736 0.06503492593765259 63600
1675978079973 0.07257847189903259 63640
1675978080125 0.06617855429649352 63680
1675978080415 0.07588257789611816 63720
1675978080610 0.0721503496170044 63760
1675978080754 0.08095383048057556 63800
1675978080917 0.05089235305786133 63840
1675978081070 0.07188035845756531 63880
1675978081225 0.08681120872497558 63920
1675978081385 0.06496186256408691 63960
1675978081551 0.052080804109573366 64000
1675978081710 0.07428511381149291 64040
1675978081884 0.0637410581111908 64080
1675978082035 0.0787203073501587 64120
1675978082179 0.06951718330383301 64160
1675978082334 0.0767963707447052 64200
1675978082511 0.0882808268070221 64240
1675978082673 0.06076771020889282 64280
1675978082835 0.06866642832756042 64320
1675978083028 0.051536941528320314 64360
1675978083182 0.07302049398422242 64400
1675978083349 0.08938941955566407 64440
1675978083498 0.08145779967308045 64480
1675978083652 0.07481911778450012 64520
1675978083807 0.07121886610984803 64560
1675978084043 0.055965250730514525 64600
1675978084196 0.05800714492797852 64640
1675978084352 0.0829302191734314 64680
1675978084550 0.06413299441337586 64720
1675978084703 0.06443108320236206 64760
1675978084847 0.05946967005729675 64800
1675978085036 0.08892221450805664 64840
1675978085180 0.09583215713500977 64880
1675978085336 0.09387668967247009 64920
1675978085471 0.0760955572128296 64960
1675978085620 0.07515690922737121 65000
1675978085748 0.04723729193210602 65040
1675978085902 0.07921896576881408 65080
1675978086075 0.09061961174011231 65120
1675978086219 0.05794080495834351 65160
1675978086352 0.06486143469810486 65200
1675978086601 0.05109832882881164 65240
1675978086757 0.051388132572174075 65280
1675978086910 0.0629163146018982 65320
1675978087084 0.06362674236297608 65360
1675978087258 0.06579461097717285 65400
1675978087425 0.10073798894882202 65440
1675978087558 0.04844482839107513 65480
1675978087713 0.08991974592208862 65520
1675978087845 0.06131179928779602 65560
1675978088015 0.05699504017829895 65600
1675978088152 0.08516677021980286 65640
1675978088293 0.06273221969604492 65680
1675978088505 0.05784316658973694 65720
1675978088790 0.07397139072418213 65760
1675978088940 0.07936881184577942 65800
1675978089139 0.08514793515205384 65840
1675978089275 0.07161598801612853 65880
1675978089426 0.05937467217445373 65920
1675978089576 0.071335768699646 65960
1675978089727 0.08198741674423218 66000
1675978089900 0.061994314193725586 66040
1675978090074 0.0670649528503418 66080
1675978090229 0.07502604722976684 66120
1675978090377 0.057251787185668944 66160
1675978090519 0.08473355770111084 66200
1675978090673 0.09777511358261108 66240
1675978090866 0.08602135181427002 66280
1675978091019 0.06723823547363281 66320
1675978091173 0.06553150415420532 66360
1675978091311 0.05143917202949524 66400
1675978091449 0.05747461915016174 66440
1675978091591 0.08065652251243591 66480
1675978091739 0.053705036640167236 66520
1675978091881 0.07859953045845032 66560
1675978092036 0.08227986693382264 66600
1675978092197 0.06951804161071777 66640
1675978092334 0.07641671895980835 66680
1675978092530 0.06717674732208252 66720
1675978092683 0.06526437997817994 66760
1675978092957 0.06891822814941406 66800
1675978093101 0.06302180290222167 66840
1675978093266 0.08096747398376465 66880
1675978093445 0.05031552314758301 66920
1675978093597 0.07915027737617493 66960
1675978093753 0.0758588194847107 67000
1675978093888 0.06415215730667115 67040
1675978094058 0.0513738751411438 67080
1675978094232 0.07222349643707275 67120
1675978094379 0.06353685855865479 67160
1675978094516 0.03723911941051483 67200
1675978094684 0.06606736183166503 67240
1675978094852 0.08318852186203003 67280
1675978095084 0.061564463376998904 67320
1675978095263 0.08303859829902649 67360
1675978095445 0.03890110850334168 67400
1675978095628 0.08687400221824645 67440
1675978095780 0.05448453426361084 67480
1675978095927 0.06368780136108398 67520
1675978096089 0.06218007802963257 67560
1675978096270 0.06642251014709473 67600
1675978096414 0.05423939824104309 67640
1675978096551 0.07903568148612976 67680
1675978096771 0.07321460247039795 67720
1675978096909 0.055524563789367674 67760
1675978097074 0.05952175855636597 67800
1675978097304 0.07896225452423096 67840
1675978097461 0.08785760998725892 67880
1675978097616 0.04907366931438446 67920
1675978097777 0.07066466808319091 67960
1675978098025 0.07154285311698913 68000
1675978098174 0.06861247420310974 68040
1675978098336 0.04629429280757904 68080
1675978098526 0.05091777443885803 68120
1675978098678 0.07364248633384704 68160
1675978098838 0.04934149384498596 68200
1675978099015 0.06953584551811218 68240
1675978099230 0.05433188676834107 68280
1675978099429 0.08403666615486145 68320
1675978099580 0.08395864367485047 68360
1675978099728 0.060901719331741336 68400
1675978099863 0.056582939624786374 68440
1675978100015 0.04802801609039307 68480
1675978100182 0.0613111674785614 68520
1675978100354 0.06399337649345398 68560
1675978100498 0.0652331292629242 68600
1675978100635 0.04992789626121521 68640
1675978100776 0.049244895577430725 68680
1675978100919 0.04869850277900696 68720
1675978101065 0.06109938621520996 68760
1675978101199 0.05589361190795898 68800
1675978101404 0.03388567268848419 68840
1675978101554 0.07414762377738952 68880
1675978101697 0.06429526805877686 68920
1675978101837 0.05956106185913086 68960
1675978101978 0.05289744734764099 69000
1675978102125 0.07312812805175781 69040
1675978102273 0.06203441619873047 69080
1675978102494 0.07420271635055542 69120
1675978102642 0.05400900244712829 69160
1675978102782 0.05566303133964538 69200
1675978103054 0.0614113986492157 69240
1675978103192 0.059797626733779904 69280
1675978103520 0.05519236326217651 69320
1675978103726 0.08440736532211304 69360
1675978103859 0.07559765577316284 69400
1675978104015 0.07233548760414124 69440
1675978104170 0.05422966480255127 69480
1675978104303 0.05140357613563538 69520
1675978104501 0.05256720781326294 69560
1675978104650 0.049126926064491275 69600
1675978104801 0.056234079599380496 69640
1675978104959 0.07910835146903991 69680
1675978105122 0.06263641715049743 69720
1675978105329 0.06956691741943359 69760
1675978105552 0.05302780866622925 69800
1675978105702 0.06240784525871277 69840
1675978105858 0.07987703084945678 69880
1675978106008 0.05533798933029175 69920
1675978106154 0.06487608551979065 69960
1675978106289 0.05191672444343567 70000
1675978106536 0.06498342752456665 70040
1675978106685 0.08982599377632142 70080
1675978106835 0.06475563049316406 70120
1675978106976 0.060527974367141725 70160
1675978107103 0.06075593829154968 70200
1675978107250 0.06579281687736512 70240
1675978107385 0.08262783288955688 70280
1675978108294 0.007388215512037277 70320
1675978108439 0.05085313320159912 70360
1675978108601 0.05709729790687561 70400
1675978108750 0.056059646606445315 70440
1675978108993 0.07236363887786865 70480
1675978109148 0.07088508605957031 70520
1675978109294 0.06302909851074219 70560
1675978109429 0.08871467113494873 70600
1675978109672 0.05947362780570984 70640
1675978109839 0.08389710783958435 70680
1675978110004 0.06485852599143982 70720
1675978110172 0.06954138278961182 70760
1675978110304 0.058230113983154294 70800
1675978110497 0.0529555082321167 70840
1675978110701 0.056917762756347655 70880
1675978110846 0.06920040845870971 70920
1675978110989 0.0666409432888031 70960
1675978111143 0.0745352864265442 71000
1675978111287 0.07089440822601319 71040
1675978111440 0.07352033853530884 71080
1675978111600 0.08925551772117615 71120
1675978111810 0.05589897632598877 71160
1675978111988 0.07665708065032958 71200
1675978112182 0.061966681480407716 71240
1675978112337 0.09185227155685424 71280
1675978112489 0.06220176815986633 71320
1675978112638 0.044091257452964785 71360
1675978112804 0.07301206588745117 71400
1675978112944 0.0685923933982849 71440
1675978113105 0.0913343071937561 71480
1675978113243 0.06603671908378601 71520
1675978113386 0.052035188674926756 71560
1675978113520 0.06299636363983155 71600
1675978113675 0.06624594330787659 71640
1675978113871 0.04973404407501221 71680
1675978114041 0.04955960214138031 71720
1675978114186 0.05412607192993164 71760
1675978114329 0.06790726780891418 71800
1675978114466 0.05923280119895935 71840
1675978114615 0.04996735751628876 71880
1675978114767 0.07742922902107238 71920
1675978114897 0.07011452317237854 71960
1675978115034 0.059252983331680296 72000
1675978115177 0.07887035608291626 72040
1675978115306 0.05644168257713318 72080
1675978115435 0.05052245259284973 72120
1675978115579 0.07039057612419128 72160
1675978115715 0.06300691366195679 72200
1675978115935 0.06725602149963379 72240
1675978116089 0.0651223599910736 72280
1675978116240 0.06805862784385681 72320
1675978116376 0.07196635007858276 72360
1675978116555 0.10679450035095214 72400
1675978116806 0.05590994358062744 72440
1675978116955 0.06891864538192749 72480
1675978117100 0.06480973958969116 72520
1675978117248 0.08757446408271789 72560
1675978117392 0.0887173593044281 72600
1675978117523 0.06147600412368774 72640
1675978117700 0.08662667274475097 72680
1675978117890 0.06670816540718079 72720
1675978118043 0.08922823071479798 72760
1675978118199 0.0680457353591919 72800
1675978118372 0.07009944319725037 72840
1675978118596 0.05822739005088806 72880
1675978118754 0.06412813067436218 72920
1675978118938 0.053142279386520386 72960
1675978119138 0.04133957028388977 73000
1675978119276 0.049432533979415896 73040
1675978119417 0.05727018117904663 73080
1675978119559 0.07912453413009643 73120
1675978119682 0.04770901799201965 73160
1675978119818 0.057259774208068846 73200
1675978120043 0.05879961252212525 73240
1675978120181 0.08881322145462037 73280
1675978120342 0.06714306473731994 73320
1675978120507 0.06334718465805053 73360
1675978120689 0.07083381414413452 73400
1675978120844 0.06488207578659058 73440
1675978121031 0.05180901885032654 73480
1675978121170 0.054108864068984984 73520
1675978121440 0.07130788564682007 73560
1675978121607 0.06687527298927307 73600
1675978121770 0.04906114637851715 73640
1675978121959 0.07696268558502198 73680
1675978122151 0.0753147304058075 73720
1675978122316 0.07863396406173706 73760
1675978122505 0.07321890592575073 73800
1675978122660 0.07044153213500977 73840
1675978122801 0.056586480140686034 73880
1675978122937 0.050225955247879026 73920
1675978123071 0.08494278192520141 73960
1675978123217 0.05581927895545959 74000
1675978123344 0.06009488105773926 74040
1675978123489 0.07216449975967407 74080
1675978123621 0.056553369760513304 74120
1675978123750 0.064055335521698 74160
1675978123883 0.05945281386375427 74200
1675978124094 0.06385397911071777 74240
1675978124360 0.08752725720405578 74280
1675978124511 0.0631489872932434 74320
1675978124656 0.05778020024299622 74360
1675978124804 0.045522817969322206 74400
1675978124944 0.07525289654731751 74440
1675978125134 0.07670862078666688 74480
1675978125288 0.07396360635757446 74520
1675978125442 0.062319010496139526 74560
1675978125615 0.06620312333106995 74600
1675978125751 0.059359169006347655 74640
1675978125910 0.048341044783592226 74680
1675978126108 0.07970309257507324 74720
1675978126314 0.061468768119812014 74760
1675978126457 0.06122007369995117 74800
1675978126605 0.06965767741203308 74840
1675978126826 0.08714706301689149 74880
1675978126991 0.09486273527145386 74920
1675978127179 0.07836575508117676 74960
1675978127312 0.06281648874282837 75000
1675978127465 0.09287812709808349 75040
1675978127597 0.048113173246383666 75080
1675978127748 0.06365801692008972 75120
1675978127886 0.08581357598304748 75160
1675978128040 0.06627383828163147 75200
1675978128206 0.0717379093170166 75240
1675978128380 0.05626714825630188 75280
1675978128578 0.049595439434051515 75320
1675978128745 0.061083370447158815 75360
1675978128902 0.06694668531417847 75400
1675978129078 0.06485103368759156 75440
1675978129247 0.0952131450176239 75480
1675978129371 0.048595312237739566 75520
1675978129521 0.07147412300109864 75560
1675978129662 0.06606101989746094 75600
1675978129814 0.05768561363220215 75640
1675978129975 0.07447474002838135 75680
1675978130123 0.060374599695205686 75720
1675978130293 0.052362066507339475 75760
1675978130474 0.06803648471832276 75800
1675978130633 0.06808704733848572 75840
1675978130768 0.08409675359725952 75880
1675978130932 0.06668335795402527 75920
1675978131071 0.060649311542510985 75960
1675978131245 0.0605393648147583 76000
1675978131399 0.07614113092422485 76040
1675978131558 0.058923131227493285 76080
1675978131707 0.05994641184806824 76120
1675978131855 0.08624539971351623 76160
1675978132000 0.047381776571273806 76200
1675978132134 0.07775731682777405 76240
1675978132311 0.09237072467803956 76280
1675978132646 0.07783120274543762 76320
1675978132796 0.06750326156616211 76360
1675978132930 0.05460149645805359 76400
1675978133066 0.04380260407924652 76440
1675978133214 0.055665820837020874 76480
1675978133365 0.07195757627487183 76520
1675978133506 0.05719709396362305 76560
1675978133653 0.06389098167419434 76600
1675978133798 0.08095126748085021 76640
1675978133946 0.056033474206924436 76680
1675978134150 0.07957281470298767 76720
1675978134308 0.07942508459091187 76760
1675978134486 0.06134328842163086 76800
1675978134674 0.06640228033065795 76840
1675978134797 0.07793121933937072 76880
1675978134927 0.0824886441230774 76920
1675978135062 0.040881645679473874 76960
1675978135205 0.07413977980613709 77000
1675978135394 0.07090154886245728 77040
1675978135525 0.07113813161849976 77080
1675978135662 0.0554936945438385 77120
1675978135851 0.058221828937530515 77160
1675978135990 0.059310692548751834 77200
1675978136125 0.04954673945903778 77240
1675978136265 0.06358962059020996 77280
1675978136450 0.06959599256515503 77320
1675978136597 0.05903652310371399 77360
1675978136892 0.07413018941879272 77400
1675978137039 0.04238523244857788 77440
1675978137181 0.06172858476638794 77480
1675978137321 0.05252549648284912 77520
1675978137528 0.07261658906936645 77560
1675978137687 0.05336754322052002 77600
1675978137834 0.0743054211139679 77640
1675978137976 0.05036267042160034 77680
1675978138112 0.062307989597320555 77720
1675978138253 0.07662599086761475 77760
1675978138412 0.05758222341537476 77800
1675978138547 0.0539741039276123 77840
1675978138703 0.0709708571434021 77880
1675978138837 0.08859323859214782 77920
1675978139050 0.05943422317504883 77960
1675978139189 0.058359557390213014 78000
1675978139322 0.06840267181396484 78040
1675978139477 0.06949214935302735 78080
1675978139613 0.044769561290740965 78120
1675978139745 0.04785749614238739 78160
1675978139949 0.07868618369102479 78200
1675978140104 0.05183674097061157 78240
1675978140238 0.09395412802696228 78280
1675978140383 0.04637875556945801 78320
1675978140591 0.0888014018535614 78360
1675978140745 0.08592462539672852 78400
1675978140897 0.04931116700172424 78440
1675978141075 0.0705396831035614 78480
1675978141229 0.04062553346157074 78520
1675978141369 0.058596324920654294 78560
1675978141551 0.07209137678146363 78600
1675978141702 0.06514480113983154 78640
1675978141845 0.04977193176746368 78680
1675978142003 0.05133276581764221 78720
1675978142151 0.040417203307151796 78760
1675978142291 0.05536414384841919 78800
1675978142444 0.05751991271972656 78840
1675978142619 0.04582482278347015 78880
1675978142746 0.07149539589881897 78920
1675978142895 0.05316267609596252 78960
1675978143065 0.06062308549880981 79000
1675978143213 0.04962103068828583 79040
1675978143352 0.06216035485267639 79080
1675978143529 0.06186721920967102 79120
1675978143703 0.0715178370475769 79160
1675978143851 0.05753737688064575 79200
1675978144018 0.055930697917938234 79240
1675978144181 0.044974541664123534 79280
1675978144312 0.06841250061988831 79320
1675978144456 0.058595895767211914 79360
1675978144619 0.08004748821258545 79400
1675978144761 0.0665794551372528 79440
1675978144907 0.07140244245529175 79480
1675978145056 0.056247109174728395 79520
1675978145253 0.06181773543357849 79560
1675978145395 0.04639284312725067 79600
1675978145530 0.05317668914794922 79640
1675978145695 0.05217835307121277 79680
1675978145845 0.07268033623695373 79720
1675978145985 0.05716902017593384 79760
1675978146245 0.0732837438583374 79800
1675978146419 0.06533992886543274 79840
1675978146641 0.05911867618560791 79880
1675978146812 0.06268334984779358 79920
1675978146981 0.060973727703094484 79960
1675978147140 0.04676160216331482 80000
1675978147340 0.06469085216522216 80040
1675978147528 0.05292103290557861 80080
1675978147747 0.08360763788223266 80120
1675978147908 0.07164768576622009 80160
1675978148051 0.046342048048973086 80200
1675978148203 0.06447115540504456 80240
1675978148332 0.060320216417312625 80280
1675978148541 0.07326945066452026 80320
