1675604495473 0.7803873419761658 0
1675604495692 0.760741114616394 0
1675604495963 0.7321032881736755 0
1675604496191 0.715067982673645 0
1675604496425 0.6989548802375793 0
1675604496628 0.6902723908424377 0
1675604496867 0.6762358546257019 0
1675604497066 0.6716614365577698 0
1675604497288 0.6601986289024353 0
1675604497517 0.6524235606193542 0
1675604497736 0.6479180455207825 0
1675604497954 0.6427488923072815 0
1675604498175 0.6390413045883179 0
1675604498416 0.6307152509689331 0
1675604498626 0.6310951113700867 0
1675604498825 0.6305792927742004 0
1675604499065 0.6215659379959106 0
1675604499286 0.6208918690681458 0
1675604499521 0.616405189037323 0
1675604499772 0.615702211856842 0
1675604500001 0.6162512302398682 0
1675604500226 0.6142527461051941 0
1675604500441 0.6100277304649353 0
1675604500641 0.6123542785644531 0
1675604500862 0.6053612232208252 0
1675604501088 0.6036272644996643 0
1675604501311 0.6011645793914795 0
1675604501545 0.5990744829177856 0
1675604501779 0.596626877784729 0
1675604502006 0.5983423590660095 0
1675604502239 0.5966351628303528 0
1675604502485 0.5930635333061218 0
1675604502756 0.5943242907524109 0
1675604502994 0.5907043218612671 0
1675604503226 0.5895960927009583 0
1675604503445 0.5918405652046204 0
1675604503673 0.5894762277603149 0
1675604503928 0.5877826809883118 0
1675604504139 0.5927029252052307 0
1675604504345 0.5938204526901245 0
1675604504573 0.5882329344749451 0
1675604504828 0.5810650587081909 0
1675604505043 0.5856637358665466 0
1675604505271 0.5864747166633606 0
1675604505501 0.5828437209129333 0
1675604505729 0.5845716595649719 0
1675604506008 0.575201153755188 0
1675604506238 0.5838887691497803 0
1675604506523 0.5791595578193665 0
1675604506766 0.5870160460472107 0
1675604506999 0.5748462677001953 0
1675604507230 0.5825121402740479 0
1675604507496 0.5770454406738281 0
1675604507732 0.5817440748214722 0
1675604507949 0.5807119607925415 0
1675604508214 0.5690808892250061 0
1675604508438 0.5791547894477844 0
1675604508663 0.5761908888816833 0
1675604508868 0.582042396068573 0
1675604509108 0.5722425580024719 0
1675604509347 0.5731920003890991 0
1675604509601 0.5656073689460754 0
1675604509799 0.582121729850769 0
1675604510039 0.5763899087905884 0
1675604510286 0.5732565522193909 0
1675604510561 0.5687064528465271 0
1675604510831 0.5690786242485046 0
1675604511103 0.5690475106239319 0
1675604511318 0.5774618983268738 0
1675604511540 0.5725929737091064 0
1675604511748 0.5777616500854492 0
1675604511975 0.5740890502929688 0
1675604512257 0.5676001906394958 0
1675604512503 0.5741097927093506 0
1675604512736 0.5740024447441101 0
1675604513044 0.5651700496673584 0
1675604513355 0.5646420121192932 0
1675604513664 0.5644460916519165 0
1675604513961 0.5657463073730469 0
1675604514279 0.5631679892539978 0
1675604514574 0.564927339553833 0
1675604514841 0.5759028792381287 0
1675604515123 0.5710412859916687 0
1675604515430 0.5633204579353333 0
1675604515700 0.5705661773681641 0
1675604516020 0.5575347542762756 0
1675604516305 0.5676607489585876 0
1675604516597 0.5651697516441345 0
1675604516903 0.5622029304504395 0
1675604517172 0.57016921043396 0
1675604517439 0.5724237561225891 0
1675604517748 0.5644353032112122 0
1675604518032 0.5681388974189758 0
1675604518350 0.5602867603302002 0
1675604518622 0.5679414868354797 0
1675604518915 0.5635074377059937 0
1675604519202 0.56448894739151 0
1675604519468 0.5706266164779663 0
1675604519771 0.5604996085166931 0
1675604520054 0.5652501583099365 0
1675604520316 0.5663454532623291 0
1675604520600 0.5635253190994263 0
1675604520869 0.5656243562698364 0
1675604521143 0.5673286318778992 0
1675604521426 0.5614110231399536 0
1675604521692 0.5653790831565857 0
1675604522002 0.5589619874954224 0
1675604522291 0.5628794431686401 0
1675604522580 0.5661856532096863 0
1675604522844 0.5688406229019165 0
1675604523119 0.5652740597724915 0
1675604523385 0.5664389133453369 0
1675604523626 0.5716027617454529 0
1675604523891 0.5646980404853821 0
1675604524141 0.5662736296653748 0
1675604524415 0.5654048919677734 0
1675604524667 0.5685697793960571 0
1675604524953 0.5599362254142761 0
1675604525215 0.5678472518920898 0
1675604525484 0.5688026547431946 0
1675604525780 0.5608184933662415 0
1675604526091 0.5584854483604431 0
1675604526369 0.5647937059402466 0
1675604526658 0.5609993934631348 0
1675604526926 0.5643600821495056 0
1675604527181 0.5686224102973938 0
1675604527481 0.5597578287124634 0
1675604527778 0.5583312511444092 0
1675604528045 0.5635783076286316 0
1675604528305 0.5631866455078125 0
1675604528589 0.5597445368766785 0
1675604528877 0.5569890737533569 0
1675604529141 0.562020480632782 0
1675604529404 0.5628489255905151 0
1675604529662 0.5608310699462891 0
1675604529905 0.5670281648635864 0
1675604530166 0.561482310295105 0
1675604530462 0.5585924983024597 0
1675604530739 0.5557252764701843 0
1675604531006 0.5575868487358093 0
1675604531272 0.5595598816871643 0
1675604531557 0.5608727931976318 0
1675604531863 0.5557456016540527 0
1675604532137 0.5617333650588989 0
1675604532387 0.5652117133140564 0
1675604532638 0.5661728978157043 0
1675604532897 0.5643040537834167 0
1675604533139 0.5662239789962769 0
1675604533439 0.5616800785064697 0
1675604533718 0.556006133556366 0
1675604533972 0.5636741518974304 0
1675604534198 0.5667879581451416 0
1675604534452 0.5632660984992981 0
1675604534741 0.5594684481620789 0
1675604535013 0.5600603222846985 0
1675604535290 0.5602267384529114 0
1675604535558 0.5608530044555664 0
1675604537369 0.5600164532661438 0
1675604537666 0.5579055547714233 0
1675604537954 0.5597457885742188 0
1675604538203 0.5705042481422424 0
1675604538502 0.5547400712966919 0
1675604538792 0.5605428814888 0
1675604539090 0.5563585758209229 0
1675604539378 0.5575239062309265 0
1675604539659 0.5580909252166748 0
1675604539933 0.5559783577919006 0
1675604540202 0.5576180815696716 0
1675604540480 0.5604426860809326 0
1675604540755 0.5639961957931519 0
1675604541038 0.5593516826629639 0
1675604541349 0.5552875995635986 0
1675604541616 0.5630047917366028 0
1675604541910 0.556533694267273 0
1675604542213 0.554166853427887 0
1675604542478 0.5639128684997559 0
1675604542771 0.5582349300384521 0
1675604543057 0.5586522817611694 0
1675604543316 0.5646082162857056 0
1675604543611 0.5568415522575378 0
1675604543901 0.5588976740837097 0
1675604544184 0.5590126514434814 0
1675604544477 0.5558843612670898 0
1675604544774 0.5553670525550842 0
1675604545062 0.5583653450012207 0
1675604545313 0.56959068775177 0
1675604545585 0.5551593899726868 0
1675604545888 0.5567860007286072 0
1675604546157 0.5641737580299377 0
1675604546422 0.5645371079444885 0
1675604546687 0.5638300180435181 0
1675604546967 0.5597172379493713 0
1675604547229 0.5617337226867676 0
1675604547488 0.5650914907455444 0
1675604547757 0.5634541511535645 0
1675604548034 0.5598121881484985 0
1675604548299 0.5639091730117798 0
1675604548556 0.5592412352561951 0
1675604548819 0.5617634057998657 0
1675604549090 0.5626200437545776 0
1675604549378 0.5555505752563477 0
1675604549702 0.5504633784294128 0
1675604549990 0.559122622013092 0
1675604550314 0.5498006343841553 0
1675604550615 0.551790177822113 0
1675604550872 0.5614625811576843 0
1675604551154 0.557249128818512 0
1675604551445 0.5571942329406738 0
1675604551710 0.5615493059158325 0
1675604552004 0.5580057501792908 0
1675604552301 0.5545907020568848 0
1675604552593 0.5564836263656616 0
1675604552877 0.5582764148712158 0
1675604553128 0.5649369359016418 0
1675604553437 0.5524706840515137 0
1675604553701 0.561972975730896 0
1675604553997 0.5509891510009766 0
1675604554278 0.5510308146476746 0
1675604554567 0.5546241998672485 0
1675604554820 0.565079391002655 0
1675604555076 0.564325213432312 0
1675604555346 0.5604954361915588 0
1675604555631 0.5581248998641968 0
1675604555936 0.5529994964599609 0
1675604556207 0.5599468350410461 0
1675604556488 0.5579440593719482 0
1675604556809 0.5487961173057556 0
1675604557094 0.555958092212677 0
1675604557373 0.5565293431282043 0
1675604557654 0.5550923943519592 0
1675604557953 0.5539869070053101 0
1675604558239 0.5584424138069153 0
1675604558517 0.5583338737487793 0
1675604558822 0.5525963306427002 0
1675604559124 0.5533178448677063 0
1675604559417 0.5579323172569275 0
1675604559705 0.556006133556366 0
1675604559978 0.5610189437866211 0
1675604560269 0.5597384572029114 0
1675604560551 0.5582120418548584 0
1675604560824 0.5618249773979187 0
1675604561105 0.558224618434906 0
1675604561412 0.5518088340759277 0
1675604561718 0.5502906441688538 0
1675604562019 0.5536275506019592 0
1675604562281 0.5641379952430725 0
1675604562568 0.5562325119972229 0
1675604562849 0.5580441355705261 0
1675604563142 0.5550554394721985 0
1675604563422 0.5582733750343323 0
1675604563686 0.5634521245956421 0
1675604563998 0.5491992831230164 0
1675604564256 0.5624630451202393 0
1675604564524 0.563016951084137 0
1675604564809 0.5546852946281433 0
1675604565093 0.5568327903747559 0
1675604565340 0.566440761089325 0
1675604565614 0.5589150786399841 0
1675604565883 0.5599687099456787 0
1675604566181 0.5531435012817383 0
1675604566504 0.5445123314857483 0
1675604566792 0.5563748478889465 0
1675604567069 0.5584444403648376 0
1675604567328 0.5625021457672119 0
1675604567609 0.5566065907478333 0
1675604567915 0.5525702238082886 0
1675604568219 0.54991614818573 0
1675604568480 0.5631390810012817 0
1675604568780 0.5531390905380249 0
1675604569105 0.5465524196624756 0
1675604569395 0.5524489283561707 0
1675604569684 0.5536799430847168 0
1675604569980 0.5520859360694885 0
1675604570258 0.5570273995399475 0
1675604570534 0.5585151314735413 0
1675604570856 0.548067569732666 0
1675604571129 0.5598666071891785 0
1675604571432 0.5481207966804504 0
1675604571699 0.5553119778633118 0
1675604571987 0.5558813810348511 0
1675604572288 0.5508604645729065 0
1675604572609 0.5448380708694458 0
1675604572903 0.5529447793960571 0
1675604573184 0.5572482347488403 0
1675604573485 0.5533455610275269 0
1675604573803 0.5480247139930725 0
1675604574092 0.5542740821838379 0
1675604574374 0.5530146360397339 0
1675604574662 0.5542054772377014 0
1675604574944 0.5565147399902344 0
1675604575214 0.5591316819190979 0
1675604575530 0.549716591835022 0
1675604575831 0.552900493144989 0
1675604576131 0.5524936318397522 0
1675604576397 0.5576398372650146 0
1675604576703 0.5480514168739319 0
1675604577012 0.548524796962738 0
1675604577288 0.5536152720451355 0
1675604577577 0.5546526312828064 0
1675604577855 0.5570123195648193 0
1675604578118 0.5598000288009644 0
1675604578396 0.5519751310348511 0
1675604578657 0.5589744448661804 0
1675604578943 0.5508803725242615 0
1675604579201 0.5590020418167114 0
1675604579448 0.5604191422462463 0
1675604579733 0.5481789112091064 0
1675604579995 0.5539644956588745 0
1675604580275 0.5560620427131653 0
1675604580564 0.5525414943695068 0
1675604580887 0.5448877215385437 0
1675604581190 0.5473506450653076 0
1675604581488 0.5491176247596741 0
1675604581761 0.555087149143219 0
1675604583684 0.5531535148620605 0
1675604583976 0.5533434748649597 0
1675604584293 0.545687198638916 0
1675604584560 0.5560771226882935 0
1675604584844 0.5513944029808044 0
1675604585129 0.5547357797622681 0
1675604585417 0.5504051446914673 0
1675604585739 0.5484212636947632 0
1675604586029 0.5547271370887756 0
1675604586304 0.5513882040977478 0
1675604586584 0.55656498670578 0
1675604586874 0.5550052523612976 0
1675604587168 0.5541509389877319 0
1675604587464 0.5513638257980347 0
1675604587756 0.5528653264045715 0
1675604588057 0.5513330698013306 0
1675604588359 0.5506045818328857 0
1675604588679 0.545331597328186 0
1675604588977 0.5529969930648804 0
1675604589276 0.5530025959014893 0
1675604589530 0.5567823648452759 0
1675604589779 0.5591483116149902 0
1675604590059 0.5550321936607361 0
1675604590309 0.562073290348053 0
1675604590601 0.5521574020385742 0
1675604590895 0.5514965057373047 0
1675604591179 0.5550771355628967 0
1675604591507 0.5491054654121399 0
1675604591810 0.5482609272003174 0
1675604592071 0.5599423050880432 0
1675604592376 0.5506239533424377 0
1675604592662 0.5538985729217529 0
1675604592940 0.5570749640464783 0
1675604593255 0.5451105237007141 0
1675604593523 0.5583246350288391 0
1675604593828 0.5490018129348755 0
1675604594095 0.5567463636398315 0
1675604594364 0.5572249293327332 0
1675604594669 0.542333722114563 0
1675604594927 0.5543670058250427 0
1675604595199 0.552829384803772 0
1675604595493 0.5502485036849976 0
1675604595815 0.5448739528656006 0
1675604596103 0.554654061794281 0
1675604596390 0.5534664988517761 0
1675604596665 0.5574110746383667 0
1675604596966 0.5501591563224792 0
1675604597277 0.547584593296051 0
1675604597576 0.5495087504386902 0
1675604597837 0.5563321709632874 0
1675604598106 0.5585601329803467 0
1675604598386 0.5529934167861938 0
1675604598683 0.5499045252799988 0
1675604598927 0.5585148334503174 0
1675604599202 0.5549036860466003 0
1675604599451 0.5639011859893799 0
1675604599755 0.5484000444412231 0
1675604600046 0.5531805753707886 0
1675604600334 0.5519024133682251 0
1675604600650 0.5427417755126953 0
1675604600975 0.5441526770591736 0
1675604601257 0.5545932650566101 0
1675604601539 0.5556853413581848 0
1675604601811 0.5582026243209839 0
1675604602109 0.5532272458076477 0
1675604602387 0.5563472509384155 0
1675604602662 0.557820737361908 0
1675604602940 0.5583059787750244 0
1675604603250 0.546232283115387 0
1675604603545 0.5523107647895813 0
1675604603825 0.5552137494087219 0
1675604604122 0.5484609603881836 0
1675604604407 0.5518714785575867 0
1675604604664 0.5601582527160645 0
1675604604960 0.5487080812454224 0
1675604605270 0.5449358224868774 0
1675604605535 0.5577189922332764 0
1675604605840 0.5476319193840027 0
1675604606104 0.5585375428199768 0
1675604606382 0.5538673996925354 0
1675604606683 0.5485898852348328 0
1675604606960 0.5549842119216919 0
1675604607233 0.5567915439605713 0
1675604607500 0.5586811900138855 0
1675604607810 0.5459522008895874 0
1675604608082 0.5554018020629883 0
1675604608397 0.5456143021583557 0
1675604608676 0.5560321807861328 0
1675604608945 0.5565147399902344 0
1675604609203 0.5610400438308716 0
1675604609486 0.555500864982605 0
1675604609797 0.5482730865478516 0
1675604610083 0.552338719367981 0
1675604610380 0.549187421798706 0
1675604610667 0.5522780418395996 0
1675604610978 0.5452235341072083 0
1675604611317 0.5386313199996948 0
1675604611615 0.5490397214889526 0
1675604611910 0.5507146120071411 0
1675604612215 0.546588122844696 0
1675604612494 0.5532974004745483 0
1675604612749 0.5613521933555603 0
1675604613021 0.5570399165153503 0
1675604613310 0.545451819896698 0
1675604613617 0.5447816252708435 0
1675604613901 0.5520521402359009 0
1675604614210 0.546338677406311 0
1675604614492 0.5518810153007507 0
1675604614776 0.5515750646591187 0
1675604615040 0.5587610602378845 0
1675604615357 0.5421422719955444 0
1675604615657 0.5490491986274719 0
1675604615948 0.5517178773880005 0
1675604616201 0.5600995421409607 0
1675604616471 0.5570825338363647 0
1675604616791 0.5416578650474548 0
1675604617059 0.5580768585205078 0
1675604617374 0.5428767204284668 0
1675604617657 0.551859974861145 0
1675604617919 0.559558093547821 0
1675604618188 0.5570077896118164 0
1675604618488 0.5477294325828552 0
1675604618750 0.5519925951957703 0
1675604619027 0.5492388010025024 0
1675604619303 0.5528889894485474 0
1675604619597 0.546177864074707 0
1675604619906 0.5424241423606873 0
1675604620212 0.547545313835144 0
1675604620502 0.5534887313842773 0
1675604620774 0.5543538928031921 0
1675604621062 0.5516586899757385 0
1675604621310 0.5619404911994934 0
1675604621613 0.5495346784591675 0
1675604621915 0.5471845865249634 0
1675604622214 0.5483903884887695 0
1675604622495 0.5512975454330444 0
1675604622781 0.5510677099227905 0
1675604623033 0.5586513876914978 0
1675604623363 0.5445770025253296 0
1675604623653 0.5503155589103699 0
1675604623978 0.5436462759971619 0
1675604624247 0.5545855164527893 0
1675604624505 0.5577657222747803 0
1675604624826 0.5440009236335754 0
1675604625115 0.5533775687217712 0
1675604625376 0.5581833124160767 0
1675604625685 0.544903039932251 0
1675604625973 0.5507186651229858 0
1675604626249 0.5517628192901611 0
1675604626569 0.5416803956031799 0
1675604626858 0.550899088382721 0
1675604627160 0.5479826927185059 0
1675604627445 0.5538525581359863 0
1675604627717 0.5556519031524658 0
1675604628013 0.5523729920387268 0
1675604628296 0.5514890551567078 0
1675604628566 0.5542302131652832 0
1675604630473 0.5601785182952881 0
1675604630788 0.5431531667709351 0
1675604631031 0.5632637739181519 0
1675604631309 0.5534942150115967 0
1675604631605 0.5513399243354797 0
1675604631890 0.5511221885681152 0
1675604632144 0.5593916773796082 0
1675604632443 0.54619300365448 0
1675604632707 0.5583229064941406 0
1675604632980 0.5563845038414001 0
1675604633291 0.5448219776153564 0
1675604633573 0.5545958876609802 0
1675604633894 0.5435784459114075 0
1675604634177 0.5519955158233643 0
1675604634414 0.5644712448120117 0
1675604634707 0.5475903153419495 0
1675604634956 0.5573273301124573 0
1675604635221 0.5555785298347473 0
1675604635501 0.5515556335449219 0
1675604635796 0.5505785942077637 0
1675604636062 0.5552999973297119 0
1675604636357 0.5502086281776428 0
1675604636645 0.5499213337898254 0
1675604636943 0.5468429327011108 0
1675604637245 0.5454689860343933 0
1675604637533 0.5500631332397461 0
1675604637833 0.5462871193885803 0
1675604638115 0.551618218421936 0
1675604638397 0.5496651530265808 0
1675604638699 0.547070324420929 0
1675604638948 0.5586785674095154 0
1675604639261 0.5436437726020813 0
1675604639563 0.5474916696548462 0
1675604639864 0.5447093844413757 0
1675604640156 0.5499011278152466 0
1675604640448 0.5501675605773926 0
1675604640725 0.552955150604248 0
1675604641041 0.546642005443573 0
1675604641337 0.5515792965888977 0
1675604641622 0.5486389398574829 0
1675604641913 0.5490760803222656 0
1675604642194 0.5504975914955139 0
1675604642473 0.5502074956893921 0
1675604642721 0.5564098358154297 0
1675604643026 0.5474206209182739 0
1675604643345 0.5433751344680786 0
1675604643670 0.5423005819320679 0
1675604643994 0.5405101776123047 0
1675604644311 0.5448693037033081 0
1675604644594 0.5515472292900085 0
1675604644908 0.5447748899459839 0
1675604645209 0.5460065007209778 0
1675604645474 0.5577030777931213 0
1675604645732 0.5603006482124329 0
1675604646033 0.5466803312301636 0
1675604646329 0.5424480438232422 0
1675604646572 0.5563094019889832 0
1675604646871 0.544813334941864 0
1675604647172 0.5465935468673706 0
1675604647482 0.544694721698761 0
1675604647783 0.5443542003631592 0
1675604648084 0.5448145866394043 0
1675604648373 0.5483234524726868 0
1675604648682 0.5420324802398682 0
1675604648936 0.5551523566246033 0
1675604649208 0.5508908033370972 0
1675604649483 0.551690936088562 0
1675604649802 0.5412501692771912 0
1675604650067 0.5540664792060852 0
1675604650348 0.5485510230064392 0
1675604650632 0.5475336909294128 0
1675604650891 0.5534208416938782 0
1675604651184 0.5434195399284363 0
1675604651483 0.5494945049285889 0
1675604651813 0.539189338684082 0
1675604652133 0.5432155132293701 0
1675604652449 0.5432360768318176 0
1675604652742 0.5484713912010193 0
1675604653025 0.5506704449653625 0
1675604653333 0.5474460124969482 0
1675604653608 0.5545669794082642 0
1675604653899 0.5516205430030823 0
1675604654179 0.5528118014335632 0
1675604654437 0.5587356686592102 0
1675604654707 0.5559383630752563 0
1675604654991 0.5516114234924316 0
1675604655262 0.5557880401611328 0
1675604655546 0.5503044128417969 0
1675604655831 0.5512441992759705 0
1675604656102 0.5531542301177979 0
1675604656359 0.5567296743392944 0
1675604656650 0.5485102534294128 0
1675604656930 0.5523472428321838 0
1675604657206 0.5537356734275818 0
1675604657489 0.55370032787323 0
1675604657744 0.5590314865112305 0
1675604658053 0.5445531010627747 0
1675604658328 0.5548609495162964 0
1675604658624 0.5478187203407288 0
1675604658891 0.5544341802597046 0
1675604659169 0.5540184378623962 0
1675604659443 0.5543978214263916 0
1675604659734 0.5479897856712341 0
1675604660024 0.5489863157272339 0
1675604660323 0.5471444129943848 0
1675604660594 0.5552369952201843 0
1675604660899 0.5460085272789001 0
1675604661203 0.5463871955871582 0
1675604661468 0.556986391544342 0
1675604661761 0.5500578880310059 0
1675604662050 0.5508624315261841 0
1675604662342 0.5503906607627869 0
1675604662659 0.5438973903656006 0
1675604662961 0.5474767088890076 0
1675604663275 0.5424095392227173 0
1675604663637 0.5286827683448792 0
1675604663894 0.5587781071662903 0
1675604664142 0.5602971315383911 0
1675604664421 0.5539414882659912 0
1675604664697 0.5528808832168579 0
1675604664951 0.5587605834007263 0
1675604665265 0.5432814955711365 0
1675604665523 0.5588050484657288 0
1675604665787 0.5570111274719238 0
1675604666058 0.5536799430847168 0
1675604666384 0.5421519875526428 0
1675604666673 0.5484301447868347 0
1675604666950 0.5538008213043213 0
1675604667245 0.5489879250526428 0
1675604667550 0.5498120188713074 0
1675604667838 0.5500169992446899 0
1675604668099 0.557412326335907 0
1675604668397 0.5462173819541931 0
1675604668669 0.5550571084022522 0
1675604668958 0.5484618544578552 0
1675604669250 0.5489940047264099 0
1675604669550 0.5473518371582031 0
1675604669819 0.5559009313583374 0
1675604670082 0.5575821995735168 0
1675604670365 0.5498875975608826 0
1675604670664 0.547201931476593 0
1675604670981 0.5439875721931458 0
1675604671290 0.5470088720321655 0
1675604671579 0.552245020866394 0
1675604671898 0.5458924770355225 0
1675604672203 0.5437028408050537 0
1675604672529 0.5390932559967041 0
1675604672799 0.5547848343849182 0
1675604673059 0.5569821000099182 0
1675604673345 0.5504498481750488 0
1675604673622 0.5520370602607727 0
1675604673910 0.5511192679405212 0
1675604674190 0.5514935851097107 0
1675604674476 0.5470477342605591 0
1675604674775 0.5453985333442688 0
1675604675079 0.5460683107376099 0
1675604675355 0.551385760307312 0
1675604677200 0.5557458400726318 0
1675604677497 0.5492457747459412 0
1675604677795 0.5471941828727722 0
1675604678122 0.5389701128005981 0
1675604678401 0.5512621402740479 0
1675604678669 0.5543854236602783 0
1675604678940 0.5506222248077393 0
1675604679204 0.5502345561981201 0
1675604679463 0.5533303022384644 0
1675604679748 0.5467377305030823 0
1675604680021 0.5484140515327454 0
1675604680293 0.5480698943138123 0
1675604680580 0.5456590056419373 0
1675604680827 0.5511884093284607 0
1675604681102 0.5460039973258972 0
1675604681372 0.5495543479919434 0
1675604681660 0.5502128005027771 0
1675604681931 0.558053195476532 0
1675604682216 0.5506556630134583 0
1675604682491 0.5534651875495911 0
1675604682766 0.5485079884529114 0
1675604683029 0.5556498765945435 0
1675604683298 0.5529043674468994 0
1675604683556 0.5525296330451965 0
1675604683813 0.5586004257202148 0
1675604684102 0.549146294593811 0
1675604684382 0.5509803295135498 0
1675604684672 0.5481305718421936 0
1675604684954 0.5519471168518066 0
1675604685220 0.5553334355354309 0
1675604685509 0.5497300624847412 0
1675604685796 0.5507566332817078 0
1675604686092 0.5463687181472778 0
1675604686385 0.5476589798927307 0
1675604686672 0.5494030714035034 0
1675604686942 0.5538144111633301 0
1675604687248 0.5449308156967163 0
1675604687528 0.5518904328346252 0
1675604687809 0.5518746376037598 0
1675604688094 0.5493967533111572 0
1675604688362 0.5539103150367737 0
1675604688665 0.5445623397827148 0
1675604688949 0.5499821901321411 0
1675604689248 0.5464258790016174 0
1675604689559 0.5433309078216553 0
1675604689867 0.5427513122558594 0
1675604690161 0.5471176505088806 0
1675604690465 0.544765293598175 0
1675604690743 0.5531970262527466 0
1675604691031 0.5519777536392212 0
1675604691307 0.5524023175239563 0
1675604691595 0.5501300096511841 0
1675604691873 0.5530113577842712 0
1675604692163 0.5499768257141113 0
1675604692443 0.5543862581253052 0
1675604692732 0.5500620007514954 0
1675604693001 0.5560716390609741 0
1675604693293 0.549414873123169 0
1675604693556 0.555891215801239 0
1675604693855 0.5452220439910889 0
1675604694154 0.5458531975746155 0
1675604694465 0.5434973835945129 0
1675604694757 0.546339213848114 0
1675604695053 0.5488305687904358 0
1675604695348 0.5493087768554688 0
1675604695636 0.5499401092529297 0
1675604695909 0.5549317598342896 0
1675604696174 0.5557746887207031 0
1675604696445 0.5563099980354309 0
1675604696723 0.5506086945533752 0
1675604696995 0.5529520511627197 0
1675604697258 0.5562495589256287 0
1675604697541 0.5516697764396667 0
1675604697828 0.5490580797195435 0
1675604698075 0.5634930729866028 0
1675604698349 0.5556118488311768 0
1675604698653 0.547869086265564 0
1675604698975 0.5422456860542297 0
1675604699267 0.5506711602210999 0
1675604699555 0.5500828623771667 0
1675604699914 0.535001814365387 0
1675604700234 0.5395385026931763 0
1675604700517 0.5520010590553284 0
1675604700813 0.5494178533554077 0
1675604701118 0.5481570959091187 0
1675604701392 0.5507017374038696 0
1675604701671 0.5518960952758789 0
1675604701972 0.5551925897598267 0
1675604702300 0.5467314720153809 0
1675604702588 0.5512545108795166 0
1675604702894 0.5447327494621277 0
1675604703202 0.5440781712532043 0
1675604703482 0.5529496073722839 0
1675604703785 0.546173632144928 0
1675604704049 0.5577170848846436 0
1675604704326 0.5528881549835205 0
1675604704590 0.5574643611907959 0
1675604704897 0.5457950830459595 0
1675604705189 0.5506815314292908 0
1675604705470 0.552825391292572 0
1675604705736 0.5556744337081909 0
1675604706017 0.550987720489502 0
1675604706315 0.5474936366081238 0
1675604706628 0.5398181080818176 0
1675604706900 0.5502648949623108 0
1675604707177 0.5503177046775818 0
1675604707419 0.5605438351631165 0
1675604707694 0.5506840348243713 0
1675604707953 0.5515773892402649 0
1675604708251 0.5486237406730652 0
1675604708539 0.5486885905265808 0
1675604708818 0.5506330132484436 0
1675604709118 0.5465484857559204 0
1675604709397 0.5524203181266785 0
1675604709654 0.55950927734375 0
1675604709974 0.5429039001464844 0
1675604710270 0.5469452142715454 0
1675604710594 0.5430789589881897 0
1675604710879 0.5482997298240662 0
1675604711143 0.556479275226593 0
1675604711441 0.5448877215385437 0
1675604711701 0.5560312271118164 0
1675604712008 0.540039598941803 0
1675604712265 0.555321991443634 0
1675604712564 0.5442187190055847 0
1675604712867 0.5459698438644409 0
1675604713185 0.5423293113708496 0
1675604713473 0.5476496815681458 0
1675604713764 0.5473783016204834 0
1675604714064 0.5455740094184875 0
1675604714329 0.5550605654716492 0
1675604714632 0.5452855825424194 0
1675604714928 0.5464599132537842 0
1675604715205 0.5528432130813599 0
1675604715479 0.5546241998672485 0
1675604715816 0.5386784076690674 0
1675604716110 0.5485287308692932 0
1675604716374 0.5566926598548889 0
1675604716684 0.545003354549408 0
1675604717019 0.5356058478355408 0
1675604717307 0.5501217246055603 0
1675604717617 0.5420648455619812 0
1675604717893 0.5482202172279358 0
1675604718164 0.5536010265350342 0
1675604718447 0.5496617555618286 0
1675604718708 0.5569373369216919 0
1675604719034 0.5381906032562256 0
1675604719329 0.5493897795677185 0
1675604719662 0.5380212068557739 0
1675604719942 0.5510850548744202 0
1675604720252 0.5413724780082703 0
1675604720579 0.5433735847473145 0
1675604720868 0.5494592785835266 0
1675604721145 0.5506757497787476 0
1675604721403 0.5544016361236572 0
1675604721683 0.5465405583381653 0
1675604721958 0.5469358563423157 0
