1675865033644 0.017536462843418123 0
1675865034318 0.655095911026001 40
1675865034964 1.0568260192871093 80
1675865035586 0.6348169326782227 120
1675865036226 0.666684627532959 160
1675865036859 0.6728792190551758 200
1675865037492 0.6722795963287354 240
1675865038113 0.674548864364624 280
1675865038788 0.6694394588470459 320
1675865039437 0.6619093894958497 360
1675865040073 0.6508864879608154 400
1675865040719 0.6249138355255127 440
1675865041391 0.6211682319641113 480
1675865042039 0.6102252960205078 520
1675865042708 0.5847602367401123 560
1675865043343 0.6026174068450928 600
1675865043975 0.5994945526123047 640
1675865044641 0.5902929782867432 680
1675865045336 0.5985982418060303 720
1675865045955 0.6073891639709472 760
1675865046607 0.595237922668457 800
1675865047236 0.6066946506500244 840
1675865047863 0.6146039009094239 880
1675865048517 0.6014183044433594 920
1675865049174 0.595463228225708 960
1675865049802 0.6053001403808593 1000
1675865050433 0.6085363388061523 1040
1675865051072 0.6051973342895508 1080
1675865051690 0.6036924362182617 1120
1675865052343 0.5722314357757569 1160
1675865053006 0.5978706359863282 1200
1675865053717 0.6160716533660888 1240
1675865054421 0.6161740779876709 1280
1675865055117 0.5839240074157714 1320
1675865055801 0.6067214012145996 1360
1675865056435 0.5931360721588135 1400
1675865057099 0.60946626663208 1440
1675865057749 0.6008099555969239 1480
1675865058363 0.6025114059448242 1520
1675865058997 0.5848712921142578 1560
1675865059628 0.6095272541046143 1600
1675865060242 0.6140738010406495 1640
1675865060876 0.6168707847595215 1680
1675865061511 0.6061514854431153 1720
1675865062135 0.6114501476287841 1760
1675865062748 0.6139891147613525 1800
1675865063404 0.5981802940368652 1840
1675865064052 0.6115448474884033 1880
1675865064683 0.6024471282958984 1920
1675865065298 0.617505693435669 1960
1675865065992 0.6108249664306641 2000
1675865066659 0.581994104385376 2040
1675865067277 0.6060625553131104 2080
1675865067925 0.5978672504425049 2120
1675865068547 0.6043329238891602 2160
1675865069171 0.6028569221496582 2200
1675865069829 0.5755385875701904 2240
1675865070486 0.6009281635284424 2280
1675865071113 0.6193138122558594 2320
1675865071751 0.5928402423858643 2360
1675865072370 0.5970480918884278 2400
1675865073002 0.6077686309814453 2440
1675865073623 0.5823828697204589 2480
1675865074247 0.6172641277313232 2520
1675865074905 0.5961183071136474 2560
1675865075580 0.5887866020202637 2600
1675865076194 0.5944307327270508 2640
1675865076822 0.6066473484039306 2680
1675865077445 0.6008641719818115 2720
1675865078087 0.5861359596252441 2760
1675865078739 0.5899448394775391 2800
1675865079353 0.6249650955200196 2840
1675865079996 0.6002803802490234 2880
1675865080671 0.5936118125915527 2920
1675865081433 0.5947965145111084 2960
1675865082127 0.6083715438842774 3000
1675865082804 0.5925012111663819 3040
1675865083491 0.5703095436096192 3080
1675865084161 0.5836467742919922 3120
1675865084849 0.6049061298370362 3160
1675865085572 0.6020608901977539 3200
1675865086259 0.5949593544006347 3240
1675865086985 0.5882858753204345 3280
1675865087687 0.5889532089233398 3320
1675865088344 0.5904129981994629 3360
1675865089034 0.6021208763122559 3400
1675865089742 0.5826897621154785 3440
1675865090392 0.5908164024353028 3480
1675865091051 0.5977662563323974 3520
1675865091723 0.5885027885437012 3560
1675865092363 0.5915247917175293 3600
1675865093045 0.5932496547698974 3640
1675865093736 0.5906742572784424 3680
1675865094369 0.5605990409851074 3720
1675865094997 0.5616228580474854 3760
1675865095679 0.5599644660949707 3800
1675865096388 0.5182200908660889 3840
1675865097028 0.5667179584503174 3880
1675865097653 0.47694101333618166 3920
1675865098305 0.49272332191467283 3960
1675865098953 0.4579676628112793 4000
1675865099617 0.4084311962127686 4040
1675865100295 0.39824490547180175 4080
1675865100961 0.4107193946838379 4120
1675865101653 0.3719645500183105 4160
1675865102311 0.3612377643585205 4200
1675865102991 0.37850203514099123 4240
1675865103620 0.3857542037963867 4280
1675865104250 0.3456025362014771 4320
1675865104917 0.31042144298553465 4360
1675865105571 0.39159746170043946 4400
1675865106228 0.36509175300598146 4440
1675865106872 0.35204243659973145 4480
1675865107507 0.3241661548614502 4520
1675865108133 0.4268030166625977 4560
1675865108754 0.4413792133331299 4600
1675865109383 0.3566469430923462 4640
1675865110032 0.34433257579803467 4680
1675865110671 0.38141908645629885 4720
1675865111327 0.37918174266815186 4760
1675865112013 0.32932028770446775 4800
1675865112717 0.3812401533126831 4840
1675865113368 0.30956144332885743 4880
1675865114016 0.34962618350982666 4920
1675865114638 0.3220352649688721 4960
1675865115293 0.3308243274688721 5000
1675865115965 0.32437474727630616 5040
1675865116616 0.3098211050033569 5080
1675865117265 0.36479926109313965 5120
1675865117885 0.3733643054962158 5160
1675865118521 0.2879213571548462 5200
1675865119146 0.36161534786224364 5240
1675865119863 0.3326615333557129 5280
1675865120572 0.37811243534088135 5320
1675865121227 0.3329744338989258 5360
1675865121859 0.3080317497253418 5400
1675865122483 0.2832047939300537 5440
1675865123130 0.3444948196411133 5480
1675865123763 0.3742578744888306 5520
1675865124416 0.346698260307312 5560
1675865125094 0.3386726379394531 5600
1675865125772 0.3216435670852661 5640
1675865126453 0.28653545379638673 5680
1675865127080 0.3414036512374878 5720
1675865127837 0.31229100227355955 5760
1675865128549 0.28614866733551025 5800
1675865129333 0.36909985542297363 5840
1675865130032 0.3044291973114014 5880
1675865130715 0.39177474975585935 5920
1675865131394 0.3839322805404663 5960
1675865132038 0.37943086624145506 6000
1675865132709 0.34868171215057375 6040
1675865133360 0.285107946395874 6080
1675865134024 0.26989924907684326 6120
1675865134714 0.3289947986602783 6160
1675865135388 0.28518736362457275 6200
1675865136061 0.27432780265808104 6240
1675865136701 0.2728463649749756 6280
1675865137361 0.3653074026107788 6320
1675865138020 0.35196971893310547 6360
1675865138700 0.3593512773513794 6400
1675865139387 0.31235542297363283 6440
1675865140083 0.2963688850402832 6480
1675865140785 0.2880059480667114 6520
1675865141463 0.3245391845703125 6560
1675865142118 0.3372004985809326 6600
1675865142827 0.2597655773162842 6640
1675865143506 0.29182755947113037 6680
1675865144157 0.326181960105896 6720
1675865144805 0.3177619934082031 6760
1675865145454 0.3053696632385254 6800
1675865146097 0.25531940460205077 6840
1675865146736 0.2647507905960083 6880
1675865147403 0.2852698802947998 6920
1675865148050 0.23361532688140868 6960
1675865148681 0.25305519104003904 7000
1675865149340 0.2680957317352295 7040
1675865149977 0.3025199890136719 7080
1675865150628 0.2357616662979126 7120
1675865151246 0.286295747756958 7160
1675865151877 0.2718388319015503 7200
1675865152520 0.2302642583847046 7240
1675865153190 0.26794483661651614 7280
1675865153818 0.2136385917663574 7320
1675865154460 0.24131135940551757 7360
1675865155093 0.21602606773376465 7400
1675865155729 0.30961673259735106 7440
1675865156365 0.22700610160827636 7480
1675865156992 0.2801940441131592 7520
1675865157638 0.3436456203460693 7560
1675865158261 0.24395930767059326 7600
1675865158895 0.3041811227798462 7640
1675865159533 0.23509836196899414 7680
1675865160163 0.26121542453765867 7720
1675865160837 0.22321784496307373 7760
1675865161486 0.24323587417602538 7800
1675865162124 0.19338886737823485 7840
1675865162752 0.32183098793029785 7880
1675865163373 0.26015028953552244 7920
1675865164045 0.25879621505737305 7960
1675865164710 0.2317600965499878 8000
1675865165351 0.2817597150802612 8040
1675865165982 0.25248286724090574 8080
1675865166630 0.24805634021759032 8120
1675865167275 0.24123427867889405 8160
1675865167913 0.15880746841430665 8200
1675865168544 0.2146306276321411 8240
1675865169179 0.24579768180847167 8280
1675865169828 0.2590386390686035 8320
1675865170460 0.23535528182983398 8360
1675865171099 0.2821664333343506 8400
1675865171721 0.22728676795959474 8440
1675865172356 0.19784685373306274 8480
1675865173010 0.2469491958618164 8520
1675865173648 0.21464262008666993 8560
1675865174284 0.21487929821014404 8600
1675865174920 0.2640254259109497 8640
1675865175562 0.2346489191055298 8680
1675865176223 0.17306631803512573 8720
1675865176866 0.20630326271057128 8760
1675865177521 0.2366863965988159 8800
1675865178149 0.259517240524292 8840
1675865178788 0.25169930458068845 8880
1675865179406 0.19039376974105834 8920
1675865180044 0.2071925640106201 8960
1675865180735 0.22511210441589355 9000
1675865181370 0.2509000301361084 9040
1675865182091 0.2057251214981079 9080
1675865182770 0.18530824184417724 9120
1675865183430 0.2230182409286499 9160
1675865184084 0.194227397441864 9200
1675865184718 0.26429769992828367 9240
1675865185375 0.16467430591583251 9280
1675865186006 0.24707751274108886 9320
1675865186625 0.185479474067688 9360
1675865187251 0.20844144821166993 9400
1675865187894 0.2001319169998169 9440
1675865188550 0.1802660346031189 9480
1675865189196 0.22550268173217775 9520
1675865189812 0.24209146499633788 9560
1675865190448 0.23893210887908936 9600
1675865191089 0.22198717594146727 9640
1675865191738 0.1614618182182312 9680
1675865192414 0.22432303428649902 9720
1675865193043 0.212225079536438 9760
1675865193676 0.23416759967803955 9800
1675865194311 0.259954833984375 9840
1675865194947 0.1865321636199951 9880
1675865195608 0.21877198219299315 9920
1675865196234 0.2265406608581543 9960
1675865196881 0.2764777898788452 10000
1675865197530 0.18417503833770751 10040
1675865229849 0.2006908893585205 10080
1675865230513 0.22696959972381592 10120
1675865231152 0.18278244733810425 10160
