1675605410576 0.6161162257194519 0
1675605410778 0.5971428751945496 0
1675605411029 0.578350841999054 0
1675605411258 0.5606613159179688 0
1675605411483 0.544172465801239 0
1675605411730 0.5282261371612549 0
1675605411919 0.5151646137237549 0
1675605412137 0.5000730752944946 0
1675605412335 0.4889124035835266 0
1675605412530 0.47767403721809387 0
1675605412750 0.46488794684410095 0
1675605412971 0.45463281869888306 0
1675605413211 0.4428381323814392 0
1675605413478 0.4364832937717438 0
1675605413804 0.42893797159194946 0
1675605414071 0.42212963104248047 0
1675605414380 0.41437119245529175 0
1675605414696 0.407667338848114 0
1675605414968 0.40352556109428406 0
1675605415274 0.3961148262023926 0
1675605415516 0.39401480555534363 0
1675605415842 0.38723719120025635 0
1675605416100 0.38392943143844604 0
1675605416343 0.3792519271373749 0
1675605416567 0.3749389350414276 0
1675605416776 0.3727186918258667 0
1675605416999 0.36793068051338196 0
1675605417253 0.3633401691913605 0
1675605417513 0.36044594645500183 0
1675605417796 0.3570469617843628 0
1675605418063 0.3531208038330078 0
1675605418322 0.34935685992240906 0
1675605418593 0.3487553298473358 0
1675605418853 0.34569498896598816 0
1675605419078 0.34472236037254333 0
1675605419282 0.3412993550300598 0
1675605419509 0.3382149934768677 0
1675605419777 0.3359835147857666 0
1675605420028 0.3347179889678955 0
1675605420265 0.3335414528846741 0
1675605420496 0.33255425095558167 0
1675605420735 0.3298351764678955 0
1675605420998 0.3277009427547455 0
1675605421242 0.3257753252983093 0
1675605421467 0.3245552182197571 0
1675605421706 0.32323145866394043 0
1675605421931 0.32284224033355713 0
1675605422145 0.3234124779701233 0
1675605422361 0.32157644629478455 0
1675605422579 0.3209337890148163 0
1675605422808 0.3183477520942688 0
1675605423011 0.3202865421772003 0
1675605423211 0.32005342841148376 0
1675605423487 0.3136811852455139 0
1675605423748 0.3137056231498718 0
1675605424015 0.31403982639312744 0
1675605424221 0.31622862815856934 0
1675605424438 0.3141288459300995 0
1675605424673 0.31289875507354736 0
1675605424902 0.31215590238571167 0
1675605425144 0.31188446283340454 0
1675605425366 0.31211137771606445 0
1675605425623 0.3075413107872009 0
1675605425839 0.31143203377723694 0
1675605426072 0.30944374203681946 0
1675605426285 0.3108103573322296 0
1675605426507 0.30802851915359497 0
1675605426745 0.3075999617576599 0
1675605426975 0.3076126277446747 0
1675605427196 0.3079966604709625 0
1675605427427 0.3064616620540619 0
1675605427651 0.3080924451351166 0
1675605427871 0.3060499429702759 0
1675605428114 0.3045690655708313 0
1675605428376 0.3025743365287781 0
1675605428585 0.30494850873947144 0
1675605428808 0.303376168012619 0
1675605429018 0.3046475946903229 0
1675605429205 0.3058590888977051 0
1675605429442 0.3005617558956146 0
1675605429714 0.2973417639732361 0
1675605429949 0.29901427030563354 0
1675605430138 0.3033129870891571 0
1675605430345 0.30038514733314514 0
1675605430551 0.3004831373691559 0
1675605430741 0.3012237846851349 0
1675605430958 0.2979828119277954 0
1675605431158 0.2990363836288452 0
1675605431372 0.29866844415664673 0
1675605431580 0.2988744378089905 0
1675605431780 0.2984834313392639 0
1675605431991 0.2967345416545868 0
1675605432242 0.2937454283237457 0
1675605432460 0.2956843376159668 0
1675605432670 0.29665905237197876 0
1675605432907 0.29308781027793884 0
1675605433134 0.2937428653240204 0
1675605433399 0.29056254029273987 0
1675605433649 0.2924768626689911 0
1675605433893 0.2933701276779175 0
1675605434132 0.29214462637901306 0
1675605434353 0.29159078001976013 0
1675605434569 0.2915301024913788 0
1675605434778 0.2926628887653351 0
1675605434990 0.29182931780815125 0
1675605435213 0.29096516966819763 0
1675605435443 0.28899940848350525 0
1675605435702 0.2884049117565155 0
1675605435957 0.28627997636795044 0
1675605436233 0.2846699655056 0
1675605436453 0.2891407907009125 0
1675605436725 0.2863478362560272 0
1675605436974 0.28673380613327026 0
1675605437208 0.28872039914131165 0
1675605437421 0.2895944118499756 0
1675605437686 0.2870817482471466 0
1675605437928 0.2867303490638733 0
1675605438174 0.2863934636116028 0
1675605438397 0.28681227564811707 0
1675605438659 0.2862386703491211 0
1675605438938 0.2841918170452118 0
1675605439216 0.28531551361083984 0
1675605439511 0.28164175152778625 0
1675605439756 0.284591406583786 0
1675605440013 0.2841353416442871 0
1675605440260 0.2845754623413086 0
1675605440499 0.28665968775749207 0
1675605440775 0.28032591938972473 0
1675605441016 0.2835387587547302 0
1675605441251 0.28405052423477173 0
1675605441561 0.2778078317642212 0
1675605441819 0.28280454874038696 0
1675605442103 0.2846429944038391 0
1675605442370 0.2836596667766571 0
1675605442603 0.287158727645874 0
1675605442852 0.28512758016586304 0
1675605443085 0.283698707818985 0
1675605443319 0.28261321783065796 0
1675605443577 0.2834339439868927 0
1675605443770 0.28729262948036194 0
1675605443996 0.2825795114040375 0
1675605444253 0.28578850626945496 0
1675605444501 0.2800743579864502 0
1675605444788 0.2822090685367584 0
1675605445056 0.2844351828098297 0
1675605445288 0.28486040234565735 0
1675605445508 0.2848762571811676 0
1675605445744 0.28348514437675476 0
1675605445965 0.2871299684047699 0
1675605446221 0.284318745136261 0
1675605446494 0.285176157951355 0
1675605446717 0.2854093611240387 0
1675605446938 0.28391700983047485 0
1675605447164 0.28479355573654175 0
1675605447397 0.28574955463409424 0
1675605447621 0.2845854163169861 0
1675605447896 0.2815437316894531 0
1675605449505 0.2846147418022156 0
1675605449710 0.2855232357978821 0
1675605449920 0.2849324941635132 0
1675605450175 0.28341975808143616 0
1675605450434 0.28011083602905273 0
1675605450645 0.2857953906059265 0
1675605450876 0.2833824157714844 0
1675605451080 0.28588008880615234 0
1675605451292 0.2853145897388458 0
1675605451524 0.2835766673088074 0
1675605451717 0.28768476843833923 0
1675605451980 0.27998337149620056 0
1675605452233 0.28513720631599426 0
1675605452464 0.2833380103111267 0
1675605452711 0.28160643577575684 0
1675605452927 0.285104900598526 0
1675605453134 0.2878481149673462 0
1675605453379 0.28573545813560486 0
1675605453587 0.28536099195480347 0
1675605453827 0.2818458378314972 0
1675605454063 0.2824872136116028 0
1675605454273 0.2845068871974945 0
1675605454531 0.27927857637405396 0
1675605454772 0.2806095778942108 0
1675605454992 0.2846524715423584 0
1675605455236 0.28035590052604675 0
1675605455444 0.2846779525279999 0
1675605455677 0.28190699219703674 0
1675605455920 0.282137930393219 0
1675605456146 0.28299885988235474 0
1675605456395 0.28097519278526306 0
1675605456616 0.2852899730205536 0
1675605456847 0.28220927715301514 0
1675605457078 0.28122037649154663 0
1675605457286 0.2872530519962311 0
1675605457515 0.28395769000053406 0
1675605457762 0.2852145731449127 0
1675605458005 0.28279611468315125 0
1675605458235 0.28578200936317444 0
1675605458463 0.28417032957077026 0
1675605458674 0.28493833541870117 0
1675605458928 0.27941185235977173 0
1675605459190 0.27925050258636475 0
1675605459411 0.28429821133613586 0
1675605459647 0.2827118933200836 0
1675605459854 0.28445786237716675 0
1675605460082 0.2823611795902252 0
1675605460299 0.28549784421920776 0
1675605460549 0.2823886275291443 0
1675605460763 0.28380411863327026 0
1675605460977 0.2838364839553833 0
1675605461196 0.28193578124046326 0
1675605461421 0.2811902165412903 0
1675605461669 0.28051069378852844 0
1675605461891 0.28179627656936646 0
1675605462132 0.2794921100139618 0
1675605462367 0.280916690826416 0
1675605462580 0.28263822197914124 0
1675605462803 0.2815569043159485 0
1675605463036 0.2804933488368988 0
1675605463250 0.2833235263824463 0
1675605463471 0.2836286425590515 0
1675605463716 0.28180304169654846 0
1675605463943 0.2832256853580475 0
1675605464171 0.28383365273475647 0
1675605464372 0.2834302484989166 0
1675605464588 0.28246164321899414 0
1675605464793 0.28409266471862793 0
1675605464992 0.28415125608444214 0
1675605465216 0.2820272445678711 0
1675605465425 0.2839061915874481 0
1675605465619 0.286048024892807 0
1675605465852 0.28048813343048096 0
1675605466097 0.27896586060523987 0
1675605466292 0.2855672240257263 0
1675605466502 0.2831011414527893 0
1675605466705 0.28364691138267517 0
1675605466903 0.2847763001918793 0
1675605467105 0.2846737504005432 0
1675605467348 0.278654009103775 0
1675605467581 0.2819635570049286 0
1675605467769 0.2860943078994751 0
1675605468015 0.2773989140987396 0
1675605468258 0.2802356481552124 0
1675605468486 0.2807592749595642 0
1675605468682 0.28394603729248047 0
1675605468893 0.2829131484031677 0
1675605469112 0.28167086839675903 0
1675605469349 0.2811754643917084 0
1675605469567 0.28230687975883484 0
1675605469786 0.2826938033103943 0
1675605470002 0.2816627621650696 0
1675605470188 0.2862485647201538 0
1675605470397 0.28276658058166504 0
1675605470611 0.2820451855659485 0
1675605470813 0.28360307216644287 0
1675605471033 0.2808317542076111 0
1675605471279 0.277479887008667 0
1675605471508 0.2799687087535858 0
1675605471737 0.28123968839645386 0
1675605471921 0.28543564677238464 0
1675605472164 0.27792707085609436 0
1675605472413 0.27690696716308594 0
1675605472653 0.2785685956478119 0
1675605472848 0.2846900224685669 0
1675605473109 0.27708160877227783 0
1675605473310 0.28282925486564636 0
1675605473502 0.2841038703918457 0
1675605473758 0.279511034488678 0
1675605473995 0.27980178594589233 0
1675605474240 0.27942919731140137 0
1675605474477 0.27928951382637024 0
1675605474697 0.2803359031677246 0
1675605474908 0.28297144174575806 0
1675605475121 0.2823989987373352 0
1675605475358 0.2810212969779968 0
1675605475572 0.2831194996833801 0
1675605475827 0.27895405888557434 0
1675605476042 0.2826367914676666 0
1675605476275 0.2815798819065094 0
1675605476541 0.27703657746315 0
1675605476787 0.2808936536312103 0
1675605477090 0.27802756428718567 0
1675605477379 0.2792189121246338 0
1675605477616 0.28036704659461975 0
1675605477831 0.2819182574748993 0
1675605478065 0.27936840057373047 0
1675605478276 0.28155654668807983 0
1675605478493 0.2824470102787018 0
1675605478776 0.27961158752441406 0
1675605479068 0.27869075536727905 0
1675605479306 0.2805560827255249 0
1675605479529 0.28042587637901306 0
1675605479783 0.2763816714286804 0
1675605480041 0.2790241539478302 0
1675605480303 0.2750876247882843 0
1675605480528 0.28054964542388916 0
1675605480779 0.27690577507019043 0
1675605481039 0.276553750038147 0
1675605481280 0.28059831261634827 0
1675605481512 0.27905526757240295 0
1675605481738 0.2796385884284973 0
1675605481994 0.2792524993419647 0
1675605482241 0.28170907497406006 0
1675605482471 0.27963194251060486 0
1675605482697 0.2783074975013733 0
1675605482925 0.2785296142101288 0
1675605483123 0.2826622724533081 0
1675605483357 0.27710309624671936 0
1675605483604 0.27649790048599243 0
1675605483849 0.2769935727119446 0
1675605484084 0.2774199843406677 0
1675605484303 0.2798142433166504 0
1675605484562 0.2748754918575287 0
1675605484784 0.2788136899471283 0
1675605485021 0.2772628366947174 0
1675605485247 0.2779732942581177 0
1675605486906 0.27735263109207153 0
1675605487185 0.27280426025390625 0
1675605487447 0.2772875726222992 0
1675605487670 0.2820931375026703 0
1675605487915 0.27686911821365356 0
1675605488136 0.2784655690193176 0
1675605488361 0.27939069271087646 0
1675605488563 0.28123727440834045 0
1675605488775 0.2802116274833679 0
1675605489044 0.2733815014362335 0
1675605489262 0.278380811214447 0
1675605489488 0.27836230397224426 0
1675605489704 0.27964234352111816 0
1675605489935 0.2802249789237976 0
1675605490144 0.2812512516975403 0
1675605490392 0.2776016294956207 0
1675605490644 0.2778829038143158 0
1675605490910 0.2733432650566101 0
1675605491124 0.2792209982872009 0
1675605491406 0.2710375487804413 0
1675605491604 0.2823265790939331 0
1675605491814 0.2799215614795685 0
1675605492066 0.2739941477775574 0
1675605492318 0.2745228111743927 0
1675605492534 0.2788248062133789 0
1675605492767 0.2768672704696655 0
1675605492988 0.27809327840805054 0
1675605493200 0.27927166223526 0
1675605493444 0.2783566117286682 0
1675605493679 0.2802521586418152 0
1675605493962 0.2740805745124817 0
1675605494237 0.2754973769187927 0
1675605494469 0.2792390286922455 0
1675605494704 0.2789291441440582 0
1675605495006 0.27541598677635193 0
1675605495255 0.2764167785644531 0
1675605495470 0.279972106218338 0
1675605495721 0.277589350938797 0
1675605495950 0.2809799909591675 0
1675605496158 0.28018835186958313 0
1675605496361 0.2804989218711853 0
1675605496583 0.2781185805797577 0
1675605496798 0.27955931425094604 0
1675605497063 0.2742200791835785 0
1675605497341 0.27473992109298706 0
1675605497589 0.27845537662506104 0
1675605497869 0.27410033345222473 0
1675605498103 0.2770512104034424 0
1675605498330 0.2778676748275757 0
1675605498561 0.27668270468711853 0
1675605498811 0.27761340141296387 0
1675605499057 0.27698415517807007 0
1675605499311 0.2782649099826813 0
1675605499572 0.2739410996437073 0
1675605499798 0.278837114572525 0
1675605500028 0.2774163484573364 0
1675605500251 0.2769559919834137 0
1675605500505 0.27504539489746094 0
1675605500721 0.2788864076137543 0
1675605500946 0.2795219123363495 0
1675605501184 0.2763334810733795 0
1675605501419 0.2775188982486725 0
1675605501642 0.28148287534713745 0
1675605501856 0.2797146141529083 0
1675605502055 0.28211796283721924 0
1675605502292 0.27583155035972595 0
1675605502544 0.27564916014671326 0
1675605502783 0.277412474155426 0
1675605503030 0.2755848467350006 0
1675605503260 0.2763901650905609 0
1675605503492 0.2762126624584198 0
1675605503705 0.2793002128601074 0
1675605503914 0.2793087363243103 0
1675605504134 0.2778758704662323 0
1675605504360 0.2786622941493988 0
1675605504589 0.2766534388065338 0
1675605504803 0.2791768014431 0
1675605505050 0.2741871774196625 0
1675605505245 0.2814916968345642 0
1675605505448 0.2807690501213074 0
1675605505677 0.27672499418258667 0
1675605505882 0.28121933341026306 0
1675605506141 0.2743740677833557 0
1675605506379 0.27578815817832947 0
1675605506601 0.27785614132881165 0
1675605506838 0.27738749980926514 0
1675605507076 0.2753886878490448 0
1675605507351 0.2749023735523224 0
1675605507585 0.278564453125 0
1675605507810 0.27804434299468994 0
1675605508049 0.2758364975452423 0
1675605508264 0.2792570888996124 0
1675605508505 0.27961719036102295 0
1675605508766 0.2753240168094635 0
1675605509016 0.2777637243270874 0
1675605509233 0.2786715030670166 0
1675605509464 0.2772916257381439 0
1675605509690 0.27797645330429077 0
1675605509933 0.2751862406730652 0
1675605510135 0.28080013394355774 0
1675605510368 0.2786302864551544 0
1675605510613 0.27712106704711914 0
1675605510860 0.27777937054634094 0
1675605511097 0.2775473892688751 0
1675605511347 0.27732837200164795 0
1675605511637 0.2773979902267456 0
1675605511849 0.2788057327270508 0
1675605512078 0.2772083878517151 0
1675605512297 0.2783873379230499 0
1675605512518 0.2781922221183777 0
1675605512732 0.27864500880241394 0
1675605512953 0.2785435616970062 0
1675605513165 0.27924418449401855 0
1675605513377 0.2783554196357727 0
1675605513620 0.27645060420036316 0
1675605513875 0.274933397769928 0
1675605514096 0.2770976722240448 0
1675605514327 0.276602178812027 0
1675605514569 0.27503493428230286 0
1675605514777 0.2802897095680237 0
1675605515000 0.2788756787776947 0
1675605515227 0.2771272361278534 0
1675605515429 0.28069546818733215 0
1675605515684 0.27444547414779663 0
1675605515903 0.2779271900653839 0
1675605516113 0.28062161803245544 0
1675605516356 0.2761915326118469 0
1675605516573 0.27862781286239624 0
1675605516786 0.27971795201301575 0
1675605517004 0.28039366006851196 0
1675605517246 0.27822285890579224 0
1675605517460 0.2803868353366852 0
1675605517729 0.27575698494911194 0
1675605517970 0.27687790989875793 0
1675605518187 0.27797138690948486 0
1675605518417 0.2801051139831543 0
1675605518634 0.28112363815307617 0
1675605518855 0.2786930799484253 0
1675605519076 0.2785188853740692 0
1675605519296 0.2780269682407379 0
1675605519545 0.27769047021865845 0
1675605519779 0.27814435958862305 0
1675605520010 0.27721288800239563 0
1675605520237 0.27696889638900757 0
1675605520457 0.2796310484409332 0
1675605520662 0.2811344861984253 0
1675605520920 0.27467143535614014 0
1675605521185 0.27669066190719604 0
1675605521430 0.27782928943634033 0
1675605521674 0.27756208181381226 0
1675605521918 0.2761588990688324 0
1675605522152 0.2769521176815033 0
1675605522373 0.2786218822002411 0
1675605522641 0.2766006588935852 0
1675605522897 0.27616119384765625 0
1675605523144 0.2759692072868347 0
1675605523362 0.27857643365859985 0
1675605525015 0.27684834599494934 0
1675605525232 0.27949878573417664 0
1675605525458 0.2772523760795593 0
1675605525731 0.275613933801651 0
1675605525981 0.27556365728378296 0
1675605526222 0.2769252061843872 0
1675605526491 0.27622368931770325 0
1675605526762 0.273864209651947 0
1675605526992 0.2774085998535156 0
1675605527248 0.27432531118392944 0
1675605527455 0.2790628969669342 0
1675605527718 0.2742003798484802 0
1675605527945 0.27663522958755493 0
1675605528158 0.278423935174942 0
1675605528441 0.2720291018486023 0
1675605528673 0.2776448428630829 0
1675605528873 0.2793070077896118 0
1675605529089 0.2781924605369568 0
1675605529331 0.27518534660339355 0
1675605529553 0.2756582796573639 0
1675605529802 0.2748059928417206 0
1675605530038 0.2759046256542206 0
1675605530251 0.27737224102020264 0
1675605530486 0.27650588750839233 0
1675605530715 0.2770240306854248 0
1675605530922 0.2776656150817871 0
1675605531163 0.27924057841300964 0
1675605531457 0.2777751386165619 0
1675605531716 0.2781640291213989 0
1675605531934 0.2795419692993164 0
1675605532181 0.27747902274131775 0
1675605532397 0.27881428599357605 0
1675605532623 0.27831581234931946 0
1675605532857 0.2761935293674469 0
1675605533057 0.2798307538032532 0
1675605533272 0.27875185012817383 0
1675605533518 0.2735951840877533 0
1675605533710 0.27975648641586304 0
1675605533950 0.2750268280506134 0
1675605534163 0.27929362654685974 0
1675605534376 0.2766460180282593 0
1675605534596 0.2788589894771576 0
1675605534873 0.2762426733970642 0
1675605535104 0.27607691287994385 0
1675605535363 0.276618093252182 0
1675605535570 0.28012949228286743 0
1675605535789 0.27589884400367737 0
1675605535995 0.280027836561203 0
1675605536215 0.2777111232280731 0
1675605536429 0.2774414122104645 0
1675605536652 0.27783748507499695 0
1675605536861 0.28036049008369446 0
1675605537083 0.27722692489624023 0
1675605537338 0.27631330490112305 0
1675605537592 0.2798362374305725 0
1675605537849 0.27522897720336914 0
1675605538116 0.27616286277770996 0
1675605538349 0.276930034160614 0
1675605538580 0.27697092294692993 0
1675605538815 0.2780008018016815 0
1675605539042 0.27864882349967957 0
1675605539282 0.2752511203289032 0
1675605539484 0.28021344542503357 0
1675605539705 0.2783460319042206 0
1675605539936 0.27538803219795227 0
1675605540161 0.27745547890663147 0
1675605540380 0.27810555696487427 0
1675605540602 0.27609020471572876 0
1675605540849 0.2745361030101776 0
1675605541088 0.2770327925682068 0
1675605541285 0.2801305055618286 0
1675605541529 0.2756723463535309 0
1675605541797 0.2763747572898865 0
1675605542037 0.2798612415790558 0
1675605542294 0.27821120619773865 0
1675605542538 0.27538132667541504 0
1675605542731 0.28034716844558716 0
1675605542944 0.278740257024765 0
1675605543174 0.277165025472641 0
1675605543400 0.27560630440711975 0
1675605543637 0.27622315287590027 0
1675605543873 0.27674099802970886 0
1675605544091 0.27704644203186035 0
1675605544324 0.2770876884460449 0
1675605544548 0.2779587209224701 0
1675605544752 0.2780700922012329 0
1675605544987 0.2759755253791809 0
1675605545213 0.2779892086982727 0
1675605545421 0.2786267399787903 0
1675605545661 0.276728093624115 0
1675605545903 0.2744404375553131 0
1675605546144 0.27411261200904846 0
1675605546385 0.27502140402793884 0
1675605546602 0.27755433320999146 0
1675605546852 0.2712305784225464 0
1675605547074 0.2782798707485199 0
1675605547287 0.27880480885505676 0
1675605547485 0.2802318334579468 0
1675605547750 0.2737594544887543 0
1675605547953 0.2808268666267395 0
1675605548191 0.2763615846633911 0
1675605548413 0.279352068901062 0
1675605548627 0.27908390760421753 0
1675605548808 0.28154051303863525 0
1675605549031 0.2774326503276825 0
1675605549233 0.2806079387664795 0
1675605549446 0.27772852778434753 0
1675605549657 0.2792793810367584 0
1675605549917 0.2727713882923126 0
1675605550135 0.27723586559295654 0
1675605550357 0.2777291536331177 0
1675605550559 0.28043559193611145 0
1675605550765 0.27874863147735596 0
1675605551004 0.2754751145839691 0
1675605551209 0.2797437012195587 0
1675605551439 0.2748469412326813 0
1675605551641 0.28132763504981995 0
1675605551869 0.27811622619628906 0
1675605552093 0.2756650745868683 0
1675605552349 0.2762732207775116 0
1675605552595 0.28001582622528076 0
1675605552828 0.27654874324798584 0
1675605553043 0.2797938883304596 0
1675605553255 0.2804103493690491 0
1675605553464 0.278373658657074 0
1675605553777 0.2719760835170746 0
1675605554038 0.27458712458610535 0
1675605554251 0.277765691280365 0
1675605554488 0.27584823966026306 0
1675605554740 0.27401381731033325 0
1675605554928 0.2802906930446625 0
1675605555150 0.27695608139038086 0
1675605555387 0.2754093110561371 0
1675605555604 0.27843746542930603 0
1675605555841 0.27602967619895935 0
1675605556088 0.2742414176464081 0
1675605556295 0.2780313193798065 0
1675605556492 0.28078728914260864 0
1675605556720 0.278347909450531 0
1675605556923 0.28093940019607544 0
1675605557151 0.27806171774864197 0
1675605557402 0.27655452489852905 0
1675605557630 0.2765488028526306 0
1675605557891 0.2753899097442627 0
1675605558112 0.278374046087265 0
1675605558302 0.2806408107280731 0
1675605558556 0.2761543393135071 0
1675605558779 0.27875784039497375 0
1675605559017 0.2790968120098114 0
1675605559253 0.2784528434276581 0
1675605559484 0.278099000453949 0
1675605559679 0.2800596356391907 0
1675605559903 0.27768197655677795 0
1675605560132 0.2778014540672302 0
1675605560355 0.2800654172897339 0
1675605560578 0.2781462073326111 0
1675605560792 0.27864575386047363 0
1675605562310 0.27975645661354065 0
1675605562561 0.2754027545452118 0
1675605562773 0.27871012687683105 0
1675605562980 0.27940648794174194 0
1675605563219 0.27500832080841064 0
1675605563451 0.27545198798179626 0
1675605563695 0.2748611271381378 0
1675605563967 0.27586764097213745 0
1675605564214 0.2766127288341522 0
1675605564444 0.277784138917923 0
1675605564663 0.27806273102760315 0
1675605564894 0.27587127685546875 0
1675605565109 0.278055340051651 0
1675605565356 0.27495822310447693 0
1675605565594 0.27708178758621216 0
1675605565834 0.27484357357025146 0
1675605566054 0.27876561880111694 0
1675605566283 0.2761862277984619 0
1675605566497 0.27839425206184387 0
1675605566732 0.2756519317626953 0
1675605566981 0.27394458651542664 0
1675605567193 0.27873849868774414 0
1675605567453 0.2772153913974762 0
1675605567703 0.27459338307380676 0
1675605567946 0.274842232465744 0
1675605568187 0.27708566188812256 0
1675605568434 0.27720606327056885 0
1675605568686 0.2768186628818512 0
1675605568958 0.27413415908813477 0
1675605569194 0.27719664573669434 0
1675605569418 0.2769460678100586 0
1675605569696 0.2750110924243927 0
1675605569967 0.2774576246738434 0
1675605570187 0.27921584248542786 0
1675605570416 0.27807167172431946 0
1675605570668 0.2775019407272339 0
1675605570902 0.2761598229408264 0
1675605571136 0.2768310308456421 0
1675605571366 0.27734503149986267 0
1675605571577 0.2799210548400879 0
1675605571780 0.2811018228530884 0
1675605572001 0.2789330780506134 0
1675605572214 0.2797463834285736 0
1675605572428 0.27889129519462585 0
1675605572659 0.27617818117141724 0
1675605572894 0.27535372972488403 0
1675605573107 0.2788390815258026 0
1675605573370 0.27191361784935 0
1675605573607 0.2763538956642151 0
1675605573836 0.27875593304634094 0
1675605574127 0.2763630747795105 0
1675605574351 0.2775638699531555 0
1675605574582 0.27633386850357056 0
1675605574834 0.27571606636047363 0
1675605575043 0.2800958752632141 0
1675605575328 0.2726309895515442 0
1675605575555 0.2801123857498169 0
1675605575812 0.27533653378486633 0
1675605576048 0.2781496047973633 0
1675605576254 0.27950775623321533 0
1675605576518 0.27540984749794006 0
1675605576769 0.2747284173965454 0
1675605576991 0.2778707444667816 0
1675605577229 0.27564767003059387 0
1675605577481 0.27930307388305664 0
1675605577685 0.2807881832122803 0
1675605577925 0.27546703815460205 0
1675605578157 0.27650395035743713 0
1675605578390 0.27511367201805115 0
1675605578634 0.27436286211013794 0
1675605578867 0.27648675441741943 0
1675605579092 0.27710509300231934 0
1675605579312 0.27792888879776 0
1675605579551 0.2756836414337158 0
1675605579775 0.27743324637413025 0
1675605580005 0.2771879732608795 0
1675605580268 0.2743215560913086 0
1675605580502 0.27952244877815247 0
1675605580740 0.27635350823402405 0
1675605580981 0.2765892446041107 0
1675605581317 0.2719583809375763 0
1675605581518 0.28139543533325195 0
1675605581743 0.2792968153953552 0
1675605581986 0.27536123991012573 0
1675605582257 0.27732694149017334 0
1675605582475 0.27949708700180054 0
1675605582707 0.27599653601646423 0
1675605582928 0.2773921489715576 0
1675605583173 0.27505961060523987 0
1675605583409 0.27652668952941895 0
1675605583663 0.2762930691242218 0
1675605583956 0.27235227823257446 0
1675605584200 0.27578359842300415 0
1675605584394 0.28164142370224 0
1675605584605 0.27871173620224 0
1675605584854 0.2739056348800659 0
1675605585073 0.2777788043022156 0
1675605585289 0.27851325273513794 0
1675605585499 0.2794213891029358 0
1675605585713 0.2792080044746399 0
1675605585922 0.27938583493232727 0
1675605586134 0.27919313311576843 0
1675605586378 0.2757307291030884 0
1675605586630 0.2732798159122467 0
1675605586842 0.27866196632385254 0
1675605587082 0.2751050889492035 0
1675605587308 0.2782324552536011 0
1675605587555 0.2753417491912842 0
1675605587778 0.2784893810749054 0
1675605588013 0.27832746505737305 0
1675605588253 0.27760589122772217 0
1675605588502 0.27589988708496094 0
1675605588764 0.2743276059627533 0
1675605588996 0.27628839015960693 0
1675605589220 0.2767259478569031 0
1675605589439 0.27817302942276 0
1675605589660 0.27709150314331055 0
1675605589901 0.27408188581466675 0
1675605590117 0.278465211391449 0
1675605590347 0.27874019742012024 0
1675605590606 0.27672502398490906 0
1675605590848 0.2769392728805542 0
1675605591076 0.2777572572231293 0
1675605591303 0.2769230008125305 0
1675605591519 0.27810028195381165 0
1675605591757 0.2754333019256592 0
1675605591968 0.27999600768089294 0
1675605592193 0.27688443660736084 0
1675605592415 0.2771986126899719 0
1675605592614 0.2803511619567871 0
1675605592848 0.27635225653648376 0
1675605593058 0.27849075198173523 0
1675605593285 0.2772703766822815 0
1675605593503 0.2777999937534332 0
1675605593700 0.28066056966781616 0
1675605593931 0.27773517370224 0
1675605594148 0.27762526273727417 0
1675605594404 0.27310243248939514 0
1675605594623 0.2787271738052368 0
1675605594879 0.27375710010528564 0
1675605595109 0.2763116657733917 0
1675605595328 0.2776035964488983 0
1675605595550 0.27758944034576416 0
1675605595770 0.27765020728111267 0
1675605596016 0.278887540102005 0
1675605596264 0.27720406651496887 0
1675605596471 0.2800353169441223 0
1675605596699 0.27825236320495605 0
1675605596936 0.2753317356109619 0
1675605597158 0.277588427066803 0
1675605597387 0.2773591876029968 0
1675605597597 0.2796502411365509 0
1675605597839 0.27659183740615845 0
1675605598053 0.2790079712867737 0
1675605598282 0.2768540382385254 0
1675605598511 0.27949655055999756 0
1675605598738 0.27739444375038147 0
