1675865608420 0.9474644660949707 0
1675865608630 0.9530635476112366 0
1675865608852 0.9486357569694519 0
1675865609083 0.943257749080658 0
1675865609291 0.9517860412597656 0
1675865609505 0.9456744194030762 0
1675865609729 0.9424124956130981 0
1675865609960 0.9382699131965637 0
1675865610165 0.9448543190956116 0
1675865610389 0.9440110921859741 0
1675865610615 0.9380365014076233 0
1675865610819 0.9440617561340332 0
1675865611051 0.9380474090576172 0
1675865611296 0.9263520240783691 0
1675865611524 0.9314079880714417 0
1675865611754 0.9258298873901367 0
1675865611952 0.9371309876441956 0
1675865612230 0.9239988923072815 0
1675865612496 0.9312434196472168 0
1675865612755 0.9319450855255127 0
1675865612985 0.9202926754951477 0
1675865613194 0.9324535727500916 0
1675865613427 0.9258845448493958 0
1675865613663 0.9245376586914062 0
1675865613882 0.9302478432655334 0
1675865614118 0.9135056734085083 0
1675865614315 0.9276431798934937 0
1675865614531 0.9189521670341492 0
1675865614791 0.904760479927063 0
1675865615004 0.9202411770820618 0
1675865615213 0.9172835946083069 0
1675865615420 0.9171912670135498 0
1675865615629 0.918144166469574 0
1675865615825 0.9181309342384338 0
1675865616041 0.9100214242935181 0
1675865616269 0.9090310335159302 0
1675865616483 0.9131296277046204 0
1675865616699 0.9102820158004761 0
1675865616930 0.9071358442306519 0
1675865617169 0.9044426679611206 0
1675865617388 0.9104974865913391 0
1675865617635 0.8944889307022095 0
1675865617823 0.9122937321662903 0
1675865618066 0.8898252248764038 0
1675865618274 0.9042062759399414 0
1675865618475 0.9042267799377441 0
1675865618685 0.8988556265830994 0
1675865618889 0.8992762565612793 0
1675865619127 0.8964694142341614 0
1675865619319 0.9038349986076355 0
1675865619518 0.8995726704597473 0
1675865619725 0.8932543396949768 0
1675865619933 0.8960198760032654 0
1675865620156 0.886795163154602 0
1675865620370 0.8894954919815063 0
1675865620591 0.886853039264679 0
1675865620799 0.8948400616645813 0
1675865621007 0.885301947593689 0
1675865621199 0.8924128413200378 0
1675865621427 0.8760133981704712 0
1675865621623 0.8878034949302673 0
1675865621813 0.8950010538101196 0
1675865622007 0.8857657313346863 0
1675865622230 0.8758754730224609 0
1675865622439 0.8796356320381165 0
1675865622646 0.8763234615325928 0
1675865622871 0.874681830406189 0
1675865623090 0.8729693293571472 0
1675865623305 0.8730196356773376 0
1675865623521 0.8710343837738037 0
1675865623736 0.8711229562759399 0
1675865623980 0.8659424781799316 0
1675865624189 0.8738342523574829 0
1675865624489 0.8532445430755615 0
1675865624743 0.8596587181091309 0
1675865625013 0.8561559915542603 0
1675865625272 0.8556137681007385 0
1675865625503 0.8605965375900269 0
1675865625749 0.8521580696105957 0
1675865625957 0.8597322106361389 0
1675865626171 0.8601871132850647 0
1675865626404 0.8525041937828064 0
1675865626620 0.858116626739502 0
1675865626854 0.8531666994094849 0
1675865627070 0.8552995920181274 0
1675865627305 0.8470014333724976 0
1675865627507 0.8521494269371033 0
1675865627714 0.848838746547699 0
1675865627925 0.8468027114868164 0
1675865628137 0.8414769172668457 0
1675865628349 0.8428087830543518 0
1675865628563 0.8411276340484619 0
1675865628773 0.8398407101631165 0
1675865628996 0.8319112658500671 0
1675865629208 0.8348435163497925 0
1675865629420 0.8326709866523743 0
1675865629645 0.8335702419281006 0
1675865629880 0.8293813467025757 0
1675865630102 0.829100489616394 0
1675865630328 0.8210833668708801 0
1675865630556 0.8198508024215698 0
1675865630823 0.804360032081604 0
1675865631056 0.8150039911270142 0
1675865631272 0.8195656538009644 0
1675865631486 0.8196877241134644 0
1675865631689 0.818093478679657 0
1675865631922 0.8110794425010681 0
1675865632108 0.8201761841773987 0
1675865632327 0.8093202710151672 0
1675865632525 0.8124217987060547 0
1675865632780 0.7961758375167847 0
1675865633042 0.8023590445518494 0
1675865633277 0.7994915246963501 0
1675865633498 0.8032083511352539 0
1675865633725 0.8031996488571167 0
1675865633989 0.7960814833641052 0
1675865634246 0.7952622771263123 0
1675865634458 0.8023700714111328 0
1675865634725 0.7923212051391602 0
1675865635001 0.7831029295921326 0
1675865635277 0.7825669050216675 0
1675865635530 0.7878949046134949 0
1675865635766 0.7893450856208801 0
1675865635995 0.7742003798484802 0
1675865636189 0.7829229235649109 0
1675865636409 0.778173565864563 0
1675865636652 0.7631058692932129 0
1675865636852 0.7723526954650879 0
1675865637058 0.7696561217308044 0
1675865637246 0.7727050185203552 0
1675865637469 0.7574652433395386 0
1675865637674 0.7625337243080139 0
1675865637883 0.7575560808181763 0
1675865638092 0.7541900873184204 0
1675865638285 0.7571198344230652 0
1675865638478 0.7527726888656616 0
1675865638699 0.7451857328414917 0
1675865638884 0.7499493360519409 0
1675865639088 0.7405505776405334 0
1675865639299 0.7371311783790588 0
1675865639538 0.7281283140182495 0
1675865639759 0.7294247150421143 0
1675865639954 0.7325364947319031 0
1675865640170 0.722458004951477 0
1675865640369 0.7245718836784363 0
1675865640642 0.7051903009414673 0
1675865640857 0.713625431060791 0
1675865641096 0.7052391767501831 0
1675865641316 0.7049716711044312 0
1675865641528 0.7029852271080017 0
1675865641755 0.6946222186088562 0
1675865641984 0.6953363418579102 0
1675865642224 0.6879335045814514 0
1675865642449 0.6900420188903809 0
1675865642683 0.6812301874160767 0
1675865642889 0.6824186444282532 0
1675865643119 0.6705632209777832 0
1675865644545 0.667288601398468 0
1675865644771 0.6657107472419739 0
1675865644986 0.6662263870239258 0
1675865645219 0.6518394947052002 0
1675865645439 0.6531669497489929 0
1675865645686 0.643305778503418 0
1675865645895 0.6466852426528931 0
1675865646111 0.638578474521637 0
1675865646336 0.6300656199455261 0
1675865646525 0.6346202492713928 0
1675865646760 0.6195347309112549 0
1675865646986 0.6122745275497437 0
1675865647200 0.6099843978881836 0
1675865647413 0.6046831607818604 0
1675865647619 0.5994429588317871 0
1675865647877 0.5851174592971802 0
1675865648098 0.5838358402252197 0
1675865648314 0.5780136585235596 0
1675865648518 0.576373279094696 0
1675865648766 0.5592836737632751 0
1675865648969 0.5605122447013855 0
1675865649151 0.5566409826278687 0
1675865649384 0.5405823588371277 0
1675865649595 0.5349298119544983 0
1675865649816 0.5239934921264648 0
1675865650042 0.5159487724304199 0
1675865650236 0.5104342699050903 0
1675865650426 0.5030187964439392 0
1675865650666 0.4842950999736786 0
1675865650884 0.4788978695869446 0
1675865651094 0.46871596574783325 0
1675865651333 0.4569638967514038 0
1675865651533 0.4498901665210724 0
1675865651789 0.433010995388031 0
1675865652021 0.42062699794769287 0
1675865652247 0.4128478169441223 0
1675865652456 0.4023698568344116 0
1675865652703 0.38531506061553955 0
1675865652938 0.37500429153442383 0
1675865653147 0.3620597720146179 0
1675865653379 0.34706634283065796 0
1675865653602 0.3322522044181824 0
1675865653821 0.3188422620296478 0
1675865654022 0.3040619492530823 0
1675865654228 0.28760743141174316 0
1675865654439 0.2716476023197174 0
1675865654644 0.2545490264892578 0
1675865654853 0.23776483535766602 0
1675865655060 0.21959395706653595 0
1675865655262 0.2009185254573822 0
1675865655462 0.18399639427661896 0
1675865655679 0.17069004476070404 0
1675865655905 0.15469175577163696 0
1675865656116 0.13684679567813873 0
1675865656341 0.12580107152462006 0
1675865656576 0.11216021329164505 0
1675865656805 0.1045435294508934 0
1675865657009 0.08701146394014359 0
1675865657206 0.07894085347652435 0
1675865657422 0.0762830600142479 0
1675865657643 0.07431859523057938 0
1675865657843 0.06235991790890694 0
1675865658043 0.06365887075662613 0
1675865658271 0.06956470757722855 0
1675865658491 0.062266379594802856 0
1675865658728 0.06666605174541473 0
1675865658940 0.05762426555156708 0
1675865659164 0.059695906937122345 0
1675865659402 0.0690809041261673 0
1675865659613 0.05524140223860741 0
1675865659834 0.05813230201601982 0
1675865660051 0.057735178619623184 0
1675865660295 0.06479135900735855 0
1675865660522 0.06089162454009056 0
1675865660739 0.05775239318609238 0
1675865660985 0.0681593120098114 0
1675865661205 0.060085684061050415 0
1675865661406 0.05146072059869766 0
1675865661652 0.06070595979690552 0
1675865661869 0.055722035467624664 0
1675865662098 0.05472109094262123 0
1675865662292 0.04675927013158798 0
1675865662512 0.057589028030633926 0
1675865662754 0.06555752456188202 0
1675865662937 0.04323553293943405 0
1675865663151 0.0532911978662014 0
1675865663380 0.05448751524090767 0
1675865663620 0.061267875134944916 0
1675865663834 0.051124900579452515 0
1675865664062 0.05633986368775368 0
1675865664272 0.05045044422149658 0
1675865664484 0.04702410474419594 0
1675865664744 0.06169901788234711 0
1675865664944 0.04491502046585083 0
1675865665147 0.04794076085090637 0
1675865665397 0.06185426563024521 0
1675865665634 0.05956427752971649 0
1675865665873 0.05422205105423927 0
1675865666125 0.054813582450151443 0
1675865666397 0.06433166563510895 0
1675865666617 0.04916894808411598 0
1675865666850 0.051555804908275604 0
1675865667111 0.06660644710063934 0
1675865667316 0.046304818242788315 0
1675865667548 0.05191519856452942 0
1675865667803 0.053325582295656204 0
1675865668017 0.04622574895620346 0
1675865668266 0.04855688288807869 0
1675865668496 0.047527141869068146 0
1675865668755 0.06538856029510498 0
1675865668959 0.0447964109480381 0
1675865669215 0.05568132922053337 0
1675865669480 0.05060126259922981 0
1675865669708 0.04362327232956886 0
1675865669944 0.04912380501627922 0
1675865670151 0.047011665999889374 0
1675865670353 0.04545263200998306 0
1675865670559 0.042120229452848434 0
1675865670782 0.043823596090078354 0
1675865671004 0.050891999155282974 0
1675865671218 0.047760702669620514 0
1675865671440 0.047956932336091995 0
1675865671698 0.06321552395820618 0
1675865671916 0.0502498522400856 0
1675865672129 0.049073655158281326 0
1675865672369 0.054686713963747025 0
1675865672617 0.05611386522650719 0
1675865672829 0.04781891778111458 0
1675865673066 0.055274832993745804 0
1675865673283 0.04471014440059662 0
1675865673492 0.04601193219423294 0
1675865673698 0.04273540899157524 0
1675865673914 0.04841790348291397 0
1675865674157 0.057223621755838394 0
1675865674378 0.04811514541506767 0
1675865674593 0.04937951639294624 0
1675865674807 0.04821525514125824 0
1675865675040 0.05247720330953598 0
1675865675243 0.04332531616091728 0
1675865675474 0.05017682909965515 0
1675865675710 0.047370389103889465 0
1675865675909 0.04424522817134857 0
1675865676142 0.05165752395987511 0
1675865676348 0.044800736010074615 0
1675865676575 0.050437577068805695 0
1675865676792 0.04413239657878876 0
1675865677040 0.0570925772190094 0
1675865677239 0.04228471219539642 0
1675865677469 0.05311509966850281 0
1675865677682 0.04465202987194061 0
1675865677904 0.05170735344290733 0
1675865678144 0.05193681642413139 0
1675865678386 0.05815989896655083 0
1675865678631 0.0497579351067543 0
1675865678880 0.04811425134539604 0
1675865679113 0.04154064133763313 0
1675865679349 0.049432676285505295 0
1675865681089 0.04724076762795448 0
1675865681330 0.04771440848708153 0
1675865681567 0.04512408748269081 0
1675865681864 0.06085999682545662 0
1675865682110 0.047517597675323486 0
1675865682351 0.04181987792253494 0
1675865682667 0.06314754486083984 0
1675865682917 0.04394075646996498 0
1675865683191 0.050906047224998474 0
1675865683499 0.05494629591703415 0
1675865683771 0.0482574962079525 0
1675865684031 0.046770595014095306 0
1675865684283 0.0458875447511673 0
1675865684541 0.04594753682613373 0
1675865684767 0.045951951295137405 0
1675865684988 0.05441683158278465 0
1675865685182 0.041974153369665146 0
1675865685412 0.046351563185453415 0
1675865685636 0.045118361711502075 0
1675865685860 0.04346054419875145 0
1675865686118 0.06038852408528328 0
1675865686381 0.053941089659929276 0
1675865686656 0.048421572893857956 0
1675865686972 0.047811109572649 0
1675865687313 0.06525499373674393 0
1675865687598 0.053632065653800964 0
1675865687887 0.051656972616910934 0
1675865688129 0.047493502497673035 0
1675865688392 0.054780226200819016 0
1675865688640 0.04563359171152115 0
1675865688934 0.053078390657901764 0
1675865689173 0.049628760665655136 0
1675865689420 0.04868955910205841 0
1675865689663 0.046547796577215195 0
1675865689947 0.048735182732343674 0
1675865690189 0.05165023356676102 0
1675865690433 0.05467448756098747 0
1675865690687 0.04709633067250252 0
1675865690949 0.04394535720348358 0
1675865691170 0.03610527515411377 0
1675865691434 0.055918604135513306 0
1675865691658 0.046296656131744385 0
1675865691901 0.04782341420650482 0
1675865692149 0.05381949245929718 0
1675865692384 0.04970935359597206 0
1675865692592 0.03940386325120926 0
1675865692833 0.05170964077115059 0
1675865693055 0.04656599462032318 0
1675865693291 0.047961339354515076 0
1675865693533 0.04925007000565529 0
1675865693776 0.05257802456617355 0
1675865693983 0.03618837520480156 0
1675865694237 0.047530774027109146 0
1675865694509 0.04692539945244789 0
1675865694747 0.04382164031267166 0
1675865694997 0.044860824942588806 0
1675865695224 0.04830528423190117 0
1675865695459 0.04769785702228546 0
1675865695675 0.04541775956749916 0
1675865695950 0.05571454390883446 0
1675865696171 0.046154312789440155 0
1675865696367 0.040673382580280304 0
1675865696572 0.04645206406712532 0
1675865696825 0.05613093823194504 0
1675865697064 0.04180407524108887 0
1675865697309 0.04985390603542328 0
1675865697531 0.0430946946144104 0
1675865697779 0.0450826957821846 0
1675865698050 0.057357143610715866 0
1675865698312 0.05056408420205116 0
1675865698532 0.04284799098968506 0
1675865698765 0.048847541213035583 0
1675865699019 0.056076813489198685 0
1675865699260 0.04321444407105446 0
1675865699493 0.04763453081250191 0
1675865699728 0.05445840209722519 0
1675865699921 0.042199891060590744 0
1675865700125 0.04200025647878647 0
1675865700334 0.04577453434467316 0
1675865700565 0.05149628967046738 0
1675865700747 0.037934787571430206 0
1675865700968 0.04723898693919182 0
1675865701184 0.049265384674072266 0
1675865701406 0.05107986554503441 0
1675865701633 0.05452815815806389 0
1675865701861 0.05076836794614792 0
1675865702108 0.05513099581003189 0
1675865702363 0.056221846491098404 0
1675865702602 0.04774206876754761 0
1675865702855 0.05076846107840538 0
1675865703091 0.048607707023620605 0
1675865703274 0.03671475872397423 0
1675865703486 0.0468137264251709 0
1675865703723 0.05250992625951767 0
1675865703933 0.04538887366652489 0
1675865704153 0.04936772584915161 0
1675865704345 0.04265020787715912 0
1675865704557 0.04595733433961868 0
1675865704769 0.04103916138410568 0
1675865704992 0.04002749174833298 0
1675865705183 0.04063061624765396 0
1675865705409 0.052554234862327576 0
1675865705633 0.051205821335315704 0
1675865705867 0.05451507866382599 0
1675865706098 0.05449569597840309 0
1675865706333 0.050188079476356506 0
1675865706539 0.04517623782157898 0
1675865706736 0.041974395513534546 0
1675865706963 0.05162409693002701 0
1675865707208 0.05519283935427666 0
1675865707431 0.043443210422992706 0
1675865707641 0.04709763452410698 0
1675865707883 0.05763852223753929 0
1675865708149 0.06866895407438278 0
1675865708376 0.05068168044090271 0
1675865708596 0.046324461698532104 0
1675865708815 0.04901791363954544 0
1675865709023 0.044165123254060745 0
1675865709266 0.054582592099905014 0
1675865709489 0.04952096566557884 0
1675865709707 0.04864971712231636 0
1675865709937 0.053395554423332214 0
1675865710174 0.05398291349411011 0
1675865710398 0.05157236009836197 0
1675865710646 0.055504728108644485 0
1675865710865 0.044165998697280884 0
1675865711118 0.05067366734147072 0
1675865711390 0.05922342464327812 0
1675865711628 0.051676686853170395 0
1675865711856 0.04490746557712555 0
1675865712101 0.051694273948669434 0
1675865712345 0.05344468355178833 0
1675865712583 0.045381877571344376 0
1675865712813 0.04861762374639511 0
1675865713039 0.04532182216644287 0
1675865713274 0.048890866339206696 0
1675865713517 0.054554831236600876 0
1675865713748 0.046816129237413406 0
1675865714003 0.05331876128911972 0
1675865714218 0.04185014218091965 0
1675865714495 0.051158737391233444 0
1675865714744 0.05016639083623886 0
1675865714982 0.03644475340843201 0
1675865715220 0.05090456083416939 0
1675865715442 0.04464346915483475 0
1675865715680 0.05551278963685036 0
1675865715884 0.04254872724413872 0
1675865716076 0.04114101082086563 0
1675865716305 0.05750863999128342 0
1675865716543 0.052922043949365616 0
1675865716751 0.04590681940317154 0
1675865716967 0.04886315017938614 0
1675865717190 0.05036807432770729 0
1675865717405 0.047512006014585495 0
1675865717631 0.054157547652721405 0
1675865717852 0.04961835592985153 0
1675865718088 0.050595663487911224 0
