1675278569077 0.7371737957000732 0
1675278569270 0.7273258566856384 0
1675278569468 0.719017744064331 0
1675278569743 0.706512451171875 0
1675278569937 0.7037994861602783 0
1675278570145 0.6949763894081116 0
1675278570319 0.6890240907669067 0
1675278570547 0.6776891946792603 0
1675278570751 0.6724445223808289 0
1675278571010 0.6621469855308533 0
1675278571214 0.6592084169387817 0
1675278571432 0.6524579524993896 0
1675278571659 0.6447903513908386 0
1675278571858 0.6406633853912354 0
1675278572138 0.6313167214393616 0
1675278572343 0.6289149522781372 0
1675278572550 0.6225287318229675 0
1675278572763 0.6195182800292969 0
1675278573002 0.6125408411026001 0
1675278573215 0.6098302602767944 0
1675278573428 0.6042187213897705 0
1675278573747 0.5963712334632874 0
1675278574010 0.5940666198730469 0
1675278574228 0.5939592719078064 0
1675278574479 0.5885173678398132 0
1675278574685 0.5842847228050232 0
1675278574900 0.5796182155609131 0
1675278575117 0.5795602798461914 0
1675278575353 0.573391318321228 0
1675278575605 0.5725918412208557 0
1675278575793 0.5711082816123962 0
1675278576044 0.5624830722808838 0
1675278576271 0.5623503923416138 0
1675278576579 0.5557904839515686 0
1675278576835 0.553999662399292 0
1675278577056 0.5547695159912109 0
1675278577339 0.5483589172363281 0
1675278577575 0.5482547879219055 0
1675278577775 0.5465239882469177 0
1675278577941 0.5496698617935181 0
1675278578213 0.5439172983169556 0
1675278578428 0.5407617688179016 0
1675278578642 0.5375566482543945 0
1675278578866 0.5344099402427673 0
1675278579141 0.5318400263786316 0
1675278579359 0.5336928963661194 0
1675278579534 0.5355352163314819 0
1675278579741 0.5335118174552917 0
1675278579975 0.5298827290534973 0
1675278580211 0.5270258188247681 0
1675278580418 0.5270043015480042 0
1675278580617 0.5288368463516235 0
1675278580802 0.5257704854011536 0
1675278580990 0.5262410640716553 0
1675278581175 0.522853672504425 0
1675278581450 0.5205550789833069 0
1675278581717 0.5180893540382385 0
1675278581953 0.5162762403488159 0
1675278582169 0.5180625915527344 0
1675278582370 0.5187201499938965 0
1675278582653 0.5111498832702637 0
1675278582900 0.5117053985595703 0
1675278583147 0.5158738493919373 0
1675278583340 0.5142368078231812 0
1675278583520 0.5133022665977478 0
1675278583759 0.5076730251312256 0
1675278583993 0.5078898668289185 0
1675278584210 0.5102973580360413 0
1675278584414 0.5091841220855713 0
1675278584675 0.5074833035469055 0
1675278584871 0.508660078048706 0
1675278585128 0.5031484365463257 0
1675278585360 0.5037034153938293 0
1675278585641 0.5026081204414368 0
1675278585880 0.5034584403038025 0
1675278586108 0.5013490319252014 0
1675278586344 0.5016239285469055 0
1675278586631 0.4972839653491974 0
1675278586820 0.5042680501937866 0
1675278587041 0.5006134510040283 0
1675278587298 0.49783310294151306 0
1675278587586 0.49622780084609985 0
1675278587785 0.498836874961853 0
1675278588000 0.4993132948875427 0
1675278588183 0.5015923976898193 0
1675278588394 0.5001803040504456 0
1675278588598 0.5017383098602295 0
1675278588828 0.49432510137557983 0
1675278589048 0.4963749051094055 0
1675278589251 0.49732673168182373 0
1675278589458 0.4974736273288727 0
1675278589705 0.490903377532959 0
1675278589915 0.4934241771697998 0
1675278590139 0.4916079044342041 0
1675278590374 0.4921889007091522 0
1675278590593 0.49451905488967896 0
1675278590835 0.49169906973838806 0
1675278591023 0.49311888217926025 0
1675278591302 0.4933134615421295 0
1675278591561 0.48950880765914917 0
1675278591815 0.48442620038986206 0
1675278592015 0.4920279383659363 0
1675278592225 0.4901736080646515 0
1675278592405 0.4938080608844757 0
1675278592640 0.4883965253829956 0
1675278592873 0.48893463611602783 0
1675278593078 0.4877336323261261 0
1675278593282 0.4869808256626129 0
1675278593535 0.4858033359050751 0
1675278593836 0.4821026921272278 0
1675278594063 0.4856857657432556 0
1675278594306 0.4857953190803528 0
1675278594517 0.4865710735321045 0
1675278594764 0.48437371850013733 0
1675278594998 0.4858141541481018 0
1675278595240 0.48748233914375305 0
1675278595499 0.4823782742023468 0
1675278595748 0.48064136505126953 0
1675278595978 0.48470988869667053 0
1675278596243 0.4807263910770416 0
1675278596549 0.4763059616088867 0
1675278596748 0.4831148684024811 0
1675278597021 0.4791533648967743 0
1675278597253 0.4855411648750305 0
1675278597442 0.4841720163822174 0
1675278597621 0.4860026240348816 0
1675278597919 0.4778118431568146 0
1675278598144 0.4805707037448883 0
1675278598319 0.487154096364975 0
1675278598588 0.47682660818099976 0
1675278598807 0.48205918073654175 0
1675278599025 0.4818571209907532 0
1675278599202 0.4846857786178589 0
1675278599480 0.47843173146247864 0
1675278599728 0.4768860936164856 0
1675278599956 0.47818082571029663 0
1675278600192 0.478360652923584 0
1675278600391 0.4840013384819031 0
1675278600568 0.4832336902618408 0
1675278600795 0.48054051399230957 0
1675278600980 0.4819185435771942 0
1675278601171 0.48186901211738586 0
1675278601351 0.48354998230934143 0
1675278601603 0.4751736521720886 0
1675278601843 0.4766199290752411 0
1675278602064 0.4788919687271118 0
1675278602309 0.47583380341529846 0
1675278602565 0.4724295437335968 0
1675278602815 0.4754110276699066 0
1675278603032 0.4766518175601959 0
1675278603264 0.47634270787239075 0
1675278603490 0.4735852777957916 0
1675278603693 0.4772009253501892 0
1675278603884 0.4767102599143982 0
1675278604086 0.47703734040260315 0
1675278604403 0.4677540361881256 0
1675278604630 0.4736902415752411 0
1675278606776 0.4750887155532837 0
1675278607022 0.47543463110923767 0
1675278607204 0.4793691635131836 0
1675278607444 0.47547096014022827 0
1675278607652 0.4802341163158417 0
1675278607884 0.4769620895385742 0
1675278608059 0.4793667197227478 0
1675278608260 0.47638067603111267 0
1675278608478 0.47299423813819885 0
1675278608671 0.47398504614830017 0
1675278608861 0.4808047115802765 0
1675278609104 0.47136780619621277 0
1675278609282 0.47924238443374634 0
1675278609544 0.47209322452545166 0
1675278609796 0.47057899832725525 0
1675278610043 0.4723791480064392 0
1675278610206 0.4800146818161011 0
1675278610452 0.4710838496685028 0
1675278610696 0.47046542167663574 0
1675278610944 0.47124484181404114 0
1675278611151 0.4752088189125061 0
1675278611344 0.47810715436935425 0
1675278611549 0.4754847586154938 0
1675278611760 0.472782701253891 0
1675278611994 0.47229957580566406 0
1675278612210 0.47348666191101074 0
1675278612418 0.4720529615879059 0
1675278612605 0.4740634560585022 0
1675278612811 0.473410040140152 0
1675278612980 0.47827330231666565 0
1675278613230 0.4690493643283844 0
1675278613491 0.4693504869937897 0
1675278613731 0.47163987159729004 0
1675278613926 0.47600725293159485 0
1675278614132 0.4762507379055023 0
1675278614352 0.46789228916168213 0
1675278614635 0.4674273729324341 0
1675278614892 0.4679373502731323 0
1675278615167 0.4669288396835327 0
1675278615366 0.4709148108959198 0
1675278615560 0.47397372126579285 0
1675278615705 0.48131951689720154 0
1675278615957 0.46698641777038574 0
1675278616233 0.466966450214386 0
1675278616472 0.46966275572776794 0
1675278616754 0.46761080622673035 0
1675278616932 0.4755842387676239 0
1675278617156 0.4699047803878784 0
1675278617341 0.4732842445373535 0
1675278617560 0.4675779938697815 0
1675278617752 0.4730183482170105 0
1675278617997 0.47014716267585754 0
1675278618192 0.4718056321144104 0
1675278618429 0.46944037079811096 0
1675278618667 0.4688739776611328 0
1675278618893 0.46698635816574097 0
1675278619095 0.47320711612701416 0
1675278619295 0.4726833701133728 0
1675278619512 0.4723640978336334 0
1675278619702 0.47131550312042236 0
1675278619904 0.47100234031677246 0
1675278620122 0.4699722230434418 0
1675278620356 0.46774792671203613 0
1675278620555 0.47190916538238525 0
1675278620791 0.46810421347618103 0
1675278621017 0.4666765630245209 0
1675278621269 0.4669378697872162 0
1675278621504 0.46766623854637146 0
1675278621758 0.4648078680038452 0
1675278621993 0.46432921290397644 0
1675278622208 0.46812695264816284 0
1675278622412 0.4698387384414673 0
1675278622617 0.47104138135910034 0
1675278622848 0.46624505519866943 0
1675278623119 0.4644536077976227 0
1675278623395 0.4628717601299286 0
1675278623591 0.46877026557922363 0
1675278623840 0.46667367219924927 0
1675278624057 0.46868184208869934 0
1675278624321 0.4632001519203186 0
1675278624577 0.466436505317688 0
1675278624846 0.46177491545677185 0
1675278625111 0.46344929933547974 0
1675278625319 0.4661605954170227 0
1675278625577 0.46477070450782776 0
1675278625797 0.4668463170528412 0
1675278626035 0.46523648500442505 0
1675278626256 0.4658590257167816 0
1675278626510 0.4652375280857086 0
1675278626722 0.4664381146430969 0
1675278626931 0.4686962068080902 0
1675278627105 0.47356581687927246 0
1675278627263 0.4760133624076843 0
1675278627478 0.46756836771965027 0
1675278627649 0.4743703603744507 0
1675278627855 0.46861931681632996 0
1675278628081 0.46650242805480957 0
1675278628316 0.46540406346321106 0
1675278628544 0.4664607346057892 0
1675278628833 0.45774057507514954 0
1675278629073 0.4667651355266571 0
1675278629341 0.46311408281326294 0
1675278629516 0.4716053009033203 0
1675278629719 0.46781980991363525 0
1675278629914 0.466827929019928 0
1675278630149 0.4648014307022095 0
1675278630417 0.4641149342060089 0
1675278630626 0.4649633765220642 0
1675278630857 0.4631686210632324 0
1675278631091 0.46106526255607605 0
1675278631303 0.4705815315246582 0
1675278631542 0.4641585350036621 0
1675278631838 0.4587076008319855 0
1675278632053 0.46515190601348877 0
1675278632331 0.45804694294929504 0
1675278632524 0.4675371050834656 0
1675278632769 0.4646734297275543 0
1675278632963 0.4697089195251465 0
1675278633149 0.47013795375823975 0
1675278633358 0.4656250774860382 0
1675278633535 0.4708196818828583 0
1675278633798 0.46165958046913147 0
1675278633986 0.46924859285354614 0
1675278634198 0.4621514678001404 0
1675278634416 0.4645928144454956 0
1675278634685 0.4591620862483978 0
1675278634917 0.4663691520690918 0
1675278635148 0.464648574590683 0
1675278635403 0.458077996969223 0
1675278635674 0.45742207765579224 0
1675278635875 0.46569105982780457 0
1675278636061 0.4662485718727112 0
1675278636286 0.4631846845149994 0
1675278636540 0.460298091173172 0
1675278636762 0.46177688241004944 0
1675278636969 0.46465712785720825 0
1675278637243 0.45716002583503723 0
1675278637465 0.4610903561115265 0
1675278637685 0.46618103981018066 0
1675278637906 0.4641816318035126 0
1675278638122 0.46267274022102356 0
1675278638342 0.4663199782371521 0
1675278638553 0.4630676209926605 0
1675278638786 0.46267732977867126 0
1675278638995 0.46631762385368347 0
1675278639219 0.4638047218322754 0
1675278639449 0.4624220132827759 0
1675278639662 0.4647658169269562 0
1675278639892 0.4626380205154419 0
1675278640141 0.4633462429046631 0
1675278640390 0.45972657203674316 0
1675278640601 0.4655456244945526 0
1675278640818 0.467128187417984 0
1675278641103 0.45742568373680115 0
1675278641365 0.45795899629592896 0
1675278641570 0.4635086953639984 0
1675278641739 0.4694107174873352 0
1675278643826 0.460875928401947 0
1675278644066 0.4612112045288086 0
1675278644277 0.4630100131034851 0
1675278644485 0.4603666067123413 0
1675278644683 0.46649566292762756 0
1675278644896 0.4623934030532837 0
1675278645109 0.4628816843032837 0
1675278645393 0.4576742649078369 0
1675278645681 0.4548547565937042 0
1675278645986 0.45485588908195496 0
1675278646198 0.4626425504684448 0
1675278646442 0.45729267597198486 0
1675278646688 0.4579533338546753 0
1675278646886 0.4650069773197174 0
1675278647204 0.45355623960494995 0
1675278647458 0.4599619507789612 0
1675278647676 0.45913320779800415 0
1675278647903 0.45875313878059387 0
1675278648151 0.458517849445343 0
1675278648362 0.4650859236717224 0
1675278648588 0.4577662944793701 0
1675278648819 0.46146756410598755 0
1675278649139 0.4546146094799042 0
1675278649357 0.4602491557598114 0
1675278649546 0.4637679159641266 0
1675278649742 0.4647578299045563 0
1675278649967 0.4627234637737274 0
1675278650157 0.4632277190685272 0
1675278650364 0.46254074573516846 0
1675278650540 0.4667125642299652 0
1675278650810 0.4550040364265442 0
1675278651019 0.4608005881309509 0
1675278651192 0.46500733494758606 0
1675278651423 0.45867642760276794 0
1675278651646 0.4619460999965668 0
1675278651875 0.46225497126579285 0
1675278652143 0.45516738295555115 0
1675278652344 0.46248671412467957 0
1675278652551 0.46064120531082153 0
1675278652781 0.4617616832256317 0
1675278653004 0.46161818504333496 0
1675278653233 0.45697787404060364 0
1675278653434 0.4614187479019165 0
1675278653628 0.4619167745113373 0
1675278653905 0.455509215593338 0
1675278654103 0.464568555355072 0
1675278654307 0.4593370258808136 0
1675278654473 0.4658077657222748 0
1675278654742 0.45607149600982666 0
1675278655003 0.4574359953403473 0
1675278655198 0.46248671412467957 0
1675278655433 0.4571387469768524 0
1675278655662 0.457092821598053 0
1675278655925 0.4552754759788513 0
1675278656187 0.45419418811798096 0
1675278656417 0.46078211069107056 0
1675278656652 0.45835062861442566 0
1675278656866 0.45852214097976685 0
1675278657073 0.4614979326725006 0
1675278657251 0.46329909563064575 0
1675278657458 0.4596712291240692 0
1675278657656 0.4636688828468323 0
1675278657892 0.4593043923377991 0
1675278658093 0.4625476002693176 0
1675278658374 0.45228311419487 0
1675278658655 0.45364201068878174 0
1675278658868 0.4588671326637268 0
1675278659138 0.45357346534729004 0
1675278659342 0.4588945209980011 0
1675278659583 0.45586222410202026 0
1675278659832 0.45516154170036316 0
1675278660022 0.4590340852737427 0
1675278660224 0.46185392141342163 0
1675278660535 0.45096150040626526 0
1675278660754 0.4588322639465332 0
1675278660940 0.46155640482902527 0
1675278661120 0.46108323335647583 0
1675278661378 0.45351582765579224 0
1675278661625 0.4552762806415558 0
1675278661828 0.4595503807067871 0
1675278662107 0.4508441090583801 0
1675278662363 0.45595449209213257 0
1675278662543 0.46253669261932373 0
1675278662766 0.45542412996292114 0
1675278662952 0.4600227177143097 0
1675278663149 0.4600406885147095 0
1675278663423 0.4504012167453766 0
1675278663631 0.45789051055908203 0
1675278663892 0.4527781903743744 0
1675278664101 0.4597996771335602 0
1675278664286 0.46073561906814575 0
1675278664496 0.4604935646057129 0
1675278664692 0.464476615190506 0
1675278664854 0.4646393358707428 0
1675278665055 0.4622795879840851 0
1675278665266 0.4567621648311615 0
1675278665506 0.45472460985183716 0
1675278665769 0.45237353444099426 0
1675278665972 0.4572879672050476 0
1675278666194 0.45623600482940674 0
1675278666426 0.4574196934700012 0
1675278666585 0.4635586142539978 0
1675278666771 0.4594614803791046 0
1675278666995 0.4573817253112793 0
1675278667241 0.4558306336402893 0
1675278667492 0.46009156107902527 0
1675278667717 0.4593595862388611 0
1675278667913 0.4598238468170166 0
1675278668126 0.4572063982486725 0
1675278668325 0.45964694023132324 0
1675278668522 0.4595470428466797 0
1675278668806 0.4471989572048187 0
1675278669043 0.4541691839694977 0
1675278669263 0.4584383964538574 0
1675278669472 0.45837655663490295 0
1675278669674 0.4566461741924286 0
1675278669870 0.45714303851127625 0
1675278670114 0.45606616139411926 0
1675278670335 0.4540784955024719 0
1675278670590 0.45077961683273315 0
1675278670821 0.45271965861320496 0
1675278671045 0.4573231339454651 0
1675278671273 0.4587506055831909 0
1675278671484 0.46185722947120667 0
1675278671705 0.45546501874923706 0
1675278671969 0.45307353138923645 0
1675278672195 0.45661020278930664 0
1675278672429 0.45555514097213745 0
1675278672667 0.45429614186286926 0
1675278672900 0.4562824070453644 0
1675278673150 0.4496792256832123 0
1675278673381 0.45653006434440613 0
1675278673567 0.4597141444683075 0
1675278673822 0.4535481035709381 0
1675278673994 0.4623733162879944 0
1675278674219 0.45687806606292725 0
1675278674425 0.45853522419929504 0
1675278674640 0.45807990431785583 0
1675278674860 0.45453470945358276 0
1675278675056 0.45757433772087097 0
1675278675292 0.4547555148601532 0
1675278675555 0.4507938027381897 0
1675278675765 0.45640912652015686 0
1675278675971 0.4542335569858551 0
1675278676155 0.4590175449848175 0
1675278676339 0.45868584513664246 0
1675278676550 0.4556441307067871 0
1675278676825 0.45090746879577637 0
1675278677057 0.4559308588504791 0
1675278677289 0.45595526695251465 0
1675278677523 0.4510725140571594 0
1675278677754 0.4556533396244049 0
1675278677951 0.4569990336894989 0
1675278678195 0.4521730840206146 0
1675278678425 0.4550779163837433 0
1675278678687 0.45083391666412354 0
1675278678910 0.45793622732162476 0
1675278681168 0.45154356956481934 0
1675278681415 0.4518404006958008 0
1675278681705 0.44578203558921814 0
1675278681894 0.4588324725627899 0
1675278682157 0.44906488060951233 0
1675278682419 0.4522377550601959 0
1675278682610 0.45807796716690063 0
1675278682870 0.44594869017601013 0
1675278683148 0.45104458928108215 0
1675278683346 0.4559790790081024 0
1675278683647 0.45153436064720154 0
1675278683889 0.4520397484302521 0
1675278684106 0.4547756314277649 0
1675278684311 0.45475709438323975 0
1675278684601 0.4478912055492401 0
1675278684869 0.4503084421157837 0
1675278685142 0.45272499322891235 0
1675278685381 0.4503955841064453 0
1675278685660 0.4470186233520508 0
1675278685902 0.45064470171928406 0
1675278686177 0.44776907563209534 0
1675278686395 0.4531477093696594 0
1675278686650 0.44988545775413513 0
1675278686827 0.4610453248023987 0
1675278687062 0.451369971036911 0
1675278687306 0.4505465030670166 0
1675278687550 0.44912204146385193 0
1675278687838 0.4477825462818146 0
1675278688060 0.4530971050262451 0
1675278688257 0.45614996552467346 0
1675278688456 0.4569734036922455 0
1675278688726 0.4480096697807312 0
1675278688960 0.4519089162349701 0
1675278689193 0.4535427391529083 0
1675278689514 0.44497057795524597 0
1675278689746 0.4510646462440491 0
1675278689947 0.4561621844768524 0
1675278690185 0.4519241750240326 0
1675278690384 0.4574085474014282 0
1675278690562 0.4610018730163574 0
1675278690827 0.44886454939842224 0
1675278691052 0.4519793391227722 0
1675278691269 0.45689481496810913 0
1675278691482 0.45508885383605957 0
1675278691715 0.45220062136650085 0
1675278691917 0.4575062394142151 0
1675278692153 0.45241203904151917 0
1675278692347 0.45465168356895447 0
1675278692566 0.4546925127506256 0
1675278692729 0.46187445521354675 0
1675278692954 0.4514307379722595 0
1675278693189 0.4546663761138916 0
1675278693411 0.45464789867401123 0
1675278693648 0.4517310857772827 0
1675278693889 0.4505782723426819 0
1675278694070 0.45837968587875366 0
1675278694282 0.4548802375793457 0
1675278694500 0.45236945152282715 0
1675278694723 0.45343106985092163 0
1675278694908 0.4566691219806671 0
1675278695141 0.45230716466903687 0
1675278695347 0.45528337359428406 0
1675278695581 0.45057204365730286 0
1675278695807 0.4516921639442444 0
1675278696084 0.44733694195747375 0
1675278696376 0.44462043046951294 0
1675278696578 0.4525856673717499 0
1675278696772 0.4529612362384796 0
1675278697005 0.45163336396217346 0
1675278697215 0.4529130458831787 0
1675278697471 0.4474506080150604 0
1675278697673 0.4542562663555145 0
1675278697908 0.45393243432044983 0
1675278698147 0.44924771785736084 0
1675278698358 0.4579538404941559 0
1675278698615 0.44644564390182495 0
1675278698904 0.44599229097366333 0
1675278699177 0.44556674361228943 0
1675278699408 0.45300430059432983 0
1675278699609 0.4559057652950287 0
1675278699845 0.4470512270927429 0
1675278700062 0.45350122451782227 0
1675278700279 0.4535243809223175 0
1675278700464 0.45769163966178894 0
1675278700726 0.4490353763103485 0
1675278700928 0.4550571143627167 0
1675278701178 0.4502169191837311 0
1675278701382 0.45452961325645447 0
1675278701614 0.4500024616718292 0
1675278701842 0.45155099034309387 0
1675278702046 0.4530071020126343 0
1675278702242 0.4559966027736664 0
1675278702453 0.4519174098968506 0
1675278702667 0.4538525938987732 0
1675278702890 0.4536636769771576 0
1675278703118 0.4502643644809723 0
1675278703369 0.45125630497932434 0
1675278703580 0.4532124698162079 0
1675278703866 0.4434010088443756 0
1675278704115 0.44916659593582153 0
1675278704340 0.45384079217910767 0
1675278704549 0.4514712989330292 0
1675278704822 0.4481559097766876 0
1675278705007 0.45746347308158875 0
1675278705200 0.45457300543785095 0
1675278705400 0.45341140031814575 0
1675278705596 0.4550359547138214 0
1675278705805 0.45189377665519714 0
1675278706051 0.44935688376426697 0
1675278706355 0.44720694422721863 0
1675278706543 0.45551419258117676 0
1675278706798 0.4486853778362274 0
1675278707003 0.4523814916610718 0
1675278707275 0.44844937324523926 0
1675278707464 0.4542708992958069 0
1675278707681 0.4511643350124359 0
1675278707910 0.45054951310157776 0
1675278708154 0.4515199661254883 0
1675278708354 0.4529276192188263 0
1675278708664 0.44099161028862 0
1675278708855 0.4565631151199341 0
1675278709122 0.44975242018699646 0
1675278709348 0.45582103729248047 0
1675278709567 0.4509943425655365 0
1675278709768 0.4544503390789032 0
1675278710011 0.4494656026363373 0
1675278710214 0.45383626222610474 0
1675278710470 0.4470551013946533 0
1675278710750 0.4453306794166565 0
1675278711008 0.44753921031951904 0
1675278711272 0.44663771986961365 0
1675278711466 0.4555489122867584 0
1675278711683 0.4512878358364105 0
1675278711862 0.4553019106388092 0
1675278712053 0.4557510018348694 0
1675278712270 0.4511941075325012 0
1675278712509 0.44633835554122925 0
1675278712730 0.4491933286190033 0
1675278712943 0.4506479799747467 0
1675278713165 0.45245271921157837 0
1675278713390 0.44721537828445435 0
1675278713637 0.4498019814491272 0
1675278713856 0.4486553370952606 0
1675278714058 0.4554845094680786 0
1675278714282 0.45059508085250854 0
1675278714521 0.4477959871292114 0
1675278714751 0.4472932815551758 0
1675278714959 0.4520488679409027 0
1675278715194 0.44629761576652527 0
1675278715417 0.45273783802986145 0
1675278715641 0.4524801969528198 0
1675278715864 0.4489864706993103 0
1675278716115 0.449251651763916 0
1675278716393 0.446725457906723 0
1675278716622 0.4487648606300354 0
1675278716879 0.44505736231803894 0
1675278717032 0.4606854021549225 0
1675278719156 0.4575790762901306 0
1675278719360 0.4504178762435913 0
1675278719590 0.4479188919067383 0
1675278719786 0.4545154571533203 0
1675278719986 0.4542100131511688 0
1675278720228 0.44733569025993347 0
1675278720457 0.44993647933006287 0
1675278720653 0.4533029794692993 0
1675278720885 0.4460565745830536 0
1675278721142 0.4435983896255493 0
1675278721333 0.4547409415245056 0
1675278721551 0.4486773610115051 0
1675278721753 0.450405091047287 0
1675278721967 0.4513476490974426 0
1675278722216 0.44692397117614746 0
1675278722481 0.4472074806690216 0
1675278722719 0.4497433006763458 0
1675278722968 0.4470798075199127 0
1675278723213 0.4502142369747162 0
1675278723421 0.45110583305358887 0
1675278723652 0.44721719622612 0
1675278723888 0.44665953516960144 0
1675278724083 0.4532603621482849 0
1675278724301 0.450301855802536 0
1675278724569 0.444339394569397 0
1675278724762 0.4540826380252838 0
1675278725030 0.4462907016277313 0
1675278725338 0.4426356256008148 0
1675278725600 0.44596511125564575 0
1675278725831 0.4467415511608124 0
1675278726027 0.45276543498039246 0
1675278726263 0.4491737484931946 0
1675278726491 0.44679927825927734 0
1675278726710 0.45086100697517395 0
1675278726938 0.4508584141731262 0
1675278727150 0.4525216221809387 0
1675278727373 0.44872206449508667 0
1675278727568 0.4533880054950714 0
1675278727864 0.44079074263572693 0
1675278728054 0.45261290669441223 0
1675278728281 0.4497733414173126 0
1675278728511 0.44749996066093445 0
1675278728774 0.4402760863304138 0
1675278729037 0.44601714611053467 0
1675278729262 0.44800183176994324 0
1675278729499 0.4458656907081604 0
1675278729763 0.44337043166160583 0
1675278729978 0.4505777955055237 0
1675278730167 0.4544466733932495 0
1675278730362 0.4535098969936371 0
1675278730622 0.4462231397628784 0
1675278730890 0.44556674361228943 0
1675278731089 0.4492456018924713 0
1675278731350 0.4434666037559509 0
1675278731633 0.43998250365257263 0
1675278731877 0.4450685679912567 0
1675278732118 0.4472166895866394 0
1675278732322 0.4528953731060028 0
1675278732583 0.44301098585128784 0
1675278732783 0.45258384943008423 0
1675278732971 0.4514015316963196 0
1675278733152 0.4563169479370117 0
1675278733352 0.45360255241394043 0
1675278733524 0.4573947787284851 0
1675278733743 0.4492231011390686 0
1675278734011 0.44110560417175293 0
1675278734258 0.44587206840515137 0
1675278734544 0.4424133002758026 0
1675278734794 0.4423031806945801 0
1675278735009 0.44885700941085815 0
1675278735266 0.44576922059059143 0
1675278735532 0.44647136330604553 0
1675278735723 0.45155084133148193 0
1675278735972 0.4468725025653839 0
1675278736260 0.44018352031707764 0
1675278736464 0.4489506483078003 0
1675278736693 0.4467516541481018 0
1675278736935 0.4469834268093109 0
1675278737119 0.45365431904792786 0
1675278737308 0.45421719551086426 0
1675278737543 0.4474334716796875 0
1675278737748 0.4521125555038452 0
1675278737967 0.45036613941192627 0
1675278738189 0.4518854022026062 0
1675278738464 0.44164055585861206 0
1675278738652 0.45312514901161194 0
1675278738891 0.44578707218170166 0
1675278739220 0.43725526332855225 0
1675278739465 0.44412386417388916 0
1675278739681 0.44815680384635925 0
1675278739928 0.4440513551235199 0
1675278740212 0.4392559230327606 0
1675278740444 0.4472045600414276 0
1675278740638 0.45171162486076355 0
1675278740860 0.44506803154945374 0
1675278741082 0.4473392069339752 0
1675278741308 0.44966933131217957 0
1675278741504 0.4518357217311859 0
1675278741741 0.44656825065612793 0
1675278741991 0.4429129660129547 0
1675278742172 0.4512096345424652 0
1675278742415 0.4432651102542877 0
1675278742693 0.44282016158103943 0
1675278742966 0.44479548931121826 0
1675278743204 0.44713833928108215 0
1675278743396 0.45368802547454834 0
1675278743675 0.43961718678474426 0
1675278743929 0.44601473212242126 0
1675278744172 0.44299039244651794 0
1675278744381 0.449636310338974 0
1675278744605 0.4477081298828125 0
1675278744806 0.45124900341033936 0
1675278745036 0.4455489218235016 0
1675278745278 0.44213196635246277 0
1675278745520 0.4428485035896301 0
1675278745717 0.4517885446548462 0
1675278745929 0.4491026699542999 0
1675278746152 0.4466417729854584 0
1675278746383 0.45041877031326294 0
1675278746606 0.4495859146118164 0
1675278746851 0.4449746906757355 0
1675278747086 0.4434349238872528 0
1675278747297 0.4485619366168976 0
1675278747494 0.4526890814304352 0
1675278747712 0.44571611285209656 0
1675278747915 0.4487680494785309 0
1675278748152 0.4468400180339813 0
1675278748389 0.4447925388813019 0
1675278748567 0.4527931809425354 0
1675278748796 0.4473581314086914 0
1675278749015 0.4463171362876892 0
1675278749229 0.4472416043281555 0
1675278749453 0.44790974259376526 0
1675278749680 0.4491766393184662 0
1675278749898 0.45282843708992004 0
1675278750126 0.44575926661491394 0
1675278750372 0.4467449188232422 0
1675278750595 0.44782084226608276 0
1675278750816 0.4487555921077728 0
1675278751017 0.4516392648220062 0
1675278751348 0.43567872047424316 0
1675278751633 0.4407689869403839 0
1675278751873 0.44477352499961853 0
1675278752137 0.44440415501594543 0
1675278752379 0.4434502422809601 0
1675278752632 0.4432784914970398 0
1675278752893 0.4436782896518707 0
1675278753097 0.44525858759880066 0
1675278753312 0.4496658742427826 0
1675278753598 0.4388388991355896 0
1675278753775 0.45446932315826416 0
1675278754079 0.4355226755142212 0
1675278754276 0.44885727763175964 0
1675278754564 0.43926510214805603 0
1675278754802 0.4446262717247009 0
1675278755049 0.4447563588619232 0
1675278755215 0.4564836025238037 0
1675278757415 0.4440470039844513 0
1675278757682 0.4377520680427551 0
1675278757877 0.44927269220352173 0
1675278758130 0.4399937689304352 0
1675278758378 0.4455927908420563 0
1675278758554 0.45601511001586914 0
1675278758810 0.44153082370758057 0
1675278759032 0.447897732257843 0
1675278759287 0.4378598928451538 0
1675278759506 0.4469747543334961 0
1675278759714 0.4476788341999054 0
1675278759916 0.4504414200782776 0
1675278760241 0.4352872967720032 0
1675278760463 0.44647660851478577 0
1675278760656 0.45030656456947327 0
1675278760878 0.4457050561904907 0
1675278761052 0.45305052399635315 0
1675278761219 0.4551476240158081 0
1675278761450 0.4421192705631256 0
1675278761702 0.44328808784484863 0
1675278761876 0.45544928312301636 0
1675278762190 0.4387703239917755 0
1675278762399 0.446652889251709 0
1675278762582 0.45116516947746277 0
1675278762811 0.4458884596824646 0
1675278763051 0.4425526559352875 0
1675278763250 0.44648662209510803 0
1675278763488 0.4434553384780884 0
1675278763683 0.44991543889045715 0
1675278763870 0.4485900402069092 0
1675278764069 0.450792521238327 0
1675278764287 0.4452746510505676 0
1675278764509 0.44687792658805847 0
1675278764743 0.44399550557136536 0
1675278764959 0.44597598910331726 0
1675278765241 0.4404458999633789 0
1675278765489 0.44209158420562744 0
1675278765696 0.44791191816329956 0
1675278765924 0.44045117497444153 0
1675278766124 0.4475771188735962 0
1675278766337 0.4438326358795166 0
1675278766608 0.43904414772987366 0
1675278766843 0.4413489103317261 0
1675278767108 0.43764233589172363 0
1675278767310 0.4477245509624481 0
1675278767563 0.4404856264591217 0
1675278767797 0.44304144382476807 0
1675278768030 0.44519108533859253 0
1675278768297 0.44165900349617004 0
1675278768514 0.4470265805721283 0
1675278768736 0.4473998546600342 0
1675278768929 0.4468994140625 0
1675278769164 0.4437970519065857 0
1675278769358 0.4470759332180023 0
1675278769601 0.44227135181427 0
1675278769845 0.44242459535598755 0
1675278770109 0.435590535402298 0
1675278770324 0.44647642970085144 0
1675278770552 0.44002896547317505 0
1675278770766 0.44638630747795105 0
1675278771037 0.4396073818206787 0
1675278771245 0.44452446699142456 0
1675278771446 0.4513976573944092 0
1675278771643 0.446579247713089 0
1675278771857 0.44636520743370056 0
1675278772070 0.4454544186592102 0
1675278772310 0.4452775716781616 0
1675278772501 0.44916775822639465 0
1675278772690 0.44900932908058167 0
1675278772956 0.44006964564323425 0
1675278773153 0.4480341970920563 0
1675278773356 0.4489373564720154 0
1675278773592 0.4450289011001587 0
1675278773827 0.44377103447914124 0
1675278774046 0.44789981842041016 0
1675278774298 0.4423443675041199 0
1675278774517 0.4470694959163666 0
1675278774748 0.44333910942077637 0
1675278774989 0.4436325430870056 0
1675278775171 0.4522783160209656 0
1675278775387 0.44707128405570984 0
1675278775599 0.44941142201423645 0
1675278775912 0.4339173138141632 0
1675278776162 0.4419283866882324 0
1675278776424 0.4448358416557312 0
1675278776638 0.4476582109928131 0
1675278776882 0.4414311349391937 0
1675278777085 0.44935160875320435 0
1675278777300 0.44819140434265137 0
1675278777511 0.4491436183452606 0
1675278777725 0.4434373676776886 0
1675278777957 0.44524136185646057 0
1675278778215 0.4406982958316803 0
1675278778468 0.4377366900444031 0
1675278778741 0.4336545169353485 0
1675278779058 0.43239304423332214 0
1675278779298 0.4429094195365906 0
1675278779503 0.44605597853660583 0
1675278779709 0.445534884929657 0
1675278779998 0.43547239899635315 0
1675278780239 0.44310376048088074 0
1675278780505 0.43917807936668396 0
1675278780714 0.4464460015296936 0
1675278780946 0.44699758291244507 0
1675278781210 0.4428669810295105 0
1675278781423 0.4470271170139313 0
1675278781722 0.4371348023414612 0
1675278782008 0.43479475378990173 0
1675278782272 0.4399788975715637 0
1675278782498 0.44443750381469727 0
1675278782830 0.43463507294654846 0
1675278783029 0.44741278886795044 0
1675278783248 0.44467073678970337 0
1675278783495 0.44193384051322937 0
1675278783738 0.44712796807289124 0
1675278783968 0.4437144696712494 0
1675278784241 0.44124576449394226 0
1675278784485 0.4418955445289612 0
1675278784685 0.4494089186191559 0
1675278784866 0.4521314203739166 0
1675278785089 0.44153401255607605 0
1675278785289 0.44687941670417786 0
1675278785480 0.4498901963233948 0
1675278785695 0.4439358115196228 0
1675278785966 0.4387775957584381 0
1675278786129 0.4539632797241211 0
1675278786369 0.4423805773258209 0
1675278786574 0.4480965733528137 0
1675278786775 0.44813448190689087 0
1675278787036 0.4403667449951172 0
1675278787265 0.4438062310218811 0
1675278787551 0.4374324679374695 0
1675278787725 0.450996994972229 0
1675278787906 0.4502793252468109 0
1675278788103 0.44714057445526123 0
1675278788379 0.44254007935523987 0
1675278788637 0.44327840209007263 0
1675278788894 0.4382292926311493 0
1675278789161 0.44055333733558655 0
1675278789423 0.44089603424072266 0
1675278789625 0.44864147901535034 0
1675278789882 0.44014865159988403 0
1675278790102 0.44420644640922546 0
1675278790311 0.4449616074562073 0
1675278790519 0.4466068744659424 0
1675278790695 0.45125821232795715 0
1675278790940 0.4426169693470001 0
1675278791141 0.4498695135116577 0
1675278791316 0.45179152488708496 0
1675278791531 0.44628384709358215 0
1675278791740 0.4474096894264221 0
1675278791939 0.4490210711956024 0
1675278792150 0.44533127546310425 0
1675278792356 0.4483514428138733 0
1675278792549 0.44775092601776123 0
1675278792740 0.45355093479156494 0
1675278792994 0.4391297996044159 0
1675278795146 0.4400193393230438 0
1675278795346 0.4475131630897522 0
1675278795570 0.4480593502521515 0
1675278795771 0.44731009006500244 0
1675278796035 0.44267895817756653 0
1675278796249 0.4461893141269684 0
1675278796462 0.44703322649002075 0
1675278796677 0.4474062919616699 0
1675278796916 0.4418363869190216 0
1675278797167 0.44106680154800415 0
1675278797395 0.4423011541366577 0
1675278797656 0.43956682085990906 0
1675278797836 0.44966551661491394 0
1675278798033 0.4478846490383148 0
1675278798307 0.43802884221076965 0
1675278798561 0.4403899013996124 0
1675278798778 0.4475843608379364 0
1675278799046 0.44145625829696655 0
1675278799267 0.44707539677619934 0
1675278799520 0.44472500681877136 0
1675278799810 0.43714791536331177 0
1675278800060 0.4404270052909851 0
1675278800302 0.4401519000530243 0
1675278800566 0.44096630811691284 0
1675278800765 0.4479949176311493 0
1675278801013 0.4398640990257263 0
1675278801228 0.44740810990333557 0
1675278801449 0.44724854826927185 0
1675278801657 0.4440682530403137 0
1675278801846 0.4478827714920044 0
1675278802050 0.44672301411628723 0
1675278802233 0.44864171743392944 0
1675278802456 0.4429522156715393 0
1675278802715 0.43940287828445435 0
1675278802919 0.44499531388282776 0
1675278803131 0.44285210967063904 0
1675278803353 0.44696274399757385 0
1675278803564 0.4450240731239319 0
1675278803842 0.43877339363098145 0
1675278804044 0.44655686616897583 0
1675278804229 0.450599730014801 0
1675278804440 0.44692927598953247 0
1675278804664 0.4428328573703766 0
1675278804871 0.4455610513687134 0
1675278805176 0.43509745597839355 0
1675278805379 0.4476154148578644 0
1675278805616 0.43982675671577454 0
1675278805807 0.44773775339126587 0
1675278805992 0.448636531829834 0
1675278806188 0.4459575414657593 0
1675278806384 0.4486328065395355 0
1675278806598 0.4443517327308655 0
1675278806801 0.44722211360931396 0
1675278806994 0.44896361231803894 0
1675278807205 0.44645795226097107 0
1675278807456 0.4389837086200714 0
1675278807672 0.44321316480636597 0
1675278807926 0.4405065178871155 0
1675278808187 0.4408508241176605 0
1675278808391 0.44648104906082153 0
1675278808627 0.44260314106941223 0
1675278808886 0.43613097071647644 0
1675278809094 0.4440328776836395 0
1675278809329 0.44348129630088806 0
1675278809536 0.443663090467453 0
1675278809734 0.4519942104816437 0
1675278809975 0.44199103116989136 0
1675278810205 0.43757277727127075 0
1675278810435 0.44379299879074097 0
1675278810676 0.4389730393886566 0
1675278810898 0.444366455078125 0
1675278811113 0.44438686966896057 0
1675278811293 0.44747430086135864 0
1675278811480 0.44749003648757935 0
1675278811767 0.43601322174072266 0
1675278811965 0.4465310573577881 0
1675278812218 0.43896687030792236 0
1675278812447 0.4440227448940277 0
1675278812700 0.44017672538757324 0
1675278812889 0.44939446449279785 0
1675278813091 0.44808295369148254 0
1675278813314 0.4443492591381073 0
1675278813573 0.439828485250473 0
1675278813833 0.4401676654815674 0
1675278814046 0.44784966111183167 0
1675278814332 0.4364894926548004 0
1675278814503 0.4536471664905548 0
1675278814721 0.4463080167770386 0
1675278814976 0.44333893060684204 0
1675278815248 0.43748998641967773 0
1675278815513 0.4382355213165283 0
1675278815720 0.4432576894760132 0
1675278815974 0.44097357988357544 0
1675278816206 0.4445400536060333 0
1675278816404 0.4465668797492981 0
1675278816664 0.4395895004272461 0
1675278816891 0.44248074293136597 0
1675278817117 0.44144442677497864 0
1675278817402 0.43595048785209656 0
1675278817621 0.4420804977416992 0
1675278817840 0.4417245388031006 0
1675278818092 0.44050565361976624 0
1675278818334 0.44123271107673645 0
1675278818540 0.44457682967185974 0
1675278818804 0.441601425409317 0
1675278819016 0.4463610053062439 0
1675278819256 0.43903374671936035 0
1675278819524 0.43658673763275146 0
1675278819733 0.4469875991344452 0
1675278819951 0.44484809041023254 0
1675278820173 0.4408656060695648 0
1675278820372 0.4481582045555115 0
1675278820624 0.44224196672439575 0
1675278820851 0.441771000623703 0
1675278821130 0.43643707036972046 0
1675278821374 0.4413129389286041 0
1675278821657 0.4343889057636261 0
1675278821888 0.4419436752796173 0
1675278822137 0.4406846761703491 0
1675278822344 0.44899868965148926 0
1675278822600 0.43808695673942566 0
1675278822854 0.43697047233581543 0
1675278823084 0.44175341725349426 0
1675278823316 0.4410940110683441 0
1675278823542 0.4416252672672272 0
1675278823768 0.44269484281539917 0
1675278824049 0.43498942255973816 0
1675278824280 0.44013217091560364 0
1675278824487 0.44386231899261475 0
1675278824700 0.4439583420753479 0
1675278824951 0.43773984909057617 0
1675278825129 0.4515916705131531 0
1675278825409 0.4346548020839691 0
1675278825617 0.44689133763313293 0
1675278825880 0.4368123412132263 0
1675278826080 0.4464172422885895 0
1675278826305 0.4427351951599121 0
1675278826517 0.4441815912723541 0
1675278826756 0.4409324526786804 0
1675278827067 0.43465617299079895 0
1675278827329 0.4334370791912079 0
1675278827617 0.437276691198349 0
1675278827873 0.4394574761390686 0
1675278828071 0.4468173682689667 0
1675278828303 0.4424131512641907 0
1675278828552 0.44199830293655396 0
1675278828821 0.4384708106517792 0
1675278829035 0.4413333535194397 0
1675278829258 0.4417523145675659 0
1675278829477 0.4438178241252899 0
1675278829749 0.4327244162559509 0
1675278830038 0.4318576455116272 0
1675278830260 0.44131577014923096 0
1675278830477 0.44460737705230713 0
1675278830659 0.4481218755245209 0
1675278830937 0.4379560351371765 0
1675278831192 0.437136709690094 0
1675278833417 0.4385624825954437 0
1675278833659 0.44111114740371704 0
1675278833883 0.4428413510322571 0
1675278834088 0.4462975859642029 0
1675278834294 0.44278937578201294 0
1675278834498 0.4459404945373535 0
1675278834716 0.44456884264945984 0
1675278834946 0.43952417373657227 0
1675278835176 0.4387645721435547 0
1675278835387 0.4470141530036926 0
1675278835585 0.4448743462562561 0
1675278835839 0.43984103202819824 0
1675278836037 0.4468959867954254 0
1675278836245 0.44476786255836487 0
1675278836459 0.44308462738990784 0
1675278836726 0.4397120475769043 0
1675278837004 0.43599656224250793 0
1675278837184 0.44853177666664124 0
1675278837439 0.44114381074905396 0
1675278837635 0.44623175263404846 0
1675278837852 0.44220975041389465 0
1675278838138 0.43564939498901367 0
1675278838374 0.43855246901512146 0
1675278838629 0.4368930459022522 0
1675278838881 0.43908485770225525 0
1675278839092 0.4451464116573334 0
1675278839374 0.43410494923591614 0
1675278839576 0.4446053206920624 0
1675278839789 0.4451635777950287 0
1675278840018 0.44177883863449097 0
1675278840267 0.43957066535949707 0
1675278840570 0.4309292137622833 0
1675278840795 0.44360458850860596 0
1675278840974 0.4485365152359009 0
1675278841238 0.4369838535785675 0
1675278841424 0.44682469964027405 0
1675278841629 0.4440675377845764 0
1675278841907 0.43579524755477905 0
1675278842175 0.43687811493873596 0
1675278842407 0.439681738615036 0
1675278842596 0.44688692688941956 0
1675278842807 0.4467783570289612 0
1675278843032 0.44434618949890137 0
1675278843275 0.4387883245944977 0
1675278843511 0.4384159743785858 0
1675278843745 0.44275549054145813 0
1675278843999 0.43682339787483215 0
1675278844218 0.4421599805355072 0
1675278844439 0.44109195470809937 0
1675278844659 0.4420540928840637 0
1675278844889 0.4445526897907257 0
1675278845150 0.43655824661254883 0
1675278845338 0.4497951865196228 0
1675278845599 0.43648645281791687 0
1675278845829 0.43924906849861145 0
1675278846018 0.4469447731971741 0
1675278846285 0.43516722321510315 0
1675278846485 0.4439328908920288 0
1675278846695 0.4463120400905609 0
1675278846896 0.4451262652873993 0
1675278847137 0.4420926570892334 0
1675278847410 0.43636971712112427 0
1675278847694 0.43544670939445496 0
1675278847901 0.44213107228279114 0
1675278848111 0.4446285665035248 0
1675278848330 0.4425206184387207 0
1675278848541 0.446611613035202 0
1675278848727 0.4503171741962433 0
1675278848948 0.44017353653907776 0
1675278849136 0.4467660188674927 0
1675278849400 0.43794217705726624 0
1675278849621 0.444219708442688 0
1675278849857 0.43855753540992737 0
1675278850078 0.444296270608902 0
1675278850355 0.4367201030254364 0
1675278850571 0.4419530928134918 0
1675278850801 0.44163987040519714 0
1675278851025 0.44042763113975525 0
1675278851257 0.4402981102466583 0
1675278851501 0.43808138370513916 0
1675278851701 0.4455156922340393 0
1675278851959 0.43727368116378784 0
1675278852209 0.44014155864715576 0
1675278852411 0.4461677372455597 0
1675278852618 0.44241535663604736 0
1675278852842 0.4423944652080536 0
1675278853038 0.4452812969684601 0
1675278853260 0.43842270970344543 0
1675278853465 0.44216662645339966 0
1675278853718 0.44030579924583435 0
1675278853952 0.44033318758010864 0
1675278854185 0.4419626295566559 0
1675278854419 0.43846800923347473 0
1675278854617 0.4457698464393616 0
1675278854818 0.44295385479927063 0
1675278855083 0.434488445520401 0
1675278855275 0.4440336227416992 0
1675278855494 0.4415580630302429 0
1675278855667 0.4467001259326935 0
1675278855873 0.4409670829772949 0
1675278856101 0.440930038690567 0
1675278856345 0.43739548325538635 0
1675278856588 0.4366782605648041 0
1675278856882 0.43275186419487 0
1675278857058 0.4478450417518616 0
1675278857270 0.4419447183609009 0
1675278857506 0.4379977881908417 0
1675278857753 0.43619874119758606 0
1675278857982 0.4400564134120941 0
1675278858215 0.44516420364379883 0
1675278858407 0.4456896185874939 0
1675278858629 0.4397734999656677 0
1675278858888 0.43477436900138855 0
1675278859103 0.4450344443321228 0
1675278859287 0.4487381875514984 0
1675278859482 0.4454195201396942 0
1675278859774 0.42958930134773254 0
1675278859999 0.4377003610134125 0
1675278860260 0.43488237261772156 0
1675278860433 0.44818609952926636 0
1675278860638 0.43975967168807983 0
1675278860852 0.44006773829460144 0
1675278861094 0.4389179050922394 0
1675278861320 0.4406205713748932 0
1675278861511 0.44405701756477356 0
1675278861705 0.4443107843399048 0
1675278861939 0.4397357106208801 0
1675278862178 0.4359949827194214 0
1675278862346 0.4484407305717468 0
1675278862574 0.44114604592323303 0
1675278862763 0.44521263241767883 0
1675278863010 0.43498384952545166 0
1675278863252 0.4373721778392792 0
1675278863467 0.44176018238067627 0
1675278863669 0.44324228167533875 0
1675278863921 0.43609321117401123 0
1675278864199 0.4332292377948761 0
1675278864420 0.43964409828186035 0
1675278864625 0.4457593560218811 0
1675278864828 0.44251298904418945 0
1675278865029 0.44401273131370544 0
1675278865266 0.43786758184432983 0
1675278865485 0.4403328597545624 0
1675278865742 0.43558549880981445 0
1675278865963 0.43858638405799866 0
1675278866257 0.43053126335144043 0
1675278866527 0.4361327886581421 0
1675278866792 0.4357917010784149 0
1675278867053 0.4357052147388458 0
1675278867284 0.44015082716941833 0
1675278867485 0.44288063049316406 0
1675278867660 0.44685715436935425 0
1675278867895 0.43680399656295776 0
1675278868135 0.43525999784469604 0
1675278868399 0.43448418378829956 0
1675278868614 0.4411594569683075 0
1675278868882 0.4322088360786438 0
