1675874850830 0.3429686427116394 0
1675874850910 0.3356093168258667 0
1675874850995 0.3294348418712616 0
1675874851076 0.3227807879447937 0
1675874851153 0.3159101903438568 0
1675874851226 0.3112240135669708 0
1675874851298 0.3070300221443176 0
1675874851371 0.29899901151657104 0
1675874851443 0.29641756415367126 0
1675874851518 0.2929407060146332 0
1675874851591 0.2857670485973358 0
1675874851664 0.27988871932029724 0
1675874851738 0.27609628438949585 0
1675874851810 0.27422910928726196 0
1675874851882 0.2697550654411316 0
1675874851954 0.26607760787010193 0
1675874852025 0.2565704882144928 0
1675874852104 0.25644657015800476 0
1675874852182 0.2543075680732727 0
1675874852261 0.2538174092769623 0
1675874852337 0.2558397948741913 0
1675874852413 0.24144241213798523 0
1675874852486 0.24012881517410278 0
1675874852559 0.23574167490005493 0
1675874852631 0.23190055787563324 0
1675874852707 0.2355230748653412 0
1675874852781 0.22743156552314758 0
1675874852852 0.22771874070167542 0
1675874852920 0.23162801563739777 0
1675874853088 0.21860384941101074 0
1675874853161 0.21905212104320526 0
1675874853236 0.22980435192584991 0
1675874853310 0.22040507197380066 0
1675874853384 0.21704407036304474 0
1675874853459 0.21112088859081268 0
1675874853533 0.19983750581741333 0
1675874853605 0.21140824258327484 0
1675874853685 0.19664433598518372 0
1675874853759 0.20403261482715607 0
1675874853833 0.20734472572803497 0
1675874853908 0.1997552216053009 0
1675874853982 0.20517300069332123 0
1675874854056 0.1927073448896408 0
1675874854138 0.1934681534767151 0
1675874854216 0.17762000858783722 0
1675874854294 0.19127948582172394 0
1675874854371 0.1960589438676834 0
1675874854450 0.1940585821866989 0
1675874854527 0.17617683112621307 0
1675874854604 0.1875513345003128 0
1675874854683 0.1813683807849884 0
1675874854763 0.18490426242351532 0
1675874854841 0.1834833174943924 0
1675874854920 0.2077295333147049 0
1675874854997 0.1847107857465744 0
1675874855074 0.19054636359214783 0
1675874855153 0.17664864659309387 0
1675874855224 0.1900821328163147 0
1675874855403 0.1733253449201584 0
1675874855480 0.18358184397220612 0
1675874855558 0.17682327330112457 0
1675874855635 0.16985741257667542 0
1675874855712 0.17661212384700775 0
1675874855791 0.17310720682144165 0
1675874855869 0.18486973643302917 0
1675874855951 0.17517854273319244 0
1675874856026 0.1620602011680603 0
1675874856104 0.17791028320789337 0
1675874856185 0.18763425946235657 0
1675874856261 0.1619676947593689 0
1675874856338 0.1797948032617569 0
1675874856415 0.19576413929462433 0
1675874856490 0.17011311650276184 0
1675874856565 0.16726048290729523 0
1675874856643 0.18300390243530273 0
1675874856720 0.16107358038425446 0
1675874856800 0.18396544456481934 0
1675874856877 0.17427264153957367 0
1675874856953 0.17965489625930786 0
1675874857028 0.17008191347122192 0
1675874857107 0.1671421229839325 0
1675874857184 0.1892910599708557 0
1675874857261 0.15560364723205566 0
1675874857338 0.16048145294189453 0
1675874857415 0.19017969071865082 0
1675874857491 0.18494851887226105 0
1675874857561 0.17728780210018158 0
1675874857732 0.17827685177326202 0
1675874857808 0.18018855154514313 0
1675874857886 0.16765137016773224 0
1675874857963 0.1769968420267105 0
1675874858039 0.16999895870685577 0
1675874858116 0.1639534831047058 0
1675874858195 0.16506364941596985 0
1675874858272 0.17534098029136658 0
1675874858350 0.15833063423633575 0
1675874858428 0.17727155983448029 0
1675874858508 0.15258139371871948 0
1675874858587 0.1637829840183258 0
1675874858663 0.15556885302066803 0
1675874858742 0.14790840446949005 0
1675874858821 0.16881321370601654 0
1675874858899 0.164509117603302 0
1675874858979 0.17570866644382477 0
1675874859058 0.1756698489189148 0
1675874859137 0.17138972878456116 0
1675874859214 0.1965695023536682 0
1675874859292 0.19139276444911957 0
1675874859368 0.16312463581562042 0
1675874859445 0.16382256150245667 0
1675874859524 0.17423798143863678 0
1675874859601 0.17365890741348267 0
1675874859678 0.17977410554885864 0
1675874859755 0.18798361718654633 0
1675874859832 0.1802860051393509 0
1675874859900 0.16525335609912872 0
1675874860077 0.1677386611700058 0
1675874860154 0.17585183680057526 0
1675874860231 0.15756584703922272 0
1675874860309 0.1810433268547058 0
1675874860387 0.18542636930942535 0
1675874860465 0.15474575757980347 0
1675874860546 0.1643480509519577 0
1675874860624 0.16490386426448822 0
1675874860701 0.15659822523593903 0
1675874860778 0.16605593264102936 0
1675874860854 0.17705197632312775 0
1675874860930 0.17002318799495697 0
1675874861008 0.15520524978637695 0
1675874861085 0.17958146333694458 0
1675874861162 0.1579221785068512 0
1675874861239 0.16423828899860382 0
1675874861320 0.17727819085121155 0
1675874861400 0.17669282853603363 0
1675874861481 0.18914689123630524 0
1675874861565 0.17111565172672272 0
1675874861643 0.16966956853866577 0
1675874861721 0.17024236917495728 0
1675874861798 0.15288905799388885 0
1675874861875 0.17037907242774963 0
1675874861952 0.17830534279346466 0
1675874862029 0.18033654987812042 0
1675874862107 0.18091100454330444 0
1675874862184 0.1898535043001175 0
1675874862254 0.16290582716464996 0
1675874862428 0.1918807178735733 0
1675874862509 0.1749471127986908 0
1675874862588 0.15924172103405 0
1675874862665 0.16487564146518707 0
1675874862741 0.18140451610088348 0
1675874862813 0.18104450404644012 0
1675874862888 0.19275608658790588 0
1675874862960 0.16802412271499634 0
1675874863034 0.17063914239406586 0
1675874863105 0.16371440887451172 0
1675874863182 0.16025975346565247 0
1675874863255 0.1609620302915573 0
1675874863328 0.1655852347612381 0
1675874863401 0.15311214327812195 0
1675874863473 0.1663278490304947 0
1675874863547 0.1717272251844406 0
1675874863622 0.17401964962482452 0
1675874863698 0.1742287427186966 0
1675874863777 0.17315034568309784 0
1675874863855 0.18198701739311218 0
1675874863935 0.17527243494987488 0
1675874864024 0.1690409630537033 0
1675874864101 0.1625920981168747 0
1675874864178 0.16413626074790955 0
1675874864250 0.19258011877536774 0
1675874864325 0.15758436918258667 0
1675874864400 0.14582370221614838 0
1675874864482 0.18717338144779205 0
1675874864559 0.16172972321510315 0
