1675882670951 0.6103867292404175 0
1675882671131 0.6178500652313232 0
1675882671330 0.6164646744728088 0
1675882671546 0.6117795705795288 0
1675882671731 0.6183241009712219 0
1675882671945 0.6111002564430237 0
1675882672156 0.6096717715263367 0
1675882672353 0.6124497652053833 0
1675882672550 0.6122567653656006 0
1675882672747 0.6110537052154541 0
1675882672943 0.6107918620109558 0
1675882673139 0.6091589331626892 0
1675882673330 0.6094426512718201 0
1675882673560 0.6041967868804932 0
1675882673755 0.6069429516792297 0
1675882673954 0.604888916015625 0
1675882674153 0.6034387350082397 0
1675882674360 0.6020732522010803 0
1675882674576 0.5980410575866699 0
1675882674764 0.6073338389396667 0
1675882675000 0.5967759490013123 0
1675882675254 0.5936949849128723 0
1675882675494 0.5988314747810364 0
1675882675760 0.5907720327377319 0
1675882675958 0.6004395484924316 0
1675882676143 0.6005551218986511 0
1675882676350 0.5945537686347961 0
1675882676575 0.5900030732154846 0
1675882676802 0.5882914662361145 0
1675882677008 0.5950226783752441 0
1675882677225 0.5889996290206909 0
1675882677411 0.5969207882881165 0
1675882677614 0.5909721255302429 0
1675882677821 0.5894537568092346 0
1675882678077 0.5779838562011719 0
1675882678320 0.5812134742736816 0
1675882678531 0.5852755904197693 0
1675882678719 0.5915743708610535 0
1675882678948 0.5797240734100342 0
1675882679161 0.582222580909729 0
1675882679340 0.5910032987594604 0
1675882679548 0.5826091766357422 0
1675882679799 0.5792643427848816 0
1675882679982 0.5877558588981628 0
1675882680216 0.5747827291488647 0
1675882680432 0.5778230428695679 0
1675882680692 0.5672016739845276 0
1675882680915 0.575486421585083 0
1675882681128 0.576651930809021 0
1675882681441 0.5756104588508606 0
1675882681764 0.5735538005828857 0
1675882682034 0.5690937638282776 0
1675882682308 0.5678408145904541 0
1675882682582 0.5733107924461365 0
1675882682828 0.571397602558136 0
1675882683091 0.5706586837768555 0
1675882683358 0.5604855418205261 0
1675882683602 0.5706709623336792 0
1675882683863 0.566507875919342 0
1675882684083 0.5707509517669678 0
1675882684303 0.5659844279289246 0
1675882684538 0.565799355506897 0
1675882684752 0.5685427188873291 0
1675882684979 0.5632442831993103 0
1675882685207 0.5655726790428162 0
1675882685473 0.5606138110160828 0
1675882685749 0.5570018887519836 0
1675882686011 0.5561583638191223 0
1675882686229 0.5607360601425171 0
1675882686447 0.559913694858551 0
1675882686678 0.5568527579307556 0
1675882686920 0.5541760325431824 0
1675882687155 0.5554333329200745 0
1675882687370 0.5572813749313354 0
1675882687632 0.5510570406913757 0
1675882687895 0.5502991676330566 0
1675882688125 0.552423894405365 0
1675882688358 0.5509587526321411 0
1675882688596 0.5489760637283325 0
1675882688812 0.5526186227798462 0
1675882689040 0.5482350587844849 0
1675882689317 0.5402191877365112 0
1675882689558 0.5451456308364868 0
1675882689807 0.5408163070678711 0
1675882690019 0.5469996333122253 0
1675882690221 0.5473393797874451 0
1675882690441 0.5431134104728699 0
1675882690670 0.5405383706092834 0
1675882690885 0.5421854853630066 0
1675882691110 0.5416191816329956 0
1675882691306 0.5435143709182739 0
1675882691504 0.5412335395812988 0
1675882691764 0.5321027636528015 0
1675882692007 0.5319254398345947 0
1675882692217 0.5360404253005981 0
1675882692500 0.5195531845092773 0
1675882692694 0.5361130237579346 0
1675882692919 0.5301102995872498 0
1675882693155 0.5279650688171387 0
1675882693365 0.5302487015724182 0
1675882693552 0.5332250595092773 0
1675882693775 0.5247591733932495 0
1675882694007 0.5224614143371582 0
1675882694239 0.5226927995681763 0
1675882694437 0.5258936285972595 0
1675882694649 0.5246272087097168 0
1675882694893 0.5236428380012512 0
1675882695135 0.5211795568466187 0
1675882695349 0.5208855867385864 0
1675882695565 0.5166634917259216 0
1675882695809 0.511353611946106 0
1675882696037 0.5126897096633911 0
1675882696314 0.5024631023406982 0
1675882696533 0.5130872130393982 0
1675882696749 0.5114963054656982 0
1675882696981 0.5063661932945251 0
1675882697199 0.508903980255127 0
1675882697405 0.5099998116493225 0
1675882697635 0.5042745471000671 0
1675882697832 0.5079562067985535 0
1675882698082 0.5002931356430054 0
1675882698302 0.5028746128082275 0
1675882698530 0.4980921149253845 0
1675882698733 0.5007890462875366 0
1675882698950 0.49723827838897705 0
1675882699168 0.4953404366970062 0
1675882699386 0.4943968951702118 0
1675882699590 0.4950975477695465 0
1675882699802 0.49241361021995544 0
1675882700042 0.4856013059616089 0
1675882700276 0.48802995681762695 0
1675882700507 0.4852166473865509 0
1675882700722 0.48766833543777466 0
1675882700966 0.482060968875885 0
1675882701192 0.48212435841560364 0
1675882701398 0.48350027203559875 0
1675882701611 0.47965115308761597 0
1675882701837 0.4769415557384491 0
1675882702061 0.47482821345329285 0
1675882702291 0.47269511222839355 0
1675882702532 0.4682333171367645 0
1675882702741 0.4714464247226715 0
1675882702962 0.46819043159484863 0
1675882703145 0.47350841760635376 0
1675882703347 0.4679378867149353 0
1675882703549 0.4654659628868103 0
1675882703771 0.46065670251846313 0
1675882704034 0.4515594244003296 0
1675882704260 0.4606819152832031 0
1675882704459 0.4586363136768341 0
1675882704682 0.45276159048080444 0
1675882704878 0.45568111538887024 0
1675882705098 0.45038729906082153 0
1675882705343 0.44498738646507263 0
1675882705590 0.44022780656814575 0
1675882705823 0.44092732667922974 0
1675882706024 0.44384855031967163 0
1675882707505 0.43768081068992615 0
1675882707721 0.43798330426216125 0
1675882707926 0.4356342554092407 0
1675882708141 0.43343815207481384 0
1675882708404 0.4239630401134491 0
1675882708612 0.42898181080818176 0
1675882708830 0.4262530505657196 0
1675882709021 0.42753902077674866 0
1675882709230 0.4212997853755951 0
1675882709439 0.4187535345554352 0
1675882709640 0.41732484102249146 0
1675882709893 0.4078277349472046 0
1675882710102 0.4124947786331177 0
1675882710332 0.4068087041378021 0
1675882710542 0.40545421838760376 0
1675882710735 0.40501582622528076 0
1675882710945 0.40035343170166016 0
1675882711158 0.39753150939941406 0
1675882711380 0.3915831744670868 0
1675882711588 0.3926442563533783 0
1675882711799 0.38838014006614685 0
1675882712027 0.3827958405017853 0
1675882712274 0.37728074193000793 0
1675882712467 0.3819114565849304 0
1675882712680 0.3752405643463135 0
1675882712896 0.37312594056129456 0
1675882713130 0.372315376996994 0
1675882713338 0.3643941879272461 0
1675882713543 0.3617052137851715 0
1675882713759 0.3570043444633484 0
1675882713959 0.35556280612945557 0
1675882714173 0.3516424894332886 0
1675882714387 0.3484620153903961 0
1675882714574 0.3457709550857544 0
1675882714787 0.3388128876686096 0
1675882715011 0.3342891037464142 0
1675882715231 0.3314749598503113 0
1675882715512 0.32827088236808777 0
1675882715736 0.32262107729911804 0
1675882715967 0.32026687264442444 0
1675882716197 0.31547093391418457 0
1675882716433 0.31005141139030457 0
1675882716671 0.30517691373825073 0
1675882716945 0.29825249314308167 0
1675882717179 0.2953949272632599 0
1675882717416 0.28965964913368225 0
1675882717624 0.2891303300857544 0
1675882717864 0.282450407743454 0
1675882718130 0.27345460653305054 0
1675882718349 0.2730013430118561 0
1675882718565 0.26897308230400085 0
1675882718770 0.265152245759964 0
1675882718996 0.25610122084617615 0
1675882719194 0.254197895526886 0
1675882719413 0.24749140441417694 0
1675882719625 0.2423355132341385 0
1675882719830 0.23777134716510773 0
1675882720072 0.2291577160358429 0
1675882720306 0.22475579380989075 0
1675882720513 0.22126518189907074 0
1675882720740 0.2141825556755066 0
1675882721155 0.20902509987354279 0
1675882721556 0.20289720594882965 0
1675882721824 0.19772817194461823 0
1675882722062 0.19106778502464294 0
1675882722297 0.1858386993408203 0
1675882722560 0.17938454449176788 0
1675882722818 0.1747172772884369 0
1675882723126 0.16735099256038666 0
1675882723397 0.162615105509758 0
1675882723648 0.15647649765014648 0
1675882723847 0.1505395621061325 0
1675882724055 0.14515283703804016 0
1675882724294 0.13949088752269745 0
1675882724518 0.13394930958747864 0
1675882724720 0.1287636011838913 0
1675882724914 0.12367565929889679 0
1675882725141 0.117678701877594 0
1675882725365 0.11337271332740784 0
1675882725564 0.10744114965200424 0
1675882725805 0.10499502718448639 0
1675882726040 0.09937507659196854 0
1675882726224 0.09301194548606873 0
1675882726441 0.08985646814107895 0
1675882726656 0.08571328967809677 0
1675882726868 0.0799313634634018 0
1675882727085 0.0768016055226326 0
1675882727286 0.07205438613891602 0
1675882727498 0.06874724477529526 0
1675882727677 0.06333453953266144 0
1675882727903 0.064643993973732 0
1675882728106 0.05931343138217926 0
1675882728327 0.05832357704639435 0
1675882728527 0.052978917956352234 0
1675882728738 0.05095469579100609 0
1675882728970 0.05211414024233818 0
1675882729170 0.04603930562734604 0
1675882729384 0.04490159451961517 0
1675882729626 0.04517626762390137 0
1675882729884 0.0443478561937809 0
1675882730132 0.040993694216012955 0
1675882730413 0.0377250500023365 0
1675882730662 0.0367792472243309 0
1675882730904 0.03591512143611908 0
1675882731120 0.032216932624578476 0
1675882731364 0.03417610749602318 0
1675882731644 0.03383795917034149 0
1675882731935 0.034806009382009506 0
1675882732170 0.030038204044103622 0
1675882732486 0.033443186432123184 0
1675882732729 0.0290437713265419 0
1675882732982 0.031047945842146873 0
1675882733204 0.026423729956150055 0
1675882733456 0.030217468738555908 0
1675882733696 0.029482295736670494 0
1675882733955 0.03155399113893509 0
1675882734173 0.025182075798511505 0
1675882734390 0.024624338373541832 0
1675882734644 0.028207652270793915 0
1675882734892 0.027430251240730286 0
1675882735136 0.02526726759970188 0
1675882735377 0.02631480060517788 0
1675882735659 0.026014629751443863 0
1675882735898 0.025083623826503754 0
1675882736172 0.031316377222537994 0
1675882736434 0.02946331351995468 0
1675882736650 0.02070753090083599 0
1675882736918 0.028900953009724617 0
1675882737134 0.020070109516382217 0
1675882737388 0.021068129688501358 0
1675882737629 0.023180974647402763 0
1675882737857 0.022171935066580772 0
1675882738123 0.030109690502285957 0
1675882738324 0.01975724846124649 0
1675882738532 0.020495349541306496 0
1675882738751 0.022796718403697014 0
1675882738956 0.020628442987799644 0
1675882739170 0.02202313393354416 0
1675882739387 0.022093603387475014 0
1675882739605 0.02076769433915615 0
1675882739901 0.02710280381143093 0
1675882740169 0.02097872644662857 0
1675882740417 0.021057793870568275 0
1675882740625 0.017023520544171333 0
1675882740870 0.018680408596992493 0
1675882741133 0.02023148350417614 0
1675882741391 0.019179359078407288 0
1675882741616 0.023730279877781868 0
1675882741866 0.02580023743212223 0
1675882742088 0.02002743072807789 0
1675882742322 0.019695252180099487 0
1675882742578 0.022657550871372223 0
1675882742792 0.017606370151042938 0
1675882743011 0.019778041169047356 0
1675882743220 0.018216431140899658 0
1675882743431 0.018857769668102264 0
1675882743653 0.02160637080669403 0
1675882745131 0.019414173439145088 0
1675882745367 0.02044144831597805 0
1675882745606 0.018650732934474945 0
1675882745876 0.019786838442087173 0
1675882746170 0.024075830355286598 0
1675882746437 0.0194606501609087 0
1675882746723 0.02263474278151989 0
1675882746993 0.019531210884451866 0
1675882747236 0.01620427332818508 0
1675882747436 0.016957934945821762 0
1675882747637 0.018478481099009514 0
1675882747842 0.018022334203124046 0
1675882748040 0.0164057444781065 0
1675882748281 0.023169761523604393 0
1675882748537 0.025994453579187393 0
1675882748782 0.022248059511184692 0
1675882749010 0.0210861973464489 0
1675882749216 0.01650753989815712 0
1675882749434 0.019768206402659416 0
1675882749651 0.020576365292072296 0
1675882749863 0.019832581281661987 0
1675882750062 0.016889488324522972 0
1675882750279 0.019779745489358902 0
1675882750513 0.021563243120908737 0
1675882750721 0.01818970777094364 0
1675882750937 0.017972595989704132 0
1675882751162 0.02129279635846615 0
1675882751377 0.019128313288092613 0
1675882751589 0.016521306708455086 0
1675882751878 0.02830723114311695 0
1675882752114 0.02067902684211731 0
1675882752333 0.018647754564881325 0
1675882752541 0.01765311509370804 0
1675882752755 0.018831709399819374 0
1675882753008 0.02035917341709137 0
1675882753217 0.017197933048009872 0
1675882753424 0.01969827152788639 0
1675882753646 0.01931164413690567 0
1675882753880 0.02170727215707302 0
1675882754107 0.019733089953660965 0
1675882754362 0.024570351466536522 0
1675882754592 0.02058788202702999 0
1675882754805 0.018620243296027184 0
1675882755017 0.01841573230922222 0
1675882755226 0.020002588629722595 0
1675882755429 0.017699098214507103 0
1675882755638 0.017439574003219604 0
1675882755845 0.017108619213104248 0
1675882756070 0.02235536277294159 0
1675882756291 0.021036138758063316 0
1675882756507 0.019537007436156273 0
1675882756709 0.01750258356332779 0
1675882756921 0.019164077937602997 0
1675882757124 0.017904313281178474 0
1675882757352 0.021968478336930275 0
1675882757556 0.018622174859046936 0
1675882757760 0.017911380156874657 0
1675882757991 0.021982714533805847 0
1675882758217 0.022651445120573044 0
1675882758437 0.01951359584927559 0
1675882758634 0.017200719565153122 0
1675882758852 0.02118024230003357 0
1675882759084 0.020237090066075325 0
1675882759284 0.01554214209318161 0
1675882759528 0.02627941407263279 0
1675882759757 0.022771267220377922 0
1675882759991 0.022880401462316513 0
1675882760253 0.0245837215334177 0
1675882760517 0.02552705816924572 0
1675882760778 0.018667876720428467 0
1675882761013 0.019213499501347542 0
1675882761211 0.016435997560620308 0
1675882761408 0.016791990026831627 0
1675882761609 0.01747930608689785 0
1675882761812 0.018038909882307053 0
1675882762008 0.01657332293689251 0
1675882762237 0.022576352581381798 0
1675882762442 0.018917249515652657 0
1675882762656 0.020595835521817207 0
1675882762889 0.022700654342770576 0
1675882763101 0.016782451421022415 0
1675882763291 0.01590806432068348 0
1675882763490 0.016664862632751465 0
1675882763700 0.01924019679427147 0
1675882763916 0.019601639360189438 0
1675882764114 0.01675969734787941 0
1675882764306 0.01653011329472065 0
1675882764509 0.01856982335448265 0
1675882764707 0.017894746735692024 0
1675882764928 0.02071879431605339 0
1675882765135 0.018787894397974014 0
1675882765347 0.020792998373508453 0
1675882765558 0.01970507949590683 0
1675882765759 0.017699362710118294 0
1675882765987 0.022512998431921005 0
1675882766192 0.018334999680519104 0
1675882766419 0.021239589899778366 0
1675882766615 0.016979051753878593 0
1675882766809 0.01732156053185463 0
1675882767005 0.01707378402352333 0
1675882767227 0.01996750198304653 0
1675882767451 0.02200421132147312 0
1675882767671 0.021110903471708298 0
1675882767874 0.0182283166795969 0
1675882768090 0.02058177813887596 0
1675882768296 0.01816454902291298 0
1675882768505 0.019510813057422638 0
1675882768743 0.02402983419597149 0
1675882768970 0.022326163947582245 0
1675882769206 0.021694067865610123 0
1675882769400 0.013949697837233543 0
1675882769598 0.017668122425675392 0
1675882769816 0.020665308460593224 0
1675882770059 0.025225330144166946 0
1675882770275 0.019572842866182327 0
1675882770500 0.023091301321983337 0
1675882770726 0.021918514743447304 0
1675882770945 0.01864912360906601 0
1675882771170 0.02343783900141716 0
1675882771407 0.02358395792543888 0
1675882771591 0.016135264188051224 0
1675882771793 0.018684007227420807 0
1675882772016 0.019258618354797363 0
1675882772223 0.017479728907346725 0
1675882772430 0.01748577691614628 0
1675882772642 0.020233049988746643 0
1675882772918 0.029628658667206764 0
1675882773126 0.018590789288282394 0
1675882773334 0.019518740475177765 0
1675882773585 0.02293994463980198 0
1675882773800 0.01878899335861206 0
1675882773997 0.015922173857688904 0
1675882774203 0.01830742508172989 0
1675882774461 0.028141004964709282 0
1675882774683 0.020842615514993668 0
1675882774881 0.01704547181725502 0
1675882775085 0.018147224560379982 0
1675882775299 0.016085591167211533 0
1675882775536 0.02096429653465748 0
1675882775753 0.017187830060720444 0
1675882776037 0.020379843190312386 0
1675882776266 0.021331295371055603 0
1675882776484 0.021657437086105347 0
1675882776685 0.01813635043799877 0
1675882776935 0.017661582678556442 0
1675882777162 0.01906431093811989 0
1675882777386 0.01953611895442009 0
1675882777618 0.023951668292284012 0
1675882777835 0.020371776074171066 0
1675882778053 0.020166177302598953 0
1675882778248 0.01701752096414566 0
1675882778445 0.017108028754591942 0
1675882778632 0.015864325687289238 0
1675882778871 0.02383182942867279 0
1675882779089 0.019268089905381203 0
1675882779301 0.019150275737047195 0
1675882779547 0.021515140309929848 0
1675882781134 0.01968691684305668 0
1675882781373 0.022110044956207275 0
1675882781562 0.01499402429908514 0
1675882781782 0.020185673609375954 0
1675882781997 0.016175463795661926 0
1675882782209 0.014947657473385334 0
1675882782478 0.023765910416841507 0
1675882782699 0.017503928393125534 0
1675882782955 0.020521264523267746 0
1675882783210 0.020436353981494904 0
1675882783504 0.02464997209608555 0
1675882783738 0.0222388356924057 0
1675882783964 0.02177811972796917 0
1675882784196 0.02403939515352249 0
1675882784391 0.01743716560304165 0
1675882784617 0.0212697833776474 0
1675882784840 0.02168564684689045 0
1675882785041 0.017787085846066475 0
1675882785268 0.021879220381379128 0
1675882785505 0.022306619212031364 0
1675882785731 0.017799949273467064 0
1675882785962 0.020291484892368317 0
1675882786188 0.021344689652323723 0
1675882786404 0.019416607916355133 0
1675882786613 0.018070852383971214 0
1675882786828 0.018724853172898293 0
1675882787027 0.01456846296787262 0
1675882787249 0.01874656230211258 0
1675882787491 0.019674114882946014 0
1675882787716 0.016511347144842148 0
1675882787962 0.0222052913159132 0
1675882788216 0.018682220950722694 0
1675882788454 0.019075309857726097 0
1675882788666 0.014629103243350983 0
1675882788915 0.019264357164502144 0
1675882789188 0.022740833461284637 0
1675882789435 0.020123803988099098 0
1675882789639 0.01881781406700611 0
1675882789851 0.01890725828707218 0
1675882790123 0.025632521137595177 0
1675882790370 0.017245404422283173 0
1675882790678 0.022284727543592453 0
1675882790952 0.01828698068857193 0
1675882791218 0.02218126319348812 0
1675882791430 0.018369590863585472 0
1675882791674 0.023557526990771294 0
1675882791897 0.02050028368830681 0
1675882792137 0.0212990865111351 0
1675882792342 0.017626741901040077 0
1675882792583 0.023419905453920364 0
1675882792818 0.02123280055820942 0
1675882793035 0.020801443606615067 0
1675882793253 0.02090786211192608 0
1675882793469 0.02070891670882702 0
1675882793709 0.02372325025498867 0
1675882793980 0.023207973688840866 0
1675882794256 0.02060019224882126 0
1675882794542 0.02304675243794918 0
1675882794814 0.02181616611778736 0
1675882795092 0.025836683809757233 0
1675882795342 0.019827041774988174 0
1675882795579 0.021270575001835823 0
1675882795804 0.02159670740365982 0
1675882796008 0.017649486660957336 0
1675882796231 0.01904878579080105 0
1675882796463 0.021098893135786057 0
1675882796672 0.01718599535524845 0
1675882796909 0.023426586762070656 0
1675882797134 0.02006269060075283 0
1675882797349 0.01989176496863365 0
1675882797577 0.01873425394296646 0
1675882797834 0.01803893968462944 0
1675882798085 0.019534269347786903 0
1675882798342 0.018476014956831932 0
1675882798582 0.017072441056370735 0
1675882798833 0.016960082575678825 0
1675882799108 0.020602259784936905 0
1675882799370 0.01715480349957943 0
1675882799618 0.017675289884209633 0
1675882799870 0.02185935340821743 0
1675882800106 0.02017970010638237 0
1675882800363 0.019348641857504845 0
1675882800638 0.018638869747519493 0
1675882800928 0.02219543047249317 0
1675882801186 0.01936274580657482 0
1675882801421 0.018138321116566658 0
1675882801705 0.017526846379041672 0
1675882802012 0.02168351039290428 0
1675882802272 0.020131779834628105 0
1675882802532 0.01757519133388996 0
1675882802803 0.02003236673772335 0
1675882803045 0.016956640407443047 0
1675882803349 0.02091040275990963 0
1675882803641 0.02223537117242813 0
1675882803904 0.020063644275069237 0
1675882804166 0.021036548539996147 0
1675882804457 0.021212445572018623 0
1675882804694 0.018409142270684242 0
1675882804922 0.019280511885881424 0
1675882805140 0.017816055566072464 0
1675882805356 0.017061905935406685 0
1675882805603 0.018640318885445595 0
1675882805842 0.0182325579226017 0
1675882806084 0.016826622188091278 0
1675882806311 0.017179355025291443 0
1675882806607 0.020757654681801796 0
1675882806868 0.01810532622039318 0
1675882807111 0.01825861819088459 0
1675882807383 0.01839044876396656 0
1675882807636 0.017966212704777718 0
1675882807858 0.01662946119904518 0
1675882808091 0.019779814407229424 0
1675882808298 0.01708112470805645 0
1675882808559 0.014843951910734177 0
1675882808820 0.024704165756702423 0
1675882809053 0.01970507763326168 0
1675882809285 0.018722638487815857 0
1675882809541 0.015863943845033646 0
1675882809810 0.01977117732167244 0
1675882810083 0.019780244678258896 0
1675882810329 0.018211107701063156 0
1675882810568 0.0192398764193058 0
1675882810816 0.02213161066174507 0
1675882811027 0.01835217885673046 0
1675882811244 0.01753265969455242 0
1675882811447 0.017201360315084457 0
1675882811670 0.016928063705563545 0
1675882811927 0.020576460286974907 0
1675882812179 0.02101055532693863 0
1675882812441 0.023414188995957375 0
1675882812683 0.019181588664650917 0
1675882812929 0.02078315243124962 0
1675882813158 0.017023397609591484 0
1675882813407 0.02326519973576069 0
1675882813598 0.014510922133922577 0
1675882813830 0.020259149372577667 0
1675882814064 0.017526160925626755 0
1675882814290 0.018473032861948013 0
1675882814496 0.01750313490629196 0
1675882814719 0.019626200199127197 0
1675882814947 0.02061912789940834 0
1675882815137 0.01441099215298891 0
1675882815334 0.015922540798783302 0
1675882815521 0.013921189121901989 0
1675882815760 0.022298987954854965 0
1675882815977 0.01864958368241787 0
1675882816215 0.022456469014286995 0
1675882816424 0.018015317618846893 0
1675882816692 0.02699035033583641 0
1675882816923 0.019807910546660423 0
1675882817134 0.017340106889605522 0
1675882817359 0.020164847373962402 0
1675882817578 0.019883932545781136 0
1675882817819 0.019798487424850464 0
1675882818058 0.018607698380947113 0
1675882818285 0.01735730469226837 0
1675882818510 0.01821078173816204 0
1675882820105 0.02123298868536949 0
1675882820332 0.016758134588599205 0
1675882820577 0.017926540225744247 0
1675882820831 0.019452139735221863 0
1675882821080 0.021802647039294243 0
1675882821298 0.0185486301779747 0
1675882821531 0.020642779767513275 0
1675882821739 0.017705397680401802 0
1675882821975 0.02059626765549183 0
1675882822210 0.01910271868109703 0
1675882822425 0.0182170532643795 0
1675882822619 0.01516056526452303 0
1675882822849 0.019537197425961494 0
1675882823056 0.01769532635807991 0
1675882823300 0.02479410730302334 0
1675882823543 0.022792937234044075 0
1675882823768 0.019202690571546555 0
1675882823972 0.016255471855401993 0
1675882824194 0.019279280677437782 0
1675882824410 0.01923944056034088 0
1675882824637 0.021092789247632027 0
1675882824860 0.020086543634533882 0
1675882825085 0.019077157601714134 0
1675882825307 0.01860789954662323 0
1675882825533 0.019454630091786385 0
1675882825757 0.017629778012633324 0
1675882825992 0.0181264728307724 0
1675882826236 0.023473316803574562 0
1675882826439 0.016620881855487823 0
1675882826672 0.02085721492767334 0
1675882826867 0.015644267201423645 0
1675882827115 0.025281855836510658 0
1675882827348 0.014860158786177635 0
1675882827591 0.02008759416639805 0
1675882827816 0.01975230872631073 0
1675882828017 0.01694691926240921 0
1675882828205 0.014897304587066174 0
1675882828431 0.018313715234398842 0
1675882828641 0.01816539280116558 0
1675882828843 0.01617608033120632 0
1675882829079 0.020267661660909653 0
1675882829292 0.017499122768640518 0
1675882829509 0.01952540874481201 0
1675882829736 0.020965827628970146 0
1675882829981 0.02478937990963459 0
1675882830202 0.018544502556324005 0
1675882830440 0.021791944280266762 0
1675882830694 0.022788194939494133 0
1675882830933 0.022088870406150818 0
1675882831155 0.018904229626059532 0
1675882831363 0.01846000924706459 0
1675882831568 0.017223136499524117 0
1675882831808 0.023954004049301147 0
1675882832037 0.020697131752967834 0
1675882832242 0.016004672273993492 0
1675882832497 0.0252886563539505 0
1675882832729 0.021037817001342773 0
1675882832985 0.024012615904211998 0
1675882833236 0.023592844605445862 0
1675882833443 0.01706703193485737 0
1675882833678 0.021740343421697617 0
1675882833908 0.021950799971818924 0
1675882834136 0.019963586702942848 0
1675882834361 0.021985383704304695 0
1675882834554 0.016110152006149292 0
1675882834777 0.02036936767399311 0
1675882834999 0.02034282498061657 0
1675882835241 0.021576186642050743 0
1675882835506 0.021442433819174767 0
1675882835748 0.019786879420280457 0
1675882835972 0.018214773386716843 0
1675882836207 0.019553398713469505 0
1675882836417 0.017794635146856308 0
1675882836605 0.015682626515626907 0
1675882836809 0.01710513047873974 0
1675882837047 0.023149654269218445 0
1675882837264 0.020793380215764046 0
1675882837473 0.018006393685936928 0
1675882837684 0.017756713554263115 0
1675882837892 0.018828341737389565 0
1675882838149 0.019256990402936935 0
1675882838407 0.02272033877670765 0
1675882838621 0.019620651379227638 0
1675882838804 0.014582986943423748 0
1675882839011 0.018832171335816383 0
1675882839240 0.016714219003915787 0
1675882839500 0.02485484443604946 0
1675882839707 0.017621245235204697 0
1675882839936 0.021814579144120216 0
1675882840168 0.022147253155708313 0
1675882840389 0.021754898130893707 0
1675882840597 0.01865527033805847 0
1675882840813 0.019707366824150085 0
1675882841012 0.016109880059957504 0
1675882841225 0.01954953372478485 0
1675882841429 0.018294230103492737 0
1675882841646 0.019976181909441948 0
1675882841856 0.018174083903431892 0
1675882842106 0.019937148317694664 0
1675882842316 0.01669076457619667 0
1675882842526 0.017257090657949448 0
1675882842736 0.01944950968027115 0
1675882842960 0.0205686017870903 0
1675882843172 0.018318433314561844 0
1675882843376 0.017412878572940826 0
1675882843609 0.02145542949438095 0
1675882843839 0.020441483706235886 0
1675882844038 0.01608925126492977 0
1675882844273 0.018556369468569756 0
1675882844495 0.020432716235518456 0
1675882844736 0.02138454094529152 0
1675882844952 0.019322605803608894 0
1675882845157 0.018087543547153473 0
1675882845377 0.020661383867263794 0
1675882845565 0.0159344132989645 0
1675882845769 0.017967218533158302 0
1675882845993 0.019564403221011162 0
1675882846229 0.02076750621199608 0
1675882846425 0.016091227531433105 0
1675882846626 0.01763846166431904 0
1675882846844 0.02035643346607685 0
1675882847044 0.01671547442674637 0
1675882847262 0.021136276423931122 0
1675882847482 0.020365284755825996 0
1675882847678 0.015841735526919365 0
1675882847892 0.019137127324938774 0
1675882848116 0.023118138313293457 0
1675882848349 0.0187710952013731 0
1675882848567 0.02012522518634796 0
1675882848772 0.01765028014779091 0
1675882848974 0.018424786627292633 0
1675882849169 0.01647293008863926 0
1675882849397 0.02063513547182083 0
1675882849599 0.016549723222851753 0
1675882849834 0.0221798624843359 0
1675882850051 0.019648484885692596 0
1675882850301 0.022435104474425316 0
1675882850559 0.023274356499314308 0
1675882850803 0.02072567120194435 0
1675882851038 0.021650871261954308 0
1675882851270 0.022837279364466667 0
1675882851484 0.01930091716349125 0
1675882851713 0.02072124183177948 0
1675882851955 0.021735813468694687 0
1675882852190 0.021090583875775337 0
1675882852438 0.020374758169054985 0
1675882852666 0.021649068221449852 0
1675882852887 0.020914122462272644 0
1675882853111 0.020948247984051704 0
1675882853295 0.014450617134571075 0
1675882853518 0.01819622702896595 0
1675882853776 0.02339370921254158 0
1675882853991 0.01989206112921238 0
1675882854201 0.018807303160429 0
1675882854443 0.023661909624934196 0
1675882854656 0.01884274184703827 0
1675882854862 0.018561702221632004 0
