1675964416403 0.017327868938446046 0
1675964417089 0.6807107925415039 40
1675964418041 0.6666529655456543 80
1675964418901 0.6484241008758544 120
1675964419653 0.6216023445129395 160
1675964420264 0.5970709323883057 200
1675964420895 0.57256178855896 240
1675964421455 0.6105269432067871 280
1675964422026 0.5995400428771973 320
1675964422692 0.5992105007171631 360
1675964424164 0.6001180171966553 400
1675964424811 0.5833624362945556 440
1675964425292 0.6222285270690918 480
1675964425821 0.5995269298553467 520
1675964426394 0.5782890796661377 560
1675964427028 0.6042671203613281 600
1675964427608 0.5967474937438965 640
1675964428183 0.5833870887756347 680
1675964428748 0.5936295032501221 720
1675964429343 0.6081244945526123 760
1675964429906 0.5971348762512207 800
1675964430459 0.6035709857940674 840
1675964431012 0.6131332874298095 880
1675964431582 0.6004303932189942 920
1675964432308 0.5962933540344239 960
1675964432877 0.5971677780151368 1000
1675964433412 0.5970308780670166 1040
1675964434096 0.5836643218994141 1080
1675964434643 0.565085506439209 1120
1675964435469 0.5128393173217773 1160
1675964436033 0.5226391315460205 1200
1675964436734 0.5124963760375977 1240
1675964437272 0.4997124671936035 1280
1675964437931 0.4600371360778809 1320
1675964438669 0.41232943534851074 1360
1675964439332 0.4057136535644531 1400
1675964439869 0.49500555992126466 1440
1675964440402 0.42668881416320803 1480
1675964440918 0.4652867317199707 1520
1675964441509 0.36588754653930666 1560
1675964442001 0.4793443202972412 1600
1675964442492 0.43263635635375974 1640
1675964442969 0.42147369384765626 1680
1675964443488 0.4420944690704346 1720
1675964444148 0.39520654678344724 1760
1675964444629 0.4041888236999512 1800
1675964445143 0.37134490013122556 1840
1675964445678 0.40270519256591797 1880
1675964446227 0.36993362903594973 1920
1675964446824 0.40052013397216796 1960
1675964447444 0.35466229915618896 2000
1675964448011 0.3653886795043945 2040
1675964448543 0.4144751071929932 2080
1675964449113 0.3462198734283447 2120
1675964449695 0.37929837703704833 2160
1675964450348 0.36898078918457033 2200
1675964450907 0.3665935754776001 2240
1675964451529 0.4052269458770752 2280
1675964452014 0.3756457567214966 2320
1675964452572 0.35302374362945554 2360
1675964453512 0.3609920501708984 2400
1675964454070 0.3748291015625 2440
1675964454640 0.36106534004211427 2480
1675964455178 0.3492316007614136 2520
1675964455792 0.3549086809158325 2560
1675964456399 0.3010462045669556 2600
1675964456910 0.3429933309555054 2640
1675964457427 0.31442134380340575 2680
1675964457940 0.27745983600616453 2720
1675964458473 0.31896851062774656 2760
1675964459111 0.3988441228866577 2800
1675964459590 0.29869961738586426 2840
1675964460181 0.33630373477935793 2880
1675964460736 0.32724652290344236 2920
1675964461257 0.321370530128479 2960
1675964461763 0.3043548583984375 3000
1675964462345 0.3349522590637207 3040
1675964462958 0.34615912437438967 3080
1675964463512 0.3498228549957275 3120
1675964464069 0.28918256759643557 3160
1675964464593 0.2982534408569336 3200
1675964465186 0.29130353927612307 3240
1675964465752 0.3269499778747559 3280
1675964466340 0.3041205883026123 3320
1675964466915 0.3518572568893433 3360
1675964467455 0.34280242919921877 3400
1675964468297 0.2913353443145752 3440
1675964469426 0.3249186038970947 3480
1675964469955 0.348176097869873 3520
1675964470575 0.2898794412612915 3560
1675964471128 0.29484503269195556 3600
1675964471655 0.30369131565093993 3640
1675964472260 0.2537214756011963 3680
1675964472829 0.261946439743042 3720
1675964473373 0.32936432361602785 3760
1675964473872 0.25034639835357664 3800
1675964474387 0.26962554454803467 3840
1675964474908 0.292649507522583 3880
1675964475409 0.2681488275527954 3920
1675964475941 0.33365683555603026 3960
1675964476526 0.31304359436035156 4000
1675964477049 0.2665436267852783 4040
1675964477675 0.26922082901000977 4080
1675964478286 0.30727837085723875 4120
1675964478985 0.3030815362930298 4160
1675964479494 0.2526155948638916 4200
1675964480023 0.2851408004760742 4240
1675964480601 0.2870076417922974 4280
1675964481139 0.2502159118652344 4320
1675964481696 0.22563138008117675 4360
1675964482214 0.294423508644104 4400
1675964483216 0.28475561141967776 4440
1675964484379 0.24676260948181153 4480
1675964484942 0.2510794162750244 4520
1675964485427 0.28403990268707274 4560
1675964486067 0.32359254360198975 4600
1675964486656 0.24402077198028566 4640
1675964487252 0.22526931762695312 4680
1675964487845 0.2895609140396118 4720
1675964488433 0.27879037857055666 4760
1675964489119 0.25534584522247317 4800
1675964489655 0.21755967140197754 4840
1675964490183 0.21286535263061523 4880
1675964490730 0.19486353397369385 4920
1675964491205 0.22573504447937012 4960
1675964491756 0.22942707538604737 5000
1675964492313 0.22431607246398927 5040
1675964492877 0.21360671520233154 5080
1675964493395 0.27142488956451416 5120
1675964493999 0.3125324726104736 5160
1675964494476 0.18830420970916747 5200
1675964495166 0.2691729307174683 5240
1675964495678 0.22228152751922609 5280
1675964496196 0.26213133335113525 5320
1675964496742 0.222007417678833 5360
1675964497302 0.24516868591308594 5400
1675964498143 0.18451278209686278 5440
1675964499333 0.26496646404266355 5480
1675964499869 0.23429467678070068 5520
1675964500372 0.2375072717666626 5560
1675964501072 0.24825754165649414 5600
1675964501590 0.22668399810791015 5640
1675964502168 0.19391195774078368 5680
1675964502729 0.24796011447906494 5720
1675964503383 0.19945744276046753 5760
1675964503885 0.1636328935623169 5800
1675964504360 0.28856663703918456 5840
1675964504831 0.1957836389541626 5880
1675964505372 0.2609116792678833 5920
1675964505980 0.28621368408203124 5960
1675964506567 0.24112842082977295 6000
1675964507100 0.2103715181350708 6040
1675964507700 0.19215558767318724 6080
1675964508435 0.14847272634506226 6120
1675964509663 0.18679845333099365 6160
1675964510200 0.18915226459503173 6200
1675964510817 0.2004103183746338 6240
1675964511466 0.18409430980682373 6280
1675964512012 0.24715688228607177 6320
1675964512609 0.22149546146392823 6360
1675964513378 0.23559796810150146 6400
1675964514155 0.17092105150222778 6440
1675964514759 0.18633570671081542 6480
1675964515344 0.19662656784057617 6520
1675964515798 0.22816388607025145 6560
1675964516355 0.21677005290985107 6600
1675964516893 0.15423781871795655 6640
1675964517426 0.18235713243484497 6680
1675964518100 0.2141162633895874 6720
1675964518749 0.20212864875793457 6760
1675964519297 0.1706022024154663 6800
1675964519798 0.169339919090271 6840
1675964520372 0.17277437448501587 6880
1675964520952 0.1705567479133606 6920
1675964521485 0.17473689317703248 6960
1675964522119 0.18096743822097777 7000
1675964522641 0.19083651304244995 7040
1675964523265 0.19018862247467042 7080
1675964523853 0.1520780086517334 7120
1675964524411 0.19615210294723512 7160
1675964525021 0.1948695421218872 7200
1675964525598 0.12287921905517578 7240
1675964526238 0.14323707818984985 7280
1675964526839 0.14761574268341066 7320
1675964527371 0.16107304096221925 7360
1675964528327 0.13916733264923095 7400
1675964529090 0.16728129386901855 7440
1675964529608 0.1300408959388733 7480
1675964530258 0.15898563861846923 7520
1675964530929 0.22211146354675293 7560
1675964531505 0.16664960384368896 7600
1675964532148 0.17980000972747803 7640
1675964532695 0.14825706481933593 7680
1675964533257 0.16846994161605836 7720
1675964533731 0.14134747982025148 7760
1675964534413 0.14085832834243775 7800
1675964535013 0.11799159049987792 7840
1675964535691 0.17693703174591063 7880
1675964536269 0.13928477764129638 7920
1675964536851 0.1627659797668457 7960
1675964537371 0.12901172637939454 8000
1675964537967 0.19965394735336303 8040
1675964538690 0.15977041721343993 8080
1675964539281 0.12138926982879639 8120
1675964539854 0.15573617219924926 8160
1675964540370 0.08667824268341065 8200
1675964540961 0.13584668636322023 8240
1675964541512 0.16079903841018678 8280
1675964542070 0.14376606941223144 8320
1675964542681 0.12882506847381592 8360
1675964543587 0.1489027976989746 8400
1675964544372 0.10757734775543212 8440
1675964544978 0.12332154512405395 8480
1675964545501 0.12138036489486695 8520
1675964546070 0.11321033239364624 8560
1675964546664 0.12697759866714478 8600
1675964547181 0.17344753742218016 8640
1675964547705 0.1420570969581604 8680
1675964548318 0.11535803079605103 8720
1675964548901 0.12238478660583496 8760
1675964549429 0.12348356246948242 8800
1675964549939 0.14327009916305541 8840
1675964550480 0.131161892414093 8880
1675964550994 0.10018123388290405 8920
1675964551540 0.11004016399383545 8960
1675964552100 0.13963937759399414 9000
1675964552625 0.1404356002807617 9040
1675964553154 0.13145650625228883 9080
1675964553701 0.11716991662979126 9120
1675964554285 0.12689536809921265 9160
1675964554887 0.09892325401306153 9200
1675964555462 0.14032726287841796 9240
1675964555940 0.08190322518348694 9280
1675964556432 0.13873900175094606 9320
1675964556947 0.1196628212928772 9360
1675964557547 0.12145409584045411 9400
1675964558235 0.13148006200790405 9440
1675964559097 0.11949249505996704 9480
1675964559725 0.1481345295906067 9520
1675964560285 0.13026362657546997 9560
1675964560854 0.12043851613998413 9600
1675964561411 0.12805947065353393 9640
1675964561922 0.10599147081375122 9680
1675964562461 0.13840200901031494 9720
1675964562961 0.10033166408538818 9760
1675964563523 0.14333107471466064 9800
1675964564062 0.13312622308731079 9840
1675964564548 0.10173883438110351 9880
1675964565055 0.1490492820739746 9920
1675964565596 0.12468969821929932 9960
1675964566109 0.17018722295761107 10000
1675964566606 0.1229211926460266 10040
1675964569037 0.09494109153747558 10080
1675964569610 0.1469765543937683 10120
1675964570156 0.1117856740951538 10160
1675964570719 0.1342570662498474 10200
1675964571253 0.12446122169494629 10240
1675964571908 0.12817107439041137 10280
1675964572412 0.13197133541107178 10320
1675964573182 0.1315027117729187 10360
1675964573849 0.15272016525268556 10400
1675964574626 0.1029971718788147 10440
1675964575268 0.11646051406860351 10480
1675964575891 0.1454142451286316 10520
1675964576468 0.12301299571990967 10560
1675964577068 0.12300806045532227 10600
1675964577572 0.14245084524154664 10640
1675964578186 0.12861263751983643 10680
1675964578843 0.1410741925239563 10720
1675964579375 0.1404159188270569 10760
1675964580196 0.12026541233062744 10800
1675964580762 0.13596677780151367 10840
1675964581287 0.10733733177185059 10880
1675964581788 0.1015663504600525 10920
1675964582327 0.14717985391616822 10960
1675964582880 0.15519337654113768 11000
1675964583487 0.11178622245788575 11040
1675964584074 0.10191802978515625 11080
1675964584605 0.12463407516479492 11120
1675964585159 0.16195361614227294 11160
1675964585820 0.1464765787124634 11200
1675964586419 0.1126633644104004 11240
1675964586945 0.10749484300613403 11280
1675964587667 0.1131973385810852 11320
1675964589349 0.12015161514282227 11360
1675964589932 0.08018999695777893 11400
1675964590499 0.06897441744804382 11440
1675964591036 0.08802337646484375 11480
1675964591582 0.11633377075195313 11520
1675964592169 0.13330141305923462 11560
1675964592740 0.10831638574600219 11600
1675964593308 0.10978960990905762 11640
1675964593805 0.129787814617157 11680
1675964594351 0.10240797996520996 11720
1675964594872 0.1447114586830139 11760
1675964595391 0.09844421744346618 11800
1675964595899 0.09693614840507507 11840
1675964596569 0.11258991956710815 11880
1675964597145 0.13912922143936157 11920
1675964597718 0.09630777835845947 11960
1675964598266 0.11098802089691162 12000
1675964598797 0.12171162366867065 12040
1675964599430 0.14286385774612426 12080
1675964600005 0.14077377319335938 12120
1675964600626 0.10572665929794312 12160
1675964601154 0.11834663152694702 12200
1675964601718 0.10702356100082397 12240
1675964602342 0.13091388940811158 12280
1675964603038 0.13429230451583862 12320
1675964603622 0.13905084133148193 12360
1675964604074 0.10822762250900268 12400
1675964604693 0.11485323905944825 12440
1675964605196 0.13306117057800293 12480
1675964605752 0.12284806966781617 12520
1675964606344 0.09943388104438781 12560
1675964606932 0.11312216520309448 12600
1675964607511 0.10577750205993652 12640
1675964608064 0.09120771884918213 12680
1675964608725 0.10179564952850342 12720
1675964609275 0.07084601521492004 12760
1675964609878 0.11652631759643554 12800
1675964610553 0.1512058973312378 12840
1675964611091 0.1024809718132019 12880
1675964611635 0.09592257738113404 12920
1675964612194 0.10447381734848023 12960
1675964612811 0.10476417541503906 13000
1675964613349 0.12011175155639649 13040
1675964613928 0.10199655294418335 13080
1675964614593 0.12572484016418456 13120
1675964615230 0.13355600833892822 13160
1675964615799 0.08452481031417847 13200
1675964616363 0.10674046277999878 13240
1675964616974 0.08986779451370239 13280
1675964617571 0.11002541780471801 13320
1675964618346 0.0813848316669464 13360
1675964619484 0.118980073928833 13400
1675964619953 0.09692105054855346 13440
1675964620483 0.1140493631362915 13480
1675964621038 0.1155669093132019 13520
1675964621509 0.10951381921768188 13560
1675964622052 0.1269264340400696 13600
1675964622585 0.07313218116760253 13640
1675964623134 0.14918452501296997 13680
1675964623689 0.0823058843612671 13720
1675964624257 0.07611998915672302 13760
1675964624970 0.11069473028182983 13800
1675964625496 0.08951503038406372 13840
1675964626029 0.10721101760864257 13880
1675964626559 0.08678339719772339 13920
1675964627095 0.08308944702148438 13960
1675964627626 0.12378379106521606 14000
1675964628219 0.09195924997329712 14040
1675964628819 0.11711385250091552 14080
1675964629409 0.09004707336425781 14120
1675964629997 0.10920867919921876 14160
1675964630642 0.12937930822372437 14200
1675964631176 0.09801679849624634 14240
1675964631714 0.09177142977714539 14280
1675964632279 0.1254226803779602 14320
1675964633137 0.0759019672870636 14360
1675964633849 0.12302596569061279 14400
1675964634411 0.10005277395248413 14440
1675964635002 0.12053719758987427 14480
1675964635549 0.10295733213424682 14520
1675964636155 0.10332396030426025 14560
1675964636636 0.10317116975784302 14600
1675964637141 0.1501206636428833 14640
1675964637697 0.11899353265762329 14680
1675964638373 0.08876315951347351 14720
1675964639012 0.15055112838745116 14760
1675964639719 0.1324625253677368 14800
1675964640262 0.11777546405792236 14840
1675964640810 0.10828747749328613 14880
1675964641373 0.07732442021369934 14920
1675964641903 0.10947777032852173 14960
1675964642388 0.07690436244010926 15000
1675964643024 0.07796887159347535 15040
1675964643649 0.07543481588363647 15080
1675964644161 0.09224223494529724 15120
1675964644652 0.08022476434707641 15160
1675964645512 0.14237163066864014 15200
1675964646071 0.08024901151657104 15240
1675964646662 0.09150735139846802 15280
1675964647187 0.1001919150352478 15320
1675964647873 0.1252886176109314 15360
1675964648637 0.09276933670043945 15400
1675964649573 0.10513676404953003 15440
1675964650098 0.07823001146316529 15480
1675964650634 0.1077129602432251 15520
1675964651152 0.10873290300369262 15560
1675964651711 0.09105862975120545 15600
1675964652290 0.11118263006210327 15640
1675964652874 0.08188319206237793 15680
1675964653439 0.08849942684173584 15720
1675964654034 0.09257201552391052 15760
1675964654694 0.09853439331054688 15800
1675964655294 0.08356810808181762 15840
1675964655859 0.09569700956344604 15880
1675964656435 0.09267215132713318 15920
1675964656939 0.108340322971344 15960
1675964657485 0.1405884027481079 16000
1675964658090 0.0953806459903717 16040
1675964658737 0.1053229570388794 16080
1675964659276 0.08824647068977357 16120
1675964659819 0.05546252727508545 16160
1675964660342 0.10997523069381714 16200
1675964660846 0.07814571857452393 16240
1675964661430 0.07222427725791931 16280
1675964662038 0.07742559909820557 16320
1675964662580 0.09827001094818115 16360
1675964663630 0.11396362781524658 16400
1675964664488 0.10864753723144531 16440
1675964665021 0.09523065090179443 16480
1675964665569 0.10715626478195191 16520
1675964666113 0.07697450518608093 16560
1675964666617 0.1036720871925354 16600
1675964667167 0.084252268075943 16640
1675964667697 0.08691556453704834 16680
1675964668217 0.07888998985290527 16720
1675964668873 0.11442710161209106 16760
1675964669422 0.09644308686256409 16800
1675964669915 0.0796520471572876 16840
1675964670422 0.09804649949073792 16880
1675964670969 0.08047922253608704 16920
1675964671542 0.07106562852859497 16960
1675964672052 0.07949360013008118 17000
1675964672618 0.10438385009765624 17040
1675964673143 0.08329004049301147 17080
1675964673713 0.09349235296249389 17120
1675964674335 0.07970360517501832 17160
1675964674868 0.09072448611259461 17200
1675964675443 0.1076257586479187 17240
1675964675956 0.07536633610725403 17280
1675964676560 0.08344230651855469 17320
1675964677222 0.10011920928955079 17360
1675964677769 0.08120656609535218 17400
1675964678591 0.07381495833396912 17440
1675964679546 0.10082018375396729 17480
1675964680034 0.07098709344863892 17520
1675964680630 0.06971187591552734 17560
1675964681253 0.12486252784729004 17600
1675964681817 0.09888511300086975 17640
1675964682421 0.08999756574630738 17680
1675964683025 0.08961703777313232 17720
1675964683658 0.09685690999031067 17760
1675964684154 0.08769012689590454 17800
1675964684727 0.07934174537658692 17840
1675964685275 0.05171285271644592 17880
1675964685833 0.08598430752754212 17920
1675964686454 0.06598430275917053 17960
1675964687088 0.08566482067108154 18000
1675964687562 0.07374391555786133 18040
1675964688205 0.12881141901016235 18080
1675964688844 0.1037397027015686 18120
1675964689435 0.06296521425247192 18160
1675964689997 0.08536067605018616 18200
1675964690555 0.07248802781105042 18240
1675964691140 0.0736717164516449 18280
1675964691674 0.09967823624610901 18320
1675964692198 0.09340091943740844 18360
1675964692769 0.06799765229225159 18400
1675964693439 0.08203683495521545 18440
1675964694084 0.06891909837722779 18480
1675964694595 0.06489176750183105 18520
1675964695137 0.06465525031089783 18560
1675964695697 0.07033547163009643 18600
1675964696326 0.0711374282836914 18640
1675964696828 0.09382373690605164 18680
1675964697376 0.08228905200958252 18720
1675964697948 0.06171308755874634 18760
1675964698549 0.07576178908348083 18800
1675964699213 0.08604771494865418 18840
1675964699716 0.09220300316810608 18880
1675964700313 0.0800922155380249 18920
1675964700845 0.0666130542755127 18960
1675964701417 0.05927709937095642 19000
1675964702031 0.07866833806037903 19040
1675964702535 0.08628520369529724 19080
1675964703079 0.09022976756095887 19120
1675964703668 0.08452196717262268 19160
1675964704370 0.09306074380874634 19200
1675964704988 0.06445161700248718 19240
1675964705550 0.07678554654121399 19280
1675964706043 0.06679750084877015 19320
1675964706607 0.08191770315170288 19360
1675964707122 0.05538974404335022 19400
1675964707712 0.07401213645935059 19440
1675964708425 0.09394840002059937 19480
1675964709253 0.07223468422889709 19520
1675964709872 0.06845390796661377 19560
1675964710467 0.07903363108634949 19600
1675964711029 0.07553003430366516 19640
1675964711584 0.08250863552093506 19680
1675964712073 0.0491146594285965 19720
1675964712595 0.0978613018989563 19760
1675964713116 0.06160959601402283 19800
1675964713704 0.09078999757766723 19840
1675964714346 0.0955014705657959 19880
1675964714877 0.05647251009941101 19920
1675964715481 0.09257055521011352 19960
1675964716043 0.08869147300720215 20000
1675964716696 0.12878715991973877 20040
1675964717200 0.09359196424484253 20080
1675964719631 0.06153343319892883 20120
1675964720244 0.08051949143409728 20160
1675964720825 0.06970376372337342 20200
1675964721409 0.07569377422332764 20240
1675964721970 0.059879070520401 20280
1675964722624 0.09053078889846802 20320
1675964723251 0.07409771084785462 20360
1675964724037 0.1122277855873108 20400
1675964724616 0.095633864402771 20440
1675964725205 0.08591427206993103 20480
1675964725799 0.056099921464920044 20520
1675964726375 0.09939240217208863 20560
1675964726939 0.06407185196876526 20600
1675964727573 0.07861918210983276 20640
1675964728193 0.07245685458183289 20680
1675964728889 0.10563113689422607 20720
1675964729529 0.0805372178554535 20760
1675964730082 0.0954656183719635 20800
1675964730642 0.09895368814468383 20840
1675964731186 0.08580464720726014 20880
1675964731783 0.0853961706161499 20920
1675964732327 0.059347879886627194 20960
1675964732900 0.09592339992523194 21000
1675964733433 0.10316107273101807 21040
1675964734036 0.07442854046821594 21080
1675964734655 0.07789687514305114 21120
1675964735169 0.08004060387611389 21160
1675964735789 0.06090276837348938 21200
1675964736426 0.0963960587978363 21240
1675964737014 0.10468218326568604 21280
1675964737554 0.07569803595542908 21320
1675964738399 0.06926411390304565 21360
1675964739216 0.0783940613269806 21400
1675964739739 0.05660886168479919 21440
1675964740233 0.05832947492599487 21480
1675964740761 0.06140071749687195 21520
1675964741354 0.08245177268981933 21560
1675964741881 0.065762197971344 21600
1675964742433 0.08827093839645386 21640
1675964742990 0.08991972804069519 21680
1675964743502 0.0724214494228363 21720
1675964744049 0.078073388338089 21760
1675964744561 0.10399028062820434 21800
1675964745086 0.0898267924785614 21840
1675964745599 0.07855134606361389 21880
1675964746123 0.09565079808235169 21920
1675964746693 0.09982685446739196 21960
1675964747238 0.07784576416015625 22000
1675964747911 0.07611430883407592 22040
1675964748502 0.09666112065315247 22080
1675964749164 0.09591252207756043 22120
1675964749741 0.10187309980392456 22160
1675964750328 0.08133401870727539 22200
1675964750873 0.06835925579071045 22240
1675964751403 0.08328937888145446 22280
1675964751995 0.10779471397399902 22320
1675964752559 0.08855191469192505 22360
1675964753274 0.08044214248657226 22400
1675964754079 0.08482439517974853 22440
1675964754762 0.07731838822364807 22480
1675964755266 0.11872798204421997 22520
1675964755830 0.09757847785949707 22560
1675964756444 0.06972639560699463 22600
1675964757053 0.0797403633594513 22640
1675964757674 0.0871740698814392 22680
1675964758223 0.06629430651664733 22720
1675964758902 0.07683638334274293 22760
1675964759438 0.04948151111602783 22800
1675964759975 0.06671047806739808 22840
1675964760650 0.10327047109603882 22880
1675964761204 0.07369670271873474 22920
1675964761761 0.05772185921669006 22960
1675964762366 0.09935001730918884 23000
1675964762928 0.07817276716232299 23040
1675964763495 0.09101604223251343 23080
1675964764056 0.07031803727149963 23120
1675964764674 0.07938680648803711 23160
1675964765277 0.07263572216033935 23200
1675964765854 0.060425931215286256 23240
1675964766456 0.06848695874214172 23280
1675964766997 0.0624774158000946 23320
1675964767647 0.08683385848999023 23360
1675964769165 0.06374478340148926 23400
1675964769736 0.08076043725013733 23440
1675964770299 0.08668577671051025 23480
1675964770892 0.06856083869934082 23520
1675964771529 0.08546640872955322 23560
1675964772073 0.07210344672203065 23600
1675964772619 0.0800567626953125 23640
1675964773150 0.04768187701702118 23680
1675964773701 0.09720446467399597 23720
1675964774276 0.08208537101745605 23760
1675964774856 0.04875061810016632 23800
1675964775485 0.0932504653930664 23840
1675964776182 0.07253758907318116 23880
1675964776780 0.08358866572380066 23920
1675964777321 0.06855916976928711 23960
1675964777831 0.0652806043624878 24000
1675964778488 0.09238696694374085 24040
1675964779112 0.08573383092880249 24080
1675964779664 0.06368561387062073 24120
1675964780226 0.07111219763755798 24160
1675964780768 0.06573765873908996 24200
1675964781376 0.10056445598602295 24240
1675964781944 0.07577113509178161 24280
1675964782487 0.0832493245601654 24320
1675964783531 0.09255544543266296 24360
1675964784371 0.0455624520778656 24400
1675964784973 0.06415667533874511 24440
1675964785529 0.07588852047920228 24480
1675964786232 0.08355318903923034 24520
1675964786770 0.057340985536575316 24560
1675964787410 0.09060486555099487 24600
1675964787897 0.06214740872383118 24640
1675964788504 0.10312730073928833 24680
1675964789100 0.07500351071357728 24720
1675964789768 0.0860521137714386 24760
1675964790320 0.09963658452033997 24800
1675964790942 0.09151617884635925 24840
1675964791491 0.06707599759101868 24880
1675964792084 0.08465996980667115 24920
1675964792584 0.05735474228858948 24960
1675964793144 0.07892824411392212 25000
1675964793719 0.06602307558059692 25040
1675964794328 0.08238422870635986 25080
1675964794980 0.06558215022087097 25120
1675964795560 0.07101128101348878 25160
1675964796072 0.0675763726234436 25200
1675964796653 0.10012538433074951 25240
1675964797250 0.06305714845657348 25280
1675964798656 0.06535564661026001 25320
1675964799444 0.0746315062046051 25360
1675964800062 0.0685779333114624 25400
1675964800579 0.06710997223854065 25440
1675964801171 0.09563472270965576 25480
1675964801714 0.056760352849960324 25520
1675964802259 0.07088990211486816 25560
1675964802821 0.08381966352462769 25600
1675964803404 0.06538504958152772 25640
1675964804010 0.07989267110824586 25680
1675964804656 0.061718094348907473 25720
1675964805188 0.06551348567008972 25760
1675964805828 0.08578132390975952 25800
1675964806549 0.057264584302902224 25840
1675964807227 0.07058261036872863 25880
1675964807752 0.0695774495601654 25920
1675964808325 0.06751561164855957 25960
1675964808971 0.08101697564125061 26000
1675964809529 0.11588332653045655 26040
1675964810140 0.07308481335639953 26080
1675964810707 0.08351466655731202 26120
1675964811251 0.082638019323349 26160
1675964811811 0.04713057279586792 26200
1675964812374 0.07801979780197144 26240
1675964814187 0.057951855659484866 26280
1675964814798 0.06778019666671753 26320
1675964815388 0.0739641010761261 26360
1675964815912 0.07690749764442444 26400
1675964816571 0.0976558804512024 26440
1675964817120 0.08946279883384704 26480
1675964817686 0.08718592524528504 26520
1675964818306 0.0682590663433075 26560
1675964818901 0.06325539946556091 26600
1675964819418 0.06877260208129883 26640
1675964819960 0.08750860691070557 26680
1675964820497 0.07758447527885437 26720
1675964821081 0.05737347602844238 26760
1675964821706 0.08483980298042297 26800
1675964822309 0.07768481969833374 26840
1675964822893 0.05942857265472412 26880
1675964823440 0.0770977795124054 26920
1675964824052 0.060859233140945435 26960
1675964824606 0.048991727828979495 27000
1675964825198 0.05915837287902832 27040
1675964825811 0.0822250485420227 27080
1675964826319 0.05979549288749695 27120
1675964826933 0.06607984900474548 27160
1675964827593 0.04429514706134796 27200
1675964828094 0.07094058990478516 27240
1675964829449 0.0654049575328827 27280
1675964829989 0.06580260396003723 27320
1675964830557 0.06938947439193725 27360
1675964831225 0.12305903434753418 27400
1675964831762 0.055104345083236694 27440
1675964832310 0.054447335004806516 27480
1675964833029 0.09410104751586915 27520
1675964833620 0.05034053325653076 27560
1675964834179 0.06431193947792054 27600
1675964834796 0.09102073311805725 27640
1675964835370 0.08237259984016418 27680
1675964835959 0.07377654314041138 27720
1675964836500 0.05665705800056457 27760
1675964837133 0.07010162472724915 27800
1675964837626 0.0784913420677185 27840
1675964838231 0.06306541562080384 27880
1675964838780 0.05910220742225647 27920
1675964839305 0.06484933495521546 27960
1675964839994 0.05965867638587952 28000
1675964840668 0.07714945077896118 28040
1675964841240 0.05489406585693359 28080
1675964841848 0.07937881946563721 28120
1675964842473 0.096760094165802 28160
1675964843239 0.06543208360671997 28200
1675964844066 0.06604046225547791 28240
1675964844737 0.04483873546123505 28280
1675964845391 0.047064071893692015 28320
1675964845951 0.07668401598930359 28360
1675964846515 0.07451016306877137 28400
1675964847053 0.05391277670860291 28440
1675964847602 0.06744076013565063 28480
1675964848212 0.04570910930633545 28520
1675964848787 0.060656899213790895 28560
1675964849324 0.051334929466247556 28600
1675964849875 0.05245563983917236 28640
1675964850488 0.055019724369049075 28680
1675964851073 0.07593530416488647 28720
1675964851600 0.07264299392700195 28760
1675964852193 0.050070935487747194 28800
1675964852781 0.05915496945381164 28840
1675964853368 0.08384699821472168 28880
1675964853924 0.07032743692398072 28920
1675964854477 0.06128743886947632 28960
1675964854934 0.048698872327804565 29000
1675964855451 0.05882374048233032 29040
1675964855988 0.07053055763244628 29080
1675964856479 0.062313121557235715 29120
1675964857050 0.06318626403808594 29160
1675964857595 0.07331868410110473 29200
1675964859048 0.08327409625053406 29240
1675964859712 0.060607075691223145 29280
1675964860330 0.05924195647239685 29320
1675964860919 0.059600663185119626 29360
1675964861431 0.051021885871887204 29400
1675964862019 0.054938703775405884 29440
1675964862597 0.06330784559249877 29480
1675964863130 0.09439188838005066 29520
1675964863708 0.06759483218193055 29560
1675964864265 0.0615193784236908 29600
1675964864883 0.062120634317398074 29640
1675964865430 0.06741507649421692 29680
1675964866072 0.06885946989059448 29720
1675964866630 0.04034807682037354 29760
1675964867166 0.07780234813690186 29800
1675964867720 0.053275829553604125 29840
1675964868330 0.07567253112792968 29880
1675964868898 0.07719101309776306 29920
1675964869398 0.053120779991149905 29960
1675964869945 0.07447038888931275 30000
1675964870545 0.06572670936584472 30040
1675964871091 0.06068301200866699 30080
1675964871620 0.1047523021697998 30120
1675964873801 0.03263736665248871 30160
1675964874573 0.05871797204017639 30200
1675964875128 0.06355026364326477 30240
1675964875720 0.06624435782432556 30280
1675964876309 0.051695287227630615 30320
1675964876875 0.08674618601799011 30360
1675964877417 0.07182772755622864 30400
1675964877952 0.0843137264251709 30440
1675964878567 0.08706846833229065 30480
1675964879114 0.061654865741729736 30520
1675964879668 0.05504863262176514 30560
1675964880202 0.09063977003097534 30600
1675964880778 0.059646278619766235 30640
1675964881341 0.06533783674240112 30680
1675964881861 0.05803072452545166 30720
1675964882399 0.08663760423660279 30760
1675964882931 0.08235751390457154 30800
1675964883459 0.07061616182327271 30840
1675964884059 0.09468398690223694 30880
1675964884615 0.08477947115898132 30920
1675964885177 0.0677180528640747 30960
1675964885759 0.06666743755340576 31000
1675964886325 0.08351916670799256 31040
1675964886856 0.09277468919754028 31080
1675964887364 0.0639496922492981 31120
1675964888067 0.06394104957580567 31160
1675964888906 0.07706822156906128 31200
1675964889463 0.06465408205986023 31240
1675964890051 0.08024004101753235 31280
1675964890685 0.0918930172920227 31320
1675964891341 0.07251703143119811 31360
1675964891870 0.06583273410797119 31400
1675964892404 0.06875176429748535 31440
1675964893057 0.04729469418525696 31480
1675964893577 0.058627617359161374 31520
1675964894168 0.04102994799613953 31560
1675964894756 0.07733334302902221 31600
1675964895319 0.05464909672737121 31640
1675964895894 0.07231879830360413 31680
1675964896412 0.06615832448005676 31720
1675964897130 0.08639315962791443 31760
1675964897654 0.06776050329208375 31800
1675964898236 0.08219874501228333 31840
1675964898827 0.06835544109344482 31880
1675964899389 0.07103283405303955 31920
1675964899920 0.07491150498390198 31960
1675964900484 0.10045393705368041 32000
1675964900996 0.05065035820007324 32040
1675964901508 0.07913248538970948 32080
1675964902004 0.07784971594810486 32120
1675964902650 0.061680591106414794 32160
1675964903594 0.09638661742210389 32200
1675964904432 0.07941284775733948 32240
1675964904926 0.06730722784996032 32280
1675964905517 0.05480033755302429 32320
1675964906086 0.08375022411346436 32360
1675964906648 0.07846843004226685 32400
1675964907187 0.08567932844161988 32440
1675964907712 0.07965219020843506 32480
1675964908315 0.07575767636299133 32520
1675964908871 0.07817677259445191 32560
1675964909417 0.09897092580795289 32600
1675964909982 0.06063992381095886 32640
1675964910500 0.07548737525939941 32680
1675964911118 0.07693818807601929 32720
1675964911650 0.05419778823852539 32760
1675964912232 0.07006408572196961 32800
1675964912784 0.030996525287628175 32840
1675964913398 0.051214462518692015 32880
1675964914004 0.07618260979652405 32920
1675964914582 0.06954014301300049 32960
1675964915100 0.048138538002967836 33000
1675964915680 0.07060345411300659 33040
1675964916244 0.0751153588294983 33080
1675964916739 0.07730934619903565 33120
1675964917282 0.0750979244709015 33160
1675964918111 0.061122119426727295 33200
1675964919182 0.07063493728637696 33240
1675964919801 0.06064576506614685 33280
1675964920295 0.05156310796737671 33320
1675964920817 0.061943447589874266 33360
1675964921407 0.07281118035316467 33400
1675964921926 0.06012668609619141 33440
1675964922481 0.06448506116867066 33480
1675964923032 0.0690109133720398 33520
1675964923582 0.07494436502456665 33560
1675964924158 0.07263928055763244 33600
1675964924770 0.065285062789917 33640
1675964925342 0.08842272758483886 33680
1675964925862 0.038086965680122375 33720
1675964926442 0.08333775401115417 33760
1675964926938 0.07596228122711182 33800
1675964927458 0.04931864440441132 33840
1675964928066 0.0675349235534668 33880
1675964928635 0.06335921883583069 33920
1675964929219 0.06726208329200745 33960
1675964929724 0.06601244807243348 34000
1675964930227 0.06914248466491699 34040
1675964930812 0.0715657889842987 34080
1675964931323 0.0958319902420044 34120
1675964931894 0.052722382545471194 34160
1675964932491 0.0738453209400177 34200
1675964933276 0.05547664165496826 34240
1675964934151 0.0974754273891449 34280
1675964934701 0.061073094606399536 34320
1675964935217 0.06279131174087524 34360
1675964935769 0.07822948098182678 34400
1675964936341 0.05109551548957825 34440
1675964936920 0.04701728820800781 34480
1675964937486 0.0666497826576233 34520
1675964938106 0.08170427083969116 34560
1675964938725 0.05288114547729492 34600
1675964939313 0.07929267287254334 34640
1675964939876 0.04901888370513916 34680
1675964940457 0.09972925186157226 34720
1675964940991 0.07641490697860717 34760
1675964941631 0.06969536542892456 34800
1675964942233 0.0798462986946106 34840
1675964942919 0.11550740003585816 34880
1675964943455 0.048526903986930846 34920
1675964944024 0.0753311574459076 34960
1675964944538 0.07450244426727295 35000
1675964945137 0.07112828493118287 35040
1675964945643 0.07185109853744506 35080
1675964946192 0.03911833465099335 35120
1675964946760 0.06631816029548646 35160
1675964947326 0.059783262014389035 35200
1675964947864 0.06370996236801148 35240
1675964948981 0.06918611526489257 35280
1675964949646 0.0726110577583313 35320
1675964950268 0.05932609438896179 35360
1675964950853 0.09098471999168396 35400
1675964951333 0.05522109270095825 35440
1675964951808 0.06805045008659363 35480
1675964952350 0.08364958763122558 35520
1675964952886 0.051454049348831174 35560
1675964953415 0.0594521701335907 35600
1675964953953 0.07426561117172241 35640
1675964954474 0.06004258990287781 35680
1675964955157 0.07050822377204895 35720
1675964955696 0.055861514806747434 35760
1675964956222 0.06339880228042602 35800
1675964956828 0.06778298020362854 35840
1675964957398 0.05473562479019165 35880
1675964958051 0.05597809553146362 35920
1675964958612 0.07057594656944274 35960
1675964959152 0.06536253690719604 36000
1675964959645 0.06753717064857483 36040
1675964960227 0.09408626556396485 36080
1675964960826 0.06800960898399352 36120
1675964961304 0.07370333075523376 36160
1675964961816 0.06698400974273681 36200
1675964962344 0.04652494192123413 36240
1675964962968 0.06370941996574402 36280
1675964963981 0.05142732858657837 36320
1675964964703 0.07766662240028381 36360
1675964965268 0.06557168960571289 36400
1675964965811 0.05834919214248657 36440
1675964966383 0.08798274993896485 36480
1675964966900 0.07817968726158142 36520
1675964967455 0.06011615395545959 36560
1675964968059 0.053753674030303955 36600
1675964968612 0.05969176888465881 36640
1675964969138 0.07508485317230225 36680
1675964969604 0.06633891463279724 36720
1675964970113 0.06913598775863647 36760
1675964970648 0.06334046721458435 36800
1675964971226 0.08667796850204468 36840
1675964971870 0.06449148058891296 36880
1675964972406 0.057076376676559445 36920
1675964972959 0.05645849704742432 36960
1675964973633 0.056725013256073 37000
1675964974180 0.0487491101026535 37040
1675964974750 0.0708063304424286 37080
1675964975396 0.0745466947555542 37120
1675964975906 0.04727439284324646 37160
1675964976465 0.0695356547832489 37200
1675964976983 0.0520018458366394 37240
1675964977580 0.05859454870223999 37280
1675964978419 0.06868417263031006 37320
1675964979082 0.060164862871170045 37360
1675964979655 0.0576077938079834 37400
1675964980278 0.0722676932811737 37440
1675964980780 0.0516914427280426 37480
1675964981304 0.04580548703670502 37520
1675964981943 0.09435445070266724 37560
1675964982457 0.04530695974826813 37600
1675964983102 0.05607287287712097 37640
1675964983692 0.08030831217765808 37680
1675964984259 0.07098774909973145 37720
1675964984834 0.07581496834754944 37760
1675964985434 0.0515652060508728 37800
1675964985981 0.05809218883514404 37840
1675964986481 0.08443560600280761 37880
1675964987109 0.05210691690444946 37920
1675964987677 0.051690369844436646 37960
1675964988269 0.046671274304389956 38000
1675964988879 0.059777861833572386 38040
1675964989472 0.07743071913719177 38080
1675964990011 0.05541684627532959 38120
1675964990606 0.0739790678024292 38160
1675964991193 0.06732861399650573 38200
1675964991863 0.06270523071289062 38240
1675964992426 0.0642278790473938 38280
1675964993073 0.05150805711746216 38320
1675964994022 0.048108071088790894 38360
1675964994676 0.06791069507598876 38400
1675964995195 0.07280570268630981 38440
1675964995743 0.05105642676353454 38480
1675964996309 0.052183490991592404 38520
1675964996854 0.05208005905151367 38560
1675964997393 0.05929906368255615 38600
1675964997967 0.04934176206588745 38640
1675964998566 0.0563090980052948 38680
1675964999144 0.036101341247558594 38720
1675964999659 0.07538089156150818 38760
1675965000253 0.06752951741218567 38800
1675965000777 0.048601153492927554 38840
1675965001411 0.05623619556427002 38880
1675965002036 0.0751861035823822 38920
1675965002524 0.06905859112739562 38960
1675965003189 0.051658141613006595 39000
1675965003735 0.06471794843673706 39040
1675965004314 0.04952119588851929 39080
1675965004851 0.059290236234664916 39120
1675965005396 0.05535591840744018 39160
1675965005922 0.06219813823699951 39200
1675965006500 0.15771443843841554 39240
1675965007182 0.11533993482589722 39280
1675965008363 0.05254679322242737 39320
1675965008997 0.06570968627929688 39360
1675965009502 0.0626666784286499 39400
1675965010001 0.0520512580871582 39440
1675965010590 0.0698882520198822 39480
1675965011186 0.056231945753097534 39520
1675965011711 0.07390810251235962 39560
1675965012285 0.06907320022583008 39600
1675965012796 0.06704987287521362 39640
1675965013381 0.060811847448349 39680
1675965013908 0.0711505651473999 39720
1675965014455 0.07062785625457764 39760
1675965014999 0.04204469323158264 39800
1675965015499 0.06698762774467468 39840
1675965016009 0.057994651794433597 39880
1675965016715 0.0701221764087677 39920
1675965017266 0.07739406824111938 39960
1675965017813 0.05880432724952698 40000
1675965018421 0.0715623676776886 40040
1675965019008 0.06537388563156128 40080
1675965019533 0.06592219471931457 40120
1675965020039 0.08871598243713379 40160
1675965022341 0.0269730806350708 40200
1675965023172 0.05716524124145508 40240
1675965024063 0.059876245260238645 40280
1675965024648 0.06341469287872314 40320
1675965025263 0.056894952058792116 40360
1675965026016 0.07560893893241882 40400
1675965026631 0.06251095533370972 40440
1675965027251 0.07258250117301941 40480
1675965027874 0.08211331367492676 40520
1675965028547 0.06379106044769287 40560
1675965029185 0.05495345592498779 40600
1675965029758 0.06907131671905517 40640
1675965030352 0.057222616672515866 40680
1675965030960 0.054349327087402345 40720
1675965031579 0.052983665466308595 40760
1675965032160 0.07303817868232727 40800
1675965032771 0.06967169046401978 40840
1675965033348 0.07674051523208618 40880
1675965033986 0.052182447910308835 40920
1675965034583 0.08107691407203674 40960
1675965035166 0.06240631937980652 41000
1675965035716 0.07264652252197265 41040
1675965036312 0.06938623785972595 41080
1675965036841 0.08076376914978027 41120
1675965037406 0.06832157969474792 41160
1675965038172 0.057311296463012695 41200
1675965039032 0.05098025798797608 41240
1675965039713 0.07478961944580079 41280
1675965040342 0.07697224617004395 41320
1675965041061 0.08322067260742187 41360
1675965041649 0.06817598938941956 41400
1675965042232 0.05596489906311035 41440
1675965042861 0.05648900866508484 41480
1675965043537 0.05844458341598511 41520
1675965044170 0.05029967427253723 41560
1675965044822 0.04341466426849365 41600
1675965045495 0.058896076679229734 41640
1675965046061 0.05114479660987854 41680
1675965046646 0.06242510676383972 41720
1675965047209 0.060645180940628055 41760
1675965047795 0.07762529253959656 41800
1675965048336 0.059642684459686277 41840
1675965048942 0.07584342360496521 41880
1675965049536 0.06970624327659607 41920
1675965050118 0.066324383020401 41960
1675965050767 0.05945066213607788 42000
1675965051334 0.0740042507648468 42040
1675965051953 0.05644326210021973 42080
1675965052529 0.0655448317527771 42120
1675965053630 0.07774301767349243 42160
1675965054203 0.061200058460235594 42200
1675965054802 0.08659132719039916 42240
1675965055481 0.08134644031524658 42280
1675965056034 0.054397058486938474 42320
1675965056636 0.05656822919845581 42360
1675965057233 0.07257752418518067 42400
1675965057818 0.07193375825881958 42440
1675965058434 0.08185549974441528 42480
1675965059014 0.07006713151931762 42520
1675965059632 0.07592546343803405 42560
1675965060196 0.06945534944534301 42600
1675965060824 0.07460838556289673 42640
1675965061454 0.055832666158676145 42680
1675965062052 0.07798348069190979 42720
1675965062698 0.06501525044441223 42760
1675965063323 0.05693556666374207 42800
1675965063947 0.06030420660972595 42840
1675965064502 0.03588312566280365 42880
1675965065132 0.05255030989646912 42920
1675965065786 0.07339824438095092 42960
1675965066396 0.06605027914047241 43000
1675965066958 0.04546853005886078 43040
1675965067602 0.06980173587799073 43080
1675965068793 0.07184323072433471 43120
1675965069461 0.08338046073913574 43160
1675965070027 0.05739675164222717 43200
1675965070684 0.0704596221446991 43240
1675965071472 0.06499356031417847 43280
1675965072124 0.04840281307697296 43320
1675965072728 0.051981395483016966 43360
1675965073323 0.06578547358512879 43400
1675965073942 0.06096868515014649 43440
1675965074505 0.05043442845344544 43480
1675965075199 0.06210641860961914 43520
1675965075774 0.07372843027114868 43560
1675965076405 0.047859987616539 43600
1675965077006 0.07029805183410645 43640
1675965077580 0.07001311779022217 43680
1675965078147 0.08634932637214661 43720
1675965078807 0.052925491333007814 43760
1675965079384 0.09371130466461182 43800
1675965079946 0.07937173247337341 43840
1675965080544 0.05031009316444397 43880
1675965081185 0.06034287214279175 43920
1675965081772 0.07297936081886292 43960
1675965082384 0.05818831920623779 44000
1675965083186 0.061388295888900754 44040
1675965084136 0.06131375432014465 44080
1675965084662 0.06500343680381775 44120
1675965085199 0.08197873830795288 44160
1675965085790 0.06075483560562134 44200
1675965086348 0.0597971498966217 44240
1675965086986 0.05461257100105286 44280
1675965087566 0.0848753035068512 44320
1675965088173 0.05629127025604248 44360
1675965088738 0.05677135586738587 44400
1675965089284 0.06339704394340515 44440
1675965089917 0.07063703536987305 44480
1675965090445 0.048164728283882144 44520
1675965091123 0.055631041526794434 44560
1675965091766 0.08094648122787476 44600
1675965092300 0.05629715919494629 44640
1675965092891 0.08250563740730285 44680
1675965093403 0.051569235324859616 44720
1675965093953 0.08915292620658874 44760
1675965094611 0.09299144744873047 44800
1675965095262 0.06938757300376892 44840
1675965095803 0.0802585244178772 44880
1675965096424 0.09088152647018433 44920
1675965096864 0.055727148056030275 44960
1675965097417 0.08344764709472656 45000
1675965097872 0.0757823646068573 45040
1675965098763 0.059240865707397464 45080
1675965099449 0.0699923038482666 45120
1675965100051 0.04597644507884979 45160
1675965100698 0.05098969936370849 45200
1675965101308 0.05352959632873535 45240
1675965101817 0.06487258672714233 45280
1675965102404 0.07199720740318298 45320
1675965102988 0.0726313591003418 45360
1675965103585 0.04711772203445434 45400
1675965104216 0.08746026754379273 45440
1675965104723 0.04532891511917114 45480
1675965105219 0.06603346467018127 45520
1675965105818 0.09102880358695983 45560
1675965106356 0.04964026510715484 45600
1675965106909 0.05869878530502319 45640
1675965107501 0.0684111773967743 45680
1675965108095 0.05439064502716064 45720
1675965108730 0.07851402759552002 45760
1675965109301 0.056572699546813966 45800
1675965109852 0.05256255865097046 45840
1675965110493 0.06641414165496826 45880
1675965111113 0.055554383993148805 45920
1675965111817 0.05450842976570129 45960
1675965112400 0.08490544557571411 46000
1675965113429 0.0573138952255249 46040
1675965114035 0.07060391902923584 46080
1675965114636 0.07476222515106201 46120
1675965115281 0.08408651351928711 46160
1675965115893 0.07515456676483154 46200
1675965116460 0.057901394367218015 46240
1675965117018 0.05859495997428894 46280
1675965117608 0.05751153826713562 46320
1675965118184 0.04812765419483185 46360
1675965118800 0.0732246220111847 46400
1675965119353 0.04589530527591705 46440
1675965119968 0.05841667652130127 46480
1675965120581 0.08295428156852722 46520
1675965121150 0.07174117565155029 46560
1675965121708 0.05812140703201294 46600
1675965122291 0.07557909488677979 46640
1675965122846 0.064510977268219 46680
1675965123368 0.05555728077888489 46720
1675965124016 0.06422442197799683 46760
1675965124551 0.06941736936569214 46800
1675965125104 0.06439387798309326 46840
1675965125708 0.06232662200927734 46880
1675965126376 0.07306999564170838 46920
1675965126912 0.05549789071083069 46960
1675965127472 0.060128521919250486 47000
1675965128575 0.062420773506164554 47040
1675965129434 0.04839510023593903 47080
1675965130055 0.05853368043899536 47120
1675965130697 0.06351350545883179 47160
1675965131308 0.05485117435455322 47200
1675965131898 0.0655946135520935 47240
1675965132431 0.04363763928413391 47280
1675965132969 0.056024175882339475 47320
1675965133550 0.0656299889087677 47360
1675965134179 0.0543708324432373 47400
1675965134753 0.06246897578239441 47440
1675965135433 0.06456072330474853 47480
1675965136032 0.06045384407043457 47520
1675965136606 0.043023526668548584 47560
1675965137197 0.06994397640228271 47600
1675965137715 0.050808727741241455 47640
1675965138453 0.050103777647018434 47680
1675965139078 0.05763437151908875 47720
1675965139700 0.06333749890327453 47760
1675965140379 0.08216986060142517 47800
1675965140998 0.05566065311431885 47840
1675965141619 0.05975315570831299 47880
1675965142220 0.06085759997367859 47920
1675965143092 0.05595463514328003 47960
1675965144032 0.0488209992647171 48000
1675965144595 0.04237848520278931 48040
1675965145228 0.06039445996284485 48080
1675965145850 0.05580843687057495 48120
1675965146420 0.06633071303367614 48160
1675965147017 0.06661635041236877 48200
1675965147673 0.08210546970367431 48240
1675965148275 0.06791886687278748 48280
1675965149002 0.057582759857177736 48320
1675965149523 0.043808040022850034 48360
1675965150117 0.04453334510326386 48400
1675965150759 0.06591295003890991 48440
1675965151331 0.0557405948638916 48480
1675965151904 0.05709471702575684 48520
1675965152492 0.05079628229141235 48560
1675965153066 0.04889167845249176 48600
1675965153750 0.04619764983654022 48640
1675965154722 0.048452600836753845 48680
1675965155561 0.05660913586616516 48720
1675965156218 0.043797290325164794 48760
1675965157011 0.059598928689956664 48800
1675965158068 0.06097524166107178 48840
1675965159302 0.04319055080413818 48880
1675965159883 0.04604816734790802 48920
1675965160469 0.06368626952171326 48960
1675965161029 0.05724858641624451 49000
1675965161627 0.06553463935852051 49040
1675965162180 0.060032880306243895 49080
1675965162782 0.05302256941795349 49120
1675965163370 0.05555456280708313 49160
1675965163948 0.0649622142314911 49200
1675965164498 0.052111577987670896 49240
1675965165088 0.08181723356246948 49280
1675965165626 0.07672455310821533 49320
1675965166244 0.057247376441955565 49360
1675965166869 0.05936560034751892 49400
1675965167424 0.04862636923789978 49440
1675965167960 0.048948997259140016 49480
1675965168545 0.06095924973487854 49520
1675965169203 0.04407021701335907 49560
1675965169807 0.06923453807830811 49600
1675965170495 0.0630071222782135 49640
1675965171035 0.060547816753387454 49680
1675965171612 0.05620632171630859 49720
1675965172188 0.06414445042610169 49760
1675965172846 0.05810616016387939 49800
1675965174015 0.04369796514511108 49840
1675965174673 0.057326596975326535 49880
1675965175209 0.04364328980445862 49920
1675965175804 0.06592661142349243 49960
1675965176421 0.0624478280544281 50000
1675965177020 0.05308986902236938 50040
1675965177629 0.07605964541435242 50080
1675965178194 0.059043920040130614 50120
1675965178801 0.063158518075943 50160
1675965179399 0.09586498737335206 50200
