1675513356518 0.7303242087364197 0
1675513356633 0.7182310819625854 0
1675513356740 0.7069249153137207 0
1675513356863 0.6952626705169678 0
1675513357009 0.6845837831497192 0
1675513357141 0.6759768724441528 0
1675513357265 0.6668000221252441 0
1675513357371 0.656360924243927 0
1675513357477 0.6488295197486877 0
1675513357605 0.6389045119285583 0
1675513357713 0.6354696750640869 0
1675513357849 0.6260448098182678 0
1675513357988 0.6197783946990967 0
1675513358147 0.6125404238700867 0
1675513358301 0.6041629314422607 0
1675513358429 0.602726399898529 0
1675513358553 0.6000373959541321 0
1675513358654 0.5951865911483765 0
1675513358767 0.5872061252593994 0
1675513358876 0.5870052576065063 0
1675513358975 0.58370441198349 0
1675513359091 0.5789237022399902 0
1675513359190 0.577333390712738 0
1675513359336 0.5672597885131836 0
1675513359447 0.5682264566421509 0
1675513359586 0.5622721910476685 0
1675513359708 0.5621414184570312 0
1675513359826 0.5613285899162292 0
1675513359960 0.5530559420585632 0
1675513360106 0.5532079339027405 0
1675513360214 0.5515668988227844 0
1675513360330 0.5474421381950378 0
1675513360462 0.5457891225814819 0
1675513360589 0.5432226657867432 0
1675513360703 0.5444552898406982 0
1675513360833 0.5376838445663452 0
1675513360926 0.5408334732055664 0
1675513361054 0.5362217426300049 0
1675513361179 0.5323091149330139 0
1675513361277 0.5354706645011902 0
1675513361409 0.5324384570121765 0
1675513361545 0.5301559567451477 0
1675513361649 0.5292600393295288 0
1675513361775 0.5265803337097168 0
1675513361902 0.5261865854263306 0
1675513362017 0.5256230235099792 0
1675513362140 0.5221811532974243 0
1675513362243 0.5242502689361572 0
1675513362348 0.5214399695396423 0
1675513362478 0.5198648571968079 0
1675513362608 0.51878821849823 0
1675513362726 0.5169583559036255 0
1675513362831 0.5191686153411865 0
1675513362952 0.5169757604598999 0
1675513363056 0.5173020362854004 0
1675513363189 0.5117184519767761 0
1675513363341 0.5110005140304565 0
1675513363446 0.5158675312995911 0
1675513363598 0.5098738670349121 0
1675513363702 0.516403079032898 0
1675513363801 0.5165344476699829 0
1675513363917 0.5124359130859375 0
1675513364034 0.5097742080688477 0
1675513364155 0.5079487562179565 0
1675513364319 0.5044537782669067 0
1675513364443 0.505153477191925 0
1675513364587 0.5044604539871216 0
1675513364730 0.5053004026412964 0
1675513364846 0.5044211745262146 0
1675513364961 0.504349946975708 0
1675513365079 0.5068191289901733 0
1675513365240 0.4974055886268616 0
1675513365356 0.5024287700653076 0
1675513365460 0.5028839707374573 0
1675513365585 0.4990991950035095 0
1675513365716 0.4990973174571991 0
1675513365835 0.5010133385658264 0
1675513365952 0.502170205116272 0
1675513366069 0.5011917352676392 0
1675513366196 0.4981440305709839 0
1675513366331 0.49154892563819885 0
1675513366473 0.49772295355796814 0
1675513366593 0.4987828731536865 0
1675513366695 0.5008248090744019 0
1675513366826 0.49872303009033203 0
1675513366973 0.49438217282295227 0
1675513367078 0.49968835711479187 0
1675513367216 0.49321818351745605 0
1675513367345 0.4929352104663849 0
1675513367480 0.495462566614151 0
1675513367585 0.4969833791255951 0
1675513367702 0.4967252314090729 0
1675513367810 0.4974227845668793 0
1675513367951 0.49149012565612793 0
1675513368051 0.4963715076446533 0
1675513368162 0.49627164006233215 0
1675513368310 0.4881149232387543 0
1675513368428 0.4918173551559448 0
1675513368539 0.49245724081993103 0
1675513368655 0.49426156282424927 0
1675513368794 0.4894159734249115 0
1675513368911 0.4903320074081421 0
1675513369019 0.4933048188686371 0
1675513369168 0.48956233263015747 0
1675513369277 0.4920031428337097 0
1675513369406 0.4871276617050171 0
1675513369529 0.4906891882419586 0
1675513369685 0.48866456747055054 0
1675513369796 0.4908704459667206 0
1675513369929 0.4886866509914398 0
1675513370038 0.4919816255569458 0
1675513370229 0.47772571444511414 0
1675513370343 0.48951390385627747 0
1675513370474 0.48505786061286926 0
1675513370570 0.4916532337665558 0
1675513370705 0.4847610890865326 0
1675513370835 0.4833713173866272 0
1675513370941 0.4876033067703247 0
1675513371069 0.4844288229942322 0
1675513371229 0.4825519919395447 0
1675513371360 0.4866180717945099 0
1675513371467 0.48861679434776306 0
1675513371600 0.4824175238609314 0
1675513371710 0.4890453815460205 0
1675513371858 0.48263129591941833 0
1675513371961 0.4901660084724426 0
1675513372097 0.4832731783390045 0
1675513372249 0.4804088771343231 0
1675513372389 0.4804251492023468 0
1675513372511 0.48425790667533875 0
1675513372629 0.48312726616859436 0
1675513372750 0.4836048483848572 0
1675513372874 0.4827258586883545 0
1675513372988 0.48209506273269653 0
1675513373107 0.48353341221809387 0
1675513373237 0.48245444893836975 0
1675513373358 0.4840751886367798 0
1675513373474 0.4821752905845642 0
1675513373619 0.4770219922065735 0
1675513373745 0.4828699827194214 0
1675513373860 0.4823288023471832 0
1675513373974 0.4837855398654938 0
1675513374081 0.4837612807750702 0
1675513374203 0.4806494116783142 0
1675513374319 0.481374055147171 0
1675513374448 0.48040851950645447 0
1675513374569 0.47959432005882263 0
1675513374681 0.48202893137931824 0
1675513374812 0.48114532232284546 0
1675513374918 0.48161035776138306 0
1675513375036 0.47930851578712463 0
1675513375159 0.479938805103302 0
1675513375295 0.4764156639575958 0
1675513375413 0.47871720790863037 0
1675513375511 0.4864438772201538 0
1675513375618 0.4823560118675232 0
1675513375735 0.48173266649246216 0
