1675605092641 0.5953853726387024 0
1675605092898 0.5754157304763794 0
1675605093178 0.554341733455658 0
1675605093489 0.5326030850410461 0
1675605093797 0.5144732594490051 0
1675605094082 0.4957429766654968 0
1675605094348 0.4798334240913391 0
1675605094649 0.46225446462631226 0
1675605094914 0.4494943916797638 0
1675605095187 0.43762272596359253 0
1675605095453 0.42625850439071655 0
1675605095751 0.41485393047332764 0
1675605096057 0.4063587784767151 0
1675605096331 0.3987339437007904 0
1675605096600 0.39155900478363037 0
1675605096873 0.3833577036857605 0
1675605097135 0.3791441321372986 0
1675605097436 0.37112322449684143 0
1675605097758 0.36570823192596436 0
1675605098022 0.3636036515235901 0
1675605098289 0.35891807079315186 0
1675605098561 0.3549846112728119 0
1675605098837 0.3504221737384796 0
1675605099095 0.34841883182525635 0
1675605099362 0.34428876638412476 0
1675605099662 0.3393636643886566 0
1675605099945 0.33751654624938965 0
1675605100242 0.3334488868713379 0
1675605100496 0.3333088159561157 0
1675605100767 0.32908549904823303 0
1675605101040 0.3272007703781128 0
1675605101316 0.32435524463653564 0
1675605101605 0.3216277062892914 0
1675605101900 0.31941306591033936 0
1675605102198 0.31735819578170776 0
1675605102487 0.31720125675201416 0
1675605102757 0.3158252239227295 0
1675605103073 0.311896950006485 0
1675605103373 0.31263628602027893 0
1675605103679 0.3097933232784271 0
1675605103955 0.3103765845298767 0
1675605104250 0.3076718747615814 0
1675605104523 0.30798056721687317 0
1675605104799 0.30623236298561096 0
1675605105041 0.30815258622169495 0
1675605105310 0.3045670986175537 0
1675605105602 0.3030026853084564 0
1675605105879 0.30113479495048523 0
1675605106194 0.29934051632881165 0
1675605106472 0.3000883460044861 0
1675605106781 0.29754209518432617 0
1675605107055 0.29780206084251404 0
1675605107353 0.29609784483909607 0
1675605107627 0.29649949073791504 0
1675605107907 0.2958154082298279 0
1675605108183 0.29492127895355225 0
1675605108458 0.2945501506328583 0
1675605108747 0.2924482822418213 0
1675605109052 0.29135289788246155 0
1675605109335 0.29185983538627625 0
1675605109613 0.29095208644866943 0
1675605109946 0.2872451841831207 0
1675605110231 0.28993329405784607 0
1675605110509 0.2897065579891205 0
1675605110816 0.28725534677505493 0
1675605111113 0.2873517572879791 0
1675605111365 0.28903695940971375 0
1675605111670 0.28589922189712524 0
1675605111936 0.2879253029823303 0
1675605112223 0.28614333271980286 0
1675605112475 0.2876877784729004 0
1675605112763 0.284636527299881 0
1675605113060 0.2836900055408478 0
1675605113325 0.2855694591999054 0
1675605113605 0.28380370140075684 0
1675605113885 0.2842991352081299 0
1675605114173 0.2833189070224762 0
1675605114449 0.28314995765686035 0
1675605114721 0.28314828872680664 0
1675605115033 0.2801516056060791 0
1675605115325 0.2810683250427246 0
1675605115599 0.28207480907440186 0
1675605115847 0.2821655869483948 0
1675605116137 0.27905410528182983 0
1675605116391 0.2808825671672821 0
1675605116687 0.28052982687950134 0
1675605116942 0.27917778491973877 0
1675605117226 0.2790871560573578 0
1675605117484 0.27908042073249817 0
1675605117763 0.2782333791255951 0
1675605118008 0.2798765003681183 0
1675605118287 0.2772337794303894 0
1675605118552 0.2770460546016693 0
1675605118832 0.27476850152015686 0
1675605119116 0.27542832493782043 0
1675605119424 0.2731999158859253 0
1675605119702 0.27568763494491577 0
1675605119979 0.27477383613586426 0
1675605120236 0.27625879645347595 0
1675605120515 0.2742479741573334 0
1675605120789 0.272337943315506 0
1675605121057 0.2744603455066681 0
1675605121336 0.27260005474090576 0
1675605121638 0.2711776793003082 0
1675605121919 0.27309906482696533 0
1675605122221 0.271161288022995 0
1675605122515 0.27034687995910645 0
1675605122815 0.2705654501914978 0
1675605123110 0.27030107378959656 0
1675605123401 0.27099287509918213 0
1675605123685 0.2711111009120941 0
1675605123955 0.27194464206695557 0
1675605124256 0.2683805823326111 0
1675605124556 0.2691265046596527 0
1675605124819 0.2706708610057831 0
1675605125094 0.2712691128253937 0
1675605125410 0.26765507459640503 0
1675605125681 0.2706605792045593 0
1675605125977 0.26878243684768677 0
1675605126249 0.27034008502960205 0
1675605126552 0.26819995045661926 0
1675605126858 0.2675565779209137 0
1675605127133 0.2690548598766327 0
1675605127418 0.26905393600463867 0
1675605127710 0.2684943675994873 0
1675605127973 0.2696821689605713 0
1675605128273 0.26800158619880676 0
1675605128561 0.26794004440307617 0
1675605128832 0.26878851652145386 0
1675605129117 0.2674471437931061 0
1675605129418 0.26494520902633667 0
1675605129732 0.26468682289123535 0
1675605129995 0.26874786615371704 0
1675605130270 0.2674576938152313 0
1675605130539 0.2680636942386627 0
1675605130800 0.26880383491516113 0
1675605131087 0.26606833934783936 0
1675605131377 0.2655905783176422 0
1675605131658 0.2665078938007355 0
1675605131973 0.26524925231933594 0
1675605132237 0.26745089888572693 0
1675605132528 0.2650526463985443 0
1675605132799 0.2663212716579437 0
1675605133118 0.26370060443878174 0
1675605133392 0.2657376825809479 0
1675605133677 0.2655384838581085 0
1675605133962 0.26630276441574097 0
1675605134249 0.2649427652359009 0
1675605134572 0.26191282272338867 0
1675605134866 0.26388314366340637 0
1675605135122 0.2675027549266815 0
1675605135408 0.264338880777359 0
1675605135713 0.2640414237976074 0
1675605136030 0.2629644572734833 0
1675605136313 0.2646510899066925 0
1675605136627 0.2617475390434265 0
1675605136915 0.26297643780708313 0
1675605138880 0.2623375952243805 0
1675605139156 0.26451948285102844 0
1675605139465 0.26158425211906433 0
1675605139753 0.26253625750541687 0
1675605140020 0.2647041976451874 0
1675605140296 0.26384007930755615 0
1675605140583 0.2625358998775482 0
1675605140894 0.26208391785621643 0
1675605141172 0.26383960247039795 0
1675605141465 0.26250308752059937 0
1675605141718 0.26551249623298645 0
1675605141980 0.26443713903427124 0
1675605142262 0.261481374502182 0
1675605142517 0.26426219940185547 0
1675605142825 0.2598910927772522 0
1675605143133 0.2609291076660156 0
1675605143441 0.25838541984558105 0
1675605143709 0.2632182240486145 0
1675605143997 0.2608928680419922 0
1675605144269 0.26235005259513855 0
1675605144576 0.26049554347991943 0
1675605144889 0.2583824098110199 0
1675605145182 0.26088905334472656 0
1675605145479 0.25994253158569336 0
1675605145779 0.2599445581436157 0
1675605146049 0.26278287172317505 0
1675605146361 0.2594683766365051 0
1675605146656 0.2600249648094177 0
1675605146912 0.2623507082462311 0
1675605147184 0.2614716589450836 0
1675605147481 0.2590964734554291 0
1675605147756 0.2610718607902527 0
1675605148040 0.2607209086418152 0
1675605148314 0.26194071769714355 0
1675605148570 0.26289889216423035 0
1675605148881 0.2578184902667999 0
1675605149166 0.2597348093986511 0
1675605149450 0.2590785324573517 0
1675605149709 0.26062482595443726 0
1675605149983 0.25995582342147827 0
1675605150265 0.2613047659397125 0
1675605150523 0.2607482075691223 0
1675605150836 0.2571471035480499 0
1675605151133 0.2580333948135376 0
1675605151432 0.2589706778526306 0
1675605151715 0.2590993344783783 0
1675605152002 0.25831976532936096 0
1675605152302 0.2572731375694275 0
1675605152579 0.2593000829219818 0
1675605152874 0.2591439187526703 0
1675605153146 0.26049917936325073 0
1675605153438 0.25927919149398804 0
1675605153761 0.25646767020225525 0
1675605154053 0.25890353322029114 0
1675605154334 0.2593739926815033 0
1675605154636 0.258115291595459 0
1675605154902 0.2581642270088196 0
1675605155203 0.25782692432403564 0
1675605155484 0.2585158944129944 0
1675605155804 0.2588363587856293 0
1675605156082 0.260070264339447 0
1675605156391 0.25696641206741333 0
1675605156678 0.2591741681098938 0
1675605156957 0.25916194915771484 0
1675605157244 0.25914621353149414 0
1675605157540 0.25746428966522217 0
1675605157819 0.25863006711006165 0
1675605158097 0.25850871205329895 0
1675605158339 0.2601664960384369 0
1675605158610 0.25798460841178894 0
1675605158924 0.25643813610076904 0
1675605159223 0.2571505904197693 0
1675605159507 0.2577084004878998 0
1675605159801 0.2581999897956848 0
1675605160099 0.2581677734851837 0
1675605160394 0.2582986652851105 0
1675605160708 0.2560310959815979 0
1675605161019 0.2556605041027069 0
1675605161279 0.2604939043521881 0
1675605161598 0.25534766912460327 0
1675605161890 0.2574530839920044 0
1675605162192 0.25731730461120605 0
1675605162483 0.2570470869541168 0
1675605162780 0.2565213739871979 0
1675605163097 0.25526559352874756 0
1675605163365 0.25872528553009033 0
1675605163652 0.25732749700546265 0
1675605163925 0.2584999203681946 0
1675605164202 0.25787946581840515 0
1675605164490 0.25644657015800476 0
1675605164749 0.25824812054634094 0
1675605165014 0.25773850083351135 0
1675605165279 0.25796911120414734 0
1675605165626 0.25225523114204407 0
1675605165913 0.25632503628730774 0
1675605166195 0.25689712166786194 0
1675605166464 0.2570186257362366 0
1675605166722 0.25623729825019836 0
1675605167005 0.25677427649497986 0
1675605167281 0.2569589912891388 0
1675605167571 0.2551801800727844 0
1675605167833 0.25810107588768005 0
1675605168129 0.25586211681365967 0
1675605168389 0.2580470144748688 0
1675605168660 0.2565556466579437 0
1675605168917 0.25808852910995483 0
1675605169186 0.2569904029369354 0
1675605169482 0.2545751929283142 0
1675605169761 0.25592970848083496 0
1675605170047 0.2555471360683441 0
1675605170334 0.2547638416290283 0
1675605170582 0.25727149844169617 0
1675605170871 0.25530683994293213 0
1675605171173 0.2542169988155365 0
1675605171426 0.258114755153656 0
1675605171695 0.2560819387435913 0
1675605171976 0.255362868309021 0
1675605172287 0.25336000323295593 0
1675605172624 0.2509082555770874 0
1675605172912 0.253793329000473 0
1675605173211 0.2523914873600006 0
1675605173491 0.2545330226421356 0
1675605173772 0.25483694672584534 0
1675605174047 0.2550213038921356 0
1675605174338 0.2540626525878906 0
1675605174595 0.2568419873714447 0
1675605174896 0.25227856636047363 0
1675605175202 0.2520480751991272 0
1675605175500 0.2524608075618744 0
1675605175778 0.25472068786621094 0
1675605176049 0.25529944896698 0
1675605176361 0.25210097432136536 0
1675605176651 0.2536984980106354 0
1675605176941 0.2529873251914978 0
1675605177223 0.25368186831474304 0
1675605177485 0.2550141215324402 0
1675605177775 0.25262030959129333 0
1675605178086 0.2515355050563812 0
1675605178344 0.25344547629356384 0
1675605178636 0.25154513120651245 0
1675605178897 0.25552475452423096 0
1675605179151 0.25430721044540405 0
1675605179435 0.2532353103160858 0
1675605179685 0.25571295619010925 0
1675605179960 0.25363314151763916 0
1675605180268 0.2511178255081177 0
1675605180545 0.2531840205192566 0
1675605180839 0.2513854205608368 0
1675605181117 0.2521973252296448 0
1675605181396 0.25186243653297424 0
1675605181680 0.2519209682941437 0
1675605181989 0.24995779991149902 0
1675605182286 0.24999316036701202 0
1675605182557 0.25275716185569763 0
1675605182836 0.2517458200454712 0
1675605183114 0.2515592873096466 0
1675605183378 0.25259727239608765 0
1675605185331 0.24909818172454834 0
1675605185605 0.2517957389354706 0
1675605185907 0.2495243400335312 0
1675605186217 0.24848730862140656 0
1675605186523 0.24820055067539215 0
1675605186811 0.24983255565166473 0
1675605187094 0.24893327057361603 0
1675605187396 0.2481648027896881 0
1675605187703 0.2470984160900116 0
1675605187964 0.2511255741119385 0
1675605188231 0.25035151839256287 0
1675605188532 0.2475864440202713 0
1675605188812 0.24915175139904022 0
1675605189089 0.24940863251686096 0
1675605189359 0.249822735786438 0
1675605189629 0.24996303021907806 0
1675605189905 0.24844805896282196 0
1675605190189 0.24855701625347137 0
1675605190487 0.2467295080423355 0
1675605190748 0.24711747467517853 0
1675605191003 0.2500971853733063 0
1675605191270 0.24955739080905914 0
1675605191550 0.24827341735363007 0
1675605191820 0.2491244673728943 0
1675605192091 0.2481413185596466 0
1675605192359 0.2489977329969406 0
1675605192628 0.24960826337337494 0
1675605192913 0.24738654494285583 0
1675605193187 0.24838851392269135 0
1675605193469 0.24780544638633728 0
1675605193744 0.2473808228969574 0
1675605194027 0.2477734237909317 0
1675605194316 0.24742551147937775 0
1675605194606 0.24623553454875946 0
1675605194876 0.2486177682876587 0
1675605195150 0.24845294654369354 0
1675605195456 0.2454088032245636 0
1675605195745 0.24711833894252777 0
1675605196037 0.2469814568758011 0
1675605196323 0.24746359884738922 0
1675605196621 0.24665050208568573 0
1675605196907 0.24698488414287567 0
1675605197204 0.24713657796382904 0
1675605197485 0.2482127696275711 0
1675605197767 0.2485194057226181 0
1675605198045 0.24859027564525604 0
1675605198302 0.25009796023368835 0
1675605198587 0.24828577041625977 0
1675605198855 0.24744956195354462 0
1675605199161 0.24637070298194885 0
1675605199440 0.2489997297525406 0
1675605199735 0.24773994088172913 0
1675605200024 0.247624471783638 0
1675605200348 0.2445041835308075 0
1675605200642 0.24675466120243073 0
1675605200946 0.24652445316314697 0
1675605201188 0.24957609176635742 0
1675605201469 0.24645236134529114 0
1675605201715 0.2505479156970978 0
1675605202023 0.24558642506599426 0
1675605202324 0.246505469083786 0
1675605202599 0.24878089129924774 0
1675605202861 0.24974271655082703 0
1675605203143 0.2485644519329071 0
1675605203433 0.2465835064649582 0
1675605203705 0.24846690893173218 0
1675605203973 0.24907588958740234 0
1675605204277 0.2458982914686203 0
1675605204547 0.2491401880979538 0
1675605204783 0.252115398645401 0
1675605205056 0.24738818407058716 0
1675605205351 0.24495895206928253 0
1675605205599 0.2499019205570221 0
1675605205857 0.24698182940483093 0
1675605206095 0.25103679299354553 0
1675605206359 0.24817441403865814 0
1675605206622 0.24771523475646973 0
1675605206935 0.24465079605579376 0
1675605207180 0.24893106520175934 0
1675605207443 0.2480257749557495 0
1675605207730 0.24696318805217743 0
1675605208007 0.24677768349647522 0
1675605208304 0.24626468122005463 0
1675605208591 0.24663645029067993 0
1675605208884 0.24771109223365784 0
1675605209170 0.24697694182395935 0
1675605209439 0.24888677895069122 0
1675605209738 0.24632957577705383 0
1675605210008 0.24827389419078827 0
1675605210277 0.24896761775016785 0
1675605210538 0.25038862228393555 0
1675605210831 0.24628758430480957 0
1675605211125 0.2462373524904251 0
1675605211404 0.2487436980009079 0
1675605211659 0.2502780556678772 0
1675605211941 0.2481064349412918 0
1675605212204 0.24934439361095428 0
1675605212483 0.24746882915496826 0
1675605212760 0.24798092246055603 0
1675605213061 0.24608461558818817 0
1675605213326 0.24948732554912567 0
1675605213593 0.24919112026691437 0
1675605213890 0.24681821465492249 0
1675605214189 0.24595628678798676 0
1675605214453 0.24827472865581512 0
1675605214735 0.24815583229064941 0
1675605215024 0.24647879600524902 0
1675605215306 0.24781112372875214 0
1675605215584 0.24852041900157928 0
1675605215877 0.24703572690486908 0
1675605216181 0.2476259022951126 0
1675605216477 0.24766920506954193 0
1675605216762 0.24779462814331055 0
1675605217053 0.24678194522857666 0
1675605217320 0.24923262000083923 0
1675605217609 0.24667580425739288 0
1675605217921 0.2458544671535492 0
1675605218245 0.244170144200325 0
1675605218541 0.24702352285385132 0
1675605218856 0.24517938494682312 0
1675605219111 0.25049611926078796 0
1675605219399 0.2471214085817337 0
1675605219683 0.2469712346792221 0
1675605219953 0.24903297424316406 0
1675605220236 0.24757784605026245 0
1675605220559 0.24440836906433105 0
1675605220842 0.24767978489398956 0
1675605221126 0.24766211211681366 0
1675605221395 0.2484416514635086 0
1675605221659 0.249546080827713 0
1675605221919 0.24977876245975494 0
1675605222192 0.24839523434638977 0
1675605222476 0.24775554239749908 0
1675605222750 0.2495843470096588 0
1675605223036 0.24803462624549866 0
1675605223317 0.24833256006240845 0
1675605223595 0.24929256737232208 0
1675605223880 0.24794967472553253 0
1675605224186 0.24584680795669556 0
1675605224470 0.24792611598968506 0
1675605224765 0.24707669019699097 0
1675605225055 0.247824028134346 0
1675605225352 0.24669694900512695 0
1675605225627 0.24720348417758942 0
1675605225903 0.24875755608081818 0
1675605226205 0.24580107629299164 0
1675605226494 0.2471924126148224 0
1675605226762 0.2475990504026413 0
1675605227052 0.2469782829284668 0
1675605227391 0.24298880994319916 0
1675605227685 0.24677516520023346 0
1675605227971 0.2468252032995224 0
1675605228274 0.245915025472641 0
1675605228532 0.24774332344532013 0
1675605228823 0.24699948728084564 0
1675605229112 0.2474423050880432 0
1675605229374 0.2485511153936386 0
1675605231155 0.2490348368883133 0
1675605231449 0.24614199995994568 0
1675605231755 0.24532663822174072 0
1675605232026 0.24767549335956573 0
1675605232284 0.24899256229400635 0
1675605232541 0.24997113645076752 0
1675605232826 0.24752704799175262 0
1675605233103 0.24645110964775085 0
1675605233362 0.2484925091266632 0
1675605233647 0.2470022588968277 0
1675605233915 0.2486439347267151 0
1675605234223 0.24463823437690735 0
1675605234518 0.24612633883953094 0
1675605234798 0.24835947155952454 0
1675605235074 0.24846617877483368 0
1675605235386 0.2445206195116043 0
1675605235658 0.24926722049713135 0
1675605235899 0.24994613230228424 0
1675605236148 0.24815894663333893 0
1675605236411 0.24803151190280914 0
1675605236711 0.24454230070114136 0
1675605236978 0.24640695750713348 0
1675605237233 0.24857445061206818 0
1675605237554 0.24464097619056702 0
1675605237837 0.24609911441802979 0
1675605238090 0.2485242784023285 0
1675605238342 0.24918805062770844 0
1675605238614 0.24838140606880188 0
1675605238898 0.24616162478923798 0
1675605239163 0.24793271720409393 0
1675605239450 0.2451188713312149 0
1675605239747 0.24486371874809265 0
1675605240064 0.24398180842399597 0
1675605240333 0.2491493821144104 0
1675605240598 0.24884796142578125 0
1675605240876 0.24691016972064972 0
1675605241137 0.24760912358760834 0
1675605241383 0.2497008591890335 0
1675605241649 0.24877680838108063 0
1675605241893 0.24871203303337097 0
1675605242165 0.24533450603485107 0
1675605242429 0.24887444078922272 0
1675605242725 0.2461441606283188 0
1675605242993 0.2487352043390274 0
1675605243272 0.24788111448287964 0
1675605243540 0.24839021265506744 0
1675605243835 0.24606172740459442 0
1675605244131 0.24554497003555298 0
1675605244417 0.24679973721504211 0
1675605244701 0.24690888822078705 0
1675605244971 0.24864862859249115 0
1675605245255 0.2460445761680603 0
1675605245557 0.245631605386734 0
1675605245835 0.2472008764743805 0
1675605246146 0.24445253610610962 0
1675605246428 0.246619313955307 0
1675605246733 0.2451534867286682 0
1675605247033 0.24652700126171112 0
1675605247328 0.24644389748573303 0
1675605247583 0.2502668797969818 0
1675605247864 0.24707649648189545 0
1675605248171 0.24506060779094696 0
1675605248436 0.24896766245365143 0
1675605248730 0.24671611189842224 0
1675605249036 0.24509352445602417 0
1675605249294 0.25005635619163513 0
1675605249617 0.24443389475345612 0
1675605249898 0.24805550277233124 0
1675605250158 0.24953588843345642 0
1675605250439 0.2475464940071106 0
1675605250709 0.2477312982082367 0
1675605251013 0.2459867000579834 0
1675605251333 0.24504974484443665 0
1675605251635 0.24498148262500763 0
1675605251900 0.25009194016456604 0
1675605252178 0.247787207365036 0
1675605252465 0.2468220293521881 0
1675605252735 0.24873687326908112 0
1675605253009 0.24872657656669617 0
1675605253305 0.24704605340957642 0
1675605253604 0.24682871997356415 0
1675605253894 0.24696539342403412 0
1675605254194 0.24643062055110931 0
1675605254488 0.2477499097585678 0
1675605254783 0.24639646708965302 0
1675605255053 0.24840325117111206 0
1675605255342 0.24762970209121704 0
1675605255643 0.24476148188114166 0
1675605255926 0.24654337763786316 0
1675605256216 0.2469523400068283 0
1675605256489 0.2471925914287567 0
1675605256761 0.24762476980686188 0
1675605257035 0.24799591302871704 0
1675605257316 0.24870793521404266 0
1675605257596 0.24872685968875885 0
1675605257867 0.24683403968811035 0
1675605258120 0.24743704497814178 0
1675605258400 0.2460070252418518 0
1675605258671 0.24929220974445343 0
1675605258993 0.24451027810573578 0
1675605259241 0.24965016543865204 0
1675605259549 0.24586986005306244 0
1675605259803 0.24917182326316833 0
1675605260094 0.24713753163814545 0
1675605260370 0.24852915108203888 0
1675605260650 0.24783708155155182 0
1675605260940 0.24718423187732697 0
1675605261209 0.24928267300128937 0
1675605261495 0.2471926212310791 0
1675605261765 0.24875247478485107 0
1675605262063 0.24654610455036163 0
1675605262360 0.24594053626060486 0
1675605262618 0.24986715614795685 0
1675605262905 0.24697734415531158 0
1675605263209 0.24589429795742035 0
1675605263482 0.24919500946998596 0
1675605263753 0.24848595261573792 0
1675605264044 0.24649973213672638 0
1675605264320 0.24833370745182037 0
1675605264646 0.24461525678634644 0
1675605264940 0.24648861587047577 0
1675605265204 0.24882833659648895 0
1675605265454 0.25063851475715637 0
1675605265741 0.24703136086463928 0
1675605266063 0.2434500902891159 0
1675605266343 0.24773994088172913 0
1675605266598 0.2499241828918457 0
1675605266920 0.244268998503685 0
1675605267233 0.24402672052383423 0
1675605267482 0.25122666358947754 0
1675605267786 0.24598658084869385 0
1675605268077 0.24643392860889435 0
1675605268339 0.24967695772647858 0
1675605268626 0.2464161515235901 0
1675605268923 0.2454959899187088 0
1675605269218 0.24648235738277435 0
1675605269477 0.24876435101032257 0
1675605269716 0.250794380903244 0
1675605269980 0.24907945096492767 0
1675605270273 0.24668484926223755 0
1675605270533 0.2497180849313736 0
1675605270816 0.24749413132667542 0
1675605271072 0.24901841580867767 0
1675605271341 0.2485390454530716 0
1675605271634 0.24606607854366302 0
1675605271929 0.24691545963287354 0
1675605272201 0.2488551139831543 0
1675605272468 0.24918626248836517 0
1675605272754 0.2471008449792862 0
1675605273058 0.24507777392864227 0
1675605273311 0.2504085302352905 0
1675605273600 0.2467285841703415 0
1675605273897 0.24525772035121918 0
1675605274200 0.24681609869003296 0
1675605274491 0.24686163663864136 0
1675605274753 0.24910342693328857 0
1675605275035 0.2468780130147934 0
1675605276984 0.24776220321655273 0
1675605277302 0.24510809779167175 0
1675605277577 0.24817487597465515 0
1675605277877 0.2462826371192932 0
1675605278128 0.25061875581741333 0
1675605278390 0.2489410787820816 0
1675605278691 0.2452140599489212 0
1675605278973 0.24787379801273346 0
1675605279272 0.2460012435913086 0
1675605279553 0.24696952104568481 0
1675605279857 0.24520131945610046 0
1675605280129 0.24880459904670715 0
1675605280384 0.25004902482032776 0
1675605280651 0.24892406165599823 0
1675605280954 0.2458391934633255 0
1675605281246 0.2460019886493683 0
1675605281524 0.24777409434318542 0
1675605281791 0.24949389696121216 0
1675605282094 0.24550046026706696 0
1675605282365 0.24799224734306335 0
1675605282677 0.2442508190870285 0
1675605282966 0.24658600986003876 0
1675605283249 0.2468578964471817 0
1675605283516 0.24753913283348083 0
1675605283773 0.24833595752716064 0
1675605284060 0.2446463257074356 0
1675605284319 0.24731016159057617 0
1675605284632 0.24408772587776184 0
1675605284882 0.2478482872247696 0
1675605285184 0.24461591243743896 0
1675605285461 0.24806922674179077 0
1675605285730 0.2487162947654724 0
1675605286034 0.2459469437599182 0
1675605286331 0.24693506956100464 0
1675605286607 0.24813684821128845 0
1675605286895 0.24537469446659088 0
1675605287176 0.2474520057439804 0
1675605287472 0.24596601724624634 0
1675605287748 0.24754175543785095 0
1675605288043 0.246209055185318 0
1675605288309 0.24928005039691925 0
1675605288569 0.24796688556671143 0
1675605288839 0.2469269186258316 0
1675605289141 0.247510626912117 0
1675605289372 0.25011348724365234 0
1675605289671 0.2493644505739212 0
1675605289950 0.24561668932437897 0
1675605290232 0.246006578207016 0
1675605290510 0.24679847061634064 0
1675605290797 0.24745982885360718 0
1675605291127 0.24247412383556366 0
1675605291409 0.24675829708576202 0
1675605291659 0.2500946819782257 0
1675605291963 0.24461296200752258 0
1675605292268 0.24514926970005035 0
1675605292550 0.24831560254096985 0
1675605292852 0.2455803006887436 0
1675605293182 0.24355417490005493 0
1675605293525 0.244450181722641 0
1675605293813 0.24538809061050415 0
1675605294095 0.24678288400173187 0
1675605294375 0.24708689749240875 0
1675605294661 0.24600400030612946 0
1675605294921 0.24789248406887054 0
1675605295188 0.24756109714508057 0
1675605295456 0.24705006182193756 0
1675605295724 0.2454136610031128 0
1675605295969 0.2474975436925888 0
1675605296246 0.24772711098194122 0
1675605296485 0.24882735311985016 0
1675605296737 0.24757227301597595 0
1675605297004 0.24864019453525543 0
1675605297288 0.24697045981884003 0
1675605297569 0.2470124512910843 0
1675605297841 0.24777545034885406 0
1675605298124 0.2479064166545868 0
1675605298413 0.24681037664413452 0
1675605298681 0.2488948255777359 0
1675605298954 0.24919600784778595 0
1675605299216 0.249989852309227 0
1675605299516 0.24512825906276703 0
1675605299792 0.2483135312795639 0
1675605300071 0.24681515991687775 0
1675605300339 0.24767956137657166 0
1675605300624 0.24698203802108765 0
1675605300934 0.24617987871170044 0
1675605301201 0.24788782000541687 0
1675605301504 0.24582946300506592 0
1675605301784 0.24703793227672577 0
1675605302092 0.24651028215885162 0
1675605302326 0.25124427676200867 0
1675605302603 0.24794627726078033 0
1675605302881 0.24549566209316254 0
1675605303135 0.24917930364608765 0
1675605303416 0.2469196915626526 0
1675605303678 0.24719329178333282 0
1675605303970 0.24655529856681824 0
1675605304252 0.24863484501838684 0
1675605304540 0.24712398648262024 0
1675605304840 0.24532130360603333 0
1675605305105 0.24883271753787994 0
1675605305428 0.24469096958637238 0
1675605305704 0.24807237088680267 0
1675605306004 0.24603605270385742 0
1675605306292 0.24523381888866425 0
1675605306558 0.24857118725776672 0
1675605306883 0.24369873106479645 0
1675605307155 0.248421773314476 0
1675605307447 0.2472187578678131 0
1675605307709 0.24939236044883728 0
1675605307991 0.24602550268173218 0
1675605308245 0.24853457510471344 0
1675605308515 0.24630406498908997 0
1675605308777 0.24804264307022095 0
1675605309056 0.24619083106517792 0
1675605309321 0.2491755336523056 0
1675605309642 0.24500377476215363 0
1675605309969 0.2426341325044632 0
1675605310251 0.24777749180793762 0
1675605310536 0.24688531458377838 0
1675605310828 0.24638701975345612 0
1675605311116 0.24664035439491272 0
1675605311376 0.24685296416282654 0
1675605311590 0.24922317266464233 0
1675605311815 0.2473198026418686 0
1675605312048 0.24757146835327148 0
1675605312268 0.24792657792568207 0
1675605312516 0.24691720306873322 0
1675605312745 0.24774514138698578 0
1675605312982 0.24470487236976624 0
1675605313203 0.24955931305885315 0
1675605313453 0.24835215508937836 0
1675605313685 0.24659031629562378 0
1675605313928 0.24851569533348083 0
1675605314187 0.24521540105342865 0
1675605314427 0.24777962267398834 0
1675605314669 0.24723370373249054 0
1675605314930 0.24777492880821228 0
1675605315189 0.24800288677215576 0
1675605315469 0.24611607193946838 0
1675605315719 0.2480882853269577 0
1675605315953 0.2469748854637146 0
1675605316199 0.24796247482299805 0
1675605316461 0.24677132070064545 0
1675605316706 0.246666818857193 0
1675605316944 0.24650998413562775 0
1675605317192 0.24627141654491425 0
1675605317426 0.24773111939430237 0
1675605317656 0.24690327048301697 0
1675605317878 0.2484854906797409 0
1675605318121 0.24558161199092865 0
1675605318371 0.2454197108745575 0
1675605318618 0.24590282142162323 0
1675605318853 0.24749229848384857 0
1675605319046 0.25127872824668884 0
1675605319295 0.24586419761180878 0
1675605319554 0.24702873826026917 0
