1675604792682 0.6239920854568481 0
1675604792957 0.5989394187927246 0
1675604793240 0.5795446634292603 0
1675604793518 0.5623747706413269 0
1675604793777 0.5488837361335754 0
1675604794027 0.5323489308357239 0
1675604794297 0.5166452527046204 0
1675604794593 0.5041337013244629 0
1675604794867 0.49448466300964355 0
1675604795125 0.4849984645843506 0
1675604795396 0.47408658266067505 0
1675604795712 0.4608832001686096 0
1675604795993 0.4577253758907318 0
1675604796282 0.4492048919200897 0
1675604796523 0.4469680190086365 0
1675604796790 0.43615904450416565 0
1675604797054 0.4317777156829834 0
1675604797295 0.4268437623977661 0
1675604797586 0.4187376797199249 0
1675604797856 0.4152860939502716 0
1675604798122 0.41081884503364563 0
1675604798436 0.40405964851379395 0
1675604798690 0.40442779660224915 0
1675604798969 0.399895578622818 0
1675604799240 0.39798253774642944 0
1675604799548 0.3927083909511566 0
1675604799833 0.39279061555862427 0
1675604800100 0.3914342522621155 0
1675604800428 0.38646331429481506 0
1675604800710 0.3868260979652405 0
1675604800976 0.38413605093955994 0
1675604801230 0.38434934616088867 0
1675604801499 0.3804387152194977 0
1675604801789 0.3772258162498474 0
1675604802095 0.37485238909721375 0
1675604802405 0.37114471197128296 0
1675604802667 0.3731078505516052 0
1675604802977 0.36969348788261414 0
1675604803291 0.36852478981018066 0
1675604803577 0.3690665066242218 0
1675604803880 0.3656623363494873 0
1675604804162 0.3658252954483032 0
1675604804451 0.36456558108329773 0
1675604804752 0.36164379119873047 0
1675604805008 0.36511939764022827 0
1675604805297 0.36071279644966125 0
1675604805551 0.3618032932281494 0
1675604805795 0.36101362109184265 0
1675604806046 0.36052295565605164 0
1675604806319 0.35729849338531494 0
1675604806579 0.35806936025619507 0
1675604806868 0.3539348244667053 0
1675604807142 0.35486501455307007 0
1675604807416 0.35418638586997986 0
1675604807689 0.351561576128006 0
1675604808013 0.3497549891471863 0
1675604808319 0.3476301431655884 0
1675604808583 0.3513715863227844 0
1675604808826 0.3528572916984558 0
1675604809098 0.34885475039482117 0
1675604809378 0.3485422432422638 0
1675604809666 0.3468482494354248 0
1675604809932 0.3478710949420929 0
1675604810216 0.34534841775894165 0
1675604810527 0.34212231636047363 0
1675604810826 0.3430372178554535 0
1675604811108 0.34326502680778503 0
1675604811388 0.34448590874671936 0
1675604811662 0.34407690167427063 0
1675604811921 0.342453271150589 0
1675604812181 0.34178274869918823 0
1675604812424 0.3431088924407959 0
1675604812709 0.33792129158973694 0
1675604813009 0.336963951587677 0
1675604813323 0.3356884717941284 0
1675604813612 0.33746057748794556 0
1675604813867 0.34116804599761963 0
1675604814186 0.3337148129940033 0
1675604814434 0.3406153619289398 0
1675604814732 0.33442333340644836 0
1675604815012 0.33434054255485535 0
1675604815280 0.3354978859424591 0
1675604815539 0.3369547128677368 0
1675604815821 0.3359620273113251 0
1675604816084 0.33331337571144104 0
1675604816385 0.33110126852989197 0
1675604816662 0.33427461981773376 0
1675604816953 0.33256474137306213 0
1675604817202 0.3352077305316925 0
1675604817480 0.33380812406539917 0
1675604817750 0.33115291595458984 0
1675604818041 0.33002158999443054 0
1675604818328 0.33076947927474976 0
1675604818581 0.3338347375392914 0
1675604818908 0.3262515068054199 0
1675604819235 0.32436928153038025 0
1675604819514 0.3288349509239197 0
1675604819828 0.32485097646713257 0
1675604820133 0.32563015818595886 0
1675604820399 0.3293699324131012 0
1675604820674 0.32888779044151306 0
1675604820951 0.32843074202537537 0
1675604821282 0.32355085015296936 0
1675604821572 0.32555878162384033 0
1675604821833 0.3293323814868927 0
1675604822103 0.32775044441223145 0
1675604822428 0.321698397397995 0
1675604822726 0.32317259907722473 0
1675604823020 0.3253561854362488 0
1675604823304 0.32460933923721313 0
1675604823591 0.3238479197025299 0
1675604823851 0.3271602988243103 0
1675604824159 0.3225477933883667 0
1675604824458 0.320586621761322 0
1675604824743 0.321331650018692 0
1675604824973 0.3282862901687622 0
1675604825223 0.32553496956825256 0
1675604825498 0.3247152268886566 0
1675604825868 0.3221903145313263 0
1675604826126 0.3249773681163788 0
1675604826374 0.324331670999527 0
1675604826650 0.3228476643562317 0
1675604826915 0.3232291340827942 0
1675604827227 0.3209558129310608 0
1675604827526 0.3202308118343353 0
1675604827781 0.3233849108219147 0
1675604828085 0.31918615102767944 0
1675604828324 0.324920654296875 0
1675604828605 0.3200899362564087 0
1675604828875 0.3203660249710083 0
1675604829164 0.3194863498210907 0
1675604829434 0.3217751681804657 0
1675604829710 0.32142600417137146 0
1675604829983 0.3206714987754822 0
1675604830273 0.3180893063545227 0
1675604830549 0.32013964653015137 0
1675604830849 0.3169577717781067 0
1675604831146 0.31726324558258057 0
1675604831422 0.31964054703712463 0
1675604831735 0.3152642548084259 0
1675604832052 0.31568804383277893 0
1675604832373 0.3151451349258423 0
1675604832649 0.320524662733078 0
1675604832953 0.3139098286628723 0
1675604833220 0.3161836266517639 0
1675604833476 0.32141944766044617 0
1675604833755 0.3194454610347748 0
1675604834033 0.31902608275413513 0
1675604834318 0.3178948163986206 0
1675604834643 0.3101314902305603 0
1675604834916 0.31629249453544617 0
1675604835201 0.31744563579559326 0
1675604835474 0.31772366166114807 0
1675604835745 0.31963226199150085 0
1675604836013 0.3182200789451599 0
1675604836270 0.3184114098548889 0
1675604836571 0.31479331851005554 0
1675604838513 0.3143976926803589 0
1675604838798 0.3164691925048828 0
1675604839086 0.31763312220573425 0
1675604839373 0.31746599078178406 0
1675604839645 0.31862807273864746 0
1675604839949 0.3147434890270233 0
1675604840232 0.31767693161964417 0
1675604840535 0.31532567739486694 0
1675604840839 0.31496891379356384 0
1675604841135 0.31471431255340576 0
1675604841429 0.3154336214065552 0
1675604841709 0.3168907165527344 0
1675604842025 0.3128632605075836 0
1675604842318 0.31507542729377747 0
1675604842587 0.3190814256668091 0
1675604842873 0.31703367829322815 0
1675604843150 0.3162454664707184 0
1675604843435 0.31624630093574524 0
1675604843730 0.3150068521499634 0
1675604844026 0.3164157271385193 0
1675604844311 0.3168276846408844 0
1675604844604 0.316146582365036 0
1675604844914 0.31495267152786255 0
1675604845202 0.3161160945892334 0
1675604845492 0.31585973501205444 0
1675604845763 0.3183768093585968 0
1675604846023 0.31754010915756226 0
1675604846288 0.31907737255096436 0
1675604846563 0.31784746050834656 0
1675604846824 0.3198513388633728 0
1675604847152 0.31167253851890564 0
1675604847442 0.3152737319469452 0
1675604847719 0.31669101119041443 0
1675604848003 0.3158157467842102 0
1675604848263 0.3190276026725769 0
1675604848561 0.313509464263916 0
1675604848854 0.31430938839912415 0
1675604849129 0.31711065769195557 0
1675604849417 0.3165067136287689 0
1675604849715 0.3144488036632538 0
1675604849997 0.31615179777145386 0
1675604850279 0.3164857029914856 0
1675604850553 0.3181631565093994 0
1675604850871 0.3128765821456909 0
1675604851149 0.3179614543914795 0
1675604851439 0.31620851159095764 0
1675604851712 0.3179848790168762 0
1675604852011 0.3144773542881012 0
1675604852302 0.3156336843967438 0
1675604852577 0.3185751736164093 0
1675604852871 0.31596559286117554 0
1675604853155 0.31791698932647705 0
1675604853457 0.3150244951248169 0
1675604853742 0.3164985775947571 0
1675604853993 0.3183099031448364 0
1675604854282 0.31687286496162415 0
1675604854564 0.3164195418357849 0
1675604854827 0.3162083029747009 0
1675604855106 0.31477874517440796 0
1675604855424 0.31381940841674805 0
1675604855714 0.316576212644577 0
1675604856003 0.3166675865650177 0
1675604856288 0.31565481424331665 0
1675604856575 0.31550461053848267 0
1675604856872 0.3144311010837555 0
1675604857226 0.30640697479248047 0
1675604857515 0.31551939249038696 0
1675604857785 0.3174321949481964 0
1675604858077 0.3147844672203064 0
1675604858351 0.31725871562957764 0
1675604858646 0.3139577805995941 0
1675604858931 0.3159591257572174 0
1675604859198 0.31804990768432617 0
1675604859525 0.31151095032691956 0
1675604859805 0.3161531686782837 0
1675604860104 0.3148859143257141 0
1675604860400 0.3147638738155365 0
1675604860681 0.3166872560977936 0
1675604860980 0.3143293857574463 0
1675604861240 0.31920379400253296 0
1675604861494 0.3179408013820648 0
1675604861815 0.3114144802093506 0
1675604862117 0.3130027949810028 0
1675604862383 0.31740039587020874 0
1675604862655 0.3187926411628723 0
1675604862939 0.31602364778518677 0
1675604863212 0.31771862506866455 0
1675604863487 0.31644073128700256 0
1675604863792 0.3134520649909973 0
1675604864057 0.31806305050849915 0
1675604864342 0.31574469804763794 0
1675604864638 0.31386592984199524 0
1675604864880 0.3193396329879761 0
1675604865124 0.31735488772392273 0
1675604865397 0.31825292110443115 0
1675604865717 0.31180423498153687 0
1675604865978 0.3185376822948456 0
1675604866257 0.316023051738739 0
1675604866542 0.3156651258468628 0
1675604866838 0.3139464259147644 0
1675604867110 0.31695103645324707 0
1675604867417 0.31259340047836304 0
1675604867674 0.31904032826423645 0
1675604867962 0.31489962339401245 0
1675604868239 0.3164415955543518 0
1675604868528 0.31502965092658997 0
1675604868847 0.31153571605682373 0
1675604869136 0.31491151452064514 0
1675604869463 0.3101833760738373 0
1675604869768 0.31515875458717346 0
1675604870040 0.31753116846084595 0
1675604870356 0.312389999628067 0
1675604870658 0.31444329023361206 0
1675604870952 0.31472790241241455 0
1675604871246 0.31462857127189636 0
1675604871536 0.31449803709983826 0
1675604871836 0.3136798143386841 0
1675604872143 0.3123292326927185 0
1675604872417 0.31642526388168335 0
1675604872697 0.3163530230522156 0
1675604872969 0.3176226317882538 0
1675604873267 0.31344345211982727 0
1675604873566 0.31421101093292236 0
1675604873867 0.3150666356086731 0
1675604874136 0.3171752989292145 0
1675604874421 0.31433579325675964 0
1675604874718 0.3139517605304718 0
1675604875004 0.3150523900985718 0
1675604875285 0.31562691926956177 0
1675604875594 0.3139871656894684 0
1675604875888 0.31491151452064514 0
1675604876191 0.3132482171058655 0
1675604876473 0.31520429253578186 0
1675604876774 0.3129158914089203 0
1675604877047 0.31590133905410767 0
1675604877331 0.3154696524143219 0
1675604877614 0.3152213990688324 0
1675604877945 0.31029844284057617 0
1675604878244 0.31412237882614136 0
1675604878525 0.31527993083000183 0
1675604878837 0.31146758794784546 0
1675604879118 0.3158310055732727 0
1675604879427 0.3131014108657837 0
1675604879704 0.3167726397514343 0
1675604880007 0.3136899471282959 0
1675604880295 0.3148699104785919 0
1675604880595 0.3146717846393585 0
1675604880882 0.3156347870826721 0
1675604881177 0.31409186124801636 0
1675604881465 0.3153708875179291 0
1675604881765 0.31295356154441833 0
1675604882053 0.3157646059989929 0
1675604882320 0.3171713054180145 0
1675604882598 0.3174157440662384 0
1675604882879 0.3158060312271118 0
1675604883154 0.31765660643577576 0
1675604883440 0.31423643231391907 0
1675604885432 0.31587615609169006 0
1675604885717 0.3150767385959625 0
1675604886012 0.3151526153087616 0
1675604886292 0.31570887565612793 0
1675604886570 0.3160986304283142 0
1675604886847 0.31634652614593506 0
1675604887118 0.31642335653305054 0
1675604887413 0.3129478693008423 0
1675604887718 0.31314319372177124 0
1675604888012 0.31361645460128784 0
1675604888306 0.3114703893661499 0
1675604888608 0.30934664607048035 0
1675604888895 0.3132922649383545 0
1675604889173 0.3135547935962677 0
1675604889429 0.31607434153556824 0
1675604889701 0.31547170877456665 0
1675604890025 0.31071242690086365 0
1675604890285 0.3159680962562561 0
1675604890531 0.31431785225868225 0
1675604890779 0.3158170282840729 0
1675604891089 0.3107811212539673 0
1675604891364 0.31209638714790344 0
1675604891641 0.3135398328304291 0
1675604891890 0.3173411190509796 0
1675604892154 0.3153056800365448 0
1675604892405 0.3158564567565918 0
1675604892683 0.31503450870513916 0
1675604892961 0.3135623633861542 0
1675604893255 0.31110885739326477 0
1675604893529 0.3156700134277344 0
1675604893829 0.3134324550628662 0
1675604894122 0.3134579360485077 0
1675604894403 0.3147835433483124 0
1675604894706 0.31213390827178955 0
1675604895016 0.31243187189102173 0
1675604895320 0.31141892075538635 0
1675604895625 0.3116433024406433 0
1675604895894 0.31658756732940674 0
1675604896189 0.3111036419868469 0
1675604896449 0.31524595618247986 0
1675604896748 0.3111170828342438 0
1675604897015 0.3152318596839905 0
1675604897304 0.31307461857795715 0
1675604897574 0.315199077129364 0
1675604897860 0.3129963278770447 0
1675604898152 0.3126145899295807 0
1675604898415 0.3166751563549042 0
1675604898739 0.3076446056365967 0
1675604899036 0.31162068247795105 0
1675604899343 0.31037962436676025 0
1675604899654 0.3097166419029236 0
1675604899948 0.3104028105735779 0
1675604900234 0.31212830543518066 0
1675604900527 0.31241995096206665 0
1675604900820 0.31272512674331665 0
1675604901078 0.31679242849349976 0
1675604901395 0.30893322825431824 0
1675604901662 0.3155154883861542 0
1675604901914 0.3169846832752228 0
1675604902179 0.3154507577419281 0
1675604902456 0.3125811815261841 0
1675604902716 0.31497108936309814 0
1675604903005 0.3121787905693054 0
1675604903271 0.31288179755210876 0
1675604903571 0.3100859224796295 0
1675604903874 0.3092634677886963 0
1675604904189 0.30761244893074036 0
1675604904488 0.3086557984352112 0
1675604904755 0.31503215432167053 0
1675604905051 0.3103647232055664 0
1675604905319 0.3140978217124939 0
1675604905604 0.312534362077713 0
1675604905920 0.30925220251083374 0
1675604906222 0.31115952134132385 0
1675604906512 0.31131115555763245 0
1675604906817 0.30814844369888306 0
1675604907086 0.3136897683143616 0
1675604907368 0.3118155896663666 0
1675604907632 0.31414899230003357 0
1675604907916 0.31112608313560486 0
1675604908176 0.3149423897266388 0
1675604908469 0.31045830249786377 0
1675604908754 0.31057479977607727 0
1675604909041 0.310613214969635 0
1675604909317 0.31204500794410706 0
1675604909617 0.30855271220207214 0
1675604909905 0.3106657564640045 0
1675604910165 0.3147183954715729 0
1675604910459 0.30798375606536865 0
1675604910754 0.3057687282562256 0
1675604911051 0.30987247824668884 0
1675604911350 0.30930331349372864 0
1675604911613 0.3135789930820465 0
1675604911899 0.3100331723690033 0
1675604912171 0.31357264518737793 0
1675604912442 0.31263601779937744 0
1675604912714 0.3119973838329315 0
1675604912995 0.31188932061195374 0
1675604913268 0.311960905790329 0
1675604913544 0.3125301003456116 0
1675604913821 0.3117466866970062 0
1675604914106 0.3102416396141052 0
1675604914421 0.3069395124912262 0
1675604914716 0.30933693051338196 0
1675604915001 0.307070791721344 0
1675604915295 0.30915117263793945 0
1675604915595 0.30901023745536804 0
1675604915889 0.31040194630622864 0
1675604916203 0.30652374029159546 0
1675604916472 0.31138575077056885 0
1675604916730 0.3135787546634674 0
1675604916985 0.3114819824695587 0
1675604917290 0.3073939383029938 0
1675604917583 0.3081737160682678 0
1675604917855 0.3117979168891907 0
1675604918173 0.30555519461631775 0
1675604918411 0.3141140043735504 0
1675604918686 0.3098442256450653 0
1675604918948 0.3099760115146637 0
1675604919227 0.3113204836845398 0
1675604919480 0.3138207495212555 0
1675604919750 0.312332421541214 0
1675604920042 0.3077106773853302 0
1675604920320 0.31077292561531067 0
1675604920603 0.3112979531288147 0
1675604920877 0.31203970313072205 0
1675604921150 0.31060320138931274 0
1675604921427 0.3112105429172516 0
1675604921679 0.31235697865486145 0
1675604921937 0.31277382373809814 0
1675604922241 0.3078177571296692 0
1675604922522 0.3096546530723572 0
1675604922822 0.3071756362915039 0
1675604923097 0.3116462230682373 0
1675604923391 0.3087836503982544 0
1675604923646 0.31477826833724976 0
1675604923909 0.31117144227027893 0
1675604924187 0.3114691972732544 0
1675604924460 0.30987247824668884 0
1675604924755 0.30750083923339844 0
1675604925026 0.3109489679336548 0
1675604925292 0.31186971068382263 0
1675604925600 0.3053027391433716 0
1675604925889 0.30911725759506226 0
1675604926172 0.30973437428474426 0
1675604926478 0.3094164729118347 0
1675604926772 0.30794215202331543 0
1675604927097 0.3059145212173462 0
1675604927419 0.30636489391326904 0
1675604927721 0.3066693842411041 0
1675604927970 0.314516544342041 0
1675604928256 0.30987533926963806 0
1675604928509 0.3127043545246124 0
1675604928782 0.3120791018009186 0
1675604929070 0.3100220561027527 0
1675604929351 0.31052878499031067 0
1675604929628 0.3100022077560425 0
1675604931551 0.3085721433162689 0
1675604931838 0.30971482396125793 0
1675604932125 0.3099599778652191 0
1675604932397 0.31258895993232727 0
1675604932668 0.3129711151123047 0
1675604932962 0.3095943331718445 0
1675604933232 0.3116467595100403 0
1675604933476 0.31252163648605347 0
1675604933772 0.3087635934352875 0
1675604934040 0.3123704195022583 0
1675604934343 0.3070039451122284 0
1675604934616 0.3111758232116699 0
1675604934878 0.31179293990135193 0
1675604935150 0.3108782470226288 0
1675604935438 0.30874478816986084 0
1675604935709 0.31086885929107666 0
1675604936008 0.3080314099788666 0
1675604936294 0.3105666935443878 0
1675604936595 0.3079376816749573 0
1675604936902 0.3066198527812958 0
1675604937196 0.30826571583747864 0
1675604937489 0.3108350336551666 0
1675604937759 0.31164097785949707 0
1675604938028 0.3103311061859131 0
1675604938304 0.3090316355228424 0
1675604938576 0.3113920986652374 0
1675604938823 0.3140285015106201 0
1675604939108 0.3091393709182739 0
1675604939370 0.31142422556877136 0
1675604939639 0.31197434663772583 0
1675604939920 0.3110801577568054 0
1675604940190 0.31243428587913513 0
1675604940472 0.31050798296928406 0
1675604940740 0.31257736682891846 0
1675604941078 0.30305683612823486 0
1675604941372 0.31026867032051086 0
1675604941670 0.3090287446975708 0
1675604941931 0.3137827217578888 0
1675604942216 0.3108019530773163 0
1675604942484 0.31234419345855713 0
1675604942790 0.30875909328460693 0
1675604943090 0.30803537368774414 0
1675604943368 0.3095810115337372 0
1675604943658 0.3096172511577606 0
1675604943938 0.3111213743686676 0
1675604944201 0.31333982944488525 0
1675604944517 0.30684277415275574 0
1675604944782 0.3130015730857849 0
1675604945041 0.31398141384124756 0
1675604945315 0.3115084171295166 0
1675604945587 0.3121446967124939 0
1675604945895 0.30802446603775024 0
1675604946182 0.3084064722061157 0
1675604946451 0.3126307427883148 0
1675604946771 0.30452290177345276 0
1675604947049 0.31190556287765503 0
1675604947335 0.3099629282951355 0
1675604947595 0.3131212294101715 0
1675604947856 0.31253525614738464 0
1675604948159 0.3070387840270996 0
1675604948466 0.3070733845233917 0
1675604948750 0.30978673696517944 0
1675604949014 0.31275874376296997 0
1675604949287 0.31182074546813965 0
1675604949579 0.308604896068573 0
1675604949871 0.3094466030597687 0
1675604950151 0.3103700578212738 0
1675604950425 0.3112090826034546 0
1675604950736 0.3072414994239807 0
1675604951013 0.3103732764720917 0
1675604951295 0.31040605902671814 0
1675604951576 0.31020766496658325 0
1675604951868 0.3098006248474121 0
1675604952171 0.3090629577636719 0
1675604952483 0.3059874176979065 0
1675604952799 0.3062043786048889 0
1675604953093 0.30904102325439453 0
1675604953380 0.3102991580963135 0
1675604953672 0.30902838706970215 0
1675604953931 0.3138962388038635 0
1675604954211 0.31088539958000183 0
1675604954469 0.3135651648044586 0
1675604954758 0.3094410300254822 0
1675604955012 0.3137288987636566 0
1675604955271 0.3131375014781952 0
1675604955557 0.310122013092041 0
1675604955843 0.3081966042518616 0
1675604956150 0.3056601583957672 0
1675604956458 0.30540716648101807 0
1675604956791 0.30277690291404724 0
1675604957074 0.3067452311515808 0
1675604957387 0.30654090642929077 0
1675604957674 0.30970680713653564 0
1675604957970 0.3082049787044525 0
1675604958258 0.30871233344078064 0
1675604958562 0.3066340386867523 0
1675604958837 0.3117890954017639 0
1675604959141 0.30755335092544556 0
1675604959418 0.3114413917064667 0
1675604959699 0.31073030829429626 0
1675604959955 0.31453177332878113 0
1675604960204 0.315376341342926 0
1675604960494 0.30987444519996643 0
1675604960788 0.30925267934799194 0
1675604961096 0.30763548612594604 0
1675604961386 0.30977919697761536 0
1675604961670 0.30942168831825256 0
1675604961955 0.30968987941741943 0
1675604962235 0.31055745482444763 0
1675604962534 0.30871063470840454 0
1675604962826 0.308689683675766 0
1675604963121 0.3088681697845459 0
1675604963411 0.30905982851982117 0
1675604963716 0.30778902769088745 0
1675604964041 0.304927259683609 0
1675604964316 0.31098800897598267 0
1675604964597 0.3101978302001953 0
1675604964867 0.3119928538799286 0
1675604965148 0.3104085922241211 0
1675604965436 0.30932867527008057 0
1675604965703 0.31268230080604553 0
1675604965988 0.30977022647857666 0
1675604966303 0.3061107397079468 0
1675604966578 0.3110544979572296 0
1675604966876 0.3086346983909607 0
1675604967194 0.30639922618865967 0
1675604967494 0.30876436829566956 0
1675604967775 0.3103700876235962 0
1675604968060 0.3096177279949188 0
1675604968347 0.3099055588245392 0
1675604968629 0.3098188042640686 0
1675604968915 0.30833199620246887 0
1675604969165 0.31541159749031067 0
1675604969498 0.3049243688583374 0
1675604969818 0.3059501647949219 0
1675604970121 0.3071762025356293 0
1675604970396 0.3115832209587097 0
1675604970689 0.3082926571369171 0
1675604970962 0.31135493516921997 0
1675604971279 0.30534303188323975 0
1675604971581 0.307244211435318 0
1675604971862 0.3101891875267029 0
1675604972159 0.3079512417316437 0
1675604972460 0.30791428685188293 0
1675604972724 0.3123234510421753 0
1675604973005 0.31030112504959106 0
1675604973269 0.3120175302028656 0
1675604973524 0.31196343898773193 0
1675604973815 0.3079707622528076 0
1675604974096 0.31013527512550354 0
1675604974399 0.30708134174346924 0
1675604974723 0.3036184310913086 0
1675604974985 0.31202590465545654 0
1675604975281 0.30893659591674805 0
1675604975560 0.31089210510253906 0
1675604975836 0.31199055910110474 0
1675604976103 0.313335120677948 0
1675604978070 0.3081625699996948 0
1675604978321 0.3151315152645111 0
1675604978605 0.31047090888023376 0
1675604978910 0.308480441570282 0
1675604979184 0.310428649187088 0
1675604979472 0.3102530241012573 0
1675604979751 0.31079044938087463 0
1675604980052 0.30694881081581116 0
1675604980342 0.308295875787735 0
1675604980631 0.3093898594379425 0
1675604980939 0.3070378303527832 0
1675604981218 0.3109285235404968 0
1675604981517 0.3095119297504425 0
1675604981798 0.3107522130012512 0
1675604982077 0.3104008138179779 0
1675604982354 0.31044071912765503 0
1675604982634 0.31017830967903137 0
1675604982918 0.30956172943115234 0
1675604983167 0.31502866744995117 0
1675604983442 0.3111550211906433 0
1675604983733 0.308567613363266 0
1675604984007 0.3111933469772339 0
1675604984308 0.30731669068336487 0
1675604984599 0.30860114097595215 0
1675604984878 0.3105619549751282 0
1675604985156 0.31100067496299744 0
1675604985474 0.3046298921108246 0
1675604985799 0.30476880073547363 0
1675604986081 0.31096479296684265 0
1675604986391 0.3080909550189972 0
1675604986678 0.31026673316955566 0
1675604986956 0.3117663860321045 0
1675604987240 0.3090447187423706 0
1675604987570 0.3055993318557739 0
1675604987856 0.310486376285553 0
1675604988175 0.30588576197624207 0
1675604988457 0.31022322177886963 0
1675604988746 0.3096095621585846 0
1675604989035 0.3095463514328003 0
1675604989316 0.31089410185813904 0
1675604989615 0.30841198563575745 0
1675604989910 0.3088896572589874 0
1675604990210 0.30757758021354675 0
1675604990501 0.30891305208206177 0
1675604990780 0.31188690662384033 0
1675604991072 0.30955904722213745 0
1675604991353 0.31068068742752075 0
1675604991670 0.3054264187812805 0
1675604991971 0.3072969317436218 0
1675604992255 0.31078797578811646 0
1675604992541 0.3099333345890045 0
1675604992843 0.3073531687259674 0
1675604993104 0.31115567684173584 0
1675604993377 0.30797427892684937 0
1675604993640 0.30969926714897156 0
1675604993901 0.3093009889125824 0
1675604994155 0.3121850788593292 0
1675604994423 0.3088509142398834 0
1675604994726 0.30545997619628906 0
1675604995005 0.30597159266471863 0
1675604995268 0.3099295198917389 0
1675604995527 0.3099421262741089 0
1675604995827 0.30742791295051575 0
1675604996101 0.31064537167549133 0
1675604996359 0.3138079345226288 0
1675604996653 0.3055659532546997 0
1675604996903 0.3113726079463959 0
1675604997176 0.3095690608024597 0
1675604997450 0.3113533854484558 0
1675604997748 0.30722299218177795 0
1675604997997 0.3113519847393036 0
1675604998275 0.31096115708351135 0
1675604998563 0.30940234661102295 0
1675604998808 0.3137889504432678 0
1675604999090 0.3074741065502167 0
1675604999348 0.3127441108226776 0
1675604999600 0.31264564394950867 0
1675604999871 0.3117053508758545 0
1675605000159 0.3090282082557678 0
1675605000456 0.3079407513141632 0
1675605000732 0.31119805574417114 0
1675605001054 0.3055557906627655 0
1675605001353 0.30753111839294434 0
1675605001669 0.30644893646240234 0
1675605001939 0.3115696907043457 0
1675605002223 0.30937883257865906 0
1675605002506 0.30879175662994385 0
1675605002788 0.30964553356170654 0
1675605003098 0.30510351061820984 0
1675605003387 0.3091840445995331 0
1675605003678 0.3100387156009674 0
1675605003965 0.3101170063018799 0
1675605004268 0.3062646687030792 0
1675605004568 0.30676937103271484 0
1675605004851 0.3103964328765869 0
1675605005136 0.3103477954864502 0
1675605005406 0.3129691183567047 0
1675605005703 0.30731189250946045 0
1675605006001 0.308106929063797 0
1675605006283 0.31008413434028625 0
1675605006575 0.3082188665866852 0
1675605006896 0.30464404821395874 0
1675605007161 0.3093618154525757 0
1675605007445 0.3101045787334442 0
1675605007695 0.3136119544506073 0
1675605007992 0.30914226174354553 0
1675605008263 0.3128058910369873 0
1675605008560 0.30849936604499817 0
1675605008905 0.3005995750427246 0
1675605009195 0.30891498923301697 0
1675605009491 0.30767524242401123 0
1675605009758 0.3127598762512207 0
1675605010026 0.3124520778656006 0
1675605010268 0.3107542395591736 0
1675605010526 0.3090081512928009 0
1675605010798 0.3095433712005615 0
1675605011100 0.307155042886734 0
1675605011400 0.3079969882965088 0
1675605011713 0.3067737817764282 0
1675605011987 0.3124009966850281 0
1675605012267 0.31202012300491333 0
1675605012578 0.3046674430370331 0
1675605012874 0.3089388310909271 0
1675605013149 0.30937430262565613 0
1675605013425 0.31018543243408203 0
1675605013737 0.3063514530658722 0
1675605014024 0.30924955010414124 0
1675605014301 0.3112066984176636 0
1675605014588 0.30945372581481934 0
1675605014834 0.31521984934806824 0
1675605015106 0.31173035502433777 0
1675605015392 0.30991238355636597 0
1675605015677 0.30978310108184814 0
1675605015947 0.31197628378868103 0
1675605016221 0.3111319839954376 0
1675605016506 0.3098103404045105 0
1675605016807 0.3072158694267273 0
1675605017099 0.30972981452941895 0
1675605017369 0.31242114305496216 0
1675605017682 0.30615824460983276 0
1675605017966 0.3093298077583313 0
1675605018265 0.30375874042510986 0
1675605018556 0.30900296568870544 0
1675605018807 0.3144470453262329 0
1675605019085 0.3105548024177551 0
1675605019372 0.3087453544139862 0
1675605019637 0.31008413434028625 0
1675605019910 0.30981698632240295 0
1675605020205 0.30800962448120117 0
1675605020497 0.30788329243659973 0
1675605020761 0.31311073899269104 0
1675605021076 0.3079196512699127 0
1675605021365 0.3095981180667877 0
1675605021655 0.3096485435962677 0
1675605021950 0.30831268429756165 0
1675605022208 0.3134770095348358 0
1675605022487 0.3109305202960968 0
