1674830650305 0.7289508581161499 0
1674830650790 0.728573739528656 0
1674830651237 0.7302849888801575 0
1674830651805 0.7240630388259888 0
1674830652340 0.7289493680000305 0
1674830652815 0.725875973701477 0
1674830653286 0.7267811298370361 0
1674830653817 0.7296850085258484 0
1674830654264 0.7309074997901917 0
1674830654940 0.7279383540153503 0
1674830655488 0.7280760407447815 0
1674830656168 0.7277724742889404 0
1674830656645 0.7269749045372009 0
1674830657010 0.7332769632339478 0
1674830657629 0.7293776273727417 0
1674830658370 0.726409375667572 0
1674830658852 0.7279679179191589 0
1674830659501 0.7286285161972046 0
1674830659922 0.7305451035499573 0
1674830660538 0.729575514793396 0
1674830661574 0.7286289930343628 0
1674830662529 0.7247332334518433 0
1674830663681 0.7294578552246094 0
1674830664468 0.7277024984359741 0
1674830664985 0.7300832271575928 0
1674830665670 0.7248502373695374 0
1674830666321 0.7265163064002991 0
1674830666940 0.7266217470169067 0
1674830667480 0.7271957993507385 0
1674830668040 0.7248438596725464 0
1674830668555 0.7270712852478027 0
1674830669272 0.7261090874671936 0
1674830669695 0.7288057208061218 0
1674830670217 0.7255788445472717 0
1674830670897 0.7230081558227539 0
1674830671534 0.7215552926063538 0
1674830672107 0.7263506650924683 0
1674830672545 0.7242743372917175 0
1674830673030 0.7250159382820129 0
1674830673430 0.724990725517273 0
1674830673895 0.7242510914802551 0
1674830674435 0.7244611382484436 0
1674830674908 0.7239373922348022 0
1674830675490 0.7206372022628784 0
1674830675943 0.7230242490768433 0
1674830676400 0.7254733443260193 0
1674830676882 0.7265529632568359 0
1674830677340 0.7249996066093445 0
1674830677883 0.7231631278991699 0
1674830678515 0.721075177192688 0
1674830679000 0.7222586870193481 0
1674830679470 0.7258872985839844 0
1674830680190 0.7256942987442017 0
1674830680798 0.7229959964752197 0
1674830681350 0.719550371170044 0
1674830681865 0.7197608947753906 0
1674830682315 0.7234986424446106 0
1674830682720 0.7248742580413818 0
1674830683075 0.7264763712882996 0
1674830683615 0.7213350534439087 0
1674830684010 0.7255229353904724 0
1674830684445 0.7224740982055664 0
1674830684945 0.7231616377830505 0
1674830685480 0.7189024686813354 0
1674830686233 0.7195107936859131 0
1674830687027 0.7162579894065857 0
1674830687500 0.7251565456390381 0
1674830688025 0.7213349342346191 0
1674830688495 0.7215668559074402 0
1674830688990 0.7192267775535583 0
1674830689511 0.7208529114723206 0
1674830690061 0.7215799689292908 0
1674830690543 0.7219969630241394 0
1674830691258 0.7177533507347107 0
1674830692035 0.7198426723480225 0
1674830692675 0.7200611233711243 0
1674830693400 0.719982922077179 0
1674830693903 0.7210599780082703 0
1674830694400 0.7196008563041687 0
1674830694850 0.7252182364463806 0
1674830695370 0.7196686267852783 0
1674830695960 0.7169514894485474 0
1674830696450 0.7199922800064087 0
1674830696979 0.7207217216491699 0
1674830697355 0.7251701951026917 0
1674830697968 0.717125654220581 0
1674830698635 0.721197783946991 0
1674830699101 0.7197397947311401 0
1674830699538 0.7209069728851318 0
1674830700080 0.7207998037338257 0
1674830700560 0.7187535762786865 0
1674830701015 0.7199631333351135 0
1674830701465 0.7192001938819885 0
1674830701965 0.717944324016571 0
1674830702409 0.7194123268127441 0
1674830702854 0.720403790473938 0
1674830703322 0.7210760116577148 0
1674830703845 0.7182413935661316 0
1674830704457 0.7173743844032288 0
1674830705510 0.717645525932312 0
1674830706055 0.7190215587615967 0
1674830706630 0.7177034616470337 0
1674830707130 0.719275176525116 0
1674830707591 0.7165951728820801 0
1674830708030 0.7219828963279724 0
1674830708636 0.7182475924491882 0
1674830709303 0.7116597890853882 0
1674830709750 0.7194057703018188 0
1674830710285 0.7162240743637085 0
1674830710810 0.7166545987129211 0
1674830711396 0.7147786617279053 0
1674830711840 0.7192904949188232 0
1674830712722 0.7140661478042603 0
1674830713140 0.718951940536499 0
1674830713630 0.7162960767745972 0
1674830714072 0.7195543050765991 0
1674830714555 0.7167603969573975 0
1674830714910 0.7200786471366882 0
1674830715330 0.7170891761779785 0
1674830715890 0.7187181711196899 0
1674830716310 0.7180141806602478 0
1674830716790 0.717310905456543 0
1674830717173 0.7192217111587524 0
1674830717600 0.7171945571899414 0
1674830718245 0.7160336375236511 0
1674830718625 0.7183253169059753 0
1674830719075 0.7155112028121948 0
1674830719475 0.7165963649749756 0
1674830719881 0.7167273163795471 0
1674830720385 0.7177602648735046 0
1674830720765 0.7191659808158875 0
1674830721320 0.7132622599601746 0
1674830721775 0.71621173620224 0
1674830722245 0.7145715951919556 0
1674830722670 0.7143667340278625 0
1674830723310 0.7143769264221191 0
1674830723860 0.7135921120643616 0
1674830724210 0.7200697064399719 0
1674830724672 0.7133053541183472 0
1674830724910 0.7143339514732361 0
