1675464467603 0.7267618775367737 0
1675464467792 0.7259714007377625 0
1675464468068 0.7151675224304199 0
1675464468345 0.7096025943756104 0
1675464468551 0.7083715796470642 0
1675464468815 0.7005216479301453 0
1675464469065 0.6945761442184448 0
1675464469345 0.6892822980880737 0
1675464469553 0.6882237195968628 0
1675464469815 0.6804893612861633 0
1675464470022 0.6794497966766357 0
1675464470224 0.6731380224227905 0
1675464470427 0.6685943007469177 0
1675464470662 0.6635269522666931 0
1675464470892 0.6604455709457397 0
1675464471143 0.6544530987739563 0
1675464471348 0.6519593596458435 0
1675464471583 0.6480180025100708 0
1675464471807 0.6419401168823242 0
1675464472061 0.6399104595184326 0
1675464472309 0.6345399022102356 0
1675464472572 0.6324031352996826 0
1675464472756 0.6307725310325623 0
1675464473046 0.625982940196991 0
1675464473256 0.6236679553985596 0
1675464473476 0.6203351616859436 0
1675464473719 0.6184238791465759 0
1675464473951 0.6137130856513977 0
1675464474192 0.6100923418998718 0
1675464474444 0.6070700287818909 0
1675464474708 0.6045297384262085 0
1675464474901 0.6061873435974121 0
1675464475149 0.6008352041244507 0
1675464475475 0.5988404750823975 0
1675464475688 0.5975987911224365 0
1675464475933 0.5922330021858215 0
1675464476128 0.591411292552948 0
1675464476420 0.5877270698547363 0
1675464476621 0.5897969007492065 0
1675464476848 0.5846347212791443 0
1675464477099 0.5820830464363098 0
1675464477324 0.5805419683456421 0
1675464477579 0.5766525864601135 0
1675464477792 0.577813982963562 0
1675464478049 0.5739390850067139 0
1675464478327 0.5726801156997681 0
1675464478525 0.5730392336845398 0
1675464478704 0.5713772177696228 0
1675464478920 0.5677801966667175 0
1675464479110 0.5668879747390747 0
1675464479331 0.5650877952575684 0
1675464479599 0.5618157982826233 0
1675464479886 0.5590370893478394 0
1675464480101 0.558341383934021 0
1675464480302 0.5576392412185669 0
1675464480505 0.5564391613006592 0
1675464480763 0.5522156953811646 0
1675464480955 0.5535485148429871 0
1675464481269 0.5455290675163269 0
1675464481492 0.5533958673477173 0
1675464481735 0.5503324270248413 0
1675464481976 0.5507860779762268 0
1675464482218 0.5430706739425659 0
1675464482420 0.5478522181510925 0
1675464482661 0.5444514155387878 0
1675464482841 0.5443834662437439 0
1675464483173 0.5387212038040161 0
1675464483440 0.5390422940254211 0
1675464483698 0.5399953722953796 0
1675464483964 0.5354136228561401 0
1675464484228 0.5357862710952759 0
1675464484409 0.537713348865509 0
1675464484640 0.5343498587608337 0
1675464484839 0.5345678925514221 0
1675464485076 0.5334421396255493 0
1675464485299 0.5294502377510071 0
1675464485592 0.5304781794548035 0
1675464485845 0.5277529358863831 0
1675464486146 0.5238288640975952 0
1675464486411 0.523398220539093 0
1675464486666 0.5255818963050842 0
1675464486886 0.5267314910888672 0
1675464487097 0.5286759734153748 0
1675464487287 0.5256916880607605 0
1675464487526 0.5247274041175842 0
1675464487759 0.5253663659095764 0
1675464487962 0.5227389335632324 0
1675464488191 0.5185861587524414 0
1675464488423 0.5216822624206543 0
1675464488633 0.5204780697822571 0
1675464488821 0.521837592124939 0
1675464489060 0.5200262665748596 0
1675464489291 0.515690267086029 0
1675464489504 0.5184010863304138 0
1675464489717 0.514880359172821 0
1675464489990 0.5116462111473083 0
1675464490235 0.5123752355575562 0
1675464490532 0.5092730522155762 0
1675464490777 0.5131418108940125 0
1675464491067 0.5083819627761841 0
1675464491333 0.5090435743331909 0
1675464491514 0.5155624747276306 0
1675464491731 0.5128019452095032 0
1675464491930 0.5125959515571594 0
1675464492206 0.5057815909385681 0
1675464492426 0.5121102333068848 0
1675464492679 0.5058954358100891 0
1675464492924 0.5087147355079651 0
1675464493107 0.5111461281776428 0
1675464493308 0.5111360549926758 0
1675464493521 0.5078202486038208 0
1675464493722 0.5071274042129517 0
1675464494017 0.5043115019798279 0
1675464494235 0.5093004107475281 0
1675464494470 0.5047054290771484 0
1675464494666 0.5056752562522888 0
1675464494920 0.5021288990974426 0
1675464495111 0.5058687925338745 0
1675464495298 0.5053098201751709 0
1675464495512 0.5013077259063721 0
1675464495702 0.5075067281723022 0
1675464495932 0.5027169585227966 0
1675464496201 0.49984055757522583 0
1675464496413 0.5087908506393433 0
1675464496605 0.5064674019813538 0
1675464496816 0.5009304881095886 0
1675464497073 0.501575231552124 0
1675464497263 0.501849353313446 0
1675464497491 0.49995750188827515 0
1675464497746 0.4941280782222748 0
1675464497949 0.5001362562179565 0
1675464498232 0.49179166555404663 0
1675464498409 0.5012261271476746 0
1675464498624 0.499245822429657 0
1675464498860 0.4995153844356537 0
1675464499105 0.4943743348121643 0
1675464499322 0.4977026581764221 0
1675464499544 0.4965834617614746 0
1675464499805 0.48988524079322815 0
1675464500068 0.4907952845096588 0
1675464500330 0.4943522810935974 0
1675464500498 0.5002317428588867 0
1675464500777 0.4889816641807556 0
1675464501032 0.4896201491355896 0
1675464501231 0.49535396695137024 0
1675464501447 0.49498921632766724 0
1675464501689 0.49142906069755554 0
1675464501908 0.49550575017929077 0
1675464502179 0.4881547689437866 0
1675464502394 0.4930826723575592 0
1675464502598 0.4913923442363739 0
1675464502882 0.4886898100376129 0
1675464503105 0.48730218410491943 0
1675464503363 0.4875747263431549 0
1675464503603 0.49142202734947205 0
1675464503808 0.49229130148887634 0
1675464504057 0.48561233282089233 0
1675464506167 0.49116048216819763 0
1675464506473 0.4890245795249939 0
1675464506694 0.4903084337711334 0
1675464506948 0.48782429099082947 0
1675464507164 0.49129167199134827 0
1675464507427 0.48272156715393066 0
1675464507642 0.48648861050605774 0
1675464507839 0.4890509843826294 0
1675464508114 0.4865584373474121 0
1675464508331 0.4882400631904602 0
1675464508533 0.49039509892463684 0
1675464508757 0.48721665143966675 0
1675464509016 0.4846116900444031 0
1675464509285 0.48269084095954895 0
1675464509528 0.48720452189445496 0
1675464509767 0.4839652478694916 0
1675464510013 0.48468953371047974 0
1675464510296 0.4848376512527466 0
1675464510510 0.4878435730934143 0
1675464510799 0.4824678301811218 0
1675464511076 0.4839654564857483 0
1675464511284 0.4823859632015228 0
1675464511482 0.48735418915748596 0
1675464511702 0.48552945256233215 0
1675464511952 0.4811430275440216 0
1675464512205 0.4849681258201599 0
1675464512429 0.48184114694595337 0
1675464512672 0.4788977801799774 0
1675464512909 0.4822344183921814 0
1675464513158 0.48032450675964355 0
1675464513335 0.48576050996780396 0
1675464513569 0.4832450747489929 0
1675464513812 0.4806567132472992 0
1675464514044 0.48214688897132874 0
1675464514305 0.4783197343349457 0
1675464514597 0.476600706577301 0
1675464514815 0.479986310005188 0
1675464515074 0.48122265934944153 0
1675464515272 0.4852916896343231 0
1675464515478 0.4817754328250885 0
1675464515848 0.4734559655189514 0
1675464516078 0.483079731464386 0
1675464516328 0.47672566771507263 0
1675464516540 0.47937723994255066 0
1675464516772 0.4836558699607849 0
1675464517049 0.4814148545265198 0
1675464517294 0.47626376152038574 0
1675464517537 0.4772547781467438 0
1675464517794 0.4758683741092682 0
1675464518022 0.4825926125049591 0
1675464518206 0.4833196997642517 0
1675464518468 0.4767121970653534 0
1675464518711 0.4775620400905609 0
1675464518932 0.4783361852169037 0
1675464519143 0.4799783527851105 0
1675464519329 0.48368948698043823 0
1675464519578 0.4752885699272156 0
1675464519814 0.47417396306991577 0
1675464520058 0.47487562894821167 0
1675464520330 0.473953515291214 0
1675464520522 0.4783836603164673 0
1675464520713 0.4789021909236908 0
1675464520948 0.4797987639904022 0
1675464521231 0.47273245453834534 0
1675464521498 0.47504106163978577 0
1675464521737 0.47632431983947754 0
1675464521967 0.47728607058525085 0
1675464522242 0.4743536412715912 0
1675464522494 0.47336602210998535 0
1675464522761 0.47392329573631287 0
1675464522990 0.4750310480594635 0
1675464523186 0.4805452525615692 0
1675464523410 0.4753662049770355 0
1675464523689 0.47630390524864197 0
1675464523878 0.4790177047252655 0
1675464524125 0.4749853312969208 0
1675464524355 0.47480082511901855 0
1675464524551 0.4810222089290619 0
1675464524781 0.4733290672302246 0
1675464524993 0.47519415616989136 0
1675464525243 0.47222137451171875 0
1675464525472 0.4710882604122162 0
1675464525704 0.475242555141449 0
1675464525954 0.4737487733364105 0
1675464526149 0.47947001457214355 0
1675464526391 0.4720897674560547 0
1675464526673 0.4701078534126282 0
1675464526861 0.4758839011192322 0
1675464527100 0.47085440158843994 0
1675464527274 0.4811114966869354 0
1675464527479 0.47472304105758667 0
1675464527701 0.47376641631126404 0
1675464527963 0.4708225429058075 0
1675464528185 0.47920119762420654 0
1675464528416 0.4704899787902832 0
1675464528625 0.47413238883018494 0
1675464528834 0.4736127257347107 0
1675464529035 0.4726376533508301 0
1675464529259 0.4740552306175232 0
1675464529470 0.4776458740234375 0
1675464529687 0.4797203838825226 0
1675464529907 0.47063371539115906 0
1675464530173 0.46621596813201904 0
1675464530457 0.4701673686504364 0
1675464530705 0.474313348531723 0
1675464531002 0.4681985676288605 0
1675464531283 0.47165799140930176 0
1675464531522 0.47372159361839294 0
1675464531806 0.46648162603378296 0
1675464532005 0.475787490606308 0
1675464532204 0.47370645403862 0
1675464532427 0.4724987745285034 0
1675464532685 0.47075119614601135 0
1675464532904 0.47306686639785767 0
1675464533100 0.47547024488449097 0
1675464533381 0.47072017192840576 0
1675464533611 0.47182682156562805 0
1675464533858 0.46694234013557434 0
1675464534113 0.47061726450920105 0
1675464534323 0.47049880027770996 0
1675464534554 0.4712042212486267 0
1675464534827 0.4687013030052185 0
1675464535043 0.4724906384944916 0
1675464535290 0.4711167812347412 0
1675464535484 0.473096638917923 0
1675464535767 0.46709978580474854 0
1675464535989 0.4722837209701538 0
1675464536188 0.4754997491836548 0
1675464536388 0.47534552216529846 0
1675464536656 0.4665073752403259 0
1675464536897 0.46723613142967224 0
1675464537130 0.4688345789909363 0
1675464537354 0.4693523347377777 0
1675464537602 0.46444249153137207 0
1675464537906 0.46627163887023926 0
1675464538180 0.4680861532688141 0
1675464538402 0.46883368492126465 0
1675464538648 0.4680188000202179 0
1675464538847 0.4742249846458435 0
1675464539097 0.46494337916374207 0
1675464539352 0.4667903780937195 0
1675464539629 0.4677552878856659 0
1675464539847 0.47190916538238525 0
1675464540093 0.4672047793865204 0
1675464540349 0.46603983640670776 0
1675464540608 0.4628964960575104 0
1675464540849 0.465593159198761 0
1675464541082 0.46814194321632385 0
1675464541294 0.4683120846748352 0
1675464541511 0.46885403990745544 0
1675464541755 0.4660468101501465 0
1675464542019 0.4655826687812805 0
1675464542216 0.4699324667453766 0
1675464542452 0.4659675657749176 0
1675464542667 0.4705025851726532 0
1675464542889 0.4692368507385254 0
1675464543087 0.46863460540771484 0
1675464545215 0.4665105640888214 0
1675464545422 0.4696058928966522 0
1675464545695 0.46560540795326233 0
1675464545923 0.471175879240036 0
1675464546143 0.4670814275741577 0
1675464546425 0.46129119396209717 0
1675464546678 0.46447768807411194 0
1675464546908 0.46934086084365845 0
1675464547109 0.4691976308822632 0
1675464547323 0.468471884727478 0
1675464547545 0.4687841236591339 0
1675464547810 0.4610695540904999 0
1675464548027 0.4653701186180115 0
1675464548264 0.4654814898967743 0
1675464548513 0.4656812250614166 0
1675464548758 0.4644742012023926 0
1675464548951 0.46834197640419006 0
1675464549189 0.4653570353984833 0
1675464549425 0.4634630084037781 0
1675464549628 0.46966925263404846 0
1675464549813 0.47263386845588684 0
1675464550059 0.4632248282432556 0
1675464550279 0.4683687388896942 0
1675464550483 0.47019460797309875 0
1675464550775 0.4599679112434387 0
1675464551074 0.4596257209777832 0
1675464551301 0.46865713596343994 0
1675464551512 0.46890008449554443 0
1675464551721 0.4685544967651367 0
1675464551931 0.4703565835952759 0
1675464552148 0.4662041664123535 0
1675464552448 0.46039506793022156 0
1675464552668 0.46402880549430847 0
1675464552884 0.4656910002231598 0
1675464553164 0.46056807041168213 0
1675464553365 0.4664973020553589 0
1675464553584 0.4632324278354645 0
1675464553780 0.46815288066864014 0
1675464553967 0.46672382950782776 0
1675464554169 0.46781954169273376 0
1675464554408 0.46485763788223267 0
1675464554607 0.4669012427330017 0
1675464554841 0.4599783718585968 0
1675464555047 0.4692579507827759 0
1675464555260 0.4647517800331116 0
1675464555454 0.46667730808258057 0
1675464555682 0.46478575468063354 0
1675464555937 0.461076945066452 0
1675464556172 0.46515876054763794 0
1675464556395 0.46264591813087463 0
1675464556651 0.46401044726371765 0
1675464556954 0.4570293724536896 0
1675464557175 0.46609005331993103 0
1675464557453 0.459838330745697 0
1675464557664 0.46444687247276306 0
1675464557880 0.4629998803138733 0
1675464558165 0.45790448784828186 0
1675464558434 0.4574779272079468 0
1675464558714 0.4599561095237732 0
1675464558918 0.4690627455711365 0
1675464559098 0.4710675776004791 0
1675464559321 0.46461382508277893 0
1675464559535 0.4648572504520416 0
1675464559750 0.46822869777679443 0
1675464559993 0.4621056318283081 0
1675464560204 0.46589308977127075 0
1675464560435 0.46337130665779114 0
1675464560645 0.46456706523895264 0
1675464560885 0.4604572355747223 0
1675464561097 0.46521592140197754 0
1675464561341 0.46171748638153076 0
1675464561558 0.4613860845565796 0
1675464561850 0.4593975245952606 0
1675464562056 0.46613648533821106 0
1675464562320 0.4588547646999359 0
1675464562556 0.4642205238342285 0
1675464562732 0.46860814094543457 0
1675464562970 0.4655856788158417 0
1675464563222 0.4610169231891632 0
1675464563450 0.46422266960144043 0
1675464563666 0.4647617042064667 0
1675464563875 0.4617939591407776 0
1675464564091 0.4607016444206238 0
1675464564290 0.4685377776622772 0
1675464564501 0.4635695815086365 0
1675464564738 0.46028193831443787 0
1675464564935 0.46433305740356445 0
1675464565175 0.46453970670700073 0
1675464565362 0.4654501676559448 0
1675464565568 0.46996933221817017 0
1675464565808 0.4570547044277191 0
1675464566021 0.4643421471118927 0
1675464566271 0.4608060121536255 0
1675464566473 0.46621832251548767 0
1675464566697 0.4628603756427765 0
1675464566982 0.4582785367965698 0
1675464567227 0.4594879746437073 0
1675464567482 0.46102213859558105 0
1675464567709 0.46081894636154175 0
1675464567944 0.4646342098712921 0
1675464568236 0.4584236741065979 0
1675464568448 0.4641067087650299 0
1675464568630 0.46611830592155457 0
1675464568842 0.46172258257865906 0
1675464569065 0.4645807147026062 0
1675464569288 0.4596102833747864 0
1675464569519 0.45970749855041504 0
1675464569765 0.4582558870315552 0
1675464569999 0.4570704698562622 0
1675464570224 0.45672836899757385 0
1675464570481 0.4577263295650482 0
1675464570776 0.45391717553138733 0
1675464570989 0.46062421798706055 0
1675464571205 0.45959439873695374 0
1675464571416 0.464274525642395 0
1675464571645 0.4614734649658203 0
1675464571856 0.4616631865501404 0
1675464572088 0.45675522089004517 0
1675464572337 0.4583437144756317 0
1675464572553 0.46117064356803894 0
1675464572769 0.46101582050323486 0
1675464572941 0.4668174088001251 0
1675464573167 0.4629807770252228 0
1675464573433 0.45767030119895935 0
1675464573629 0.4648624658584595 0
1675464573836 0.46317413449287415 0
1675464574067 0.4612412452697754 0
1675464574274 0.4643401801586151 0
1675464574548 0.45929354429244995 0
1675464574810 0.45553353428840637 0
1675464574991 0.4652478098869324 0
1675464575257 0.45388492941856384 0
1675464575530 0.4538228213787079 0
1675464575826 0.45497551560401917 0
1675464576066 0.4595782458782196 0
1675464576352 0.45104146003723145 0
1675464576572 0.4606498181819916 0
1675464576795 0.4612022340297699 0
1675464576991 0.46257317066192627 0
1675464577219 0.45895466208457947 0
1675464577461 0.4588956832885742 0
1675464577717 0.4568938612937927 0
1675464577948 0.45959532260894775 0
1675464578175 0.4585513770580292 0
1675464578370 0.45989713072776794 0
1675464578588 0.4615427553653717 0
1675464578770 0.46359381079673767 0
1675464579073 0.4524194002151489 0
1675464579271 0.4625290036201477 0
1675464579503 0.4584689438343048 0
1675464579729 0.46039286255836487 0
1675464579948 0.46212857961654663 0
1675464580150 0.4602425694465637 0
1675464580346 0.463136225938797 0
1675464580564 0.4597961902618408 0
1675464580797 0.4607848823070526 0
1675464581070 0.45490238070487976 0
1675464583170 0.4608376622200012 0
1675464583406 0.4575979709625244 0
1675464583663 0.45595425367355347 0
1675464583893 0.4588722884654999 0
1675464584127 0.4571220874786377 0
1675464584342 0.458922415971756 0
1675464584539 0.46431463956832886 0
1675464584728 0.46539533138275146 0
1675464584999 0.4537357687950134 0
1675464585291 0.4528011083602905 0
1675464585558 0.45545125007629395 0
1675464585813 0.45497825741767883 0
1675464586060 0.4553150236606598 0
1675464586262 0.4594574570655823 0
1675464586449 0.4621618688106537 0
1675464586701 0.45474860072135925 0
1675464586921 0.4597998857498169 0
1675464587164 0.45483794808387756 0
1675464587384 0.4590986669063568 0
1675464587618 0.4574265480041504 0
1675464587832 0.4589555859565735 0
1675464588031 0.46257880330085754 0
1675464588285 0.45771992206573486 0
1675464588500 0.46199387311935425 0
1675464588687 0.46377652883529663 0
1675464588886 0.4597364068031311 0
1675464589117 0.4565158784389496 0
1675464589379 0.4537845849990845 0
1675464589627 0.45640820264816284 0
1675464589854 0.45969143509864807 0
1675464590061 0.46024835109710693 0
1675464590273 0.4614375829696655 0
1675464590542 0.45528286695480347 0
1675464590831 0.4519948661327362 0
1675464591034 0.46225646138191223 0
1675464591297 0.45548000931739807 0
1675464591533 0.4555264711380005 0
1675464591725 0.46032294631004333 0
1675464591991 0.46062079071998596 0
1675464592225 0.4570046365261078 0
1675464592494 0.45522698760032654 0
1675464592742 0.45412611961364746 0
1675464592993 0.45803317427635193 0
1675464593254 0.45423632860183716 0
1675464593453 0.46024829149246216 0
1675464593704 0.45394209027290344 0
1675464593914 0.46170541644096375 0
1675464594158 0.45473068952560425 0
1675464594406 0.4559628665447235 0
1675464594626 0.4587870240211487 0
1675464594891 0.45456671714782715 0
1675464595087 0.4612742066383362 0
1675464595326 0.4582723081111908 0
1675464595543 0.45934537053108215 0
1675464595771 0.45697739720344543 0
1675464595959 0.4621691107749939 0
1675464596194 0.45937585830688477 0
1675464596465 0.4521718919277191 0
1675464596686 0.45983487367630005 0
1675464596892 0.459080308675766 0
1675464597101 0.45956990122795105 0
1675464597362 0.4515644311904907 0
1675464597673 0.4478631019592285 0
1675464597867 0.45853129029273987 0
1675464598095 0.45492228865623474 0
1675464598324 0.45570990443229675 0
1675464598545 0.45757099986076355 0
1675464598832 0.44821760058403015 0
1675464599049 0.46092209219932556 0
1675464599265 0.4578914940357208 0
1675464599512 0.45406457781791687 0
1675464599759 0.4554465413093567 0
1675464599980 0.45604875683784485 0
1675464600183 0.4596480429172516 0
1675464600445 0.4529958665370941 0
1675464600645 0.4589276909828186 0
1675464600823 0.4643585979938507 0
1675464601096 0.45048171281814575 0
1675464601351 0.4506082534790039 0
1675464601622 0.45587673783302307 0
1675464601893 0.45331665873527527 0
1675464602152 0.45561739802360535 0
1675464602406 0.45328396558761597 0
1675464602616 0.4599221348762512 0
1675464602868 0.45336148142814636 0
1675464603074 0.45841094851493835 0
1675464603303 0.4561360478401184 0
1675464603508 0.4599413275718689 0
1675464603768 0.45359352231025696 0
1675464604015 0.4529062807559967 0
1675464604215 0.45789429545402527 0
1675464604427 0.45736774802207947 0
1675464604599 0.4619136452674866 0
1675464604770 0.46308064460754395 0
1675464604981 0.4568357467651367 0
1675464605233 0.4550113379955292 0
1675464605452 0.45620855689048767 0
1675464605674 0.4580344557762146 0
1675464605918 0.4520244002342224 0
1675464606131 0.4581564962863922 0
1675464606353 0.4566022753715515 0
1675464606626 0.4504852890968323 0
1675464606864 0.4546537399291992 0
1675464607102 0.454333633184433 0
1675464607349 0.4521613121032715 0
1675464607546 0.45997291803359985 0
1675464607778 0.45478102564811707 0
1675464608003 0.45361918210983276 0
1675464608204 0.4579765498638153 0
1675464608435 0.45481106638908386 0
1675464608662 0.456875205039978 0
1675464608878 0.4579787254333496 0
1675464609111 0.45863598585128784 0
1675464609349 0.4562341272830963 0
1675464609568 0.4539037346839905 0
1675464609768 0.4601503908634186 0
1675464609956 0.4603062570095062 0
1675464610186 0.4545751214027405 0
1675464610466 0.45485755801200867 0
1675464610731 0.45191314816474915 0
1675464610960 0.45607563853263855 0
1675464611183 0.45650994777679443 0
1675464611420 0.45032259821891785 0
1675464611696 0.44982007145881653 0
1675464611921 0.45584890246391296 0
1675464612156 0.4521172344684601 0
1675464612410 0.453313946723938 0
1675464612666 0.45423808693885803 0
1675464612919 0.4521583318710327 0
1675464613181 0.4540954828262329 0
1675464613372 0.45761266350746155 0
1675464613650 0.4517579674720764 0
1675464613871 0.45452290773391724 0
1675464614103 0.45225879549980164 0
1675464614373 0.4494456946849823 0
1675464614575 0.4592560827732086 0
1675464614813 0.4534383714199066 0
1675464615041 0.45464175939559937 0
1675464615290 0.4508974850177765 0
1675464615472 0.46034470200538635 0
1675464615714 0.4521597921848297 0
1675464615961 0.45263776183128357 0
1675464616144 0.4594663381576538 0
1675464616341 0.45796480774879456 0
1675464616575 0.4561767280101776 0
1675464616849 0.4464625418186188 0
1675464617125 0.44940245151519775 0
1675464617439 0.4463999569416046 0
1675464617697 0.4529752731323242 0
1675464617923 0.454910546541214 0
1675464618151 0.4544382095336914 0
1675464618369 0.4531388282775879 0
1675464618625 0.4533112347126007 0
1675464618805 0.46378424763679504 0
1675464619007 0.457764208316803 0
1675464619235 0.45642992854118347 0
1675464619487 0.45106151700019836 0
1675464621722 0.44412073493003845 0
1675464621967 0.45558321475982666 0
1675464622207 0.45125168561935425 0
1675464622427 0.4543205201625824 0
1675464622684 0.4528619945049286 0
1675464622919 0.45364561676979065 0
1675464623147 0.4526369571685791 0
1675464623338 0.4573378264904022 0
1675464623567 0.4555986821651459 0
1675464623800 0.4554748237133026 0
1675464623999 0.45708557963371277 0
1675464624274 0.4485638737678528 0
1675464624538 0.4481668770313263 0
1675464624841 0.4464484453201294 0
1675464625035 0.4614725708961487 0
1675464625228 0.4581385552883148 0
1675464625479 0.4540155827999115 0
1675464625701 0.4567977488040924 0
1675464626010 0.4440208375453949 0
1675464626268 0.45038262009620667 0
1675464626504 0.45591267943382263 0
1675464626726 0.4564937353134155 0
1675464626935 0.4536091387271881 0
1675464627216 0.4458618760108948 0
1675464627478 0.4496849775314331 0
1675464627665 0.4570792615413666 0
1675464627900 0.45562687516212463 0
1675464628180 0.45289117097854614 0
1675464628415 0.4508967995643616 0
1675464628635 0.4510122537612915 0
1675464628869 0.45219847559928894 0
1675464629090 0.4519338607788086 0
1675464629355 0.4505991041660309 0
1675464629595 0.4532257616519928 0
1675464629844 0.45247572660446167 0
1675464630106 0.45069006085395813 0
1675464630423 0.4473799765110016 0
1675464630655 0.45668429136276245 0
1675464630845 0.4574822187423706 0
1675464631057 0.4573294520378113 0
1675464631297 0.4514474868774414 0
1675464631516 0.45592406392097473 0
1675464631805 0.44272541999816895 0
1675464632030 0.4525772035121918 0
1675464632297 0.45251619815826416 0
1675464632553 0.45111584663391113 0
1675464632765 0.45405805110931396 0
1675464632991 0.4526738226413727 0
1675464633241 0.4506063461303711 0
1675464633473 0.4543328285217285 0
1675464633712 0.45288166403770447 0
1675464633915 0.45694923400878906 0
1675464634156 0.45159608125686646 0
1675464634374 0.4534876048564911 0
1675464634564 0.4579562842845917 0
1675464634843 0.4482326805591583 0
1675464635084 0.4538343548774719 0
1675464635286 0.4567379057407379 0
1675464635494 0.454919695854187 0
1675464635721 0.45375970005989075 0
1675464635945 0.4530578851699829 0
1675464636171 0.45433369278907776 0
1675464636406 0.45427843928337097 0
1675464636607 0.45659980177879333 0
1675464636846 0.4536011517047882 0
1675464637051 0.4564969837665558 0
1675464637318 0.44984760880470276 0
1675464637559 0.45262661576271057 0
1675464637772 0.4558764696121216 0
1675464637999 0.4532027840614319 0
1675464638203 0.4551249146461487 0
1675464638415 0.4531048536300659 0
1675464638646 0.4505215585231781 0
1675464638892 0.45221441984176636 0
1675464639084 0.458493173122406 0
1675464639268 0.4576743543148041 0
1675464639507 0.45076650381088257 0
1675464639725 0.45329299569129944 0
1675464639989 0.44885897636413574 0
1675464640236 0.4509269595146179 0
1675464640492 0.44741004705429077 0
1675464640639 0.46551135182380676 0
1675464640910 0.4500763416290283 0
1675464641140 0.45337510108947754 0
1675464641364 0.4512220621109009 0
1675464641554 0.4590538740158081 0
1675464641795 0.4508531987667084 0
1675464642037 0.44634419679641724 0
1675464642215 0.459885835647583 0
1675464642433 0.45427897572517395 0
1675464642670 0.4477456212043762 0
1675464642902 0.45013925433158875 0
1675464643114 0.45315754413604736 0
1675464643345 0.45230427384376526 0
1675464643608 0.44794362783432007 0
1675464643881 0.447140634059906 0
1675464644103 0.45332959294319153 0
1675464644327 0.4541950821876526 0
1675464644551 0.45350632071495056 0
1675464644833 0.4460354149341583 0
1675464645054 0.4562358558177948 0
1675464645263 0.45382845401763916 0
1675464645485 0.452689528465271 0
1675464645747 0.44907546043395996 0
1675464646015 0.44959378242492676 0
1675464646261 0.4492414891719818 0
1675464646446 0.4600171446800232 0
1675464646680 0.4517228901386261 0
1675464646943 0.4459291100502014 0
1675464647184 0.4496053159236908 0
1675464647382 0.45641466975212097 0
1675464647649 0.4447675347328186 0
1675464647843 0.45481112599372864 0
1675464648125 0.44477343559265137 0
1675464648344 0.4520760476589203 0
1675464648582 0.4494290053844452 0
1675464648813 0.45080986618995667 0
1675464649079 0.44863513112068176 0
1675464649327 0.4524800479412079 0
1675464649546 0.4551473557949066 0
1675464649757 0.4567442536354065 0
1675464649965 0.4525621235370636 0
1675464650177 0.4553025960922241 0
1675464650421 0.45303261280059814 0
1675464650614 0.4554482102394104 0
1675464650835 0.450265496969223 0
1675464651043 0.45345520973205566 0
1675464651324 0.4445527493953705 0
1675464651522 0.45502254366874695 0
1675464651728 0.4512265920639038 0
1675464651999 0.4449688494205475 0
1675464652243 0.4514942169189453 0
1675464652420 0.45839256048202515 0
1675464652656 0.45141905546188354 0
1675464652916 0.4495699405670166 0
1675464653135 0.4496164619922638 0
1675464653344 0.45455437898635864 0
1675464653587 0.4507080018520355 0
1675464653818 0.45335501432418823 0
1675464654046 0.45316633582115173 0
1675464654261 0.4522283375263214 0
1675464654449 0.4543730318546295 0
1675464654718 0.44804883003234863 0
1675464654999 0.44425585865974426 0
1675464655263 0.44505688548088074 0
1675464655505 0.44760018587112427 0
1675464655754 0.44770488142967224 0
1675464656018 0.4494098722934723 0
1675464656218 0.4544074833393097 0
1675464656427 0.45309990644454956 0
1675464656661 0.4471588730812073 0
1675464656890 0.4499368369579315 0
1675464657152 0.447923868894577 0
1675464657450 0.4468425214290619 0
1675464657734 0.44408515095710754 0
1675464657989 0.45002037286758423 0
1675464658245 0.4475178122520447 0
