1675603058073 0.514650285243988 0
1675603058336 0.49777066707611084 0
1675603058634 0.47934824228286743 0
1675603058921 0.4614441394805908 0
1675603059223 0.4438568353652954 0
1675603059488 0.4264328181743622 0
1675603059795 0.4098968803882599 0
1675603060099 0.39466503262519836 0
1675603060386 0.3799295127391815 0
1675603060668 0.3659665882587433 0
1675603060959 0.35467854142189026 0
1675603061208 0.3431724011898041 0
1675603061459 0.3340003788471222 0
1675603061759 0.3251390755176544 0
1675603062019 0.31744736433029175 0
1675603062291 0.31098440289497375 0
1675603062549 0.30410483479499817 0
1675603062831 0.2987995147705078 0
1675603063109 0.2937380075454712 0
1675603063381 0.2877386808395386 0
1675603063685 0.28381964564323425 0
1675603063963 0.27944818139076233 0
1675603064245 0.2757463753223419 0
1675603064516 0.27212291955947876 0
1675603064837 0.2688608467578888 0
1675603065143 0.26531046628952026 0
1675603065404 0.26246869564056396 0
1675603065717 0.25949826836586 0
1675603066007 0.25667130947113037 0
1675603066315 0.2535325586795807 0
1675603066566 0.2513790726661682 0
1675603066862 0.2482331544160843 0
1675603067158 0.24543200433254242 0
1675603067450 0.24263155460357666 0
1675603067716 0.2391679286956787 0
1675603068004 0.23663507401943207 0
1675603068278 0.23355035483837128 0
1675603068569 0.23072756826877594 0
1675603068847 0.22803658246994019 0
1675603069148 0.22608353197574615 0
1675603069443 0.22339686751365662 0
1675603069725 0.22097955644130707 0
1675603070053 0.21872031688690186 0
1675603070336 0.21697206795215607 0
1675603070627 0.2143995314836502 0
1675603070938 0.21212011575698853 0
1675603071239 0.2107437252998352 0
1675603071515 0.20887409150600433 0
1675603071779 0.20747525990009308 0
1675603072075 0.20500382781028748 0
1675603072346 0.2035790979862213 0
1675603072613 0.20178765058517456 0
1675603072884 0.20018678903579712 0
1675603073186 0.19844746589660645 0
1675603073486 0.19710785150527954 0
1675603073758 0.19670775532722473 0
1675603074048 0.19476091861724854 0
1675603074340 0.19342677295207977 0
1675603074641 0.19220207631587982 0
1675603074939 0.19091182947158813 0
1675603075221 0.19031204283237457 0
1675603075511 0.1887325793504715 0
1675603075784 0.18801051378250122 0
1675603076060 0.1875852793455124 0
1675603076360 0.18602894246578217 0
1675603076665 0.18551088869571686 0
1675603076940 0.18479889631271362 0
1675603077249 0.1837710440158844 0
1675603077555 0.1829300820827484 0
1675603077838 0.1826953887939453 0
1675603078155 0.18145331740379333 0
1675603078425 0.1814083606004715 0
1675603078698 0.1805034726858139 0
1675603078978 0.1798272728919983 0
1675603079275 0.17908728122711182 0
1675603079558 0.1784628927707672 0
1675603079848 0.17796659469604492 0
1675603080115 0.17762796580791473 0
1675603080393 0.176546111702919 0
1675603080661 0.17602090537548065 0
1675603080946 0.17518250644207 0
1675603081210 0.1752283275127411 0
1675603081521 0.1738639622926712 0
1675603081841 0.172404482960701 0
1675603082140 0.17196641862392426 0
1675603082425 0.1720065176486969 0
1675603082733 0.1703830361366272 0
1675603082997 0.1706385761499405 0
1675603083326 0.16863666474819183 0
1675603083602 0.1685905158519745 0
1675603083904 0.16708976030349731 0
1675603084190 0.1671276092529297 0
1675603084454 0.1666109412908554 0
1675603084748 0.1654425412416458 0
1675603085053 0.16403885185718536 0
1675603085346 0.1630508452653885 0
1675603085605 0.16354450583457947 0
1675603085875 0.16243359446525574 0
1675603086137 0.16090068221092224 0
1675603086427 0.1603737473487854 0
1675603086710 0.15970928966999054 0
1675603087006 0.15970486402511597 0
1675603087286 0.15878228843212128 0
1675603087564 0.15820026397705078 0
1675603087822 0.15848053991794586 0
1675603088134 0.1566937267780304 0
1675603088394 0.15753154456615448 0
1675603088710 0.155482679605484 0
1675603088969 0.15646310150623322 0
1675603089250 0.15581531822681427 0
1675603089539 0.1553083211183548 0
1675603089821 0.1547480672597885 0
1675603090107 0.15443627536296844 0
1675603090394 0.15411140024662018 0
1675603090676 0.15372130274772644 0
1675603090962 0.1536698192358017 0
1675603091251 0.15337225794792175 0
1675603091609 0.1519446223974228 0
1675603091905 0.15293310582637787 0
1675603092196 0.15259096026420593 0
1675603092456 0.15353727340698242 0
1675603092716 0.15317445993423462 0
1675603093001 0.15228746831417084 0
1675603093288 0.15200001001358032 0
1675603093550 0.15250170230865479 0
1675603093836 0.15191484987735748 0
1675603094082 0.15232723951339722 0
1675603094350 0.15191532671451569 0
1675603094641 0.15170730650424957 0
1675603094920 0.15171179175376892 0
1675603095190 0.15216438472270966 0
1675603095501 0.15074566006660461 0
1675603095802 0.1506151258945465 0
1675603096083 0.15069839358329773 0
1675603096348 0.15111351013183594 0
1675603096634 0.150542214512825 0
1675603096882 0.15125881135463715 0
1675603097140 0.15109799802303314 0
1675603097450 0.14972355961799622 0
1675603097698 0.15085116028785706 0
1675603097978 0.15021257102489471 0
1675603098264 0.1496281921863556 0
1675603098525 0.15009073913097382 0
1675603098862 0.14800794422626495 0
1675603099186 0.1499335616827011 0
1675603099542 0.1491263210773468 0
1675603099832 0.14901115000247955 0
1675603100126 0.14891614019870758 0
1675603100383 0.14958253502845764 0
1675603100683 0.1483333855867386 0
1675603100941 0.14939284324645996 0
1675603101207 0.14926646649837494 0
1675603101493 0.14846937358379364 0
1675603101775 0.1489080786705017 0
1675603102071 0.14834001660346985 0
1675603102386 0.14729008078575134 0
1675603102677 0.14823897182941437 0
1675603104584 0.14895105361938477 0
1675603104864 0.14858750998973846 0
1675603105133 0.1489667147397995 0
1675603105441 0.14793899655342102 0
1675603105710 0.14843620359897614 0
1675603105994 0.14855335652828217 0
1675603106268 0.14861057698726654 0
1675603106580 0.14768759906291962 0
1675603106872 0.14827165007591248 0
1675603107149 0.14835676550865173 0
1675603107453 0.1479957550764084 0
1675603107727 0.14894458651542664 0
1675603107988 0.14910459518432617 0
1675603108263 0.14868870377540588 0
1675603108542 0.1485348790884018 0
1675603108822 0.148133784532547 0
1675603109088 0.14901578426361084 0
1675603109355 0.14879409968852997 0
1675603109655 0.14816191792488098 0
1675603109949 0.1482260823249817 0
1675603110215 0.1488831788301468 0
1675603110488 0.14915111660957336 0
1675603110768 0.1487894505262375 0
1675603111035 0.1486097276210785 0
1675603111315 0.14844882488250732 0
1675603111623 0.14817732572555542 0
1675603111898 0.14843778312206268 0
1675603112194 0.1485505849123001 0
1675603112471 0.14860408008098602 0
1675603112743 0.14866599440574646 0
1675603113030 0.14818774163722992 0
1675603113322 0.14831197261810303 0
1675603113634 0.14788919687271118 0
1675603113935 0.14812318980693817 0
1675603114219 0.1486658900976181 0
1675603114511 0.1480949968099594 0
1675603114797 0.14848916232585907 0
1675603115090 0.14806543290615082 0
1675603115360 0.14871054887771606 0
1675603115691 0.1475783884525299 0
1675603115976 0.14848574995994568 0
1675603116263 0.1484227329492569 0
1675603116506 0.1496301293373108 0
1675603116794 0.14832061529159546 0
1675603117076 0.14866480231285095 0
1675603117355 0.14838232100009918 0
1675603117631 0.14879493415355682 0
1675603117925 0.14835494756698608 0
1675603118211 0.14873218536376953 0
1675603118510 0.14818507432937622 0
1675603118788 0.14878617227077484 0
1675603119077 0.14840523898601532 0
1675603119339 0.14915578067302704 0
1675603119618 0.1485588550567627 0
1675603119906 0.1483960896730423 0
1675603120222 0.14806996285915375 0
1675603120533 0.14811353385448456 0
1675603120784 0.14898338913917542 0
1675603121069 0.1478077620267868 0
1675603121372 0.14791326224803925 0
1675603121667 0.14852894842624664 0
1675603121958 0.14834056794643402 0
1675603122258 0.14830532670021057 0
1675603122540 0.14843891561031342 0
1675603122874 0.14712277054786682 0
1675603123176 0.14812681078910828 0
1675603123470 0.14841672778129578 0
1675603123732 0.14912906289100647 0
1675603124033 0.14800789952278137 0
1675603124323 0.1481809765100479 0
1675603124568 0.14964377880096436 0
1675603124833 0.14837095141410828 0
1675603125124 0.14818820357322693 0
1675603125430 0.1474497765302658 0
1675603125686 0.1488267332315445 0
1675603125958 0.1484842747449875 0
1675603126207 0.1491258591413498 0
1675603126487 0.1483466476202011 0
1675603126781 0.14799214899539948 0
1675603127074 0.14810959994792938 0
1675603127368 0.14827626943588257 0
1675603127647 0.14846917986869812 0
1675603127965 0.14745402336120605 0
1675603128253 0.1481068879365921 0
1675603128518 0.14853648841381073 0
1675603128807 0.14785869419574738 0
1675603129113 0.14795199036598206 0
1675603129438 0.14773741364479065 0
1675603129731 0.1482534259557724 0
1675603130028 0.14798738062381744 0
1675603130313 0.14828114211559296 0
1675603130601 0.1486373394727707 0
1675603130905 0.14785514771938324 0
1675603131218 0.14786967635154724 0
1675603131493 0.14856287837028503 0
1675603131785 0.14809677004814148 0
1675603132080 0.14804299175739288 0
1675603132377 0.1478622555732727 0
1675603132686 0.14782477915287018 0
1675603132962 0.14834050834178925 0
1675603133245 0.14841164648532867 0
1675603133520 0.14858920872211456 0
1675603133799 0.14845846593379974 0
1675603134093 0.1479930430650711 0
1675603134385 0.1475193351507187 0
1675603134656 0.1482464075088501 0
1675603134967 0.14736850559711456 0
1675603135257 0.14835208654403687 0
1675603135541 0.14846087992191315 0
1675603135831 0.1483716517686844 0
1675603136123 0.1485067903995514 0
1675603136390 0.14907239377498627 0
1675603136642 0.14926591515541077 0
1675603136912 0.1487218588590622 0
1675603137192 0.1480124145746231 0
1675603137507 0.147704616189003 0
1675603137810 0.14779818058013916 0
1675603138138 0.14693738520145416 0
1675603138412 0.14880621433258057 0
1675603138705 0.14825527369976044 0
1675603138985 0.14762480556964874 0
1675603139244 0.14897006750106812 0
1675603139531 0.14805515110492706 0
1675603139800 0.14854635298252106 0
1675603140076 0.14837123453617096 0
1675603140354 0.1483030766248703 0
1675603140647 0.1479513794183731 0
1675603140918 0.14867599308490753 0
1675603141228 0.14737972617149353 0
1675603141497 0.1485792100429535 0
1675603141800 0.14731310307979584 0
1675603142119 0.14747320115566254 0
1675603142405 0.14793141186237335 0
1675603142734 0.1469467282295227 0
1675603143026 0.14784343540668488 0
1675603143304 0.14832039177417755 0
1675603143578 0.1487581580877304 0
1675603143845 0.14892688393592834 0
1675603144139 0.1484868824481964 0
1675603144393 0.14895667135715485 0
1675603144657 0.14868022501468658 0
1675603144971 0.14724960923194885 0
1675603145250 0.14817406237125397 0
1675603145533 0.14815697073936462 0
1675603145812 0.1483994722366333 0
1675603146137 0.146904855966568 0
1675603146427 0.14816290140151978 0
1675603146706 0.14860637485980988 0
1675603146999 0.14821967482566833 0
1675603147268 0.1487046629190445 0
1675603147561 0.1478688269853592 0
1675603147852 0.1479916274547577 0
1675603148110 0.14877566695213318 0
1675603148386 0.1481526494026184 0
1675603148670 0.14783143997192383 0
1675603148960 0.14741942286491394 0
1675603149238 0.1484091877937317 0
1675603151094 0.14945445954799652 0
1675603151383 0.14807400107383728 0
1675603151661 0.14851874113082886 0
1675603151965 0.1477569341659546 0
1675603152225 0.14860229194164276 0
1675603152488 0.1489342749118805 0
1675603152772 0.14823387563228607 0
1675603153056 0.14779983460903168 0
1675603153364 0.14723585546016693 0
1675603153648 0.1476825773715973 0
1675603153945 0.14765173196792603 0
1675603154217 0.1482938528060913 0
1675603154509 0.1477535516023636 0
1675603154799 0.14790837466716766 0
1675603155088 0.14806441962718964 0
1675603155379 0.1477033942937851 0
1675603155682 0.14752936363220215 0
1675603155969 0.14825056493282318 0
1675603156258 0.1481105387210846 0
1675603156529 0.14866994321346283 0
1675603156806 0.14844705164432526 0
1675603157107 0.1476059854030609 0
1675603157421 0.14735469222068787 0
1675603157700 0.1483464390039444 0
1675603157999 0.1481928527355194 0
1675603158267 0.1484915018081665 0
1675603158568 0.14772506058216095 0
1675603158868 0.14797337353229523 0
1675603159195 0.14857079088687897 0
1675603159494 0.14775370061397552 0
1675603159761 0.14886774122714996 0
1675603160051 0.14824308454990387 0
1675603160319 0.1486215591430664 0
1675603160671 0.14634938538074493 0
1675603160963 0.1478520929813385 0
1675603161282 0.14730852842330933 0
1675603161551 0.14859583973884583 0
1675603161822 0.14857423305511475 0
1675603162104 0.1484561264514923 0
1675603162400 0.14802025258541107 0
1675603162689 0.14797359704971313 0
1675603162986 0.147801011800766 0
1675603163274 0.14796198904514313 0
1675603163578 0.14746899902820587 0
1675603163885 0.14733469486236572 0
1675603164173 0.14814992249011993 0
1675603164447 0.14823538064956665 0
1675603164726 0.14795836806297302 0
1675603164988 0.1483680009841919 0
1675603165292 0.147627592086792 0
1675603165581 0.14784742891788483 0
1675603165875 0.1479301154613495 0
1675603166170 0.14836904406547546 0
1675603166434 0.148923859000206 0
1675603166733 0.14771567285060883 0
1675603167045 0.14724959433078766 0
1675603167373 0.14774417877197266 0
1675603167634 0.148345485329628 0
1675603167901 0.14824430644512177 0
1675603168185 0.14773325622081757 0
1675603168484 0.147992804646492 0
1675603168766 0.14794620871543884 0
1675603169034 0.1482459008693695 0
1675603169331 0.14773066341876984 0
1675603169616 0.14806343615055084 0
1675603169896 0.14796917140483856 0
1675603170195 0.14708614349365234 0
1675603170471 0.14823247492313385 0
1675603170746 0.14841270446777344 0
1675603171021 0.14873498678207397 0
1675603171330 0.14749614894390106 0
1675603171612 0.14807644486427307 0
1675603171872 0.14880555868148804 0
1675603172189 0.1475210189819336 0
1675603172435 0.1492297500371933 0
1675603172707 0.1485961228609085 0
1675603172981 0.14852824807167053 0
1675603173239 0.1489133983850479 0
1675603173556 0.14697977900505066 0
1675603173830 0.14826509356498718 0
1675603174118 0.14761807024478912 0
1675603174409 0.14821231365203857 0
1675603174698 0.1480107456445694 0
1675603174993 0.1476464569568634 0
1675603175230 0.14937543869018555 0
1675603175491 0.14775419235229492 0
1675603175750 0.14816033840179443 0
1675603176026 0.14820796251296997 0
1675603176300 0.1485493928194046 0
1675603176582 0.14789976179599762 0
1675603176873 0.1478414088487625 0
1675603177152 0.1483616679906845 0
1675603177446 0.14783170819282532 0
1675603177762 0.14659404754638672 0
1675603178048 0.14755968749523163 0
1675603178286 0.14867810904979706 0
1675603178579 0.14762629568576813 0
1675603178861 0.1485176831483841 0
1675603179133 0.14853309094905853 0
1675603179401 0.14890114963054657 0
1675603179663 0.14879849553108215 0
1675603179939 0.14780016243457794 0
1675603180213 0.14843851327896118 0
1675603180507 0.1477615237236023 0
1675603180796 0.14806140959262848 0
1675603181048 0.14921613037586212 0
1675603181324 0.14821895956993103 0
1675603181574 0.14929430186748505 0
1675603181849 0.14835567772388458 0
1675603182154 0.14780159294605255 0
1675603182425 0.14828447997570038 0
1675603182671 0.14925579726696014 0
1675603182936 0.14870154857635498 0
1675603183201 0.1485266536474228 0
1675603183493 0.1478792428970337 0
1675603183779 0.14783652126789093 0
1675603184067 0.14788439869880676 0
1675603184362 0.147744819521904 0
1675603184635 0.1483161598443985 0
1675603184936 0.14745618402957916 0
1675603185224 0.14809975028038025 0
1675603185514 0.1482546329498291 0
1675603185766 0.14855444431304932 0
1675603186114 0.14679880440235138 0
1675603186416 0.14731016755104065 0
1675603186693 0.14831991493701935 0
1675603186978 0.1478995680809021 0
1675603187271 0.1479935199022293 0
1675603187561 0.1478448212146759 0
1675603187851 0.1481185406446457 0
1675603188121 0.14838257431983948 0
1675603188419 0.14817024767398834 0
1675603188693 0.14819622039794922 0
1675603188989 0.1477280557155609 0
1675603189269 0.14858317375183105 0
1675603189577 0.1476421356201172 0
1675603189861 0.1481797695159912 0
1675603190156 0.14772307872772217 0
1675603190412 0.1489896923303604 0
1675603190681 0.1483273059129715 0
1675603190955 0.14776015281677246 0
1675603191238 0.14775748550891876 0
1675603191548 0.1478026956319809 0
1675603191882 0.14675524830818176 0
1675603192149 0.1484426110982895 0
1675603192421 0.1482427716255188 0
1675603192704 0.14799487590789795 0
1675603192999 0.14781653881072998 0
1675603193304 0.1473945677280426 0
1675603193611 0.14702552556991577 0
1675603193898 0.14812666177749634 0
1675603194195 0.1477775275707245 0
1675603194505 0.1474946290254593 0
1675603194775 0.14859481155872345 0
1675603195053 0.14811763167381287 0
1675603195323 0.1486910730600357 0
1675603195609 0.14779549837112427 0
1675603197530 0.14845767617225647 0
1675603197849 0.14702950417995453 0
1675603198146 0.14762914180755615 0
1675603198421 0.14836226403713226 0
1675603198755 0.14658507704734802 0
1675603199042 0.14806726574897766 0
1675603199337 0.1479126214981079 0
1675603199593 0.14897975325584412 0
1675603199893 0.14754195511341095 0
1675603200192 0.14766931533813477 0
1675603200449 0.14908571541309357 0
1675603200735 0.14809559285640717 0
1675603201023 0.1477024108171463 0
1675603201323 0.14736127853393555 0
1675603201619 0.14799590408802032 0
1675603201919 0.1474970430135727 0
1675603202210 0.14795589447021484 0
1675603202504 0.1477137804031372 0
1675603202780 0.148206427693367 0
1675603203070 0.14815768599510193 0
1675603203359 0.14778180420398712 0
1675603203646 0.14791487157344818 0
1675603203940 0.147986501455307 0
1675603204227 0.1479315608739853 0
1675603204514 0.14781935513019562 0
1675603204814 0.14742903411388397 0
1675603205126 0.14693677425384521 0
1675603205415 0.1479148119688034 0
1675603205728 0.14729191362857819 0
1675603206001 0.14834369719028473 0
1675603206317 0.14683832228183746 0
1675603206614 0.1476341038942337 0
1675603206922 0.14725492894649506 0
1675603207216 0.14821790158748627 0
1675603207515 0.1476161777973175 0
1675603207806 0.14787161350250244 0
1675603208104 0.1476929783821106 0
1675603208402 0.14749984443187714 0
1675603208704 0.14758670330047607 0
1675603208982 0.14849470555782318 0
1675603209235 0.148780956864357 0
1675603209477 0.14867697656154633 0
1675603209815 0.14723223447799683 0
1675603210107 0.1477234810590744 0
1675603210391 0.14764288067817688 0
1675603210637 0.1491515189409256 0
1675603210892 0.1483144760131836 0
1675603211205 0.14663814008235931 0
1675603211481 0.14791621267795563 0
1675603211760 0.14808118343353271 0
1675603212052 0.14756745100021362 0
1675603212363 0.14750313758850098 0
1675603212650 0.14818111062049866 0
1675603212940 0.14779682457447052 0
1675603213225 0.14816401898860931 0
1675603213509 0.14810843765735626 0
1675603213797 0.14792710542678833 0
1675603214074 0.14818422496318817 0
1675603214355 0.14795824885368347 0
1675603214605 0.1494135558605194 0
1675603214929 0.14710097014904022 0
1675603215230 0.14724397659301758 0
1675603215534 0.14719946682453156 0
1675603215801 0.14862486720085144 0
1675603216094 0.14791721105575562 0
1675603216367 0.1480797529220581 0
1675603216645 0.14822199940681458 0
1675603216941 0.14792227745056152 0
1675603217246 0.14716064929962158 0
1675603217546 0.14805133640766144 0
1675603217807 0.1486567109823227 0
1675603218103 0.14743083715438843 0
1675603218404 0.14733514189720154 0
1675603218687 0.14821414649486542 0
1675603218946 0.14843623340129852 0
1675603219191 0.14894609153270721 0
1675603219456 0.14840969443321228 0
1675603219728 0.14835083484649658 0
1675603220009 0.14817382395267487 0
1675603220307 0.14770063757896423 0
1675603220561 0.1490296870470047 0
1675603220836 0.14822526276111603 0
1675603221145 0.14718089997768402 0
1675603221444 0.14739267528057098 0
1675603221727 0.1477871537208557 0
1675603222011 0.1476002335548401 0
1675603222315 0.14751499891281128 0
1675603222564 0.14919963479042053 0
1675603222843 0.14816607534885406 0
1675603223121 0.1479145586490631 0
1675603223388 0.14850962162017822 0
1675603223686 0.1474742293357849 0
1675603223973 0.1477127969264984 0
1675603224292 0.14616818726062775 0
1675603224555 0.1482401341199875 0
1675603224852 0.14737443625926971 0
1675603225102 0.14843574166297913 0
1675603225401 0.1471305638551712 0
1675603225699 0.14794309437274933 0
1675603226003 0.14765006303787231 0
1675603226283 0.1482526808977127 0
1675603226591 0.14742979407310486 0
1675603226873 0.14837945997714996 0
1675603227150 0.14851699769496918 0
1675603227457 0.1471732258796692 0
1675603227746 0.1477270871400833 0
1675603228036 0.14818821847438812 0
1675603228304 0.14777807891368866 0
1675603228589 0.14779099822044373 0
1675603228884 0.14832226932048798 0
1675603229175 0.1478402018547058 0
1675603229462 0.14826840162277222 0
1675603229782 0.14733748137950897 0
1675603230040 0.14909794926643372 0
1675603230319 0.14851197600364685 0
1675603230615 0.1481660157442093 0
1675603230948 0.14717335999011993 0
1675603231233 0.14782777428627014 0
1675603231491 0.14820457994937897 0
1675603231779 0.14752601087093353 0
1675603232078 0.14752081036567688 0
1675603232369 0.1477433145046234 0
1675603232632 0.14863133430480957 0
1675603232915 0.14720477163791656 0
1675603233195 0.14737510681152344 0
1675603233481 0.1478210836648941 0
1675603233732 0.14883466064929962 0
1675603234020 0.14796456694602966 0
1675603234282 0.14846950769424438 0
1675603234583 0.14764566719532013 0
1675603234845 0.14865009486675262 0
1675603235100 0.14862346649169922 0
1675603235399 0.1475057154893875 0
1675603235687 0.1476566195487976 0
1675603235964 0.1480388045310974 0
1675603236223 0.14839698374271393 0
1675603236489 0.14848056435585022 0
1675603236782 0.14727197587490082 0
1675603237055 0.1479344516992569 0
1675603237328 0.14813075959682465 0
1675603237609 0.1475953906774521 0
1675603237871 0.14833348989486694 0
1675603238172 0.1469350904226303 0
1675603238460 0.14746369421482086 0
1675603238747 0.14743776619434357 0
1675603238990 0.14906193315982819 0
1675603239239 0.14861968159675598 0
1675603239503 0.14865705370903015 0
1675603239792 0.14787091314792633 0
1675603240093 0.14775997400283813 0
1675603240396 0.14758992195129395 0
1675603240692 0.14778362214565277 0
1675603240976 0.1480497121810913 0
1675603241232 0.1484398990869522 0
1675603241495 0.14849674701690674 0
1675603241782 0.148053839802742 0
1675603242044 0.14808230102062225 0
1675603243942 0.14759401977062225 0
1675603244247 0.14760510623455048 0
1675603244538 0.14778053760528564 0
1675603244805 0.14841675758361816 0
1675603245100 0.1479732245206833 0
1675603245368 0.14861823618412018 0
1675603245658 0.1476544588804245 0
1675603245920 0.1486019790172577 0
1675603246185 0.14846940338611603 0
1675603246458 0.14805781841278076 0
1675603246775 0.14702396094799042 0
1675603247069 0.1475885957479477 0
1675603247351 0.14802221953868866 0
1675603247652 0.14712922275066376 0
1675603247912 0.1487225443124771 0
1675603248206 0.14760340750217438 0
1675603248472 0.14868894219398499 0
1675603248758 0.14757102727890015 0
1675603249029 0.148421049118042 0
1675603249308 0.14808276295661926 0
1675603249565 0.14882437884807587 0
1675603249856 0.14763899147510529 0
1675603250118 0.14832086861133575 0
1675603250411 0.14751987159252167 0
1675603250700 0.14745037257671356 0
1675603250970 0.14850673079490662 0
1675603251259 0.14765553176403046 0
1675603251543 0.14769574999809265 0
1675603251819 0.14817148447036743 0
1675603252065 0.14922253787517548 0
1675603252333 0.148191899061203 0
1675603252612 0.14799125492572784 0
1675603252917 0.14684772491455078 0
1675603253221 0.1476123183965683 0
1675603253501 0.14808398485183716 0
1675603253767 0.14832165837287903 0
1675603254062 0.14775973558425903 0
1675603254325 0.14847254753112793 0
1675603254643 0.14679989218711853 0
1675603254921 0.1480705887079239 0
1675603255208 0.148111492395401 0
1675603255516 0.14709971845149994 0
1675603255808 0.1477220356464386 0
1675603256069 0.14899010956287384 0
1675603256332 0.14867407083511353 0
1675603256619 0.1476193517446518 0
1675603256898 0.14787819981575012 0
1675603257188 0.1475919485092163 0
1675603257460 0.1484159678220749 0
1675603257780 0.14664772152900696 0
1675603258094 0.14708244800567627 0
1675603258366 0.14830301702022552 0
1675603258656 0.1477336287498474 0
1675603258962 0.14717665314674377 0
1675603259249 0.14790663123130798 0
1675603259575 0.14644315838813782 0
1675603259882 0.14702214300632477 0
1675603260156 0.14865659177303314 0
1675603260431 0.1482587605714798 0
1675603260725 0.1476152241230011 0
1675603260987 0.14776106178760529 0
1675603261252 0.1484415978193283 0
1675603261542 0.14727608859539032 0
1675603261836 0.14765018224716187 0
1675603262145 0.14715708792209625 0
1675603262436 0.14765958487987518 0
1675603262697 0.1481635570526123 0
1675603263020 0.14761920273303986 0
1675603263296 0.14798475801944733 0
1675603263591 0.1474301815032959 0
1675603263874 0.1478370726108551 0
1675603264189 0.14690439403057098 0
1675603264475 0.14811944961547852 0
1675603264770 0.14736951887607574 0
1675603265057 0.1477479487657547 0
1675603265358 0.14714185893535614 0
1675603265659 0.14721758663654327 0
1675603265959 0.14747300744056702 0
1675603266246 0.14785237610340118 0
1675603266526 0.1479787677526474 0
1675603266805 0.1480068564414978 0
1675603267085 0.1479203850030899 0
1675603267355 0.14815013110637665 0
1675603267634 0.14815810322761536 0
1675603267901 0.1484035849571228 0
1675603268175 0.14795644581317902 0
1675603268442 0.14833496510982513 0
1675603268692 0.14866620302200317 0
1675603268978 0.14799553155899048 0
1675603269302 0.1465810090303421 0
1675603269612 0.14688389003276825 0
1675603269889 0.14837528765201569 0
1675603270141 0.1489303708076477 0
1675603270458 0.1468464434146881 0
1675603270768 0.14710143208503723 0
1675603271045 0.14807374775409698 0
1675603271323 0.14836345613002777 0
1675603271600 0.14792880415916443 0
1675603271883 0.14793001115322113 0
1675603272146 0.14805173873901367 0
1675603272400 0.1482725441455841 0
1675603272675 0.14807704091072083 0
1675603273010 0.14638863503932953 0
1675603273296 0.1475130170583725 0
1675603273550 0.14859649538993835 0
1675603273803 0.1484827846288681 0
1675603274090 0.14744532108306885 0
1675603274384 0.14763513207435608 0
1675603274693 0.1473238319158554 0
1675603274974 0.14760898053646088 0
1675603275234 0.14846991002559662 0
1675603275497 0.14793778955936432 0
1675603275797 0.14742803573608398 0
1675603276096 0.1470768004655838 0
1675603276375 0.14808323979377747 0
1675603276647 0.14814434945583344 0
1675603276918 0.14772555232048035 0
1675603277222 0.14768844842910767 0
1675603277502 0.14789941906929016 0
1675603277791 0.1475616991519928 0
1675603278100 0.14687681198120117 0
1675603278409 0.14680835604667664 0
1675603278695 0.14782772958278656 0
1675603278960 0.14819622039794922 0
1675603279244 0.1478424370288849 0
1675603279495 0.1490698754787445 0
1675603279759 0.1483379602432251 0
1675603280037 0.14772742986679077 0
1675603280318 0.14749088883399963 0
1675603280587 0.14743228256702423 0
1675603280887 0.1465887725353241 0
1675603281145 0.14748236536979675 0
1675603281424 0.14714671671390533 0
1675603281664 0.14867578446865082 0
1675603281960 0.14731673896312714 0
1675603282247 0.1470935195684433 0
1675603282504 0.1479709893465042 0
1675603282769 0.14835771918296814 0
1675603283040 0.1481492966413498 0
1675603283347 0.1469438672065735 0
1675603283628 0.14818476140499115 0
1675603283933 0.1474217176437378 0
1675603284209 0.14808952808380127 0
1675603284484 0.14795909821987152 0
1675603284768 0.14773015677928925 0
1675603285062 0.14764143526554108 0
1675603285309 0.14838339388370514 0
1675603285559 0.14826428890228271 0
1675603285873 0.14751334488391876 0
1675603286155 0.1478959172964096 0
1675603286454 0.1470320224761963 0
1675603286727 0.14755770564079285 0
1675603286979 0.1479262113571167 0
1675603287264 0.14729569852352142 0
1675603287545 0.1478036344051361 0
1675603287831 0.14728714525699615 0
1675603288100 0.1480991244316101 0
