1675623810712 0.6137446761131287 0
1675623810948 0.6174015998840332 0
1675623811149 0.6134890913963318 0
1675623811379 0.6059154272079468 0
1675623811655 0.594304621219635 0
1675623811905 0.5943456292152405 0
1675623812151 0.5903080105781555 0
1675623812361 0.5944963097572327 0
1675623812592 0.5857182145118713 0
1675623812818 0.584193229675293 0
1675623813049 0.5782645344734192 0
1675623813267 0.574535071849823 0
1675623813485 0.56786048412323 0
1675623813690 0.5670430064201355 0
1675623813914 0.5581632256507874 0
1675623814131 0.5553193092346191 0
1675623814344 0.5532135963439941 0
1675623814559 0.5469708442687988 0
1675623814757 0.5469489693641663 0
1675623814967 0.5387741327285767 0
1675623815202 0.5296711325645447 0
1675623815433 0.5266141295433044 0
1675623815640 0.5252044796943665 0
1675623815846 0.5177290439605713 0
1675623816081 0.5064488053321838 0
1675623816308 0.5011458992958069 0
1675623816515 0.49981722235679626 0
1675623816732 0.49005842208862305 0
1675623816938 0.4842367470264435 0
1675623817147 0.47446709871292114 0
1675623817422 0.45757541060447693 0
1675623817638 0.45602816343307495 0
1675623817856 0.4474886357784271 0
1675623818090 0.43542417883872986 0
1675623818345 0.4207247793674469 0
1675623818576 0.4132847785949707 0
1675623818812 0.3991663455963135 0
1675623819054 0.38311997056007385 0
1675623819249 0.3708363473415375 0
1675623819445 0.3520103991031647 0
1675623819650 0.33178892731666565 0
1675623819846 0.31174972653388977 0
1675623820068 0.28623199462890625 0
1675623820291 0.2617822289466858 0
1675623820511 0.2354942113161087 0
1675623820739 0.204244002699852 0
1675623820940 0.1747523546218872 0
1675623821160 0.14283281564712524 0
1675623821388 0.11212871968746185 0
1675623821600 0.08373458683490753 0
1675623821830 0.05972732976078987 0
1675623822073 0.044832561165094376 0
1675623822284 0.03291264921426773 0
1675623822490 0.027337098494172096 0
1675623822678 0.021924972534179688 0
1675623822901 0.027259185910224915 0
1675623823110 0.02360394597053528 0
1675623823342 0.025299767032265663 0
1675623823554 0.02215574122965336 0
1675623823793 0.025980470702052116 0
1675623824021 0.022606058046221733 0
1675623824245 0.020130276679992676 0
1675623824466 0.020027780905365944 0
1675623824695 0.022979894652962685 0
1675623824919 0.021346863359212875 0
1675623825117 0.01638616994023323 0
1675623825349 0.02076580747961998 0
1675623825566 0.016493847593665123 0
1675623825786 0.016636516898870468 0
1675623826029 0.021565129980444908 0
1675623826249 0.02085181139409542 0
1675623826459 0.01826321892440319 0
1675623826688 0.018937787041068077 0
1675623826913 0.017823973670601845 0
1675623827134 0.019162336364388466 0
1675623827355 0.019482983276247978 0
1675623827569 0.017581483349204063 0
1675623827779 0.017909802496433258 0
1675623827967 0.014756115153431892 0
1675623828188 0.019894666969776154 0
1675623828428 0.023789674043655396 0
1675623828626 0.01565665379166603 0
1675623828862 0.022022517397999763 0
1675623829092 0.019223613664507866 0
1675623829267 0.012818314135074615 0
1675623829487 0.019500894472002983 0
1675623829690 0.016405215486884117 0
1675623829914 0.01919763907790184 0
1675623830178 0.0243638027459383 0
1675623830403 0.02100873924791813 0
1675623830632 0.021297570317983627 0
1675623830839 0.017281897366046906 0
1675623831067 0.02145628072321415 0
1675623831285 0.01996217668056488 0
1675623831497 0.019061410799622536 0
1675623831702 0.015127820894122124 0
1675623831915 0.01678577996790409 0
1675623832132 0.018479827791452408 0
1675623832368 0.022519413381814957 0
1675623832589 0.020480778068304062 0
1675623832821 0.021389825269579887 0
1675623833064 0.02452860027551651 0
1675623833298 0.019980423152446747 0
1675623833520 0.015250476077198982 0
1675623833733 0.018707575276494026 0
1675623833982 0.024571439251303673 0
1675623834171 0.015930907800793648 0
1675623834380 0.017116853967308998 0
1675623834579 0.016350531950592995 0
1675623834786 0.017002204433083534 0
1675623835010 0.019639525562524796 0
1675623835243 0.02164798229932785 0
1675623835432 0.0150202801451087 0
1675623835661 0.02100975252687931 0
1675623835884 0.02003929764032364 0
1675623836083 0.01772044599056244 0
1675623836295 0.017657103016972542 0
1675623836534 0.021676091477274895 0
1675623836750 0.01499156840145588 0
1675623836983 0.018495984375476837 0
1675623837222 0.018693042919039726 0
1675623837491 0.023671060800552368 0
1675623837724 0.0190348532050848 0
1675623837962 0.019540399312973022 0
1675623838211 0.020489072427153587 0
1675623838455 0.020179402083158493 0
1675623838702 0.0191822350025177 0
1675623838944 0.02114049531519413 0
1675623839178 0.01900409907102585 0
1675623839410 0.01852986589074135 0
1675623839661 0.022303026169538498 0
1675623839911 0.021705947816371918 0
1675623840159 0.022188127040863037 0
1675623840431 0.019452033564448357 0
1675623840678 0.01584528386592865 0
1675623840918 0.018345043063163757 0
1675623841144 0.018117887899279594 0
1675623841373 0.01918201893568039 0
1675623841604 0.018632886931300163 0
1675623841849 0.019740212708711624 0
1675623842073 0.01620805636048317 0
1675623842306 0.018775347620248795 0
1675623842523 0.016471602022647858 0
1675623842764 0.01999656669795513 0
1675623843025 0.0229036882519722 0
1675623843265 0.0207808967679739 0
1675623843496 0.02047867327928543 0
1675623843770 0.01939425989985466 0
1675623844034 0.016786035150289536 0
1675623844265 0.018350590020418167 0
1675623844476 0.017150510102510452 0
1675623844695 0.017790231853723526 0
1675623844926 0.018028417602181435 0
1675623845177 0.022517789155244827 0
1675623845373 0.014933888800442219 0
1675623845581 0.017738597467541695 0
1675623845798 0.02019524574279785 0
1675623847366 0.016809001564979553 0
1675623847617 0.02055935002863407 0
1675623847864 0.02086048386991024 0
1675623848070 0.016539838165044785 0
1675623848291 0.017759772017598152 0
1675623848524 0.022202221676707268 0
1675623848736 0.019186552613973618 0
1675623848961 0.019364310428500175 0
1675623849237 0.02242628112435341 0
1675623849461 0.018357113003730774 0
1675623849712 0.02007821388542652 0
1675623849962 0.02197597362101078 0
1675623850198 0.02002609893679619 0
1675623850432 0.01862945780158043 0
1675623850696 0.022002143785357475 0
1675623850929 0.02105611376464367 0
1675623851142 0.015780260786414146 0
1675623851344 0.016496755182743073 0
1675623851568 0.017305519431829453 0
1675623851815 0.02218960039317608 0
1675623852046 0.018771959468722343 0
1675623852324 0.019503412768244743 0
1675623852529 0.016911786049604416 0
1675623852771 0.021026089787483215 0
1675623853013 0.017643814906477928 0
1675623853268 0.019767945632338524 0
1675623853512 0.018855517730116844 0
1675623853718 0.0170279648154974 0
1675623853951 0.019054727628827095 0
1675623854175 0.01934940740466118 0
1675623854418 0.019015740603208542 0
1675623854648 0.017957298085093498 0
1675623854854 0.016427315771579742 0
1675623855089 0.015549461357295513 0
1675623855328 0.015189877711236477 0
1675623855602 0.018053697422146797 0
1675623855873 0.020383454859256744 0
1675623856143 0.018663080409169197 0
1675623856415 0.018671531230211258 0
1675623856697 0.020296530798077583 0
1675623856936 0.013571193441748619 0
1675623857217 0.01909051649272442 0
1675623857416 0.01566159725189209 0
1675623857622 0.0184723399579525 0
1675623857836 0.01907106302678585 0
1675623858065 0.020382560789585114 0
1675623858264 0.015431541018188 0
1675623858485 0.019547633826732635 0
1675623858672 0.014282185584306717 0
1675623858930 0.02367732860147953 0
1675623859177 0.021968159824609756 0
1675623859416 0.02168249897658825 0
1675623859650 0.02154228836297989 0
1675623859860 0.01762521080672741 0
1675623860082 0.02009064517915249 0
1675623860307 0.02040025033056736 0
1675623860512 0.017015716060996056 0
1675623860738 0.020322540774941444 0
1675623860967 0.019994478672742844 0
1675623861186 0.01862560585141182 0
1675623861401 0.017578134313225746 0
1675623861630 0.01916654221713543 0
1675623861871 0.021174326539039612 0
1675623862071 0.016215486451983452 0
1675623862283 0.017669279128313065 0
1675623862503 0.018772773444652557 0
1675623862762 0.021587755531072617 0
1675623863001 0.01928006112575531 0
1675623863241 0.020345259457826614 0
1675623863439 0.016772007569670677 0
1675623863653 0.018558790907263756 0
1675623863888 0.016128456220030785 0
1675623864195 0.023844556882977486 0
1675623864436 0.015229513868689537 0
1675623864719 0.020389903336763382 0
1675623865000 0.019909413531422615 0
1675623865280 0.019388100132346153 0
1675623865562 0.021191902458667755 0
1675623865813 0.015120444819331169 0
1675623866076 0.017984092235565186 0
1675623866341 0.017690766602754593 0
1675623866573 0.015944162383675575 0
1675623866800 0.019033297896385193 0
1675623867023 0.019767871126532555 0
1675623867219 0.013827497139573097 0
1675623867432 0.01533318031579256 0
1675623867628 0.015019030310213566 0
1675623867828 0.017191315069794655 0
1675623868053 0.020585279911756516 0
1675623868270 0.019652975723147392 0
1675623868476 0.017676696181297302 0
1675623868710 0.019172346219420433 0
1675623868931 0.017809027805924416 0
1675623869150 0.016956357285380363 0
1675623869412 0.020529162138700485 0
1675623869662 0.020637353882193565 0
1675623869884 0.017498841509222984 0
1675623870101 0.016884883865714073 0
1675623870332 0.017895648255944252 0
1675623870634 0.02163807675242424 0
1675623870849 0.016174837946891785 0
1675623871113 0.025745783001184464 0
1675623871358 0.021570337936282158 0
1675623871561 0.016911106184124947 0
1675623871771 0.01699504256248474 0
1675623872012 0.017106058076024055 0
1675623872242 0.016027987003326416 0
1675623872475 0.018962571397423744 0
1675623872766 0.02690473385155201 0
1675623873008 0.019307421520352364 0
1675623873245 0.020785847678780556 0
1675623873452 0.01573263667523861 0
1675623873680 0.01938500627875328 0
1675623873910 0.02086719125509262 0
1675623874111 0.015660271048545837 0
1675623874320 0.016686225309967995 0
1675623874550 0.020307159051299095 0
1675623874765 0.017919549718499184 0
1675623874997 0.021837882697582245 0
1675623875223 0.01735399104654789 0
1675623875460 0.020981544628739357 0
1675623875667 0.017496000975370407 0
1675623875884 0.018555080518126488 0
1675623876134 0.019786186516284943 0
1675623876361 0.01696961559355259 0
1675623876567 0.01666492223739624 0
1675623876807 0.022008566185832024 0
1675623877017 0.017401713877916336 0
1675623877234 0.017036965116858482 0
1675623877501 0.017591632902622223 0
1675623877796 0.021010439842939377 0
1675623878034 0.018289774656295776 0
1675623878253 0.01762373000383377 0
1675623878452 0.015428259037435055 0
1675623878689 0.02236669696867466 0
1675623878902 0.018627313897013664 0
1675623879143 0.022141113877296448 0
1675623879335 0.015641698613762856 0
1675623879561 0.01777692697942257 0
1675623879756 0.013174607418477535 0
1675623879997 0.023319344967603683 0
1675623880206 0.017839061096310616 0
1675623880437 0.020423682406544685 0
1675623880675 0.020922960713505745 0
1675623880905 0.01932559162378311 0
1675623881104 0.015430795960128307 0
1675623881311 0.017288515344262123 0
1675623881500 0.014011629857122898 0
1675623881737 0.018633298575878143 0
1675623881980 0.019653310999274254 0
1675623882212 0.02187514863908291 0
1675623882425 0.018664265051484108 0
1675623882640 0.019161174073815346 0
1675623882911 0.021080225706100464 0
1675623883189 0.01977435126900673 0
1675623883394 0.016157984733581543 0
1675623883593 0.014215221628546715 0
1675623885090 0.021812574937939644 0
1675623885304 0.01776771806180477 0
1675623885525 0.019253063946962357 0
1675623885757 0.02227708511054516 0
1675623885946 0.014614030718803406 0
1675623886164 0.019580762833356857 0
1675623886373 0.0172085203230381 0
1675623886572 0.015895692631602287 0
1675623886781 0.017830409109592438 0
1675623886984 0.0163127388805151 0
1675623887233 0.017424730584025383 0
1675623887500 0.018447980284690857 0
1675623887737 0.01806510239839554 0
1675623887959 0.019784964621067047 0
1675623888188 0.021024884656071663 0
1675623888382 0.01643347181379795 0
1675623888564 0.013814873993396759 0
1675623888786 0.01948430761694908 0
1675623889022 0.022150320932269096 0
1675623889222 0.017094479873776436 0
1675623889428 0.017714064568281174 0
1675623889662 0.02118498459458351 0
1675623889887 0.019788695499300957 0
1675623890081 0.015782946720719337 0
1675623890289 0.017931167036294937 0
1675623890477 0.014520817436277866 0
1675623890667 0.014861033298075199 0
1675623890882 0.019509799778461456 0
1675623891090 0.017849499359726906 0
1675623891288 0.015795407816767693 0
1675623891501 0.01792147569358349 0
1675623891713 0.015604001469910145 0
1675623891930 0.01549419667571783 0
1675623892142 0.016654619947075844 0
1675623892349 0.01668638549745083 0
1675623892546 0.015093312598764896 0
1675623892770 0.02043469436466694 0
1675623892991 0.01833975501358509 0
1675623893233 0.01545917708426714 0
1675623893491 0.01819627359509468 0
1675623893733 0.01641075126826763 0
1675623893950 0.019395312294363976 0
1675623894187 0.02181944064795971 0
1675623894390 0.016654562205076218 0
1675623894646 0.02469230256974697 0
1675623894866 0.019331030547618866 0
1675623895121 0.022431058809161186 0
1675623895347 0.02001423016190529 0
1675623895602 0.022957418113946915 0
1675623895842 0.02220918983221054 0
1675623896084 0.023283008486032486 0
1675623896323 0.020278481766581535 0
1675623896546 0.018533512949943542 0
1675623896778 0.021761124953627586 0
1675623896999 0.018832506611943245 0
1675623897218 0.018888451159000397 0
1675623897422 0.01707492396235466 0
1675623897645 0.01858881115913391 0
1675623897849 0.016570989042520523 0
1675623898075 0.017549792304635048 0
1675623898305 0.020781397819519043 0
1675623898520 0.01875625178217888 0
1675623898729 0.01775607466697693 0
1675623898935 0.017312871292233467 0
1675623899127 0.015466686338186264 0
1675623899348 0.01947765052318573 0
1675623899552 0.017571130767464638 0
1675623899780 0.019130095839500427 0
1675623900000 0.019529495388269424 0
1675623900214 0.01885111629962921 0
1675623900401 0.014997174963355064 0
1675623900616 0.019316110759973526 0
1675623900836 0.019937340170145035 0
1675623901047 0.018397007137537003 0
1675623901286 0.021099884063005447 0
1675623901512 0.017493082210421562 0
1675623901722 0.016802126541733742 0
1675623901946 0.01724247820675373 0
1675623902164 0.016402216628193855 0
1675623902395 0.018488069996237755 0
1675623902624 0.02030804567039013 0
1675623902870 0.01742071658372879 0
1675623903105 0.019302628934383392 0
1675623903315 0.01689831167459488 0
1675623903513 0.015655074268579483 0
1675623903715 0.016492677852511406 0
1675623903949 0.018072467297315598 0
1675623904193 0.02309451252222061 0
1675623904390 0.01578676328063011 0
1675623904624 0.021523207426071167 0
1675623904878 0.023273266851902008 0
1675623905086 0.01769666187465191 0
1675623905312 0.019889703020453453 0
1675623905549 0.021693740040063858 0
1675623905782 0.022399477660655975 0
1675623906037 0.024016598239541054 0
1675623906258 0.020533600822091103 0
1675623906466 0.0182116087526083 0
1675623906695 0.021002817898988724 0
1675623906893 0.01656010001897812 0
1675623907097 0.01673189178109169 0
1675623907295 0.01587945595383644 0
1675623907543 0.022653905674815178 0
1675623907779 0.021142926067113876 0
1675623908007 0.019353384152054787 0
1675623908239 0.021919135004281998 0
1675623908437 0.015532275661826134 0
1675623908626 0.014593470841646194 0
1675623908847 0.01671534590423107 0
1675623909091 0.019805511459708214 0
1675623909289 0.01487240195274353 0
1675623909531 0.024067722260951996 0
1675623909743 0.017974944785237312 0
1675623909944 0.016868378967046738 0
1675623910159 0.018808189779520035 0
1675623910385 0.019396599382162094 0
1675623910576 0.01556593831628561 0
1675623910820 0.023824293166399002 0
1675623911053 0.02186371199786663 0
1675623911287 0.021110687404870987 0
1675623911493 0.016886431723833084 0
1675623911754 0.02132165990769863 0
1675623911998 0.017644522711634636 0
1675623912247 0.01708715222775936 0
1675623912506 0.01731981337070465 0
1675623912733 0.017835330218076706 0
1675623912957 0.019192621111869812 0
1675623913190 0.021061504259705544 0
1675623913398 0.017178811132907867 0
1675623913630 0.021303365007042885 0
1675623913827 0.01583334431052208 0
1675623914047 0.01945800706744194 0
1675623914277 0.019764471799135208 0
1675623914486 0.01746935397386551 0
1675623914687 0.01576077565550804 0
1675623914919 0.019996700808405876 0
1675623915104 0.014901192858815193 0
1675623915344 0.020820433273911476 0
1675623915577 0.0181170254945755 0
1675623915784 0.01837620511651039 0
1675623916016 0.019400984048843384 0
1675623916220 0.0164431631565094 0
1675623916419 0.016298074275255203 0
1675623916632 0.017698129639029503 0
1675623916823 0.01598357781767845 0
1675623917032 0.017326923087239265 0
1675623917239 0.016380388289690018 0
1675623917481 0.02093946933746338 0
1675623917703 0.01934761554002762 0
1675623917923 0.01970682479441166 0
1675623918147 0.0201837457716465 0
1675623918370 0.019737625494599342 0
1675623918576 0.017010176554322243 0
1675623918793 0.019616788253188133 0
1675623919018 0.020878806710243225 0
1675623919219 0.016890645027160645 0
1675623919428 0.018597440794110298 0
1675623920932 0.023287182673811913 0
1675623921186 0.01947571523487568 0
1675623921405 0.018450241535902023 0
1675623921622 0.017288390547037125 0
1675623921860 0.0211030300706625 0
1675623922064 0.016876619309186935 0
1675623922285 0.01866026408970356 0
1675623922493 0.01737033762037754 0
1675623922743 0.02151818946003914 0
1675623922950 0.0164377149194479 0
1675623923162 0.017652250826358795 0
1675623923387 0.019996890798211098 0
1675623923615 0.01949303038418293 0
1675623923837 0.019258132204413414 0
1675623924056 0.01858362928032875 0
1675623924287 0.02014031447470188 0
1675623924522 0.02134549990296364 0
1675623924745 0.018159905448555946 0
1675623924966 0.018297698348760605 0
1675623925186 0.016109390184283257 0
1675623925422 0.017645882442593575 0
1675623925667 0.016598867252469063 0
1675623925935 0.02174350619316101 0
1675623926166 0.017290182411670685 0
1675623926414 0.016902461647987366 0
1675623926721 0.024132156744599342 0
1675623927002 0.020663507282733917 0
1675623927265 0.017746906727552414 0
1675623927502 0.017034579068422318 0
1675623927730 0.018691619858145714 0
1675623927941 0.017614785581827164 0
1675623928170 0.021217865869402885 0
1675623928368 0.016116779297590256 0
1675623928573 0.01708485558629036 0
1675623928783 0.017731675878167152 0
1675623929026 0.02374664880335331 0
1675623929251 0.020173434168100357 0
1675623929490 0.018928352743387222 0
1675623929705 0.017626019194722176 0
1675623929919 0.018383430317044258 0
1675623930142 0.019855454564094543 0
1675623930355 0.017374593764543533 0
1675623930628 0.025772519409656525 0
1675623930856 0.017728887498378754 0
1675623931076 0.01950942911207676 0
1675623931287 0.018359346315264702 0
1675623931510 0.018969668075442314 0
1675623931725 0.016791827976703644 0
1675623931960 0.018281685188412666 0
1675623932140 0.013397899456322193 0
1675623932343 0.016771866008639336 0
1675623932557 0.019041065126657486 0
1675623932752 0.015260720625519753 0
1675623932935 0.013544662855565548 0
1675623933184 0.02220018394291401 0
1675623933401 0.017649902030825615 0
1675623933619 0.019354457035660744 0
1675623933863 0.02216140553355217 0
1675623934073 0.019138483330607414 0
1675623934283 0.01762355864048004 0
1675623934512 0.01923091895878315 0
1675623934698 0.014924091286957264 0
1675623934935 0.020425191149115562 0
1675623935137 0.016734672710299492 0
1675623935345 0.016910655423998833 0
1675623935565 0.01921754516661167 0
1675623935762 0.01605740375816822 0
1675623935964 0.016229722648859024 0
1675623936180 0.017826981842517853 0
1675623936401 0.01954714022576809 0
1675623936620 0.01976124569773674 0
1675623936825 0.01700909063220024 0
1675623937046 0.019773386418819427 0
1675623937249 0.01668573170900345 0
1675623937456 0.0164977815002203 0
1675623937671 0.01875334046781063 0
1675623937884 0.01750698685646057 0
1675623938091 0.017712919041514397 0
1675623938313 0.019200630486011505 0
1675623938542 0.01892099902033806 0
1675623938758 0.018373504281044006 0
1675623938982 0.020496662706136703 0
1675623939191 0.01782262697815895 0
1675623939411 0.019815564155578613 0
1675623939638 0.02073335461318493 0
1675623939824 0.015466111712157726 0
1675623940036 0.019691718742251396 0
1675623940254 0.01950060762465 0
1675623940465 0.017631199210882187 0
1675623940693 0.020448457449674606 0
1675623940890 0.0166050773113966 0
1675623941098 0.01780804619193077 0
1675623941298 0.01684504933655262 0
1675623941537 0.021481221541762352 0
1675623941797 0.018515804782509804 0
1675623942047 0.021072665229439735 0
1675623942278 0.017962155863642693 0
1675623942508 0.01768106408417225 0
1675623942738 0.01757359690964222 0
1675623942964 0.02079249545931816 0
1675623943181 0.017567086964845657 0
1675623943400 0.019348617643117905 0
1675623943595 0.015565884299576283 0
1675623943842 0.023861583322286606 0
1675623944031 0.014498894102871418 0
1675623944233 0.016327645629644394 0
1675623944434 0.015392404049634933 0
1675623944684 0.020627206191420555 0
1675623944940 0.021827630698680878 0
1675623945209 0.018826190382242203 0
1675623945422 0.01772657036781311 0
1675623945655 0.022111352533102036 0
1675623945849 0.015967924147844315 0
1675623946045 0.016231218352913857 0
1675623946270 0.020394643768668175 0
1675623946553 0.026255087926983833 0
1675623946777 0.018030276522040367 0
1675623946985 0.01779000461101532 0
1675623947207 0.01669972762465477 0
1675623947410 0.016968095675110817 0
1675623947643 0.021613970398902893 0
1675623947859 0.01761567033827305 0
1675623948080 0.019826913252472878 0
1675623948313 0.020410889759659767 0
1675623948556 0.02073477767407894 0
1675623948752 0.016148926690220833 0
1675623948962 0.01784374751150608 0
1675623949182 0.020085245370864868 0
1675623949392 0.018982835114002228 0
1675623949618 0.021853258833289146 0
1675623949821 0.01750822924077511 0
1675623950032 0.017720479518175125 0
1675623950231 0.01710408926010132 0
1675623950442 0.018645761534571648 0
1675623950678 0.021655505523085594 0
1675623950898 0.020140215754508972 0
1675623951116 0.01899990253150463 0
1675623951315 0.016324980184435844 0
1675623951507 0.014611171558499336 0
1675623951736 0.019360855221748352 0
1675623951942 0.01675189472734928 0
1675623952189 0.02082747034728527 0
1675623952396 0.017197884619235992 0
1675623952597 0.014923694543540478 0
1675623952803 0.017745530232787132 0
1675623953012 0.018282637000083923 0
1675623953244 0.020634695887565613 0
1675623953447 0.017049593850970268 0
1675623953646 0.016709331423044205 0
1675623953847 0.014951548539102077 0
1675623954067 0.018862374126911163 0
1675623954281 0.018015990033745766 0
1675623954528 0.020176270976662636 0
1675623954720 0.015071648173034191 0
1675623954926 0.017194319516420364 0
1675623955128 0.01570182852447033 0
1675623955380 0.024048268795013428 0
1675623956804 0.016471652314066887 0
1675623957007 0.016838314011693 0
1675623957258 0.024804089218378067 0
1675623957469 0.019266104325652122 0
1675623957681 0.01828366331756115 0
1675623957874 0.016208060085773468 0
1675623958103 0.02069532312452793 0
1675623958318 0.019123094156384468 0
1675623958541 0.018921662122011185 0
1675623958736 0.015749145299196243 0
1675623958965 0.018991272896528244 0
1675623959170 0.016715584322810173 0
1675623959368 0.014913146384060383 0
1675623959596 0.020419681444764137 0
1675623959826 0.020903386175632477 0
1675623960072 0.020935479551553726 0
1675623960285 0.0168012548238039 0
1675623960499 0.017848024144768715 0
1675623960715 0.01800086349248886 0
1675623960955 0.019288450479507446 0
1675623961224 0.020187554880976677 0
1675623961502 0.022541655227541924 0
1675623961752 0.017738955095410347 0
1675623962051 0.02182338759303093 0
1675623962288 0.017910854890942574 0
1675623962499 0.018036389723420143 0
1675623962711 0.018987195566296577 0
1675623962933 0.018032120540738106 0
1675623963150 0.018521543592214584 0
1675623963338 0.015070492401719093 0
1675623963545 0.017434606328606606 0
1675623963736 0.014679382555186749 0
1675623963930 0.016010994091629982 0
1675623964135 0.015810498967766762 0
1675623964358 0.02031525783240795 0
1675623964541 0.014551106840372086 0
1675623964744 0.016842983663082123 0
1675623964941 0.015680378302931786 0
1675623965147 0.01797289215028286 0
1675623965373 0.020998481661081314 0
1675623965601 0.022029144689440727 0
1675623965810 0.01832718215882778 0
1675623966029 0.018539931625127792 0
1675623966238 0.01823875866830349 0
1675623966454 0.016818970441818237 0
1675623966671 0.018729176372289658 0
1675623966888 0.018826918676495552 0
1675623967101 0.01856713555753231 0
1675623967310 0.01714770495891571 0
1675623967526 0.017764553427696228 0
1675623967749 0.020827263593673706 0
1675623967948 0.015131487511098385 0
1675623968170 0.019413145259022713 0
1675623968367 0.015051309019327164 0
1675623968606 0.01926288567483425 0
1675623968842 0.019302155822515488 0
1675623969073 0.016898702830076218 0
1675623969344 0.02017788589000702 0
1675623969586 0.017212171107530594 0
1675623969842 0.021871550008654594 0
1675623970089 0.019542694091796875 0
1675623970339 0.021723149344325066 0
1675623970600 0.022247081622481346 0
1675623970827 0.02048051543533802 0
1675623971040 0.018848830834031105 0
1675623971246 0.01728004217147827 0
1675623971457 0.018877871334552765 0
1675623971706 0.02202417515218258 0
1675623971974 0.022794408723711967 0
1675623972192 0.01664740778505802 0
1675623972406 0.015332994982600212 0
1675623972623 0.01775273121893406 0
1675623972830 0.017138106748461723 0
1675623973046 0.01799943298101425 0
1675623973248 0.016856947913765907 0
1675623973467 0.01885215938091278 0
1675623973700 0.022563079372048378 0
1675623973912 0.018824590370059013 0
1675623974122 0.01893508993089199 0
1675623974349 0.022729652002453804 0
1675623974561 0.01989690028131008 0
1675623974746 0.016208339482545853 0
1675623974956 0.01733729988336563 0
1675623975162 0.017290525138378143 0
1675623975370 0.018165627494454384 0
1675623975573 0.01765231043100357 0
1675623975774 0.01668659783899784 0
1675623975960 0.015472899191081524 0
1675623976163 0.01823992095887661 0
1675623976362 0.017066871747374535 0
1675623976582 0.020703572779893875 0
1675623976788 0.018326539546251297 0
1675623976997 0.019249361008405685 0
1675623977178 0.01398776937276125 0
1675623977402 0.020160667598247528 0
1675623977620 0.01964748650789261 0
1675623977799 0.014435576274991035 0
1675623978013 0.019588535651564598 0
1675623978219 0.018341446295380592 0
1675623978440 0.01979428343474865 0
1675623978654 0.01808122731745243 0
1675623978867 0.01935635320842266 0
1675623979053 0.013590426184237003 0
1675623979259 0.018329007551074028 0
1675623979488 0.021227974444627762 0
1675623979695 0.018262727186083794 0
1675623979910 0.02057264931499958 0
1675623980111 0.017942914739251137 0
1675623980313 0.017944393679499626 0
1675623980519 0.01704404503107071 0
1675623980730 0.01861945353448391 0
1675623980904 0.013894333504140377 0
1675623981091 0.015823567286133766 0
1675623981310 0.0213804692029953 0
1675623981528 0.02046341262757778 0
1675623981752 0.019604595378041267 0
1675623981980 0.01908007636666298 0
1675623982241 0.02166140079498291 0
1675623982466 0.01788499765098095 0
1675623982673 0.01753886602818966 0
1675623982929 0.025166019797325134 0
1675623983149 0.01913902908563614 0
1675623983355 0.015591194853186607 0
1675623983596 0.021143514662981033 0
1675623983824 0.019046064466238022 0
1675623984036 0.01842675730586052 0
1675623984255 0.019836148247122765 0
1675623984473 0.019688023254275322 0
1675623984701 0.021015962585806847 0
1675623984895 0.015784798189997673 0
1675623985075 0.013568155467510223 0
1675623985293 0.01893828809261322 0
1675623985518 0.0204530730843544 0
1675623985736 0.020207518711686134 0
1675623985933 0.01583666168153286 0
1675623986160 0.020892973989248276 0
1675623986393 0.01906711794435978 0
1675623986612 0.019573446363210678 0
1675623986819 0.017415698617696762 0
1675623987014 0.016309063881635666 0
1675623987231 0.01852858066558838 0
1675623987438 0.018159495666623116 0
1675623987654 0.019537903368473053 0
1675623987877 0.020765528082847595 0
1675623988076 0.017799463123083115 0
1675623988312 0.023263152688741684 0
1675623988514 0.016268327832221985 0
1675623988739 0.021331870928406715 0
1675623988924 0.015010504983365536 0
1675623989143 0.020425869151949883 0
1675623989338 0.016664348542690277 0
1675623989541 0.017189398407936096 0
1675623989749 0.018708938732743263 0
1675623989962 0.018614917993545532 0
1675623990151 0.016077464446425438 0
1675623990387 0.023259980604052544 0
1675623990568 0.014525108970701694 0
