1674832337160 0.7211799621582031 0
1674832337768 0.7201868891716003 0
1674832338283 0.7160415053367615 0
1674832338805 0.7110821008682251 0
1674832339411 0.7067015767097473 0
1674832339829 0.7067357301712036 0
1674832340303 0.7041330337524414 0
1674832340806 0.6981382966041565 0
1674832341331 0.693213701248169 0
1674832341741 0.6953854560852051 0
1674832342175 0.6934660077095032 0
1674832342556 0.6909995079040527 0
1674832342965 0.6880760192871094 0
1674832343481 0.6820402145385742 0
1674832344031 0.6764999628067017 0
1674832344446 0.67744380235672 0
1674832344796 0.6792464256286621 0
1674832345280 0.6696896553039551 0
1674832345670 0.6692641973495483 0
1674832346200 0.6641600131988525 0
1674832346591 0.6656206846237183 0
1674832347036 0.6588879823684692 0
1674832347421 0.6580373048782349 0
1674832347826 0.6543534994125366 0
1674832348344 0.6476284265518188 0
1674832348856 0.6464816331863403 0
1674832349341 0.6418982148170471 0
1674832349771 0.6428959369659424 0
1674832350329 0.6341597437858582 0
1674832350791 0.6350748538970947 0
1674832351201 0.6337906718254089 0
1674832351701 0.6290446519851685 0
1674832352213 0.62444669008255 0
1674832352857 0.6220431923866272 0
1674832353431 0.6156929731369019 0
1674832353882 0.6165919303894043 0
1674832354313 0.6150197982788086 0
1674832354801 0.6085808873176575 0
1674832355331 0.6075416803359985 0
1674832355771 0.6061800122261047 0
1674832356371 0.5973982810974121 0
1674832356839 0.5990429520606995 0
1674832357241 0.5969258546829224 0
1674832357601 0.5976662039756775 0
1674832357981 0.5967751741409302 0
1674832358469 0.588794469833374 0
1674832358938 0.5872916579246521 0
1674832359352 0.5874406099319458 0
1674832360334 0.586029052734375 0
1674832360941 0.576228678226471 0
1674832361399 0.5782932043075562 0
1674832361926 0.5751371383666992 0
1674832362471 0.5735939145088196 0
1674832362915 0.5730202794075012 0
1674832363381 0.5698206424713135 0
1674832363786 0.572143018245697 0
1674832364191 0.5699100494384766 0
1674832364625 0.5697425603866577 0
1674832365861 0.5605769753456116 0
1674832366555 0.5538814067840576 0
1674832367006 0.5621216893196106 0
1674832367490 0.5644053220748901 0
1674832367946 0.5571346282958984 0
1674832368451 0.5577228665351868 0
1674832369268 0.5554872155189514 0
1674832370622 0.5525655150413513 0
1674832371618 0.5549140572547913 0
1674832372765 0.5567980408668518 0
1674832373406 0.5504981279373169 0
1674832373964 0.5482410788536072 0
1674832374393 0.550686240196228 0
1674832375084 0.5408121347427368 0
1674832375516 0.5469161868095398 0
1674832375946 0.5423974990844727 0
1674832376436 0.5413981080055237 0
1674832377004 0.5404465198516846 0
1674832377530 0.5384569764137268 0
1674832377990 0.5390517115592957 0
1674832378361 0.5417720675468445 0
1674832378815 0.5351027250289917 0
1674832379301 0.5346511602401733 0
1674832379710 0.5376988649368286 0
1674832380291 0.5325585007667542 0
1674832380871 0.5274301767349243 0
1674832381246 0.5340701341629028 0
1674832381766 0.526698112487793 0
1674832382151 0.5338270664215088 0
1674832382746 0.5226489305496216 0
1674832383101 0.5340923070907593 0
1674832383516 0.5270969867706299 0
1674832383835 0.5344700813293457 0
1674832384326 0.5211611986160278 0
1674832384770 0.5198245644569397 0
1674832385235 0.5236186981201172 0
1674832385760 0.5232135057449341 0
1674832386221 0.5235802531242371 0
1674832386663 0.5219647288322449 0
1674832387085 0.5215312242507935 0
1674832387815 0.516071081161499 0
1674832388441 0.5218443274497986 0
1674832388781 0.5245545506477356 0
1674832389326 0.5140161514282227 0
1674832389753 0.5203316807746887 0
1674832390153 0.5198674201965332 0
1674832390576 0.516891598701477 0
1674832391021 0.5202675461769104 0
1674832391591 0.5123940110206604 0
1674832392006 0.5170737504959106 0
1674832392401 0.5178061127662659 0
1674832392921 0.5120337009429932 0
1674832393436 0.510681688785553 0
1674832394181 0.5128748416900635 0
1674832394790 0.5108368396759033 0
1674832395131 0.5177388787269592 0
1674832395641 0.5088933706283569 0
1674832396076 0.508161187171936 0
1674832396455 0.5134492516517639 0
1674832397051 0.5088012218475342 0
1674832397475 0.5093806385993958 0
1674832398041 0.5058379173278809 0
1674832398441 0.5088695287704468 0
1674832398875 0.5073681473731995 0
1674832399311 0.5061085224151611 0
1674832399730 0.509896457195282 0
1674832400170 0.5068351626396179 0
1674832400623 0.5059494376182556 0
1674832401180 0.5013720989227295 0
1674832401566 0.5088448524475098 0
1674832402050 0.5028029084205627 0
1674832402506 0.5085883736610413 0
1674832403061 0.5029380321502686 0
1674832403545 0.5013105869293213 0
1674832404016 0.5049471259117126 0
1674832404481 0.5052109956741333 0
1674832404976 0.4971596300601959 0
1674832405306 0.5100290775299072 0
1674832405691 0.5064865350723267 0
1674832406611 0.5032792687416077 0
1674832407301 0.49550408124923706 0
1674832407593 0.5119171738624573 0
1674832417541 0.49803805351257324 0
1674832418241 0.4904651641845703 0
1674832418631 0.5052302479743958 0
1674832419091 0.49787473678588867 0
1674832419621 0.5003127455711365 0
1674832420040 0.5041729211807251 0
1674832420520 0.5005316734313965 0
1674832420921 0.5032099485397339 0
1674832421500 0.4950442314147949 0
1674832421991 0.49459680914878845 0
1674832422631 0.49444931745529175 0
1674832423141 0.5006537437438965 0
1674832423520 0.5030028223991394 0
1674832423973 0.49716809391975403 0
1674832424514 0.4949834644794464 0
1674832424941 0.4983123242855072 0
1674832425460 0.49334031343460083 0
1674832425851 0.49830979108810425 0
1674832426420 0.49085095524787903 0
1674832426856 0.4981820583343506 0
1674832427426 0.49603861570358276 0
1674832427922 0.49757158756256104 0
1674832428531 0.4946524500846863 0
1674832428981 0.49289578199386597 0
1674832429471 0.49722182750701904 0
1674832430204 0.4938792884349823 0
1674832430778 0.49632975459098816 0
1674832431311 0.49702149629592896 0
1674832431893 0.49391984939575195 0
1674832432639 0.4941006004810333 0
1674832433410 0.4928697347640991 0
1674832433806 0.4973025321960449 0
1674832434226 0.4911547303199768 0
1674832434761 0.49263179302215576 0
1674832435212 0.4916456341743469 0
1674832435630 0.4939543306827545 0
1674832436091 0.4925304353237152 0
1674832436741 0.4949363172054291 0
1674832437200 0.4926779270172119 0
1674832437760 0.49603956937789917 0
1674832438465 0.48876914381980896 0
1674832439174 0.48701557517051697 0
1674832439868 0.4890400767326355 0
1674832440355 0.489981085062027 0
1674832440901 0.48976731300354004 0
1674832441413 0.49487900733947754 0
1674832441888 0.4893680512905121 0
1674832442442 0.49019449949264526 0
1674832442866 0.49527356028556824 0
1674832443367 0.4935477077960968 0
1674832443961 0.49062812328338623 0
1674832444501 0.488599956035614 0
1674832445171 0.49123772978782654 0
1674832445621 0.49012091755867004 0
1674832446143 0.4894360601902008 0
1674832446737 0.4862748682498932 0
1674832447166 0.491384893655777 0
1674832447672 0.4900648891925812 0
1674832448177 0.4939386546611786 0
1674832449474 0.4850398302078247 0
1674832450026 0.48623231053352356 0
1674832450479 0.49285584688186646 0
1674832450906 0.48677965998649597 0
1674832451609 0.4905652403831482 0
1674832452106 0.48622727394104004 0
1674832452656 0.48444560170173645 0
1674832453421 0.48696014285087585 0
1674832454032 0.48474830389022827 0
1674832454623 0.4906390309333801 0
1674832455213 0.48424550890922546 0
1674832456026 0.48465242981910706 0
1674832456426 0.4934593439102173 0
1674832456895 0.4845100939273834 0
1674832457281 0.48967650532722473 0
1674832457716 0.4911346137523651 0
1674832458195 0.48418647050857544 0
1674832458681 0.48299846053123474 0
1674832459311 0.48206236958503723 0
1674832459731 0.48757269978523254 0
1674832460215 0.48827528953552246 0
1674832460671 0.4850563704967499 0
1674832461102 0.4904353618621826 0
1674832461641 0.4826064109802246 0
1674832462378 0.4866654574871063 0
1674832462924 0.4897540509700775 0
1674832463441 0.48547500371932983 0
1674832463825 0.4884045422077179 0
1674832464235 0.4861545264720917 0
1674832464861 0.48013174533843994 0
1674832465246 0.4876929521560669 0
1674832465650 0.48439642786979675 0
1674832466036 0.48848286271095276 0
1674832466581 0.48038357496261597 0
1674832467431 0.4775151312351227 0
1674832468229 0.47958242893218994 0
1674832468753 0.48299017548561096 0
1674832469280 0.4841727614402771 0
1674832469627 0.4863489866256714 0
1674832470456 0.4863593280315399 0
1674832471120 0.482732892036438 0
1674832471615 0.4881918132305145 0
1674832472158 0.4807389974594116 0
1674832472600 0.4822673797607422 0
1674832473167 0.48129671812057495 0
1674832473637 0.48422423005104065 0
1674832474161 0.4791988730430603 0
1674832475016 0.476819783449173 0
1674832475576 0.48160403966903687 0
1674832476062 0.4822751581668854 0
1674832476541 0.48230496048927307 0
1674832477172 0.4788510501384735 0
1674832477779 0.4841887950897217 0
1674832478151 0.4868221580982208 0
1674832478621 0.48462754487991333 0
1674832479251 0.4819612503051758 0
1674832479701 0.4846283495426178 0
1674832480120 0.4819333851337433 0
1674832480623 0.47644931077957153 0
1674832481081 0.4837585985660553 0
1674832481707 0.4823434054851532 0
1674832482135 0.4848445951938629 0
1674832482678 0.48332735896110535 0
1674832483469 0.4796605408191681 0
1674832484033 0.4802975654602051 0
1674832484519 0.4804629385471344 0
1674832485001 0.48286470770835876 0
1674832485527 0.48114821314811707 0
1674832485896 0.48973023891448975 0
1674832486473 0.4791545271873474 0
1674832487169 0.47444069385528564 0
1674832487665 0.47965148091316223 0
1674832488361 0.47570279240608215 0
1674832488891 0.47908422350883484 0
1674832489409 0.48273688554763794 0
1674832489952 0.47598955035209656 0
1674832490417 0.4794183373451233 0
1674832490786 0.48290711641311646 0
1674832491231 0.47814691066741943 0
1674832491756 0.48101019859313965 0
1674832492063 0.48259449005126953 0
1674832501860 0.478126585483551 0
1674832502289 0.48779550194740295 0
1674832502931 0.47330573201179504 0
1674832503496 0.4785176217556 0
1674832504209 0.48189494013786316 0
1674832504946 0.47898226976394653 0
1674832505479 0.4769417941570282 0
1674832505876 0.4809296429157257 0
1674832506386 0.4763299226760864 0
1674832506949 0.4761934280395508 0
1674832507406 0.47898247838020325 0
1674832507908 0.47944018244743347 0
1674832508429 0.4791615605354309 0
1674832508914 0.48004549741744995 0
1674832509422 0.4769614636898041 0
1674832510154 0.4743909239768982 0
1674832510589 0.4841911494731903 0
1674832511265 0.4821826219558716 0
1674832511711 0.4804609417915344 0
1674832512236 0.4750378429889679 0
1674832512713 0.4806758165359497 0
1674832513109 0.4814412295818329 0
1674832513520 0.48058784008026123 0
1674832514151 0.4747375547885895 0
1674832514640 0.477486252784729 0
1674832515128 0.4781024158000946 0
1674832515691 0.47871512174606323 0
1674832516161 0.47767484188079834 0
1674832516841 0.4786531329154968 0
1674832517281 0.4745747745037079 0
1674832517845 0.4757533669471741 0
1674832518396 0.4705912172794342 0
1674832518782 0.4823760986328125 0
1674832519311 0.4828566610813141 0
1674832519735 0.4818096458911896 0
1674832520264 0.47761270403862 0
1674832520774 0.4748830795288086 0
1674832521433 0.4726100564002991 0
1674832522256 0.4819032847881317 0
1674832523201 0.4729163348674774 0
1674832523945 0.475395143032074 0
1674832524775 0.4732789397239685 0
1674832525571 0.4754563868045807 0
1674832526121 0.4718652367591858 0
1674832526546 0.4792279005050659 0
1674832526946 0.4772627651691437 0
1674832527363 0.47985732555389404 0
1674832528086 0.467425137758255 0
1674832528546 0.47785812616348267 0
1674832528976 0.4777635931968689 0
1674832529439 0.47098565101623535 0
