1675938452354 0.017329202592372896 0
1675938454057 0.6439427852630615 40
1675938455893 1.338599681854248 80
1675938459581 0.6217700004577636 120
1675938461422 0.6575006008148193 160
1675938463187 0.6650634288787842 200
1675938465113 0.6646336555480957 240
1675938467161 0.6688436031341553 280
1675938468763 0.6636143684387207 320
1675938470657 0.6564444541931153 360
1675938474284 0.6472828388214111 400
1675938476246 0.6259384632110596 440
1675938477969 0.625437593460083 480
1675938479898 0.5944336414337158 520
1675938481901 0.5974105358123779 560
1675938483494 0.6258927822113037 600
1675938485412 0.5965889453887939 640
1675938489351 0.5894865036010742 680
1675938491343 0.6036596775054932 720
1675938493034 0.6110229969024659 760
1675938496345 0.6036047458648681 800
1675938504127 0.6092391967773437 840
1675938505957 0.6160476207733154 880
1675938507861 0.6024356365203858 920
1675938509607 0.5991114616394043 960
1675938511538 0.6057936191558838 1000
1675938513135 0.6104618072509765 1040
1675938514879 0.6055601119995118 1080
1675938518564 0.6023676872253418 1120
1675938520678 0.5649869441986084 1160
1675938522556 0.5966575145721436 1200
1675938524275 0.6133655548095703 1240
1675938525960 0.6133552074432373 1280
1675938528368 0.5854178428649902 1320
1675938529972 0.6038479328155517 1360
1675938533519 0.5952785015106201 1400
1675938535223 0.6050544261932373 1440
1675938537199 0.601420259475708 1480
1675938538840 0.6013705253601074 1520
1675938540755 0.5827802658081055 1560
1675938542279 0.6106383323669433 1600
1675938543770 0.6140031337738037 1640
1675938545739 0.6177533149719239 1680
1675938549418 0.6071558475494385 1720
1675938551330 0.6063440799713135 1760
1675938552943 0.6103263378143311 1800
1675938554609 0.5990649223327636 1840
1675938557267 0.6121665477752686 1880
1675938558949 0.6036955833435058 1920
1675938560637 0.6172174453735352 1960
1675938564311 0.6113453388214112 2000
1675938566214 0.5848066329956054 2040
1675938568097 0.6027347564697265 2080
1675938569875 0.5992154121398926 2120
1675938571787 0.6046525955200195 2160
1675938573458 0.6013769626617431 2200
1675938575426 0.5757392406463623 2240
1675938579085 0.6027541160583496 2280
1675938580546 0.620791244506836 2320
1675938582617 0.5913958549499512 2360
1675938584309 0.5935287952423096 2400
1675938586282 0.6057729721069336 2440
1675938588400 0.5797093391418457 2480
1675938590143 0.6160342693328857 2520
1675938593818 0.5960852146148682 2560
1675938595828 0.5889147758483887 2600
1675938597917 0.596442699432373 2640
1675938599606 0.6054612159729004 2680
1675938601933 0.6011846542358399 2720
1675938603844 0.5853566646575927 2760
1675938608342 0.5905756473541259 2800
1675938609935 0.6285170555114746 2840
1675938611637 0.6016449928283691 2880
1675938613554 0.5974381446838379 2920
1675938615214 0.6007592678070068 2960
1675938617308 0.6090310096740723 3000
1675938619291 0.5914714813232422 3040
1675938621380 0.5779184818267822 3080
1675938625002 0.5897552490234375 3120
1675938626558 0.6025227069854736 3160
1675938628579 0.6051907539367676 3200
1675938630296 0.6034269332885742 3240
1675938632248 0.5907152652740478 3280
1675938634194 0.5998477458953857 3320
1675938636174 0.5943814754486084 3360
1675938639937 0.6048611164093017 3400
1675938641804 0.5853282451629639 3440
1675938643788 0.597182035446167 3480
1675938645460 0.6029425144195557 3520
1675938647487 0.595932149887085 3560
1675938649372 0.5957980155944824 3600
1675938651168 0.6022929668426513 3640
1675938654644 0.6059313297271729 3680
1675938656638 0.5817094326019288 3720
1675938658778 0.5869716167449951 3760
1675938660547 0.6129229068756104 3800
1675938662171 0.6086074352264405 3840
1675938663865 0.5922480583190918 3880
1675938665892 0.6178661346435547 3920
1675938669959 0.607735013961792 3960
1675938671750 0.602240800857544 4000
1675938673410 0.594849681854248 4040
1675938675332 0.610602331161499 4080
1675938677531 0.5855058193206787 4120
1675938679566 0.576674509048462 4160
1675938681509 0.6131946563720703 4200
1675938684832 0.6033628463745118 4240
1675938687090 0.5847020626068116 4280
1675938688703 0.6055845260620117 4320
1675938690867 0.5905921459197998 4360
1675938692551 0.5935815811157227 4400
1675938694438 0.583950138092041 4440
1675938698311 0.5985969543457031 4480
1675938700152 0.5850899696350098 4520
1675938701751 0.6287397384643555 4560
1675938703454 0.5907008171081543 4600
1675938705207 0.6013444900512696 4640
1675938707657 0.5820056915283203 4680
1675938709567 0.5937015533447265 4720
1675938713195 0.5867656230926513 4760
1675938715097 0.589375352859497 4800
1675938717069 0.6153980255126953 4840
1675938718777 0.5965106964111329 4880
1675938720498 0.605434799194336 4920
1675938722298 0.6187522411346436 4960
1675938724086 0.5943832397460938 5000
1675938725921 0.5982403755187988 5040
1675938729866 0.6085847854614258 5080
1675938731568 0.6108561992645264 5120
1675938733539 0.5863633632659913 5160
1675938735102 0.6374920845031739 5200
1675938737607 0.586505937576294 5240
1675938739274 0.614844274520874 5280
1675938740851 0.61212158203125 5320
1675938744535 0.6053566455841064 5360
1675938746410 0.5922760009765625 5400
1675938748312 0.6205641746520996 5440
1675938749950 0.6072246551513671 5480
1675938751654 0.601191234588623 5520
1675938753386 0.6177412033081054 5560
1675938755343 0.5875897407531738 5600
1675938759125 0.6067108631134033 5640
1675938761101 0.5888052463531495 5680
1675938763069 0.5885918617248536 5720
1675938765097 0.5877174854278564 5760
1675938767245 0.6056668281555175 5800
1675938768986 0.6209585189819335 5840
1675938770615 0.6141605377197266 5880
1675938774071 0.6125308990478515 5920
1675938775912 0.5809944629669189 5960
1675938777926 0.591233205795288 6000
1675938779792 0.6113136291503907 6040
1675938781425 0.6072606086730957 6080
1675938782978 0.6189743518829346 6120
1675938784797 0.6049929141998291 6160
1675938788026 0.6322920322418213 6200
1675938790409 0.5998897552490234 6240
1675938792190 0.5954412460327149 6280
1675938793880 0.608266019821167 6320
1675938795740 0.6010180950164795 6360
1675938797689 0.6120429039001465 6400
1675938800083 0.5980889797210693 6440
1675938803615 0.5985171318054199 6480
1675938805349 0.5985987186431885 6520
1675938806778 0.6332330703735352 6560
1675938808612 0.6077672481536865 6600
1675938810605 0.6058526039123535 6640
1675938812196 0.6029512405395507 6680
1675938814166 0.5834242820739746 6720
1675938816102 0.6016789436340332 6760
1675938819585 0.601607370376587 6800
1675938821376 0.6085046291351318 6840
1675938823174 0.5916262626647949 6880
1675938824949 0.6004098892211914 6920
1675938827028 0.6008730411529541 6960
1675938828962 0.5897128582000732 7000
1675938830838 0.612856101989746 7040
1675938834465 0.598813533782959 7080
1675938836344 0.5969485282897949 7120
1675938838199 0.6108580112457276 7160
1675938840048 0.5991825103759766 7200
1675938841671 0.6055243492126465 7240
1675938843558 0.5815428256988525 7280
1675938845424 0.605058240890503 7320
1675938849323 0.6098387718200684 7360
1675938851007 0.6139571666717529 7400
1675938852761 0.6061184406280518 7440
1675938854429 0.5979269981384278 7480
1675938856489 0.5891345500946045 7520
1675938858916 0.579022741317749 7560
1675938860677 0.6087507724761962 7600
1675938864594 0.5776537895202637 7640
1675938866440 0.6143696308135986 7680
1675938868334 0.5894948959350585 7720
1675938869919 0.6296797752380371 7760
1675938871926 0.6104092121124267 7800
1675938873518 0.613575029373169 7840
1675938875491 0.5821030139923096 7880
1675938879140 0.597309160232544 7920
1675938880848 0.5906946182250976 7960
1675938882606 0.6175867080688476 8000
1675938884392 0.5841395378112793 8040
1675938886767 0.5869221687316895 8080
1675938888758 0.5938918590545654 8120
1675938890534 0.5946225643157959 8160
1675938894102 0.6161430358886719 8200
1675938895900 0.5902620315551758 8240
1675938897962 0.5977845191955566 8280
1675938899734 0.605751371383667 8320
1675938901853 0.6046005249023437 8360
1675938903724 0.5991004943847656 8400
1675938905554 0.5997145652770997 8440
1675938909422 0.5967463970184326 8480
1675938911055 0.6063084602355957 8520
1675938912832 0.5993669986724853 8560
1675938914862 0.5869320869445801 8600
1675938916412 0.6241744518280029 8640
1675938918548 0.5976654052734375 8680
1675938920487 0.5993299007415771 8720
1675938924257 0.5917858600616455 8760
1675938925796 0.6044607639312745 8800
1675938927614 0.6092489719390869 8840
1675938929682 0.5938972473144531 8880
1675938931276 0.6164284229278565 8920
1675938932943 0.5890744209289551 8960
1675938934797 0.6075278282165527 9000
1675938938425 0.5953389167785644 9040
1675938940263 0.5943653583526611 9080
1675938942012 0.6066695213317871 9120
1675938943893 0.5858148097991943 9160
1675938945795 0.5959698677062988 9200
1675938947760 0.5917746543884277 9240
1675938949627 0.6261618614196778 9280
1675938953340 0.6091322898864746 9320
1675938955206 0.6096154689788819 9360
1675938956958 0.5958456993103027 9400
1675938958724 0.5999390125274658 9440
1675938960756 0.6021689891815185 9480
1675938962563 0.5687563419342041 9520
1675938964278 0.5857927322387695 9560
1675938966369 0.5822198867797852 9600
1675938969915 0.5896843433380127 9640
1675938971632 0.6061789035797119 9680
1675938973184 0.601270055770874 9720
1675938974915 0.6040478229522706 9760
1675938977079 0.5815582752227784 9800
1675938978924 0.5858232498168945 9840
1675938980797 0.5924478054046631 9880
1675938984315 0.6017903327941895 9920
1675938986193 0.587282657623291 9960
1675938988014 0.589734411239624 10000
1675938989643 0.5861361980438232 10040
1675939000513 0.5225582122802734 10080
1675939002633 0.5354322910308837 10120
1675939004450 0.5141072750091553 10160
1675939006356 0.4290631294250488 10200
1675939008387 0.40164904594421386 10240
1675939010641 0.5054558753967285 10280
1675939014195 0.4511044979095459 10320
1675939016007 0.4308204650878906 10360
1675939018236 0.44478092193603513 10400
1675939020011 0.4059178829193115 10440
1675939022188 0.39852404594421387 10480
1675939023808 0.3822284460067749 10520
1675939025512 0.331239914894104 10560
1675939029607 0.3726822376251221 10600
1675939031279 0.40099272727966306 10640
1675939033126 0.40449938774108884 10680
1675939035087 0.38386991024017336 10720
1675939037247 0.37615489959716797 10760
1675939039031 0.36865298748016356 10800
1675939040904 0.39454147815704343 10840
1675939044510 0.36396198272705077 10880
1675939046150 0.3208140850067139 10920
1675939048380 0.38475396633148196 10960
1675939050116 0.4177736282348633 11000
1675939051920 0.33885352611541747 11040
1675939053770 0.3900270462036133 11080
1675939055379 0.3839385509490967 11120
1675939058943 0.3576723337173462 11160
1675939061126 0.37253613471984864 11200
1675939062964 0.35894069671630857 11240
1675939064654 0.3215606689453125 11280
1675939066326 0.3520674467086792 11320
1675939068552 0.37759497165679934 11360
1675939070231 0.3085982084274292 11400
1675939073999 0.2910893201828003 11440
1675939075691 0.33284080028533936 11480
1675939077603 0.3380896806716919 11520
1675939079353 0.38061654567718506 11560
1675939081148 0.2984436511993408 11600
1675939082840 0.3288405179977417 11640
1675939084535 0.37603485584259033 11680
1675939086211 0.3761643409729004 11720
1675939090123 0.3677821159362793 11760
1675939091655 0.3309288024902344 11800
1675939093138 0.3506556749343872 11840
1675939094862 0.346670937538147 11880
1675939096590 0.32050495147705077 11920
1675939098625 0.31900174617767335 11960
1675939100412 0.3372359752655029 12000
1675939104022 0.28299779891967775 12040
1675939106032 0.3580496311187744 12080
1675939108090 0.4131143093109131 12120
1675939109936 0.3117895841598511 12160
1675939111648 0.3745816946029663 12200
1675939113500 0.3248756408691406 12240
1675939115612 0.3600154399871826 12280
1675939119233 0.3593424081802368 12320
1675939121038 0.3562862157821655 12360
1675939122759 0.30403382778167726 12400
1675939124591 0.2933496475219727 12440
1675939126204 0.31669347286224364 12480
1675939128408 0.36880955696105955 12520
1675939130227 0.3047389030456543 12560
1675939134269 0.32056589126586915 12600
1675939136301 0.2980203628540039 12640
1675939138257 0.3305016040802002 12680
1675939140017 0.3159550905227661 12720
1675939141814 0.2580143451690674 12760
1675939143536 0.3157942295074463 12800
1675939145586 0.36705071926116944 12840
1675939149144 0.3130717039108276 12880
1675939151210 0.33731374740600584 12920
1675939153042 0.3565187454223633 12960
1675939154815 0.3349640130996704 13000
1675939157318 0.346560001373291 13040
1675939159172 0.3191171646118164 13080
1675939163216 0.358615779876709 13120
1675939165274 0.3955445051193237 13160
1675939167420 0.2717012405395508 13200
1675939169125 0.30514841079711913 13240
1675939170841 0.2883134365081787 13280
1675939172863 0.3220758676528931 13320
1675939174471 0.32462396621704104 13360
1675939178028 0.3531457185745239 13400
1675939179929 0.33918914794921873 13440
1675939181805 0.29833958148956297 13480
1675939183832 0.31041038036346436 13520
1675939185482 0.37784910202026367 13560
1675939187670 0.2905038595199585 13600
1675939189440 0.2533360481262207 13640
1675939193485 0.3484041213989258 13680
1675939195201 0.2717763662338257 13720
1675939197195 0.27465405464172366 13760
1675939199260 0.3472914457321167 13800
1675939201428 0.26029629707336427 13840
1675939203381 0.3271423578262329 13880
1675939205149 0.2650319814682007 13920
1675939208759 0.29710869789123534 13960
1675939210749 0.3465378522872925 14000
1675939212404 0.31030027866363524 14040
1675939214262 0.3352692127227783 14080
1675939216031 0.3051978588104248 14120
1675939218002 0.318475341796875 14160
1675939220191 0.3504005193710327 14200
1675939223833 0.3093919277191162 14240
1675939225380 0.2960202217102051 14280
1675939227478 0.3558388948440552 14320
1675939229231 0.2920783042907715 14360
1675939231092 0.3008063316345215 14400
1675939232989 0.30044145584106446 14440
1675939235219 0.3675525426864624 14480
1675939238865 0.27411646842956544 14520
1675939240796 0.28841092586517336 14560
1675939242265 0.29477672576904296 14600
1675939244052 0.4223224639892578 14640
1675939245865 0.31968114376068113 14680
1675939248148 0.28896591663360593 14720
1675939250185 0.3187511682510376 14760
1675939253849 0.35452899932861326 14800
1675939255783 0.3283604621887207 14840
1675939257776 0.31703617572784426 14880
1675939259397 0.2439260482788086 14920
1675939261255 0.3146990776062012 14960
1675939262764 0.2402421236038208 15000
1675939264549 0.2916579246520996 15040
1675939268331 0.271657395362854 15080
1675939270383 0.28289897441864015 15120
1675939271827 0.2837862730026245 15160
1675939273757 0.38322389125823975 15200
1675939275437 0.25412750244140625 15240
1675939277542 0.2707771062850952 15280
1675939279194 0.3004505157470703 15320
1675939280907 0.34657859802246094 15360
1675939284564 0.2743014097213745 15400
1675939286537 0.3486783504486084 15440
1675939288351 0.24977269172668456 15480
1675939290018 0.2972515344619751 15520
1675939291860 0.29971699714660643 15560
1675939293432 0.31473770141601565 15600
1675939295104 0.32661917209625246 15640
1675939298889 0.2803918123245239 15680
1675939301007 0.2949438810348511 15720
1675939302863 0.29653594493865965 15760
1675939304934 0.32292163372039795 15800
1675939307185 0.2524587392807007 15840
1675939308691 0.33437955379486084 15880
1675939310276 0.2951497077941895 15920
1675939313772 0.3523171186447144 15960
1675939315707 0.37395539283752444 16000
1675939317873 0.33532660007476806 16040
1675939319575 0.2929837226867676 16080
1675939321350 0.2538690328598022 16120
1675939323042 0.21839513778686523 16160
1675939324779 0.33007357120513914 16200
1675939326341 0.2615093946456909 16240
1675939330139 0.25121660232543946 16280
1675939332465 0.2593652009963989 16320
1675939334101 0.32292661666870115 16360
1675939336035 0.31313023567199705 16400
1675939337979 0.35902159214019774 16440
1675939339760 0.3008716344833374 16480
1675939343434 0.28593080043792723 16520
1675939345084 0.28177318572998045 16560
1675939346596 0.3405498266220093 16600
1675939348616 0.3038437843322754 16640
1675939350254 0.28281292915344236 16680
1675939351925 0.2938791275024414 16720
1675939354091 0.33545751571655275 16760
1675939355866 0.3038699388504028 16800
1675939359618 0.2863945484161377 16840
1675939361313 0.3090565919876099 16880
1675939363348 0.29605517387390134 16920
1675939365175 0.2815812110900879 16960
1675939367229 0.2446066379547119 17000
1675939369303 0.264413857460022 17040
1675939371143 0.2561826467514038 17080
1675939374803 0.2781799077987671 17120
1675939376486 0.2420894145965576 17160
1675939378423 0.3074678659439087 17200
1675939380376 0.29849164485931395 17240
1675939381998 0.2469646692276001 17280
1675939383895 0.3194063425064087 17320
1675939385848 0.2474440574645996 17360
1675939389604 0.2620347261428833 17400
1675939391498 0.18756656646728515 17440
1675939393492 0.3709848642349243 17480
1675939396330 0.2677762031555176 17520
1675939400343 0.30661492347717284 17560
1675939404313 0.355387544631958 17600
1675939406211 0.30278630256652833 17640
1675939408246 0.3324086666107178 17680
1675939410197 0.3368492126464844 17720
1675939411951 0.3285118579864502 17760
1675939413396 0.3337242603302002 17800
1675939415401 0.30110328197479247 17840
1675939418951 0.22962346076965331 17880
1675939420932 0.36353044509887694 17920
1675939422775 0.2994560956954956 17960
1675939424683 0.3239729881286621 18000
1675939426348 0.2727880716323853 18040
1675939428461 0.33402600288391116 18080
1675939430664 0.3202866792678833 18120
1675939434347 0.2833380699157715 18160
1675939436311 0.2985301733016968 18200
1675939438036 0.22905223369598388 18240
1675939439851 0.21718912124633788 18280
1675939441891 0.28175227642059325 18320
1675939443585 0.27959845066070554 18360
1675939445254 0.3134939432144165 18400
1675939448945 0.349570631980896 18440
1675939450777 0.2770763158798218 18480
1675939452657 0.26608211994171144 18520
1675939454229 0.2564439296722412 18560
1675939456244 0.3184920072555542 18600
1675939458724 0.24971678256988525 18640
1675939460284 0.29710376262664795 18680
1675939463945 0.28573448657989503 18720
1675939465676 0.20681407451629638 18760
1675939467992 0.26033658981323243 18800
1675939469685 0.23227291107177733 18840
1675939471418 0.3258283376693726 18880
1675939473351 0.2893030881881714 18920
1675939474947 0.2632481336593628 18960
1675939478825 0.21904349327087402 19000
1675939480672 0.2654882907867432 19040
1675939482525 0.27464354038238525 19080
1675939484093 0.36117892265319823 19120
1675939485822 0.24979233741760254 19160
1675939488048 0.2694965600967407 19200
1675939490000 0.2069962739944458 19240
1675939493844 0.28443925380706786 19280
1675939495247 0.1800533652305603 19320
1675939497135 0.268536639213562 19360
1675939498944 0.2207340717315674 19400
1675939501236 0.2730584144592285 19440
1675939503080 0.21596789360046387 19480
1675939504925 0.215470552444458 19520
1675939508775 0.2586520671844482 19560
1675939510595 0.25319709777832033 19600
1675939512699 0.27249369621276853 19640
1675939514609 0.25363821983337403 19680
1675939516248 0.18087682723999024 19720
1675939518252 0.2738694667816162 19760
1675939520043 0.20158615112304687 19800
1675939523881 0.3058335542678833 19840
1675939525623 0.2722302436828613 19880
1675939527483 0.1959076166152954 19920
1675939529334 0.34282708168029785 19960
1675939531347 0.2048025608062744 20000
1675939533085 0.29498674869537356 20040
1675939535005 0.26159851551055907 20080
1675939546021 0.17496222257614136 20120
1675939548186 0.2590237855911255 20160
1675939550087 0.23591721057891846 20200
1675939553881 0.19317803382873536 20240
1675939555625 0.2127504825592041 20280
1675939557983 0.2588097333908081 20320
1675939559700 0.23001377582550048 20360
1675939561523 0.3179211139678955 20400
1675939563217 0.3066351652145386 20440
1675939565036 0.26654441356658937 20480
1675939568871 0.22803950309753418 20520
1675939570647 0.2715449333190918 20560
1675939572434 0.1954363465309143 20600
1675939574431 0.21479506492614747 20640
1675939576186 0.24111084938049315 20680
1675939578271 0.2574289083480835 20720
1675939580328 0.25586509704589844 20760
1675939583863 0.2943029165267944 20800
1675939585746 0.21265761852264403 20840
1675939587781 0.21499300003051758 20880
1675939589605 0.21549439430236816 20920
1675939591355 0.22938437461853028 20960
1675939593262 0.2688865661621094 21000
1675939594922 0.25393722057342527 21040
1675939598668 0.22207446098327638 21080
1675939600452 0.24065816402435303 21120
1675939602113 0.24079160690307616 21160
1675939603922 0.22240915298461914 21200
1675939605923 0.25173344612121584 21240
1675939608289 0.26167752742767336 21280
1675939610002 0.21602535247802734 21320
1675939613644 0.22082650661468506 21360
1675939615398 0.2807632923126221 21400
1675939617299 0.17046505212783813 21440
1675939619159 0.18954936265945435 21480
1675939620823 0.19090794324874877 21520
1675939622636 0.27752768993377686 21560
1675939624456 0.21079001426696778 21600
1675939627873 0.2257211446762085 21640
1675939630432 0.21820671558380128 21680
1675939631948 0.23685927391052247 21720
1675939633924 0.21300764083862306 21760
1675939635682 0.23282029628753662 21800
1675939637762 0.2436964511871338 21840
1675939639591 0.19287124872207642 21880
1675939643220 0.2243403434753418 21920
1675939645091 0.2317657232284546 21960
1675939647174 0.20635390281677246 22000
1675939648856 0.1715771198272705 22040
1675939650579 0.19357497692108155 22080
1675939652440 0.20019867420196533 22120
1675939654168 0.24803671836853028 22160
1675939656103 0.2581122159957886 22200
1675939659768 0.1964321732521057 22240
1675939661424 0.19902087450027467 22280
1675939663515 0.24203152656555177 22320
1675939665312 0.21106672286987305 22360
1675939667430 0.22003934383392335 22400
1675939669052 0.20100836753845214 22440
1675939672192 0.19493955373764038 22480
1675939674882 0.18355824947357177 22520
1675939676784 0.24790019989013673 22560
1675939678848 0.19910318851470948 22600
1675939680733 0.19721451997756959 22640
1675939682726 0.19553467035293579 22680
1675939684387 0.16425840854644774 22720
1675939687752 0.20784640312194824 22760
1675939689954 0.15228958129882814 22800
1675939691766 0.19285833835601807 22840
1675939693939 0.21649384498596191 22880
1675939695883 0.23674604892730713 22920
1675939697795 0.21455082893371583 22960
1675939699745 0.2206796169281006 23000
1675939703417 0.1866108298301697 23040
1675939705095 0.22661261558532714 23080
1675939707050 0.1820901155471802 23120
1675939709172 0.23540112972259522 23160
1675939711053 0.2446687936782837 23200
1675939712937 0.16577287912368774 23240
1675939714734 0.17846715450286865 23280
1675939717267 0.3874261140823364 23320
1675939720230 0.1878192663192749 23360
1675939722067 0.1872562050819397 23400
1675939723893 0.21502327919006348 23440
1675939725661 0.21998412609100343 23480
1675939727755 0.23648991584777831 23520
1675939729581 0.19433515071868895 23560
1675939731360 0.20034370422363282 23600
1675939735035 0.2276771068572998 23640
1675939736774 0.14217729568481446 23680
1675939738855 0.23648650646209718 23720
1675939740667 0.17487152814865112 23760
1675939742335 0.13190109729766847 23800
1675939744342 0.22777092456817627 23840
1675939746036 0.20426225662231445 23880
1675939749875 0.19604791402816774 23920
1675939751643 0.17721803188323976 23960
1675939753379 0.1952466607093811 24000
1675939755300 0.22913110256195068 24040
1675939757534 0.239837121963501 24080
1675939759361 0.19067548513412474 24120
1675939761334 0.21440436840057372 24160
1675939764810 0.20148470401763915 24200
1675939767011 0.21481754779815673 24240
1675939768951 0.17189990282058715 24280
1675939770639 0.22930076122283935 24320
1675939772517 0.21328818798065186 24360
1675939774275 0.15544862747192384 24400
1675939776389 0.1777278184890747 24440
1675939779939 0.16451236009597778 24480
1675939781836 0.26312742233276365 24520
1675939783469 0.1365128755569458 24560
1675939785898 0.2540679931640625 24600
1675939787744 0.16999815702438353 24640
1675939789627 0.2671330213546753 24680
1675939791434 0.2231532335281372 24720
1675939795395 0.21340999603271485 24760
1675939797475 0.22402913570404054 24800
1675939799555 0.22513763904571532 24840
1675939802099 0.20835320949554442 24880
1675939804194 0.18268611431121826 24920
1675939806005 0.1604828119277954 24960
1675939810026 0.2155750036239624 25000
1675939811569 0.1854522705078125 25040
1675939813272 0.19566309452056885 25080
1675939815495 0.16710972785949707 25120
1675939817469 0.20069143772125245 25160
1675939818899 0.18709737062454224 25200
1675939821062 0.24898335933685303 25240
1675939824644 0.1439383625984192 25280
1675939826665 0.20312943458557128 25320
1675939828555 0.16764525175094605 25360
1675939830262 0.19385733604431152 25400
1675939832104 0.16986148357391356 25440
1675939834136 0.2548062324523926 25480
1675939835890 0.15350565910339356 25520
1675939839460 0.20424680709838866 25560
1675939841414 0.2107405662536621 25600
1675939843103 0.20834834575653077 25640
1675939844915 0.19771286249160766 25680
1675939847103 0.17057257890701294 25720
1675939848990 0.18689523935317992 25760
1675939851053 0.20383021831512452 25800
1675939854957 0.20930752754211426 25840
1675939857335 0.16504169702529908 25880
1675939859073 0.19012341499328614 25920
1675939860651 0.19876451492309571 25960
1675939862515 0.22799856662750245 26000
1675939864254 0.26773386001586913 26040
1675939866328 0.22863342761993408 26080
1675939869915 0.21988129615783691 26120
1675939871571 0.18524518013000488 26160
1675939873430 0.1362995386123657 26200
1675939875432 0.1963232159614563 26240
1675939877429 0.15636330842971802 26280
1675939879148 0.1816176652908325 26320
1675939881194 0.18219413757324218 26360
1675939884777 0.18835823535919188 26400
1675939886751 0.18477184772491456 26440
1675939888765 0.24631767272949218 26480
1675939890592 0.19194043874740602 26520
1675939892490 0.1700594663619995 26560
1675939894262 0.16899434328079224 26600
1675939895810 0.22025394439697266 26640
1675939899540 0.18515440225601196 26680
1675939901329 0.18547946214675903 26720
1675939902907 0.16607193946838378 26760
1675939905006 0.21015434265136718 26800
1675939907164 0.21341519355773925 26840
1675939908894 0.14930979013442994 26880
1675939910530 0.21250276565551757 26920
1675939914407 0.1638838529586792 26960
1675939916158 0.1419137716293335 27000
1675939918042 0.1650669813156128 27040
1675939920147 0.19416227340698242 27080
1675939921887 0.1561367154121399 27120
1675939923699 0.1981436252593994 27160
1675939925486 0.2238476037979126 27200
1675939929206 0.2174945592880249 27240
1675939931004 0.19534977674484252 27280
1675939932627 0.1461474657058716 27320
1675939934547 0.17638001441955567 27360
1675939937018 0.2108762741088867 27400
1675939938566 0.15475407838821412 27440
1675939940438 0.14237055778503419 27480
1675939944158 0.18306093215942382 27520
1675939946110 0.266982889175415 27560
1675939947996 0.1874459505081177 27600
1675939950139 0.2477648973464966 27640
1675939951996 0.1894514799118042 27680
1675939953896 0.207747745513916 27720
1675939955927 0.18629394769668578 27760
1675939959595 0.19281299114227296 27800
1675939961376 0.18154171705245972 27840
1675939963108 0.16572160720825196 27880
1675939964824 0.16043527126312257 27920
1675939966624 0.15931932926177977 27960
1675939968607 0.20118367671966553 28000
1675939970717 0.20325665473937987 28040
1675939974278 0.1398176670074463 28080
1675939976271 0.22311899662017823 28120
1675939978410 0.21912779808044433 28160
1675939980280 0.17813756465911865 28200
1675939982354 0.21038589477539063 28240
1675939983909 0.12277765274047851 28280
1675939985972 0.1531291127204895 28320
1675939989827 0.1754517912864685 28360
1675939991624 0.2084810733795166 28400
1675939993240 0.22429943084716797 28440
1675939996534 0.17814505100250244 28480
1675940000209 0.15790534019470215 28520
1675940003787 0.18536993265151977 28560
1675940005433 0.14459331035614015 28600
1675940008963 0.17149298191070556 28640
1675940010978 0.17291173934936524 28680
1675940012797 0.1644199252128601 28720
1675940014383 0.20816214084625245 28760
1675940016174 0.12277771234512329 28800
1675940019778 0.15600522756576538 28840
1675940021545 0.20693693161010743 28880
1675940023379 0.22802457809448243 28920
1675940025248 0.19210830926895142 28960
1675940026894 0.17720335721969604 29000
1675940028860 0.1650205135345459 29040
1675940030731 0.21323766708374023 29080
1675940034216 0.18781806230545045 29120
1675940036166 0.18217118978500366 29160
1675940038658 0.15823142528533934 29200
1675940040479 0.1797911047935486 29240
1675940042518 0.14300886392593384 29280
1675940044434 0.1938766360282898 29320
1675940046122 0.1436752438545227 29360
1675940049818 0.1525835156440735 29400
1675940051454 0.14996460676193238 29440
1675940053628 0.22707605361938477 29480
1675940055422 0.1678871989250183 29520
1675940058123 0.1623225688934326 29560
1675940060033 0.17384417057037355 29600
1675940063913 0.19003971815109252 29640
1675940065668 0.18708133697509766 29680
1675940067832 0.1534148335456848 29720
1675940069775 0.12763675451278686 29760
1675940071397 0.18885446786880494 29800
1675940073061 0.15678714513778685 29840
1675940075118 0.212052583694458 29880
1675940079092 0.18533514738082885 29920
1675940080934 0.13315465450286865 29960
1675940082663 0.20358471870422362 30000
1675940084642 0.1484040379524231 30040
1675940086241 0.18382657766342164 30080
1675940088227 0.22461600303649903 30120
1675940098802 0.10151089429855346 30160
1675940101177 0.1924356698989868 30200
1675940103033 0.1673970103263855 30240
1675940105128 0.1810236930847168 30280
1675940108929 0.16024601459503174 30320
1675940111174 0.17268623113632203 30360
1675940112926 0.18814789056777953 30400
1675940114934 0.23485591411590576 30440
1675940116634 0.23612420558929442 30480
1675940118822 0.19921791553497314 30520
1675940120946 0.16869759559631348 30560
1675940125049 0.20625076293945313 30600
1675940126749 0.13943538665771485 30640
1675940128752 0.18543000221252443 30680
1675940130549 0.15372642278671264 30720
1675940132415 0.22148101329803466 30760
1675940134155 0.18236868381500243 30800
1675940135977 0.1959623336791992 30840
1675940140057 0.1614184021949768 30880
1675940142074 0.172716224193573 30920
1675940143978 0.16548900604248046 30960
1675940145701 0.16186697483062745 31000
1675940147577 0.22657032012939454 31040
1675940149163 0.2234483003616333 31080
1675940151395 0.15690276622772217 31120
1675940154995 0.16623882055282593 31160
1675940156870 0.1596626877784729 31200
1675940158866 0.1819309711456299 31240
1675940160730 0.19389747381210326 31280
1675940162963 0.2131584644317627 31320
1675940164657 0.14721325635910035 31360
1675940168604 0.22570207118988037 31400
1675940170311 0.1864505410194397 31440
1675940172242 0.1558714985847473 31480
1675940173885 0.1463812470436096 31520
1675940175598 0.1256502628326416 31560
1675940177871 0.20562498569488524 31600
1675940179521 0.16114578247070313 31640
1675940182600 0.1843634843826294 31680
1675940185042 0.15390030145645142 31720
1675940186670 0.2284471273422241 31760
1675940188464 0.1680658459663391 31800
1675940190071 0.16763917207717896 31840
1675940191669 0.16412074565887452 31880
1675940193409 0.17025206089019776 31920
1675940195031 0.1657380223274231 31960
1675940198642 0.2230811357498169 32000
1675940200333 0.12531936168670654 32040
1675940202093 0.15532844066619872 32080
1675940203906 0.1365734338760376 32120
1675940205820 0.14626129865646362 32160
1675940208054 0.25757057666778566 32200
1675940210112 0.19163583517074584 32240
1675940213645 0.13376834392547607 32280
1675940215431 0.16541072130203247 32320
1675940217499 0.19884299039840697 32360
1675940219548 0.15825670957565308 32400
1675940221179 0.17845065593719484 32440
1675940222944 0.15254114866256713 32480
1675940224903 0.1963951349258423 32520
1675940228411 0.16567738056182862 32560
1675940230186 0.2084841251373291 32600
1675940232010 0.15844159126281737 32640
1675940233778 0.17522653341293334 32680
1675940235695 0.15876792669296264 32720
1675940237749 0.15738089084625245 32760
1675940239827 0.16421366930007936 32800
1675940243239 0.13055820465087892 32840
1675940245071 0.13689911365509033 32880
1675940247309 0.21082015037536622 32920
1675940249310 0.1784412145614624 32960
1675940251007 0.15363011360168458 33000
1675940252851 0.18184762001037597 33040
1675940254874 0.23525054454803468 33080
1675940256908 0.15784196853637694 33120
1675940260226 0.16689902544021606 33160
1675940262159 0.17136898040771484 33200
1675940264037 0.27051098346710206 33240
1675940265970 0.16588912010192872 33280
1675940267817 0.13510395288467408 33320
1675940269450 0.18832601308822633 33360
1675940273048 0.18347159624099732 33400
1675940275040 0.16330896615982055 33440
1675940277005 0.16976827383041382 33480
1675940278944 0.1696566343307495 33520
1675940280991 0.21029808521270751 33560
1675940282799 0.18014825582504274 33600
1675940284550 0.196100652217865 33640
1675940288484 0.21178414821624755 33680
1675940290183 0.10519870519638061 33720
1675940292012 0.1805059790611267 33760
1675940293714 0.1704283595085144 33800
1675940295448 0.13255252838134765 33840
1675940297840 0.1873760223388672 33880
1675940299840 0.15947703123092652 33920
1675940303529 0.1726081132888794 33960
1675940305214 0.1336281418800354 34000
1675940307271 0.16836246252059936 34040
1675940308879 0.18242827653884888 34080
1675940310552 0.19040360450744628 34120
1675940312516 0.1955880641937256 34160
1675940314293 0.19833428859710694 34200
1675940315978 0.16104521751403808 34240
1675940319801 0.21021583080291747 34280
1675940321710 0.17382683753967285 34320
1675940323318 0.17403415441513062 34360
1675940325011 0.1805655002593994 34400
1675940326915 0.14556032419204712 34440
1675940328631 0.15100864171981812 34480
1675940330510 0.1516037702560425 34520
1675940334384 0.2271672248840332 34560
1675940336131 0.13708012104034423 34600
1675940338285 0.18736693859100342 34640
1675940339751 0.13210352659225463 34680
1675940341437 0.23720190525054932 34720
1675940343351 0.1849294900894165 34760
1675940345419 0.17075374126434326 34800
1675940349361 0.17428945302963256 34840
1675940351600 0.21259787082672119 34880
1675940353493 0.16290733814239503 34920
1675940355398 0.1704974055290222 34960
1675940357504 0.14666881561279296 35000
1675940359856 0.17921273708343505 35040
1675940361566 0.12996749877929686 35080
1675940364942 0.14407494068145751 35120
1675940366723 0.16854172945022583 35160
1675940368823 0.17723569869995118 35200
1675940370406 0.16128382682800294 35240
1675940372236 0.17240582704544066 35280
1675940374202 0.2516949653625488 35320
1675940376049 0.16644816398620604 35360
1675940379899 0.17810916900634766 35400
1675940381341 0.16862499713897705 35440
1675940382891 0.15903830528259277 35480
1675940384977 0.1890089988708496 35520
1675940386947 0.15911904573440552 35560
1675940388614 0.160220730304718 35600
1675940390787 0.17775721549987794 35640
1675940394821 0.17230187654495238 35680
1675940396780 0.19382839202880858 35720
1675940398822 0.1413998246192932 35760
1675940401172 0.1619652509689331 35800
1675940403306 0.16745991706848146 35840
1675940405546 0.1578373670578003 35880
1675940410026 0.14419399499893187 35920
1675940411656 0.17078227996826173 35960
1675940413321 0.17198840379714966 36000
1675940415096 0.16793237924575805 36040
1675940417018 0.22512917518615722 36080
1675940419273 0.20702927112579345 36120
1675940421343 0.17803314924240113 36160
1675940424858 0.1409487247467041 36200
1675940426794 0.1494056463241577 36240
1675940428606 0.15141839981079103 36280
1675940430324 0.13105348348617554 36320
1675940432220 0.19111254215240478 36360
1675940434098 0.16213080883026124 36400
1675940435825 0.17249162197113038 36440
1675940439624 0.18693990707397462 36480
1675940441476 0.19745955467224122 36520
1675940443185 0.17690205574035645 36560
1675940444951 0.13879802227020263 36600
1675940446955 0.17564315795898439 36640
1675940448671 0.20375211238861085 36680
1675940450382 0.16623363494873047 36720
1675940453890 0.17436426877975464 36760
1675940455584 0.14621369838714598 36800
1675940457696 0.2170553207397461 36840
1675940459804 0.19977885484695435 36880
1675940461476 0.12703312635421754 36920
1675940463294 0.1774704337120056 36960
1675940465176 0.16579846143722535 37000
1675940468929 0.16311290264129638 37040
1675940470880 0.1476367712020874 37080
1675940472861 0.19099942445755005 37120
1675940474506 0.11676270961761474 37160
1675940476210 0.1943645477294922 37200
1675940478421 0.1491866946220398 37240
1675940480378 0.1961342692375183 37280
1675940484062 0.1711508274078369 37320
1675940485800 0.16267744302749634 37360
1675940487839 0.14866149425506592 37400
1675940489842 0.18199732303619384 37440
1675940491437 0.14190298318862915 37480
1675940493252 0.14504215717315674 37520
1675940495143 0.174344265460968 37560
1675940498714 0.15518364906311036 37600
1675940500452 0.14695534706115723 37640
1675940502431 0.22014710903167725 37680
1675940504411 0.17381705045700074 37720
1675940506296 0.18550417423248292 37760
1675940508726 0.1853150725364685 37800
1675940510647 0.1772521734237671 37840
1675940514121 0.1638874292373657 37880
1675940515899 0.14658920764923095 37920
1675940517817 0.1501508355140686 37960
1675940519830 0.11560215950012206 38000
1675940521735 0.20668015480041504 38040
1675940523925 0.18704875707626342 38080
1675940525740 0.1342240810394287 38120
1675940529710 0.19725401401519777 38160
1675940531594 0.19724005460739136 38200
1675940533301 0.18450926542282103 38240
1675940535210 0.17947626113891602 38280
1675940536849 0.12049685716629029 38320
1675940538847 0.13411409854888917 38360
1675940541218 0.14381355047225952 38400
1675940544956 0.21000046730041505 38440
1675940546599 0.15900628566741942 38480
1675940548513 0.18421430587768556 38520
1675940550468 0.1587046504020691 38560
1675940552128 0.15521950721740724 38600
1675940553878 0.14305896759033204 38640
1675940555823 0.14890973567962645 38680
1675940559880 0.11201192140579223 38720
1675940561486 0.17526413202285768 38760
1675940563112 0.20208749771118165 38800
1675940564806 0.11376799345016479 38840
1675940566758 0.1293017625808716 38880
1675940568628 0.15286288261413575 38920
1675940570309 0.17915066480636596 38960
1675940574037 0.18126840591430665 39000
1675940575908 0.15107618570327758 39040
1675940577865 0.1518962025642395 39080
1675940579615 0.16826040744781495 39120
1675940581413 0.14452906847000122 39160
1675940583080 0.2175614833831787 39200
1675940584832 0.14986724853515626 39240
1675940588678 0.18809020519256592 39280
1675940590474 0.1330486536026001 39320
1675940592421 0.1614585041999817 39360
1675940593953 0.14536114931106567 39400
1675940595511 0.14553160667419435 39440
1675940597705 0.17624828815460206 39480
1675940599463 0.13974922895431519 39520
1675940603315 0.3063713788986206 39560
1675940605328 0.1368818998336792 39600
1675940607341 0.16838868856430053 39640
1675940609228 0.17696115970611573 39680
1675940610994 0.18211889266967773 39720
1675940612941 0.15642454624176025 39760
1675940614606 0.12454032897949219 39800
1675940616202 0.14471627473831178 39840
1675940619601 0.1574717402458191 39880
1675940621429 0.18408275842666627 39920
1675940623427 0.1796831488609314 39960
1675940625299 0.14593152999877929 40000
1675940627284 0.19169763326644898 40040
1675940629064 0.16158338785171508 40080
1675940630739 0.17327027320861815 40120
1675940634589 0.23673152923583984 40160
1675940643109 0.08222652673721313 40200
1675940645330 0.1705721378326416 40240
1675940649364 0.17721797227859498 40280
1675940651415 0.1610371470451355 40320
1675940653240 0.161165189743042 40360
1675940655340 0.15891357660293579 40400
1675940657701 0.19447498321533202 40440
1675940659572 0.18650567531585693 40480
1675940663954 0.20793633460998534 40520
1675940666368 0.20880815982818604 40560
1675940668577 0.1731163501739502 40600
1675940670828 0.1778537154197693 40640
1675940672508 0.1428199291229248 40680
1675940674532 0.15819698572158813 40720
1675940678504 0.1477046012878418 40760
1675940680416 0.20558855533599854 40800
1675940682526 0.18875596523284913 40840
1675940684334 0.18648128509521483 40880
1675940686538 0.147882080078125 40920
1675940688656 0.17014484405517577 40960
1675940690712 0.16422700881958008 41000
1675940694938 0.16518279314041137 41040
1675940697176 0.18354011774063111 41080
1675940698999 0.17971669435501098 41120
1675940701304 0.17378958463668823 41160
1675940703539 0.16575396060943604 41200
1675940705231 0.14707260131835936 41240
1675940709277 0.17436113357543945 41280
1675940711441 0.17510530948638917 41320
1675940713668 0.2108912706375122 41360
1675940715450 0.1707344889640808 41400
1675940717632 0.187810218334198 41440
1675940719470 0.16120213270187378 41480
1675940723459 0.15624382495880126 41520
1675940725286 0.14171247482299804 41560
1675940727392 0.12604979276657105 41600
1675940729223 0.17980178594589233 41640
1675940731120 0.1663011431694031 41680
1675940733294 0.1680804967880249 41720
1675940734995 0.12998322248458863 41760
1675940738581 0.1715075135231018 41800
1675940740318 0.14790400266647338 41840
1675940741980 0.1599297285079956 41880
1675940743972 0.19826605319976806 41920
1675940745727 0.16470638513565064 41960
1675940747819 0.17053078413009642 42000
1675940749672 0.19171364307403566 42040
1675940753587 0.16425701379776 42080
1675940755497 0.14516913890838623 42120
1675940757377 0.16963706016540528 42160
1675940759553 0.15422434806823732 42200
1675940761440 0.2244854211807251 42240
1675940763371 0.1890447974205017 42280
1675940765314 0.1502302885055542 42320
1675940769455 0.15056028366088867 42360
1675940771381 0.1761881709098816 42400
1675940773275 0.26454572677612304 42440
1675940775414 0.17433792352676392 42480
1675940777410 0.16234219074249268 42520
1675940779556 0.16837536096572875 42560
1675940781576 0.1517704486846924 42600
1675940785463 0.19692025184631348 42640
1675940787702 0.1595819592475891 42680
1675940789726 0.14613355398178102 42720
1675940791735 0.15610835552215577 42760
1675940793688 0.1352581262588501 42800
1675940795783 0.1545432209968567 42840
1675940799336 0.11229416131973266 42880
1675940801355 0.13373236656188964 42920
1675940803314 0.19650108814239503 42960
1675940805436 0.16865692138671876 43000
1675940807423 0.14009543657302856 43040
1675940809296 0.1877308487892151 43080
1675940812750 0.1586918830871582 43120
1675940814982 0.16278189420700073 43160
1675940817069 0.1349345326423645 43200
1675940819145 0.1878961443901062 43240
1675940821476 0.1653111457824707 43280
1675940823523 0.14287155866622925 43320
1675940825331 0.12846218347549437 43360
1675940829194 0.1624704122543335 43400
1675940831259 0.16421701908111572 43440
1675940832852 0.15447852611541749 43480
1675940834777 0.15836986303329467 43520
1675940836926 0.18251900672912597 43560
1675940838849 0.16208126544952392 43600
1675940840774 0.160236918926239 43640
1675940844844 0.16297659873962403 43680
1675940846876 0.18798532485961914 43720
1675940848824 0.12379859685897827 43760
1675940851235 0.1902277112007141 43800
1675940853922 0.1728691577911377 43840
1675940855686 0.11051549911499023 43880
1675940859741 0.17230761051177979 43920
1675940861676 0.159685480594635 43960
1675940863526 0.15408365726470946 44000
1675940865377 0.15522778034210205 44040
1675940867153 0.15226244926452637 44080
1675940869016 0.15566548109054565 44120
1675940870797 0.1985155463218689 44160
1675940874739 0.16530427932739258 44200
1675940876516 0.19712284803390503 44240
1675940878794 0.15435776710510254 44280
1675940880663 0.18116967678070067 44320
1675940882609 0.1513280987739563 44360
1675940884383 0.18351391553878785 44400
1675940886212 0.16520977020263672 44440
1675940890059 0.145884907245636 44480
1675940891738 0.1551205635070801 44520
1675940893832 0.13717386722564698 44560
1675940895890 0.2168186664581299 44600
1675940898051 0.11973735094070434 44640
1675940900203 0.16510210037231446 44680
1675940903848 0.39609832763671876 44720
1675940905782 0.23804109096527098 44760
1675940907655 0.19049941301345824 44800
1675940909987 0.17692266702651976 44840
1675940911833 0.15754276514053345 44880
1675940914402 0.21288013458251953 44920
1675940916272 0.15276559591293334 44960
1675940920141 0.18026223182678222 45000
1675940921780 0.15935791730880738 45040
1675940923775 0.17068920135498047 45080
1675940925565 0.1323484420776367 45120
1675940927525 0.1472339630126953 45160
1675940929627 0.16007124185562133 45200
1675940933390 0.1465575098991394 45240
1675940935186 0.14220906496047975 45280
1675940937250 0.16609591245651245 45320
1675940939038 0.15895941257476806 45360
1675940940817 0.13116666078567504 45400
1675940942706 0.19552879333496093 45440
1675940944560 0.12504881620407104 45480
1675940947128 0.16276413202285767 45520
1675940950523 0.18780739307403566 45560
1675940952258 0.14325331449508666 45600
1675940954190 0.1337002158164978 45640
1675940956303 0.15938112735748292 45680
1675940958693 0.16825441122055054 45720
1675940960822 0.19299602508544922 45760
1675940964690 0.1384807348251343 45800
1675940966637 0.1409010887145996 45840
1675940968650 0.16374876499176025 45880
1675940970771 0.17267152070999145 45920
1675940972981 0.1381348729133606 45960
1675940974745 0.1479383587837219 46000
1675940978214 0.1813962936401367 46040
1675940980116 0.17287819385528563 46080
1675940982194 0.1765272617340088 46120
1675940984290 0.19264485836029052 46160
1675940986236 0.19291751384735106 46200
1675940988172 0.14867229461669923 46240
1675940989951 0.13138970136642455 46280
1675940993765 0.14411617517471315 46320
1675940995514 0.11172105073928833 46360
1675940997847 0.1927806854248047 46400
1675940999819 0.14094181060791017 46440
1675941002237 0.14559274911880493 46480
1675941004177 0.17936198711395263 46520
1675941006371 0.1815242052078247 46560
1675941010081 0.18169625997543334 46600
1675941012080 0.14800119400024414 46640
1675941013784 0.17260410785675048 46680
1675941015369 0.19757221937179564 46720
1675941017244 0.1524785876274109 46760
1675941019108 0.19143497943878174 46800
1675941020831 0.16290299892425536 46840
1675941024962 0.14158493280410767 46880
1675941027114 0.21238577365875244 46920
1675941029041 0.13461945056915284 46960
1675941030861 0.16716643571853637 47000
1675941032763 0.16645214557647706 47040
1675941034453 0.14877164363861084 47080
1675941036516 0.14768996238708496 47120
1675941040123 0.18446054458618164 47160
1675941041936 0.13354740142822266 47200
1675941044002 0.16377993822097778 47240
1675941045786 0.1420003056526184 47280
1675941047596 0.13867443799972534 47320
1675941049807 0.1847703456878662 47360
1675941053626 0.15542038679122924 47400
1675941055479 0.1457429885864258 47440
1675941057493 0.16211892366409303 47480
1675941059680 0.15340181589126586 47520
1675941061515 0.1416579842567444 47560
1675941063314 0.15706348419189453 47600
1675941065137 0.15912296772003173 47640
1675941069142 0.13634990453720092 47680
1675941071198 0.17953023910522461 47720
1675941073192 0.17556159496307372 47760
1675941075195 0.2012157440185547 47800
1675941077070 0.16183595657348632 47840
1675941079329 0.16452313661575318 47880
1675941080983 0.13078368902206422 47920
1675941084917 0.14403022527694703 47960
1675941086748 0.1396580696105957 48000
1675941088662 0.11109631061553955 48040
1675941090786 0.17481006383895875 48080
1675941092679 0.1647965431213379 48120
1675941094425 0.15744287967681886 48160
1675941097972 0.16367985010147096 48200
1675941100471 0.17994322776794433 48240
1675941102291 0.1795275926589966 48280
1675941104192 0.16150271892547607 48320
1675941105941 0.10505210161209107 48360
1675941108363 0.12650169134140016 48400
1675941110616 0.14585089683532715 48440
1675941114299 0.17367407083511352 48480
1675941116111 0.17227829694747926 48520
1675941117843 0.1618952751159668 48560
1675941119930 0.15585143566131593 48600
1675941121945 0.14767636060714723 48640
1675941123656 0.12648886442184448 48680
1675941125626 0.14624282121658325 48720
1675941129541 0.15001838207244872 48760
1675941131409 0.14289538860321044 48800
1675941133071 0.19955925941467284 48840
1675941134859 0.16472600698471068 48880
1675941137046 0.13791862726211548 48920
1675941139136 0.14723130464553832 48960
1675941140909 0.17814457416534424 49000
1675941145220 0.18158091306686402 49040
1675941147270 0.14733293056488037 49080
1675941149282 0.13507012128829957 49120
1675941151345 0.16511645317077636 49160
1675941153143 0.1685105800628662 49200
1675941155019 0.1625847339630127 49240
1675941158844 0.17386014461517335 49280
1675941160703 0.1714215874671936 49320
1675941162946 0.12811189889907837 49360
1675941164751 0.1717886209487915 49400
1675941166472 0.1362019658088684 49440
1675941168513 0.1380666971206665 49480
1675941170335 0.17902331352233886 49520
1675941174089 0.13983078002929689 49560
1675941175893 0.19279162883758544 49600
1675941178293 0.15042526721954347 49640
1675941180163 0.1570159912109375 49680
1675941182084 0.18029377460479737 49720
1675941184027 0.18563073873519897 49760
1675941185878 0.14064621925354004 49800
1675941189684 0.13884210586547852 49840
1675941191478 0.14112213850021363 49880
1675941193343 0.1503175377845764 49920
1675941195271 0.17382093667984008 49960
1675941197201 0.1835523247718811 50000
1675941199503 0.1385073184967041 50040
1675941201586 0.1904258608818054 50080
1675941205477 0.14392149448394775 50120
1675941207277 0.15809520483016967 50160
1675941209529 0.17853397130966187 50200
1675941219547 0.05734413266181946 50240
1675941221430 0.1608538031578064 50280
1675941223060 0.1851345419883728 50320
1675941224998 0.15956788063049315 50360
1675941226864 0.14788216352462769 50400
1675941228918 0.15354044437408448 50440
1675941230882 0.18220620155334472 50480
1675941234697 0.18182114362716675 50520
1675941236671 0.198447322845459 50560
1675941238626 0.17103147506713867 50600
1675941240659 0.17805300951004027 50640
1675941242735 0.1791006326675415 50680
1675941244463 0.1385447144508362 50720
1675941246480 0.14680157899856566 50760
1675941250063 0.13856883049011232 50800
1675941251995 0.17444634437561035 50840
1675941253928 0.1774488091468811 50880
1675941255807 0.18226491212844848 50920
1675941258462 0.13446156978607177 50960
1675941260306 0.15475192070007324 51000
1675941264048 0.17075873613357545 51040
1675941265933 0.14320745468139648 51080
1675941267903 0.17670912742614747 51120
1675941269689 0.1642053484916687 51160
1675941271433 0.16061288118362427 51200
1675941273413 0.1641229510307312 51240
1675941275123 0.13348220586776732 51280
1675941278989 0.18131422996520996 51320
1675941280899 0.16519869565963746 51360
1675941283172 0.20170764923095702 51400
1675941285051 0.17044354677200318 51440
1675941286878 0.16503257751464845 51480
1675941289027 0.15909836292266846 51520
1675941291018 0.15640817880630492 51560
1675941294693 0.1290513277053833 51600
1675941296928 0.14088950157165528 51640
1675941299013 0.19749295711517334 51680
1675941301341 0.1399618864059448 51720
1675941303190 0.1839406371116638 51760
1675941305311 0.1334894299507141 51800
1675941309019 0.1570224404335022 51840
1675941310698 0.16917030811309813 51880
1675941312250 0.14573291540145875 51920
1675941314169 0.17974799871444702 51960
1675941315868 0.16006062030792237 52000
1675941317905 0.14963582754135132 52040
1675941319876 0.18144149780273439 52080
1675941323581 0.19647033214569093 52120
1675941325456 0.13723218441009521 52160
1675941327498 0.16794532537460327 52200
1675941329787 0.14919910430908204 52240
1675941331824 0.21214535236358642 52280
1675941333874 0.20121328830718993 52320
1675941335639 0.14007822275161744 52360
1675941339446 0.13846496343612671 52400
1675941341623 0.1675504446029663 52440
1675941343602 0.1754622459411621 52480
1675941345433 0.17513712644577026 52520
1675941347235 0.13758281469345093 52560
1675941349280 0.19058455228805543 52600
1675941351312 0.135184645652771 52640
1675941354902 0.19063698053359984 52680
1675941356991 0.13910558223724365 52720
1675941358889 0.15275977849960326 52760
1675941360947 0.14858309030532837 52800
1675941362933 0.1502730965614319 52840
1675941364966 0.13692305088043213 52880
1675941368877 0.12098091840744019 52920
1675941370818 0.13973453044891357 52960
1675941372880 0.19665490388870238 53000
1675941374844 0.18080447912216185 53040
1675941377129 0.1309962272644043 53080
1675941379179 0.15841920375823976 53120
1675941381178 0.16916569471359252 53160
1675941384809 0.16348248720169067 53200
1675941387022 0.13749099969863893 53240
1675941389102 0.18745594024658202 53280
1675941391226 0.1689745306968689 53320
1675941393246 0.15429036617279052 53360
1675941394988 0.12402045726776123 53400
1675941398692 0.16882765293121338 53440
1675941400616 0.15386122465133667 53480
1675941402648 0.15396205186843873 53520
1675941404516 0.18058111667633056 53560
1675941406285 0.176214599609375 53600
1675941408329 0.16075408458709717 53640
1675941410468 0.15416090488433837 53680
1675941414208 0.15677003860473632 53720
1675941415986 0.1831414818763733 53760
1675941418071 0.11861714124679565 53800
1675941419840 0.15467917919158936 53840
1675941421667 0.1901539921760559 53880
1675941423592 0.11040204763412476 53920
1675941425617 0.14890308380126954 53960
1675941429480 0.16381984949111938 54000
1675941431125 0.14318832159042358 54040
1675941432843 0.151212739944458 54080
1675941434605 0.14940451383590697 54120
1675941436455 0.16131346225738524 54160
1675941438501 0.2127220392227173 54200
1675941440507 0.16330342292785643 54240
1675941444307 0.17060202360153198 54280
1675941446422 0.1630391240119934 54320
1675941448800 0.18378379344940185 54360
1675941450690 0.14987469911575318 54400
1675941452532 0.17153671979904175 54440
1675941454517 0.16686822175979615 54480
1675941456423 0.1520141839981079 54520
1675941460151 0.14335105419158936 54560
1675941462140 0.13031941652297974 54600
1675941464659 0.2280545711517334 54640
1675941466533 0.12734099626541137 54680
1675941468853 0.15952156782150267 54720
1675941470738 0.1340399980545044 54760
1675941474238 0.15809615850448608 54800
1675941476037 0.2004854917526245 54840
1675941478289 0.18296847343444825 54880
1675941480393 0.15586384534835815 54920
1675941482813 0.19982051849365234 54960
1675941484744 0.15576685667037965 55000
1675941488844 0.19062000513076782 55040
1675941490728 0.1809302806854248 55080
1675941492668 0.15576175451278687 55120
1675941494272 0.1205937147140503 55160
1675941496403 0.15900260210037231 55200
1675941498725 0.13721024990081787 55240
1675941500883 0.14452004432678223 55280
1675941504694 0.14529573917388916 55320
1675941506672 0.19140939712524413 55360
1675941509052 0.16166130304336548 55400
1675941511096 0.12334052324295045 55440
1675941513233 0.20024986267089845 55480
1675941514946 0.15488700866699218 55520
1675941518877 0.1651025176048279 55560
1675941520594 0.18281327486038207 55600
1675941522433 0.15707113742828369 55640
1675941524037 0.14128681421279907 55680
1675941525763 0.1510365843772888 55720
1675941527753 0.18452789783477783 55760
1675941529790 0.15938193798065187 55800
1675941533684 0.16686789989471434 55840
1675941535407 0.13502570390701293 55880
1675941537510 0.14717209339141846 55920
1675941539686 0.16864703893661498 55960
1675941542156 0.1441237211227417 56000
1675941543904 0.15837048292160033 56040
1675941545544 0.16401435136795045 56080
1675941549129 0.14277386665344238 56120
1675941551138 0.20832602977752684 56160
1675941553455 0.3365391731262207 56200
1675941555267 0.18731070756912233 56240
1675941557675 0.16450549364089967 56280
1675941559632 0.16289007663726807 56320
1675941561656 0.12217350006103515 56360
1675941565019 0.1337287187576294 56400
1675941566726 0.1702616810798645 56440
1675941569108 0.16833945512771606 56480
1675941570891 0.13602999448776246 56520
1675941572762 0.20375170707702636 56560
1675941574635 0.16578364372253418 56600
1675941578366 0.1811266303062439 56640
1675941580309 0.15717159509658812 56680
1675941582145 0.14879751205444336 56720
1675941583906 0.21273419857025147 56760
1675941585467 0.14568420648574829 56800
1675941587154 0.17462626695632935 56840
1675941589202 0.15363335609436035 56880
1675941590943 0.17312589883804322 56920
1675941595142 0.22385764122009277 56960
1675941597054 0.139051616191864 57000
1675941599114 0.18151618242263795 57040
1675941601376 0.16891129016876222 57080
1675941603272 0.15678830146789552 57120
1675941605375 0.13590214252471924 57160
1675941609287 0.14386343955993652 57200
1675941611176 0.14008136987686157 57240
1675941612922 0.16117786169052123 57280
1675941614968 0.14785999059677124 57320
1675941616923 0.11197880506515503 57360
1675941619093 0.2202807903289795 57400
1675941621171 0.12274839878082275 57440
1675941624799 0.15112284421920777 57480
1675941626749 0.1557352662086487 57520
1675941629177 0.14651623964309693 57560
1675941630874 0.12135231494903564 57600
1675941632681 0.1524142861366272 57640
1675941634407 0.15421133041381835 57680
1675941636367 0.1550949215888977 57720
1675941640224 0.15929994583129883 57760
1675941642222 0.1802603244781494 57800
1675941644022 0.1701640248298645 57840
1675941646096 0.19420844316482544 57880
1675941648300 0.15684109926223755 57920
1675941650046 0.15891178846359252 57960
1675941653912 0.14386557340621947 58000
1675941655516 0.14106416702270508 58040
1675941657513 0.10587623119354247 58080
1675941659531 0.17845011949539186 58120
1675941661665 0.15191924571990967 58160
1675941663449 0.1554616928100586 58200
1675941665327 0.17368640899658203 58240
1675941669398 0.18203922510147094 58280
1675941671349 0.18227144479751586 58320
1675941673209 0.13860222101211547 58360
1675941674846 0.1242387056350708 58400
1675941676998 0.12502673864364625 58440
1675941679037 0.1347137451171875 58480
1675941680877 0.15351580381393432 58520
1675941684549 0.15536433458328247 58560
1675941686370 0.15869345664978027 58600
1675941688826 0.16270692348480226 58640
1675941690664 0.1537274956703186 58680
1675941692489 0.12160249948501586 58720
1675941694293 0.14149726629257203 58760
1675941696143 0.12994126081466675 58800
1675941699606 0.13614906072616578 58840
1675941701409 0.18475635051727296 58880
1675941702954 0.11851316690444946 58920
1675941704838 0.13103010654449462 58960
1675941706751 0.14134547710418702 59000
1675941708788 0.15233525037765502 59040
1675941710640 0.1838422417640686 59080
1675941714235 0.12572505474090576 59120
1675941716054 0.12443641424179078 59160
1675941718277 0.1553739547729492 59200
1675941719974 0.15761933326721192 59240
1675941721946 0.14536765813827515 59280
1675941723968 0.16548488140106202 59320
1675941725615 0.15183247327804567 59360
1675941729490 0.12764664888381957 59400
1675941731400 0.1729114294052124 59440
1675941733136 0.13271918296813964 59480
1675941734775 0.13725863695144652 59520
1675941736565 0.1448398232460022 59560
1675941738686 0.1469985842704773 59600
1675941740416 0.14396674633026124 59640
1675941744178 0.14189560413360597 59680
1675941745867 0.14832704067230223 59720
1675941747817 0.2529444694519043 59760
1675941750175 0.15191497802734374 59800
1675941752027 0.15097541809082032 59840
1675941754006 0.13309460878372192 59880
1675941755675 0.1278162956237793 59920
1675941759079 0.14035946130752563 59960
1675941760786 0.1536527991294861 60000
1675941762649 0.16757688522338868 60040
1675941764631 0.1359640121459961 60080
1675941766355 0.15134313106536865 60120
1675941768169 0.13729640245437622 60160
1675941770177 0.1532483696937561 60200
1675941773721 0.17445024251937866 60240
1675941782186 0.03364565372467041 60280
1675941784156 0.14188748598098755 60320
1675941786158 0.16149951219558717 60360
1675941789839 0.13723995685577392 60400
1675941792138 0.15152808427810668 60440
1675941794050 0.13717485666275026 60480
1675941798574 0.1618586540222168 60520
1675941800430 0.20857338905334472 60560
1675941804511 0.16156423091888428 60600
1675941806463 0.1787667989730835 60640
1675941810492 0.1740735411643982 60680
1675941812584 0.18772449493408203 60720
1675941814194 0.1318010926246643 60760
1675941816290 0.13992230892181395 60800
1675941819993 0.14775015115737916 60840
1675941822015 0.15954291820526123 60880
1675941823939 0.1720556855201721 60920
1675941825705 0.18601151704788207 60960
1675941828047 0.13236145973205565 61000
1675941829900 0.14879026412963867 61040
1675941833943 0.1765466570854187 61080
1675941835617 0.12539079189300537 61120
1675941838600 0.19422473907470703 61160
1675941840483 0.1797441363334656 61200
1675941842580 0.23354344367980956 61240
1675941844348 0.16331547498703003 61280
1675941846144 0.14372397661209108 61320
1675941850183 0.205362868309021 61360
1675941852305 0.1774358034133911 61400
1675941854612 0.2278153419494629 61440
1675941856539 0.1617067575454712 61480
1675941859192 0.1448340892791748 61520
1675941861280 0.1695153832435608 61560
1675941865191 0.16820868253707885 61600
1675941866956 0.12826024293899535 61640
1675941869158 0.13767592906951903 61680
1675941871392 0.17448029518127442 61720
1675941873352 0.16549068689346313 61760
1675941875291 0.18486493825912476 61800
1675941879161 0.12557928562164306 61840
1675941880882 0.15888239145278932 61880
1675941882591 0.17945109605789183 61920
1675941884424 0.13836278915405273 61960
1675941886350 0.17111831903457642 62000
1675941888158 0.14797158241271974 62040
1675941890099 0.15330023765563966 62080
1675941894071 0.18631858825683595 62120
1675941895949 0.16524068117141724 62160
1675941898169 0.14040768146514893 62200
1675941900524 0.13754005432128907 62240
1675941902620 0.16136295795440675 62280
1675941904955 0.19359393119812013 62320
1675941908779 0.20393199920654298 62360
1675941910631 0.12769521474838258 62400
1675941912617 0.15945979356765747 62440
1675941914562 0.15111583471298218 62480
1675941916782 0.16334785223007203 62520
1675941918882 0.19971464872360228 62560
1675941920816 0.11898720264434814 62600
1675941924892 0.17465041875839232 62640
1675941926753 0.13606871366500856 62680
1675941928754 0.1707858920097351 62720
1675941931109 0.15872455835342408 62760
1675941932920 0.14494858980178832 62800
1675941934867 0.14651561975479127 62840
1675941939050 0.1468856692314148 62880
1675941941099 0.11687198877334595 62920
1675941942909 0.13050307035446168 62960
1675941944877 0.13126672506332399 63000
1675941947139 0.18400366306304933 63040
1675941949422 0.18553177118301392 63080
1675941952532 0.13777875900268555 63120
1675941955164 0.15531374216079713 63160
1675941957299 0.15604602098464965 63200
1675941959292 0.168167781829834 63240
1675941961400 0.1370837688446045 63280
1675941963499 0.17535529136657715 63320
1675941965611 0.16693880558013915 63360
1675941969788 0.18461688756942748 63400
1675941971529 0.12547147274017334 63440
1675941973299 0.1511196494102478 63480
1675941975281 0.14276937246322632 63520
1675941977348 0.1607060432434082 63560
1675941979486 0.14654006958007812 63600
1675941982104 0.1779116988182068 63640
1675941985003 0.16979504823684693 63680
1675941987384 0.1518750309944153 63720
1675941989542 0.1437687397003174 63760
1675941991608 0.164200758934021 63800
1675941993557 0.10753662586212158 63840
1675941995471 0.146869957447052 63880
1675941999221 0.17467523813247682 63920
1675942000976 0.2114856243133545 63960
1675942003170 0.12037302255630493 64000
1675942005120 0.16015230417251586 64040
1675942007046 0.13146761655807496 64080
1675942009111 0.13416956663131713 64120
1675942010928 0.14241373538970947 64160
1675942014514 0.16346052885055543 64200
1675942016366 0.194211208820343 64240
1675942018589 0.15340365171432496 64280
1675942020491 0.17212940454483033 64320
1675942022371 0.14781087636947632 64360
1675942024358 0.1545865774154663 64400
1675942028431 0.1585855007171631 64440
1675942030198 0.1345497488975525 64480
1675942031935 0.17313191890716553 64520
1675942033929 0.1660391330718994 64560
1675942035655 0.24583096504211427 64600
1675942037735 0.1381001353263855 64640
1675942040062 0.1906031847000122 64680
1675942044097 0.14307758808135987 64720
1675942046120 0.14557148218154908 64760
1675942048222 0.12666788101196289 64800
1675942050299 0.1889022946357727 64840
1675942052217 0.17436842918395995 64880
1675942054450 0.18902969360351562 64920
1675942058331 0.14859588146209718 64960
1675942060533 0.2016211748123169 65000
1675942062308 0.14741045236587524 65040
1675942064386 0.1506318211555481 65080
1675942066341 0.16084896326065062 65120
1675942068452 0.13861703872680664 65160
1675942070368 0.14454257488250732 65200
1675942073884 0.15945303440093994 65240
1675942075897 0.13203470706939696 65280
1675942078069 0.15777384042739867 65320
1675942079918 0.1242069959640503 65360
1675942081963 0.16967260837554932 65400
1675942084127 0.18183705806732178 65440
1675942085915 0.10898809432983399 65480
1675942089803 0.17298303842544555 65520
1675942091645 0.13213047981262208 65560
1675942093358 0.15869747400283812 65600
1675942095218 0.1612164258956909 65640
1675942097391 0.14411451816558837 65680
1675942099397 0.12204711437225342 65720
1675942101464 0.14625972509384155 65760
1675942105028 0.15788346529006958 65800
1675942106919 0.15774879455566407 65840
1675942109116 0.1583361029624939 65880
1675942110973 0.13872876167297363 65920
1675942113342 0.14039386510849 65960
1675942115332 0.1814183235168457 66000
1675942119588 0.20389602184295655 66040
1675942121433 0.1314009189605713 66080
1675942123244 0.19192062616348265 66120
1675942124877 0.14034135341644288 66160
1675942126894 0.2061087131500244 66200
1675942129099 0.18960331678390502 66240
1675942131279 0.19828758239746094 66280
1675942134828 0.12598793506622313 66320
1675942136631 0.13840861320495607 66360
1675942138790 0.11243953704833984 66400
1675942140499 0.1387902855873108 66440
1675942142177 0.2127178430557251 66480
1675942144341 0.12549889087677002 66520
1675942145990 0.13151204586029053 66560
1675942149862 0.1819980502128601 66600
1675942151700 0.16547194719314576 66640
1675942153573 0.1851760506629944 66680
1675942155519 0.1464373230934143 66720
1675942158250 0.1350225806236267 66760
1675942160104 0.18484795093536377 66800
1675942163714 0.1520775318145752 66840
1675942165545 0.18501211404800416 66880
1675942167196 0.12328915596008301 66920
1675942169301 0.1628972291946411 66960
1675942171579 0.20699713230133057 67000
1675942173791 0.16547667980194092 67040
1675942175630 0.1334206223487854 67080
1675942179572 0.14539624452590943 67120
1675942181306 0.1454529047012329 67160
1675942183110 0.11833820343017579 67200
1675942185258 0.14449299573898317 67240
1675942187318 0.15725001096725463 67280
1675942189411 0.14047333002090454 67320
1675942191465 0.1582072854042053 67360
1675942195223 0.10563787221908569 67400
1675942196932 0.16499688625335693 67440
1675942199469 0.13141982555389403 67480
1675942201766 0.13948848247528076 67520
1675942203768 0.1460923433303833 67560
1675942205946 0.20350499153137208 67600
1675942209749 0.11782056093215942 67640
1675942211606 0.14332001209259032 67680
1675942213436 0.14904950857162474 67720
1675942215417 0.1123491644859314 67760
1675942217471 0.21559541225433348 67800
1675942219685 0.1628657102584839 67840
1675942223515 0.1626209259033203 67880
1675942225653 0.14579559564590455 67920
1675942227735 0.2311717987060547 67960
1675942229708 0.15425922870635986 68000
1675942231665 0.15893967151641847 68040
1675942233612 0.1430038332939148 68080
1675942235694 0.1692309260368347 68120
1675942239457 0.17814676761627196 68160
1675942241640 0.15214656591415404 68200
1675942243543 0.1602757453918457 68240
1675942245377 0.14091814756393434 68280
1675942247669 0.17485952377319336 68320
1675942249800 0.18797945976257324 68360
1675942253881 0.15883501768112182 68400
1675942255621 0.14120662212371826 68440
1675942257604 0.10449693202972413 68480
1675942259930 0.14646620750427247 68520
1675942261970 0.13413619995117188 68560
1675942263823 0.149223792552948 68600
1675942265736 0.1443716287612915 68640
1675942270027 0.1731955289840698 68680
1675942271976 0.21523802280426024 68720
1675942273870 0.10439620018005372 68760
1675942275785 0.16986265182495117 68800
1675942278061 0.12132476568222046 68840
1675942280145 0.1381134033203125 68880
1675942283958 0.15243611335754395 68920
1675942285847 0.13395262956619264 68960
1675942288001 0.11386213302612305 69000
1675942290126 0.13347237110137938 69040
1675942292088 0.14176585674285888 69080
1675942294190 0.1757594108581543 69120
1675942296231 0.122440505027771 69160
1675942300052 0.12620352506637572 69200
1675942302002 0.19463735818862915 69240
1675942303926 0.13750306367874146 69280
1675942305805 0.14672000408172609 69320
1675942308229 0.1601612687110901 69360
1675942310096 0.1452354907989502 69400
1675942313972 0.12072446346282958 69440
1675942315971 0.188623046875 69480
1675942317968 0.13318283557891847 69520
1675942319817 0.13350774049758912 69560
1675942321592 0.13872519731521607 69600
1675942323594 0.12520673274993896 69640
1675942325368 0.1412442445755005 69680
1675942329455 0.14588675498962403 69720
1675942331258 0.15689970254898072 69760
1675942333174 0.1325327754020691 69800
1675942335225 0.1412339210510254 69840
1675942337299 0.1785691499710083 69880
1675942339544 0.12009376287460327 69920
1675942341584 0.14312461614608765 69960
1675942345158 0.13858654499053955 70000
1675942347002 0.15306179523468016 70040
1675942349383 0.16009398698806762 70080
1675942351426 0.14888489246368408 70120
1675942353252 0.1378089189529419 70160
1675942355336 0.15430309772491455 70200
1675942359358 0.12938311100006103 70240
1675942361299 0.18849658966064453 70280
1675942369895 0.01588401645421982 70320
1675942373749 0.13561471700668334 70360
1675942375711 0.14248008728027345 70400
1675942377972 0.1412136197090149 70440
1675942380001 0.49191932678222655 70480
1675942382353 0.143920636177063 70520
1675942384362 0.1598808526992798 70560
1675942387301 0.19601235389709473 70600
1675942390363 0.14896879196166993 70640
1675942392628 0.19212675094604492 70680
1675942394616 0.15804840326309205 70720
1675942396553 0.16534225940704345 70760
1675942398656 0.10985835790634155 70800
1675942400612 0.1360979914665222 70840
1675942404303 0.13014649152755736 70880
1675942406012 0.18296581506729126 70920
1675942408451 0.1525430202484131 70960
1675942410485 0.15622518062591553 71000
1675942412410 0.14525749683380126 71040
1675942414581 0.14594086408615112 71080
1675942418668 0.1457367420196533 71120
1675942420373 0.1388490915298462 71160
1675942422135 0.1517236590385437 71200
1675942424088 0.14759255647659303 71240
1675942425831 0.17741934061050416 71280
1675942427847 0.15087016820907592 71320
1675942429878 0.12954846620559693 71360
1675942433851 0.1630786418914795 71400
1675942435847 0.15928502082824708 71440
1675942438494 0.1839946150779724 71480
1675942440451 0.15881516933441162 71520
1675942442288 0.13103022575378417 71560
1675942444208 0.16638758182525634 71600
1675942446587 0.15301024913787842 71640
1675942450147 0.10705447196960449 71680
1675942452042 0.11660703420639038 71720
1675942453859 0.14223780632019042 71760
1675942455928 0.18018685579299926 71800
1675942458395 0.1776596188545227 71840
1675942460500 0.11590741872787476 71880
1675942464026 0.16614131927490233 71920
1675942465950 0.15237557888031006 71960
1675942467749 0.139370858669281 72000
1675942469995 0.19181088209152222 72040
1675942471869 0.1391063690185547 72080
1675942473651 0.16685609817504882 72120
1675942475740 0.15473817586898803 72160
1675942479676 0.16095198392868043 72200
1675942481616 0.1292863130569458 72240
1675942483367 0.14859062433242798 72280
1675942485380 0.1620789051055908 72320
1675942487492 0.15372846126556397 72360
1675942489763 0.21760029792785646 72400
1675942493679 0.12409087419509887 72440
1675942495761 0.18212589025497436 72480
1675942497909 0.15278090238571168 72520
1675942500070 0.15531542301177978 72560
1675942502668 0.17535368204116822 72600
1675942504497 0.13335291147232056 72640
1675942508828 0.1599396824836731 72680
1675942510788 0.15112999677658082 72720
1675942512799 0.16755532026290892 72760
1675942514763 0.15563262701034547 72800
1675942516905 0.13582296371459962 72840
1675942519085 0.13376822471618652 72880
1675942521388 0.13746930360794068 72920
1675942525216 0.13439065217971802 72960
1675942527231 0.13447763919830322 73000
1675942529412 0.11311277151107788 73040
1675942531413 0.1428134799003601 73080
1675942533700 0.20535151958465575 73120
1675942535662 0.11604162454605102 73160
1675942539514 0.14766407012939453 73200
1675942541562 0.14795987606048583 73240
1675942543420 0.15168405771255494 73280
1675942545247 0.13976818323135376 73320
1675942547445 0.16219578981399535 73360
1675942549770 0.18178805112838745 73400
1675942553731 0.16804388761520386 73440
1675942555594 0.1460117816925049 73480
1675942557462 0.13433897495269775 73520
1675942559718 0.12689899206161498 73560
1675942561750 0.17500959634780883 73600
1675942563844 0.11941361427307129 73640
1675942565807 0.1784645676612854 73680
1675942569570 0.16405733823776245 73720
1675942571636 0.1508238673210144 73760
1675942573668 0.13977717161178588 73800
1675942575379 0.17035870552062987 73840
1675942577385 0.13135573863983155 73880
1675942579622 0.13247921466827392 73920
1675942583119 0.16189143657684327 73960
1675942585125 0.12018682956695556 74000
1675942587270 0.1299751043319702 74040
1675942589520 0.1701901912689209 74080
1675942591213 0.13692857027053834 74120
1675942593166 0.15391606092453003 74160
1675942595220 0.14153374433517457 74200
1675942599339 0.13771973848342894 74240
1675942601125 0.1752917528152466 74280
1675942602949 0.1493145227432251 74320
1675942604950 0.24645686149597168 74360
1675942606917 0.14893910884857178 74400
1675942609098 0.16225587129592894 74440
1675942611490 0.1612711787223816 74480
1675942615085 0.11945232152938842 74520
1675942616848 0.15438544750213623 74560
1675942619066 0.1627517580986023 74600
1675942621188 0.1286366105079651 74640
1675942623302 0.1303081750869751 74680
1675942625592 0.1658920168876648 74720
1675942629756 0.13998152017593385 74760
1675942631865 0.12781656980514527 74800
1675942633733 0.1497816801071167 74840
1675942635715 0.20028319358825683 74880
1675942637621 0.1758141875267029 74920
1675942639895 0.18980557918548585 74960
1675942644107 0.13360948562622071 75000
1675942646312 0.1844153642654419 75040
1675942648510 0.15882662534713746 75080
1675942650805 0.14784324169158936 75120
1675942652931 0.1420111894607544 75160
1675942655028 0.1374351978302002 75200
1675942658996 0.14788320064544677 75240
1675942660757 0.1270931839942932 75280
1675942662894 0.16593934297561647 75320
1675942664732 0.14501800537109374 75360
1675942666790 0.13296635150909425 75400
1675942668841 0.16286033391952515 75440
1675942670908 0.1745281457901001 75480
1675942674680 0.10294097661972046 75520
1675942676885 0.16498271226882935 75560
1675942679139 0.14061276912689208 75600
1675942681005 0.15889272689819336 75640
1675942683038 0.1425432085990906 75680
1675942684968 0.14149026870727538 75720
1675942688685 0.1098629117012024 75760
1675942690340 0.13259977102279663 75800
1675942693390 0.14811170101165771 75840
1675942695198 0.15591909885406494 75880
1675942697485 0.17088539600372316 75920
1675942699844 0.11079239845275879 75960
1675942704498 0.1261516809463501 76000
1675942706580 0.15555157661437988 76040
1675942709036 0.12985893487930297 76080
1675942710996 0.1131974458694458 76120
1675942712744 0.21232955455780028 76160
1675942714583 0.11724401712417602 76200
1675942717588 0.16078367233276367 76240
1675942720638 0.19385480880737305 76280
1675942722662 0.17201603651046754 76320
1675942724714 0.14767830371856688 76360
1675942726625 0.14477427005767823 76400
1675942728810 0.10883781909942628 76440
1675942730940 0.13077914714813232 76480
1675942734655 0.1452241063117981 76520
1675942736921 0.14059717655181886 76560
1675942738961 0.10744179487228393 76600
1675942741008 0.18046255111694337 76640
1675942743152 0.1442949056625366 76680
1675942745114 0.16194615364074708 76720
1675942748939 0.14446587562561036 76760
1675942751011 0.11713119745254516 76800
1675942752751 0.1715270161628723 76840
1675942754395 0.13386493921279907 76880
1675942756407 0.17061691284179686 76920
1675942758863 0.1188359022140503 76960
1675942761006 0.13672106266021727 77000
1675942765028 0.16506115198135377 77040
1675942767119 0.14917770624160767 77080
1675942769138 0.1333598017692566 77120
1675942771001 0.13245878219604493 77160
1675942773027 0.13255358934402467 77200
1675942774890 0.1215127944946289 77240
1675942779238 0.13384580612182617 77280
1675942781563 0.13283435106277466 77320
1675942783469 0.12481012344360351 77360
1675942785462 0.1694629430770874 77400
1675942788383 0.10398585796356201 77440
1675942790229 0.13888360261917115 77480
1675942794849 0.13742412328720094 77520
1675942796864 0.12171660661697388 77560
1675942799022 0.13539600372314453 77600
1675942801713 0.13937665224075318 77640
1675942803761 0.12324382066726684 77680
1675942805629 0.14658992290496825 77720
1675942809712 0.15294071435928344 77760
1675942811482 0.12470035552978516 77800
1675942815353 0.12094907760620117 77840
1675942817992 0.16370295286178588 77880
1675942820124 0.15336694717407226 77920
1675942824163 0.13636631965637208 77960
1675942826205 0.1397183656692505 78000
1675942828310 0.14295417070388794 78040
1675942830074 0.13734396696090698 78080
1675942831879 0.11939033269882202 78120
1675942833813 0.11924823522567748 78160
1675942836001 0.16214556694030763 78200
1675942840129 0.14759093523025513 78240
1675942842198 0.12976306676864624 78280
1675942844383 0.13610641956329345 78320
1675942846370 0.19895789623260499 78360
1675942848930 0.16893563270568848 78400
1675942851006 0.13520445823669433 78440
1675942854692 0.12906171083450318 78480
1675942856529 0.09692018032073975 78520
1675942858795 0.13727736473083496 78560
1675942860830 0.14276511669158937 78600
1675942862838 0.13284145593643187 78640
1675942864846 0.13680813312530518 78680
1675942866796 0.15490604639053346 78720
1675942870492 0.33250792026519777 78760
1675942872421 0.12069958448410034 78800
1675942874406 0.150666344165802 78840
1675942876392 0.1311563730239868 78880
1675942878735 0.13490259647369385 78920
1675942880553 0.1464352011680603 78960
1675942882785 0.1505616307258606 79000
1675942886255 0.10774292945861816 79040
1675942888351 0.13663325309753419 79080
1675942890402 0.12296315431594848 79120
1675942892283 0.18300026655197144 79160
1675942894129 0.14159564971923827 79200
1675942896149 0.11791539192199707 79240
1675942900339 0.1292346239089966 79280
1675942902286 0.14413918256759645 79320
1675942904276 0.15799912214279174 79360
1675942906433 0.21826813220977784 79400
1675942908599 0.13723517656326295 79440
1675942910918 0.1335469365119934 79480
1675942915022 0.14590328931808472 79520
1675942916950 0.15989446640014648 79560
1675942918740 0.11772319078445434 79600
1675942920556 0.14348052740097045 79640
1675942922646 0.1300036668777466 79680
1675942924515 0.1344110369682312 79720
1675942926519 0.12241144180297851 79760
1675942930481 0.13735016584396362 79800
1675942932707 0.1403873324394226 79840
1675942934601 0.1491990566253662 79880
1675942936968 0.14810367822647094 79920
1675942939026 0.12628594636917115 79960
1675942940761 0.11256594657897949 80000
1675942944652 0.14340950250625611 80040
1675942946735 0.14837071895599366 80080
1675942948821 0.15165330171585084 80120
1675942950942 0.1684100866317749 80160
1675942952996 0.1071891188621521 80200
1675942954757 0.14220677614212035 80240
1675942956769 0.12682534456253053 80280
1675942960745 0.15374577045440674 80320
