1675415121730 0.7334697842597961 0
1675415122814 0.7245278358459473 0
1675415123942 0.7178789377212524 0
1675415124670 0.709533154964447 0
1675415125853 0.7033207416534424 0
1675415126427 0.6981486082077026 0
1675415127493 0.6865572333335876 0
1675415128155 0.6788108348846436 0
1675415128911 0.6754608750343323 0
1675415129828 0.6674593091011047 0
1675415130576 0.660611093044281 0
1675415131163 0.6543932557106018 0
1675415131802 0.6480438709259033 0
1675415133188 0.6422370672225952 0
1675415133981 0.6361579298973083 0
1675415134687 0.6323256492614746 0
1675415135448 0.6272692680358887 0
1675415135979 0.6269406676292419 0
1675415136663 0.6174463033676147 0
1675415137741 0.6140465140342712 0
1675415138852 0.6093810796737671 0
1675415139900 0.6063114404678345 0
1675415140440 0.5967659950256348 0
1675415141150 0.5965128540992737 0
1675415141978 0.5921065211296082 0
1675415142774 0.588683545589447 0
1675415143511 0.5842594504356384 0
1675415144199 0.5816161036491394 0
1675415144866 0.5796818137168884 0
1675415145618 0.5765976905822754 0
1675415146608 0.5711137056350708 0
1675415147198 0.5708269476890564 0
1675415147998 0.5670679807662964 0
1675415148573 0.5662930607795715 0
1675415149266 0.5578981041908264 0
1675415149780 0.5592539310455322 0
1675415150474 0.5529754757881165 0
1675415151378 0.5552960634231567 0
1675415152440 0.5541979074478149 0
1675415153447 0.5493923425674438 0
1675415154346 0.5481292009353638 0
1675415155001 0.5442580580711365 0
1675415155845 0.5462578535079956 0
1675415157065 0.5397990942001343 0
1675415158156 0.5424150824546814 0
1675415158822 0.5380231142044067 0
1675415159812 0.5340026617050171 0
1675415160698 0.5334688425064087 0
1675415161857 0.5309152007102966 0
1675415163262 0.5287424325942993 0
1675415164170 0.5276757478713989 0
1675415165310 0.5295912027359009 0
1675415166282 0.5255514979362488 0
1675415166700 0.5292866826057434 0
1675415167731 0.5214914083480835 0
1675415168941 0.5223529934883118 0
1675415169991 0.525013267993927 0
1675415171122 0.5179194211959839 0
1675415171869 0.5197983980178833 0
1675415172769 0.5201964378356934 0
1675415173806 0.5143224596977234 0
1675415174832 0.508876383304596 0
1675415175557 0.5174893736839294 0
1675415176445 0.5154253244400024 0
1675415177113 0.5149069428443909 0
1675415177593 0.5127522349357605 0
1675415178875 0.5106074213981628 0
1675415179931 0.5088624358177185 0
1675415180455 0.5104379057884216 0
1675415181105 0.5117801427841187 0
1675415181997 0.51041179895401 0
1675415183218 0.509549081325531 0
1675415184431 0.5066851377487183 0
1675415185530 0.5013473033905029 0
1675415186732 0.4992468059062958 0
1675415187608 0.5028278827667236 0
1675415188292 0.5014953017234802 0
1675415188847 0.49999070167541504 0
1675415189787 0.5012450218200684 0
1675415190657 0.5044416189193726 0
1675415191399 0.5005034804344177 0
1675415192248 0.49318110942840576 0
1675415193126 0.49855923652648926 0
1675415194109 0.4986555278301239 0
1675415194798 0.49998000264167786 0
1675415195600 0.4968857169151306 0
1675415196227 0.5004419684410095 0
1675415196977 0.4950329661369324 0
1675415197738 0.4920596778392792 0
1675415198893 0.495132178068161 0
1675415199545 0.49631014466285706 0
1675415200608 0.49485036730766296 0
1675415201734 0.4948265850543976 0
1675415202510 0.49376118183135986 0
1675415203362 0.49040094017982483 0
1675415204077 0.49292171001434326 0
1675415204751 0.48650050163269043 0
1675415205258 0.49175339937210083 0
1675415205942 0.49025532603263855 0
1675415206733 0.4924503564834595 0
1675415207766 0.48882997035980225 0
1675415208249 0.49056780338287354 0
1675415209121 0.4912355840206146 0
1675415210498 0.4851037561893463 0
1675415211428 0.4921267330646515 0
1675415212862 0.48140406608581543 0
1675415214186 0.4890044629573822 0
1675415215562 0.4854021966457367 0
1675415216106 0.4875640273094177 0
1675415217347 0.48482850193977356 0
1675415218370 0.4796602427959442 0
1675415219206 0.4880223870277405 0
1675415220194 0.4827273190021515 0
1675415221366 0.4871813952922821 0
1675415222142 0.4840417802333832 0
1675415223155 0.48221078515052795 0
1675415223982 0.48306354880332947 0
1675415225066 0.48259153962135315 0
1675415225891 0.48021823167800903 0
1675415226414 0.48008573055267334 0
1675415227472 0.4828830659389496 0
1675415228685 0.48127835988998413 0
1675415228952 0.4703974723815918 0
