1675892191157 0.01743777245283127 0
1675892191917 0.6512243747711182 40
1675892192648 1.0516666412353515 80
1675892193317 0.6319117069244384 120
1675892194058 0.6625056743621827 160
1675892194845 0.6679780006408691 200
1675892195575 0.6667861938476562 240
1675892196250 0.6701897621154785 280
1675892196905 0.6650881767272949 320
1675892197605 0.6585948944091797 360
1675892198370 0.6506421089172363 400
1675892199153 0.6306285858154297 440
1675892199753 0.6292417526245118 480
1675892200428 0.5952075004577637 520
1675892201137 0.5974574565887452 560
1675892201805 0.617471981048584 600
1675892202546 0.6007760047912598 640
1675892203332 0.5885315895080566 680
1675892204002 0.6008713245391846 720
1675892204670 0.6123072624206543 760
1675892205366 0.6006474494934082 800
1675892206014 0.6072866439819335 840
1675892206697 0.6137815952301026 880
1675892207348 0.5984599590301514 920
1675892207984 0.5999189376831054 960
1675892208669 0.6051284313201905 1000
1675892209345 0.6133863925933838 1040
1675892210024 0.6085874080657959 1080
1675892210667 0.5990663051605225 1120
1675892211481 0.5665791034698486 1160
1675892212140 0.5979656219482422 1200
1675892212777 0.61385178565979 1240
1675892213428 0.6111961841583252 1280
1675892214182 0.5845455646514892 1320
1675892214815 0.6057885646820068 1360
1675892215465 0.5945281028747559 1400
1675892216174 0.6060085773468018 1440
1675892216848 0.6027756690979004 1480
1675892217506 0.6026803016662597 1520
1675892218235 0.5840595722198486 1560
1675892218873 0.6105933666229248 1600
1675892219492 0.6127422332763672 1640
1675892220106 0.6167538166046143 1680
1675892220762 0.6051502704620362 1720
1675892221428 0.6080073356628418 1760
1675892222060 0.6134949207305909 1800
1675892222712 0.5963378429412842 1840
1675892223376 0.6122157096862793 1880
1675892224048 0.6036138534545898 1920
1675892224702 0.6189841747283935 1960
1675892225385 0.6112102031707763 2000
1675892226099 0.5840317249298096 2040
1675892226739 0.6036715984344483 2080
1675892227402 0.5974705219268799 2120
1675892228059 0.6044601917266845 2160
1675892228742 0.6051069259643554 2200
1675892229462 0.5753353595733642 2240
1675892230128 0.6029338359832763 2280
1675892230737 0.6174603462219238 2320
1675892231431 0.5906153678894043 2360
1675892232114 0.5951573371887207 2400
1675892232731 0.6075123310089111 2440
1675892233434 0.5809520244598388 2480
1675892234092 0.6167706489562989 2520
1675892234804 0.5948442459106446 2560
1675892235490 0.588468360900879 2600
1675892236200 0.5972294330596923 2640
1675892236852 0.6071290493011474 2680
1675892237513 0.5986707210540771 2720
1675892238188 0.5882804870605469 2760
1675892238952 0.5903133869171142 2800
1675892239570 0.6222651958465576 2840
1675892240238 0.6021621227264404 2880
1675892240905 0.5949711799621582 2920
1675892241553 0.5973493099212647 2960
1675892242167 0.6074124813079834 3000
1675892242833 0.5957653045654296 3040
1675892243591 0.5756909370422363 3080
1675892244282 0.5910970211029053 3120
1675892244906 0.6057669162750244 3160
1675892245547 0.607434892654419 3200
1675892246164 0.6013388633728027 3240
1675892246880 0.588957405090332 3280
1675892247515 0.5975188255310059 3320
1675892248205 0.5938857555389404 3360
1675892248874 0.604087495803833 3400
1675892249565 0.5857419013977051 3440
1675892250262 0.597592830657959 3480
1675892250890 0.6028722286224365 3520
1675892251568 0.595702075958252 3560
1675892252248 0.5947926044464111 3600
1675892252910 0.6033648490905762 3640
1675892253567 0.6060845851898193 3680
1675892254312 0.5821907997131348 3720
1675892255017 0.5890584945678711 3760
1675892255668 0.61327223777771 3800
1675892256347 0.6080456256866456 3840
1675892257028 0.5878631114959717 3880
1675892257635 0.6155661582946778 3920
1675892258262 0.6041284084320069 3960
1675892258927 0.6019033432006836 4000
1675892259580 0.5963890075683593 4040
1675892260260 0.6104400157928467 4080
1675892261004 0.586646032333374 4120
1675892261679 0.5786121368408204 4160
1675892262327 0.6135961532592773 4200
1675892262953 0.601413345336914 4240
1675892263632 0.5879031658172608 4280
1675892264274 0.6007194519042969 4320
1675892264967 0.5889620780944824 4360
1675892265629 0.5929045677185059 4400
1675892266358 0.5836907386779785 4440
1675892267030 0.6010143756866455 4480
1675892267731 0.584404993057251 4520
1675892268333 0.6281033039093018 4560
1675892269001 0.5910255908966064 4600
1675892269648 0.6051060199737549 4640
1675892270400 0.5797618865966797 4680
1675892271079 0.5925304889678955 4720
1675892271770 0.5865903854370117 4760
1675892272476 0.5897212505340577 4800
1675892273139 0.6154953002929687 4840
1675892273777 0.5960069179534913 4880
1675892274443 0.6047325134277344 4920
1675892275043 0.6223783493041992 4960
1675892275706 0.5929696083068847 5000
1675892276392 0.5984806537628173 5040
1675892277033 0.6076555252075195 5080
1675892277675 0.611505126953125 5120
1675892278364 0.5903777122497559 5160
1675892278978 0.6384834766387939 5200
1675892279723 0.5864802360534668 5240
1675892280388 0.6168243408203125 5280
1675892280996 0.612125301361084 5320
1675892281619 0.6041953086853027 5360
1675892282344 0.5924468517303467 5400
1675892283001 0.6189110755920411 5440
1675892283636 0.6080829620361328 5480
1675892284331 0.5982053279876709 5520
1675892284949 0.619180154800415 5560
1675892285670 0.5848851203918457 5600
1675892286299 0.609712028503418 5640
1675892286980 0.5884421825408935 5680
1675892287659 0.5891709327697754 5720
1675892288397 0.5908770561218262 5760
1675892289075 0.6078865051269531 5800
1675892289677 0.6201034545898437 5840
1675892290282 0.6143685817718506 5880
1675892290891 0.6106709480285645 5920
1675892291612 0.5821783065795898 5960
1675892292318 0.5902135848999024 6000
1675892292950 0.6136414051055908 6040
1675892293606 0.6075254440307617 6080
1675892294240 0.620455551147461 6120
1675892294901 0.6052703857421875 6160
1675892295496 0.6324195384979248 6200
1675892296231 0.5973122119903564 6240
1675892296900 0.5924551963806153 6280
1675892297557 0.6066301345825196 6320
1675892298239 0.6010886192321777 6360
1675892298906 0.6128049850463867 6400
1675892299599 0.5980704307556153 6440
1675892300272 0.5938902854919433 6480
1675892300899 0.5950206756591797 6520
1675892301511 0.6310413360595704 6560
1675892302176 0.6045688629150391 6600
1675892302797 0.6040311813354492 6640
1675892303426 0.6059990882873535 6680
1675892304154 0.5758061408996582 6720
1675892304815 0.600496244430542 6760
1675892305429 0.5970932483673096 6800
1675892306063 0.6004876613616943 6840
1675892306743 0.586670207977295 6880
1675892307425 0.592894458770752 6920
1675892308079 0.5955738067626953 6960
1675892308818 0.5815042495727539 7000
1675892309506 0.614157247543335 7040
1675892310178 0.59358229637146 7080
1675892310816 0.5972426414489747 7120
1675892311462 0.6056359767913818 7160
1675892312146 0.5894163608551025 7200
1675892312783 0.5948639392852784 7240
1675892313500 0.5783501625061035 7280
1675892314189 0.5927321910858154 7320
1675892314810 0.5962235450744628 7360
1675892315450 0.599948787689209 7400
1675892316120 0.5871709823608399 7440
1675892316752 0.5736548900604248 7480
1675892317451 0.5318341732025147 7520
1675892318168 0.5198431968688965 7560
1675892318818 0.5007188320159912 7600
1675892319554 0.4564732551574707 7640
1675892320240 0.46765432357788084 7680
1675892320913 0.4474759101867676 7720
1675892321529 0.390798282623291 7760
1675892322219 0.46743431091308596 7800
1675892322846 0.34973065853118895 7840
1675892323582 0.3810819149017334 7880
1675892324307 0.38059685230255125 7920
1675892325007 0.4022521018981934 7960
1675892325634 0.38110668659210206 8000
1675892326337 0.3968859434127808 8040
1675892327049 0.37467637062072756 8080
1675892327761 0.3380648851394653 8120
1675892328455 0.3667504072189331 8160
1675892329135 0.25700466632843016 8200
1675892329874 0.342879056930542 8240
1675892330525 0.3472762584686279 8280
1675892331148 0.34474935531616213 8320
1675892331799 0.3526787042617798 8360
1675892332418 0.38178353309631347 8400
1675892333071 0.34772567749023436 8440
1675892333740 0.32550935745239257 8480
1675892334395 0.3356605291366577 8520
1675892335067 0.3442647933959961 8560
1675892335780 0.33122639656066893 8600
1675892336393 0.3821070194244385 8640
1675892337030 0.36956803798675536 8680
1675892337699 0.2839498519897461 8720
1675892338397 0.32154197692871095 8760
1675892339102 0.2966644287109375 8800
1675892339767 0.396437406539917 8840
1675892340557 0.3586324691772461 8880
1675892341249 0.29382455348968506 8920
1675892341898 0.3040153980255127 8960
1675892342564 0.36711132526397705 9000
1675892343225 0.3752458095550537 9040
1675892343925 0.3274574041366577 9080
1675892344646 0.32471179962158203 9120
1675892345333 0.3548958539962769 9160
1675892346043 0.33406667709350585 9200
1675892346815 0.38599047660827634 9240
1675892347567 0.29704434871673585 9280
1675892348201 0.38706212043762206 9320
1675892348852 0.30302019119262696 9360
1675892349565 0.34189419746398925 9400
1675892350255 0.3844244956970215 9440
1675892350911 0.32179195880889894 9480
1675892351590 0.3293027400970459 9520
1675892352276 0.3405177116394043 9560
1675892353005 0.3187853336334229 9600
1675892353686 0.35855324268341066 9640
1675892354331 0.2850341320037842 9680
1675892354946 0.37482681274414065 9720
1675892355622 0.3289865255355835 9760
1675892356419 0.3332716464996338 9800
1675892357153 0.36760923862457273 9840
1675892357876 0.29871954917907717 9880
1675892358531 0.33616132736206056 9920
1675892359298 0.31686975955963137 9960
1675892359977 0.45106983184814453 10000
1675892360610 0.32739007472991943 10040
1675892363267 0.2998814582824707 10080
1675892363997 0.3266554594039917 10120
1675892364708 0.31332285404205323 10160
1675892365518 0.3330660343170166 10200
1675892366202 0.2882803201675415 10240
1675892366951 0.3328178882598877 10280
1675892367582 0.347554349899292 10320
1675892368247 0.3282114028930664 10360
1675892368966 0.37570178508758545 10400
1675892369611 0.32597224712371825 10440
1675892370304 0.34046154022216796 10480
1675892370907 0.3264095544815063 10520
1675892371538 0.2818839311599731 10560
1675892372246 0.32820472717285154 10600
1675892372871 0.31533424854278563 10640
1675892373548 0.3242957592010498 10680
1675892374258 0.37838356494903563 10720
1675892374945 0.3279725551605225 10760
1675892375586 0.26980791091918943 10800
1675892376285 0.3251859903335571 10840
1675892376920 0.29630427360534667 10880
1675892377568 0.25475225448608396 10920
1675892378233 0.36406664848327636 10960
1675892378917 0.35476858615875245 11000
1675892379601 0.31735084056854246 11040
1675892380281 0.3693739175796509 11080
1675892380923 0.327608585357666 11120
1675892381596 0.3108860492706299 11160
1675892382364 0.3248807668685913 11200
1675892383048 0.3305471658706665 11240
1675892383692 0.2708986759185791 11280
1675892384383 0.3199398756027222 11320
1675892385135 0.31012754440307616 11360
1675892385760 0.259722900390625 11400
1675892386402 0.23574652671813964 11440
1675892387034 0.24588353633880616 11480
1675892387717 0.3123143196105957 11520
1675892388373 0.32343358993530275 11560
1675892389068 0.2644043445587158 11600
1675892389714 0.2576533079147339 11640
1675892390338 0.36842823028564453 11680
1675892390974 0.28363399505615233 11720
1675892391634 0.3190240144729614 11760
1675892392267 0.2554736375808716 11800
1675892392873 0.2785090684890747 11840
1675892393501 0.2614103317260742 11880
1675892394156 0.2826573133468628 11920
1675892394820 0.22878727912902833 11960
1675892395419 0.25908327102661133 12000
1675892396072 0.2181466579437256 12040
1675892396784 0.26927120685577394 12080
1675892397452 0.35312983989715574 12120
1675892398128 0.24226107597351074 12160
1675892398794 0.25928220748901365 12200
1675892399454 0.2431563138961792 12240
1675892400160 0.25271570682525635 12280
1675892400822 0.2860759496688843 12320
1675892401450 0.2569517850875854 12360
1675892402115 0.22223422527313233 12400
1675892402815 0.23349058628082275 12440
1675892403416 0.24289016723632811 12480
1675892404105 0.2696727752685547 12520
1675892404796 0.20727639198303222 12560
1675892405473 0.2627114772796631 12600
1675892406159 0.21492288112640381 12640
1675892406777 0.23463234901428223 12680
1675892407469 0.25582950115203856 12720
1675892408118 0.15720490217208863 12760
1675892408797 0.2415255069732666 12800
1675892409520 0.27454047203063964 12840
1675892410168 0.2274860382080078 12880
1675892410854 0.23647587299346923 12920
1675892411518 0.24793624877929688 12960
1675892412156 0.23754234313964845 13000
1675892412782 0.23290510177612306 13040
1675892413447 0.2087766170501709 13080
1675892414203 0.2712679624557495 13120
1675892415086 0.2740328788757324 13160
1675892415808 0.21566519737243653 13200
1675892416495 0.2545531511306763 13240
1675892417278 0.2225651502609253 13280
1675892418032 0.36811625957489014 13320
1675892418733 0.20364196300506593 13360
1675892419486 0.2529109001159668 13400
1675892420236 0.24996492862701417 13440
1675892420945 0.21431291103363037 13480
1675892421684 0.24918718338012696 13520
1675892422394 0.23313963413238525 13560
1675892423179 0.21982641220092775 13600
1675892423844 0.1850229859352112 13640
1675892424528 0.23668370246887208 13680
1675892425169 0.18675650358200074 13720
1675892425858 0.1772158145904541 13760
1675892426653 0.25723402500152587 13800
1675892427287 0.1895550012588501 13840
1675892427960 0.23619551658630372 13880
1675892428599 0.19388968944549562 13920
1675892429268 0.23090510368347167 13960
1675892429923 0.2640571355819702 14000
1675892430551 0.22102556228637696 14040
1675892431209 0.2355278968811035 14080
1675892432017 0.23998801708221434 14120
1675892432655 0.24425902366638183 14160
1675892433429 0.22871143817901612 14200
1675892434182 0.2182049036026001 14240
1675892434875 0.21576006412506105 14280
1675892435542 0.2715341806411743 14320
1675892436167 0.19241647720336913 14360
1675892436843 0.20532629489898682 14400
1675892437489 0.20385489463806153 14440
1675892438286 0.2540929317474365 14480
1675892438941 0.17703262567520142 14520
1675892439660 0.19384063482284547 14560
1675892440276 0.20734307765960694 14600
1675892440908 0.3056760311126709 14640
1675892441575 0.23859930038452148 14680
1675892442360 0.1865949273109436 14720
1675892443057 0.23111093044281006 14760
1675892443753 0.260504412651062 14800
1675892444439 0.24446463584899902 14840
1675892445152 0.18321671485900878 14880
1675892445953 0.15949403047561644 14920
1675892446708 0.1941180109977722 14960
1675892447297 0.2156228542327881 15000
1675892447994 0.20449705123901368 15040
1675892448687 0.2044468641281128 15080
1675892449402 0.20573279857635499 15120
1675892450057 0.19220706224441528 15160
1675892450785 0.2776857137680054 15200
1675892451519 0.16078906059265136 15240
1675892452235 0.20079169273376465 15280
1675892452858 0.21388204097747804 15320
1675892453468 0.23740999698638915 15360
1675892454118 0.1985560894012451 15400
1675892454830 0.2142927885055542 15440
1675892455451 0.1662922501564026 15480
1675892456065 0.22789766788482665 15520
1675892456700 0.212644624710083 15560
1675892457311 0.23061351776123046 15600
1675892457990 0.19754624366760254 15640
1675892458653 0.16443829536437987 15680
1675892459343 0.18648676872253417 15720
1675892459987 0.20713672637939454 15760
1675892460722 0.22352633476257325 15800
1675892461413 0.15237218141555786 15840
1675892461997 0.24190199375152588 15880
1675892462606 0.17925705909729003 15920
1675892463237 0.22193586826324463 15960
1675892463906 0.2575749635696411 16000
1675892464599 0.2419431209564209 16040
1675892465225 0.20699868202209473 16080
1675892465862 0.2238337516784668 16120
1675892466519 0.1306581974029541 16160
1675892467152 0.19856129884719848 16200
1675892467775 0.1792985439300537 16240
1675892468448 0.17831709384918212 16280
1675892469129 0.17280905246734618 16320
1675892469734 0.22790608406066895 16360
1675892470419 0.19994215965270995 16400
1675892471045 0.24977402687072753 16440
1675892471705 0.1891966462135315 16480
1675892472376 0.177210533618927 16520
1675892473009 0.2106104850769043 16560
1675892473691 0.24663374423980713 16600
1675892474540 0.1907443881034851 16640
1675892475193 0.20990357398986817 16680
1675892475868 0.15896317958831788 16720
1675892476612 0.28365206718444824 16760
1675892477314 0.1712387204170227 16800
1675892477996 0.16422055959701537 16840
1675892478614 0.18258107900619508 16880
1675892479303 0.20229671001434327 16920
1675892479951 0.17678470611572267 16960
1675892480609 0.18118408918380738 17000
1675892481323 0.1987830400466919 17040
1675892481933 0.19904048442840577 17080
1675892482606 0.18029751777648925 17120
1675892483258 0.14447174072265626 17160
1675892483903 0.1907694458961487 17200
1675892484581 0.2093740463256836 17240
1675892485194 0.13678058385848998 17280
1675892485841 0.18222821950912477 17320
1675892486560 0.19147105216979982 17360
1675892487174 0.1621337890625 17400
1675892487792 0.14476675987243653 17440
1675892488471 0.206673264503479 17480
1675892489140 0.16589440107345582 17520
1675892489795 0.15979267358779908 17560
1675892490510 0.25283730030059814 17600
1675892491174 0.19536371231079103 17640
1675892491887 0.19025715589523315 17680
1675892492579 0.19274258613586426 17720
1675892493269 0.2181694269180298 17760
1675892493839 0.17573904991149902 17800
1675892494534 0.17019177675247193 17840
1675892495150 0.169575834274292 17880
1675892495834 0.1934591293334961 17920
1675892496551 0.18375232219696044 17960
1675892497259 0.20083093643188477 18000
1675892497852 0.1417752504348755 18040
1675892498548 0.22325620651245118 18080
1675892499296 0.23872227668762208 18120
1675892499982 0.15561808347702027 18160
1675892500639 0.21481120586395264 18200
1675892501233 0.17116750478744508 18240
1675892501911 0.17051180601119995 18280
1675892502579 0.19600626230239868 18320
1675892503232 0.21703088283538818 18360
1675892503866 0.18802473545074463 18400
1675892504582 0.21871609687805177 18440
1675892505247 0.17901926040649413 18480
1675892505882 0.15522127151489257 18520
1675892506506 0.1615899085998535 18560
1675892507147 0.19244147539138795 18600
1675892507846 0.16570768356323243 18640
1675892508427 0.1970431923866272 18680
1675892509088 0.2232405424118042 18720
1675892509757 0.13678823709487914 18760
1675892510462 0.16258186101913452 18800
1675892511112 0.15992611646652222 18840
1675892511744 0.1934209942817688 18880
1675892512436 0.18106149435043334 18920
1675892513037 0.16335784196853637 18960
1675892513684 0.14795002937316895 19000
1675892514357 0.1871240258216858 19040
1675892514993 0.1874664306640625 19080
1675892515637 0.18812191486358643 19120
1675892516287 0.147776460647583 19160
1675892516952 0.18575894832611084 19200
1675892517656 0.16248159408569335 19240
1675892518314 0.18494540452957153 19280
1675892518921 0.12786768674850463 19320
1675892519561 0.16809980869293212 19360
1675892520198 0.15215076208114625 19400
1675892520879 0.1910785913467407 19440
1675892521522 0.15839457511901855 19480
1675892522187 0.1372448682785034 19520
1675892522854 0.18502576351165773 19560
1675892523523 0.16967238187789918 19600
1675892524232 0.16356416940689086 19640
1675892524893 0.15617395639419557 19680
1675892525523 0.1126847505569458 19720
1675892526135 0.1789067268371582 19760
1675892526780 0.15998250246047974 19800
1675892527466 0.21058883666992187 19840
1675892528156 0.20512645244598388 19880
1675892528817 0.1522660493850708 19920
1675892529493 0.19773465394973755 19960
1675892530163 0.15399656295776368 20000
1675892530788 0.18820842504501342 20040
1675892531419 0.19468678236007692 20080
1675892534121 0.11908137798309326 20120
1675892534832 0.1573387861251831 20160
1675892535504 0.14118540287017822 20200
1675892536216 0.14160846471786498 20240
1675892536854 0.14606579542160034 20280
1675892537581 0.17287850379943848 20320
1675892538224 0.13846589326858522 20360
1675892538923 0.2180567741394043 20400
1675892539632 0.1934561014175415 20440
1675892540324 0.17581377029418946 20480
1675892541001 0.1391655683517456 20520
1675892541650 0.17249351739883423 20560
1675892542285 0.16270591020584108 20600
1675892542987 0.1523747682571411 20640
1675892543609 0.16036244630813598 20680
1675892544311 0.18287148475646972 20720
1675892544974 0.15225458145141602 20760
1675892545620 0.1548255205154419 20800
1675892546293 0.1453661322593689 20840
1675892546930 0.15911933183670043 20880
1675892547614 0.14159566164016724 20920
1675892548226 0.14872756004333496 20960
1675892548924 0.17967969179153442 21000
1675892549557 0.18312361240386962 21040
1675892550216 0.21319022178649902 21080
1675892550892 0.18349021673202515 21120
1675892551500 0.18182768821716308 21160
1675892552148 0.16543298959732056 21200
1675892552869 0.19622355699539185 21240
1675892553585 0.1790104627609253 21280
1675892554255 0.166193687915802 21320
1675892554904 0.15365813970565795 21360
1675892555574 0.1932024836540222 21400
1675892556234 0.1238819718360901 21440
1675892556887 0.12713830471038817 21480
1675892557521 0.13740186691284179 21520
1675892558189 0.1575940489768982 21560
1675892558852 0.1483415484428406 21600
1675892559583 0.1975584864616394 21640
1675892560229 0.13605031967163086 21680
1675892560824 0.15402355194091796 21720
1675892561462 0.15725256204605104 21760
1675892562091 0.1917505145072937 21800
1675892562734 0.16102389097213746 21840
1675892563341 0.1389416813850403 21880
1675892563991 0.17981429100036622 21920
1675892564677 0.20623233318328857 21960
1675892565329 0.15727628469467164 22000
1675892565961 0.14081003665924072 22040
1675892566585 0.1502768874168396 22080
1675892567294 0.16756095886230468 22120
1675892567947 0.2003788948059082 22160
1675892568627 0.16877410411834717 22200
1675892569277 0.1977320432662964 22240
1675892569935 0.1553753972053528 22280
1675892570636 0.18012248277664183 22320
1675892571283 0.17354432344436646 22360
1675892571918 0.16474281549453734 22400
1675892572564 0.15075829029083251 22440
1675892573281 0.14929137229919434 22480
1675892573882 0.15117547512054444 22520
1675892574577 0.18404886722564698 22560
1675892575269 0.15174355506896972 22600
1675892575924 0.1488025426864624 22640
1675892576662 0.16706132888793945 22680
1675892577274 0.11581645011901856 22720
1675892577947 0.16316680908203124 22760
1675892578609 0.13052068948745726 22800
1675892579261 0.19452656507492067 22840
1675892580012 0.22245988845825196 22880
1675892580655 0.17334712743759156 22920
1675892581278 0.15756574869155884 22960
1675892581951 0.1747268795967102 23000
1675892582599 0.13954812288284302 23040
1675892583237 0.1800929307937622 23080
1675892583891 0.1476845145225525 23120
1675892584644 0.17095282077789306 23160
1675892585321 0.20233006477355958 23200
1675892585989 0.13312090635299684 23240
1675892586631 0.1447683095932007 23280
1675892587263 0.1714652419090271 23320
1675892587954 0.18176989555358886 23360
1675892588613 0.15867234468460084 23400
1675892589299 0.17561546564102173 23440
1675892589927 0.18827109336853026 23480
1675892590603 0.17364943027496338 23520
1675892591279 0.15150098800659179 23560
1675892591914 0.13640522956848145 23600
1675892592573 0.18954743146896363 23640
1675892593207 0.09474629759788514 23680
1675892593857 0.18022724390029907 23720
1675892594535 0.1544177293777466 23760
1675892595157 0.08793866634368896 23800
1675892595896 0.1860417604446411 23840
1675892596562 0.14312689304351806 23880
1675892597203 0.14997261762619019 23920
1675892597838 0.1257928729057312 23960
1675892598459 0.1372772216796875 24000
1675892599102 0.2006826162338257 24040
1675892599757 0.15562325716018677 24080
1675892600413 0.17114694118499757 24120
1675892601099 0.18289846181869507 24160
1675892601737 0.1550825595855713 24200
1675892602444 0.17544136047363282 24240
1675892603111 0.1460888147354126 24280
1675892603729 0.1636974334716797 24320
1675892604410 0.1718916416168213 24360
1675892605035 0.11366263628005982 24400
1675892605712 0.17639944553375245 24440
1675892606359 0.13582221269607545 24480
1675892607086 0.2031548261642456 24520
1675892607708 0.11230027675628662 24560
1675892608408 0.21050567626953126 24600
1675892609052 0.14058839082717894 24640
1675892609682 0.21644742488861085 24680
1675892610309 0.21320321559906005 24720
1675892611053 0.17113113403320312 24760
1675892611709 0.16888543367385864 24800
1675892612417 0.1923764705657959 24840
1675892613086 0.1720588445663452 24880
1675892613757 0.16550815105438232 24920
1675892614382 0.11368224620819092 24960
1675892615067 0.1502331256866455 25000
1675892615663 0.15562785863876344 25040
1675892616315 0.15568339824676514 25080
1675892616987 0.13885171413421632 25120
1675892617663 0.16078265905380248 25160
1675892618251 0.15161696672439576 25200
1675892618955 0.17876888513565065 25240
1675892619604 0.12833815813064575 25280
1675892620302 0.148772931098938 25320
1675892620942 0.14784108400344848 25360
1675892621566 0.16101735830307007 25400
1675892622193 0.14607746601104737 25440
1675892622885 0.17131417989730835 25480
1675892623526 0.12580019235610962 25520
1675892624156 0.13859140872955322 25560
1675892624895 0.17207099199295045 25600
1675892625747 0.19777307510375977 25640
1675892626443 0.17826027870178224 25680
1675892627259 0.13737059831619264 25720
1675892628009 0.15542035102844237 25760
1675892628694 0.17893413305282593 25800
1675892629418 0.14846059083938598 25840
1675892630130 0.14454418420791626 25880
1675892630743 0.14770781993865967 25920
1675892631361 0.12890876531600953 25960
1675892632005 0.16666336059570314 26000
1675892632686 0.217065691947937 26040
1675892633397 0.1569575071334839 26080
1675892634081 0.16784441471099854 26120
1675892634752 0.14956287145614625 26160
1675892635403 0.1037643313407898 26200
1675892636062 0.15415388345718384 26240
1675892636706 0.10826761722564697 26280
1675892637381 0.13568711280822754 26320
1675892638065 0.14694832563400267 26360
1675892638699 0.14543429613113404 26400
1675892639426 0.14627765417098998 26440
1675892640064 0.18686356544494628 26480
1675892640711 0.14182600975036622 26520
1675892641377 0.1478861927986145 26560
1675892642012 0.1423424243927002 26600
1675892642626 0.17217549085617065 26640
1675892643285 0.15189812183380128 26680
1675892643941 0.14755381345748902 26720
1675892644586 0.13177815675735474 26760
1675892645320 0.16690162420272828 26800
1675892646000 0.17073720693588257 26840
1675892646620 0.14180954694747924 26880
1675892647265 0.14125982522964478 26920
1675892647940 0.15407105684280395 26960
1675892648585 0.10578840970993042 27000
1675892649280 0.1375301241874695 27040
1675892649973 0.1429707884788513 27080
1675892650609 0.11361790895462036 27120
1675892651265 0.1500028371810913 27160
1675892651945 0.12239290475845337 27200
1675892652594 0.14722377061843872 27240
1675892653247 0.1499834895133972 27280
1675892653888 0.11650186777114868 27320
1675892654579 0.13121345043182372 27360
1675892655331 0.16840482950210572 27400
1675892655971 0.1595691442489624 27440
1675892656627 0.13127070665359497 27480
1675892657287 0.17647382020950317 27520
1675892657918 0.12545499801635743 27560
1675892658571 0.12197593450546265 27600
1675892659296 0.2012481689453125 27640
1675892659987 0.18202660083770753 27680
1675892660682 0.1319535493850708 27720
1675892661355 0.1281712293624878 27760
1675892662027 0.1465288758277893 27800
1675892662619 0.14579784870147705 27840
1675892663299 0.13173571825027466 27880
1675892663942 0.11868114471435547 27920
1675892664617 0.12895348072052001 27960
1675892665336 0.14049757719039918 28000
1675892666035 0.15809720754623413 28040
1675892666685 0.1402419090270996 28080
1675892667375 0.17636890411376954 28120
1675892668107 0.18025543689727783 28160
1675892668790 0.11955597400665283 28200
1675892669477 0.13402080535888672 28240
1675892670089 0.0905517041683197 28280
1675892670778 0.10637969970703125 28320
1675892671440 0.14159551858901978 28360
1675892672071 0.18026925325393678 28400
1675892672707 0.13150639533996583 28440
1675892673349 0.16527782678604125 28480
1675892674023 0.13751766681671143 28520
1675892674680 0.17959351539611818 28560
1675892675316 0.1178941011428833 28600
1675892675962 0.1472611904144287 28640
1675892676656 0.12039388418197632 28680
1675892677285 0.15789449214935303 28720
1675892677923 0.17683420181274415 28760
1675892678604 0.1186898946762085 28800
1675892679292 0.1120835781097412 28840
1675892679964 0.1471580982208252 28880
1675892680593 0.14031901359558105 28920
1675892681264 0.14864952564239503 28960
1675892681867 0.0990863561630249 29000
1675892682506 0.10443285703659058 29040
1675892683174 0.14915473461151124 29080
1675892683786 0.1334826707839966 29120
1675892684492 0.13754878044128419 29160
1675892685143 0.13845961093902587 29200
1675892685797 0.1432538151741028 29240
1675892686492 0.10826951265335083 29280
1675892687134 0.14060734510421752 29320
1675892687753 0.12108376026153564 29360
1675892688369 0.12156730890274048 29400
1675892689019 0.122699773311615 29440
1675892689696 0.11299976110458373 29480
1675892690329 0.13700751066207886 29520
1675892691005 0.13111933469772338 29560
1675892691638 0.12081714868545532 29600
1675892692328 0.12595043182373047 29640
1675892692965 0.13602745532989502 29680
1675892693659 0.14092564582824707 29720
1675892694323 0.09709364771842957 29760
1675892694932 0.14775441884994506 29800
1675892695556 0.11824034452438355 29840
1675892696215 0.14684687852859496 29880
1675892696897 0.15331337451934815 29920
1675892697534 0.10532476902008056 29960
1675892698174 0.16143431663513183 30000
1675892698873 0.11143741607666016 30040
1675892699513 0.14076753854751586 30080
1675892700157 0.18193886280059815 30120
1675892702779 0.08808664679527282 30160
1675892703449 0.12975014448165895 30200
1675892704121 0.13028956651687623 30240
1675892704811 0.11786502599716187 30280
1675892705465 0.1195450782775879 30320
1675892706160 0.1417771577835083 30360
1675892706808 0.12586251497268677 30400
1675892707453 0.1934259295463562 30440
1675892708106 0.1767967462539673 30480
1675892708807 0.1483122944831848 30520
1675892709523 0.12557438611984253 30560
1675892710177 0.15535296201705934 30600
1675892710825 0.12267827987670898 30640
1675892711499 0.14550142288208007 30680
1675892712129 0.12086092233657837 30720
1675892712787 0.16268270015716552 30760
1675892713448 0.16619421243667604 30800
1675892714091 0.13610082864761353 30840
1675892714780 0.1438318371772766 30880
1675892715463 0.11833717823028564 30920
1675892716154 0.1353324055671692 30960
1675892716777 0.13199050426483155 31000
1675892717428 0.1578515887260437 31040
1675892718049 0.1847853183746338 31080
1675892718702 0.12180459499359131 31120
1675892719384 0.13871121406555176 31160
1675892719983 0.1325229287147522 31200
1675892720661 0.14184718132019042 31240
1675892721357 0.18537312746047974 31280
1675892722074 0.17566165924072266 31320
1675892722704 0.14588308334350586 31360
1675892723343 0.15222761631011963 31400
1675892724008 0.16714514493942262 31440
1675892724681 0.15396780967712403 31480
1675892725292 0.12370290756225585 31520
1675892725944 0.10795283317565918 31560
1675892726599 0.17048311233520508 31600
1675892727226 0.16654636859893798 31640
1675892727900 0.16416480541229247 31680
1675892728528 0.1507124900817871 31720
1675892729131 0.14859839677810668 31760
1675892729751 0.14111264944076538 31800
1675892730360 0.153268563747406 31840
1675892730984 0.16097044944763184 31880
1675892731590 0.12491750717163086 31920
1675892732222 0.14491602182388305 31960
1675892732892 0.18935538530349733 32000
1675892733523 0.10498132705688476 32040
1675892734173 0.14780155420303345 32080
1675892734793 0.15340203046798706 32120
1675892735480 0.13522595167160034 32160
1675892736136 0.19860188961029052 32200
1675892736810 0.16064225435256957 32240
1675892737403 0.11299036741256714 32280
1675892738075 0.12441756725311279 32320
1675892738748 0.17708736658096313 32360
1675892739479 0.139034640789032 32400
1675892740134 0.1464742064476013 32440
1675892740789 0.1414240002632141 32480
1675892741552 0.1401444673538208 32520
1675892742211 0.13605059385299684 32560
1675892742948 0.1643848180770874 32600
1675892743769 0.30404136180877683 32640
1675892744530 0.13225908279418946 32680
1675892745295 0.1261553168296814 32720
1675892745989 0.13048237562179565 32760
1675892746766 0.23461382389068602 32800
1675892747540 0.0849951982498169 32840
1675892748298 0.11427861452102661 32880
1675892749243 0.18978643417358398 32920
1675892750026 0.14838801622390746 32960
1675892750714 0.125896155834198 33000
1675892751488 0.15508278608322143 33040
1675892752323 0.14015443325042726 33080
1675892753027 0.11710772514343262 33120
1675892753690 0.1350037693977356 33160
1675892754444 0.13482284545898438 33200
1675892755114 0.14436883926391603 33240
1675892755788 0.1338050365447998 33280
1675892756410 0.12269004583358764 33320
1675892757036 0.11937203407287597 33360
1675892757729 0.15468213558197022 33400
1675892758339 0.12310272455215454 33440
1675892759020 0.13728582859039307 33480
1675892759660 0.15352675914764405 33520
1675892760334 0.1408534049987793 33560
1675892761006 0.1292885422706604 33600
1675892761714 0.1251473307609558 33640
1675892762376 0.16122853755950928 33680
1675892762996 0.12113295793533325 33720
1675892763796 0.1423502802848816 33760
1675892764483 0.14105379581451416 33800
1675892765170 0.09232028126716614 33840
1675892765888 0.15862667560577393 33880
1675892766539 0.13242534399032593 33920
1675892767208 0.16028685569763185 33960
1675892767852 0.12053611278533935 34000
1675892768460 0.12521237134933472 34040
1675892769120 0.13067907094955444 34080
1675892769756 0.14684242010116577 34120
1675892770420 0.13240352869033814 34160
1675892771088 0.19179985523223878 34200
1675892771730 0.11308671236038208 34240
1675892772405 0.15764511823654176 34280
1675892773056 0.1247475266456604 34320
1675892773683 0.13830432891845704 34360
1675892774354 0.15340690612792968 34400
1675892775007 0.10510679483413696 34440
1675892775944 0.11366508007049561 34480
1675892776820 0.12008962631225586 34520
1675892777924 0.17690423727035523 34560
1675892778828 0.09004706740379334 34600
1675892779687 0.14043214321136474 34640
1675892780349 0.10265305042266845 34680
1675892781009 0.165503191947937 34720
1675892781662 0.14024815559387208 34760
1675892782418 0.14664862155914307 34800
1675892783097 0.15067278146743773 34840
1675892783898 0.18935372829437255 34880
1675892784584 0.12905837297439576 34920
1675892785266 0.14273397922515868 34960
1675892785913 0.10993381738662719 35000
1675892786620 0.14321541786193848 35040
1675892787240 0.10322115421295167 35080
1675892787914 0.10585979223251343 35120
1675892788608 0.1287747621536255 35160
1675892789307 0.11965218782424927 35200
1675892789945 0.11719648838043213 35240
1675892790635 0.13775277137756348 35280
1675892791302 0.12222120761871338 35320
1675892792067 0.12615103721618653 35360
1675892792749 0.13163740634918214 35400
1675892793384 0.13218623399734497 35440
1675892794054 0.12954409122467042 35480
1675892794770 0.14158062934875487 35520
1675892795483 0.11664230823516845 35560
1675892796117 0.12248085737228394 35600
1675892796801 0.14117435216903687 35640
1675892797448 0.1281980276107788 35680
1675892798151 0.1504007935523987 35720
1675892798903 0.11526714563369751 35760
1675892799555 0.12491519451141357 35800
1675892800263 0.13185917139053344 35840
1675892800988 0.14317344427108764 35880
1675892801758 0.1173822045326233 35920
1675892802386 0.13428875207901 35960
1675892802993 0.11650073528289795 36000
1675892803616 0.1231381893157959 36040
1675892804317 0.1763717293739319 36080
1675892805067 0.16470938920974731 36120
1675892805703 0.1316649556159973 36160
1675892806376 0.12141174077987671 36200
1675892807028 0.10957574844360352 36240
1675892807701 0.11852236986160278 36280
1675892808347 0.09288188219070434 36320
1675892809056 0.12291371822357178 36360
1675892809743 0.12783970832824706 36400
1675892810456 0.12125533819198608 36440
1675892811153 0.3243329763412476 36480
1675892811842 0.136902379989624 36520
1675892812595 0.1403157353401184 36560
1675892813368 0.10734494924545288 36600
1675892814064 0.1289106249809265 36640
1675892814728 0.13697093725204468 36680
1675892815376 0.13727548122406005 36720
1675892816012 0.13990718126296997 36760
1675892816653 0.11394286155700684 36800
1675892817682 0.1396951198577881 36840
1675892818634 0.15917506217956542 36880
1675892819315 0.09054508805274963 36920
1675892819986 0.14292821884155274 36960
1675892820674 0.13143080472946167 37000
1675892821337 0.09222474694252014 37040
1675892822018 0.10379893779754638 37080
1675892822724 0.12915806770324706 37120
1675892823380 0.0894158959388733 37160
1675892824045 0.14794013500213624 37200
1675892824755 0.108713698387146 37240
1675892825411 0.11339073181152344 37280
1675892826097 0.13967344760894776 37320
1675892826760 0.10512187480926513 37360
1675892827436 0.11402461528778077 37400
1675892828177 0.1402253270149231 37440
1675892828824 0.11467841863632203 37480
1675892829491 0.09694894552230834 37520
1675892830193 0.12723385095596312 37560
1675892831057 0.10188565254211426 37600
1675892831861 0.09393405318260192 37640
1675892832631 0.171359646320343 37680
1675892833337 0.12155380249023437 37720
1675892834070 0.1346701502799988 37760
1675892834788 0.10736795663833618 37800
1675892835442 0.13892141580581666 37840
1675892836064 0.1259100317955017 37880
1675892836714 0.10843497514724731 37920
1675892837358 0.10007824897766113 37960
1675892837993 0.08116087913513184 38000
1675892838704 0.11322917938232421 38040
1675892839420 0.1448465347290039 38080
1675892840062 0.10354826450347901 38120
1675892840762 0.17221187353134154 38160
1675892841455 0.14124457836151122 38200
1675892842141 0.12031623125076293 38240
1675892842808 0.12025290727615356 38280
1675892843401 0.09536147117614746 38320
1675892844094 0.1001570463180542 38360
1675892844753 0.11100752353668213 38400
1675892845373 0.1659574031829834 38440
1675892845985 0.10887513160705567 38480
1675892846631 0.14150274991989137 38520
1675892847286 0.16017080545425416 38560
1675892847921 0.10106724500656128 38600
1675892848542 0.1017969012260437 38640
1675892849220 0.12816206216812134 38680
1675892849915 0.08978319764137269 38720
1675892850527 0.14159921407699586 38760
1675892851168 0.15510467290878296 38800
1675892851787 0.09919443726539612 38840
1675892852473 0.09233103394508362 38880
1675892853150 0.16254185438156127 38920
1675892853796 0.13399214744567872 38960
1675892854521 0.12608875036239625 39000
1675892855249 0.10771335363388061 39040
1675892856184 0.08968421816825867 39080
1675892857062 0.15859789848327638 39120
1675892857737 0.11860288381576538 39160
1675892858437 0.13707069158554078 39200
1675892859137 0.14321030378341676 39240
1675892859811 0.14692766666412355 39280
1675892860509 0.11684517860412598 39320
1675892861224 0.1398387908935547 39360
1675892861844 0.12223736047744752 39400
1675892862442 0.10168303251266479 39440
1675892863110 0.1301344633102417 39480
1675892863874 0.09932757019996644 39520
1675892864585 0.1481783151626587 39560
1675892865288 0.10588690042495727 39600
1675892865921 0.13743818998336793 39640
1675892866622 0.12923582792282104 39680
1675892867276 0.15048867464065552 39720
1675892867976 0.11844725608825683 39760
1675892868650 0.1095765471458435 39800
1675892869279 0.1325952172279358 39840
1675892869893 0.12237566709518433 39880
1675892870580 0.14548813104629515 39920
1675892871289 0.14878315925598146 39960
1675892872172 0.1017488718032837 40000
1675892872949 0.13455008268356322 40040
1675892873650 0.12373620271682739 40080
1675892874303 0.1453837752342224 40120
1675892874931 0.16235191822052003 40160
1675892877361 0.06254351139068604 40200
1675892878056 0.12815688848495482 40240
1675892878730 0.13187578916549683 40280
1675892879475 0.13120509386062623 40320
1675892880186 0.1309491515159607 40360
1675892880983 0.14347941875457765 40400
1675892881696 0.1337155818939209 40440
1675892882375 0.16492308378219606 40480
1675892883042 0.15386213064193727 40520
1675892883757 0.13363467454910277 40560
1675892884481 0.1429563045501709 40600
1675892885154 0.14399703741073608 40640
1675892885802 0.10277491807937622 40680
1675892886533 0.1473983645439148 40720
1675892887174 0.11639840602874756 40760
1675892887856 0.14697377681732177 40800
1675892888535 0.1365618109703064 40840
1675892889235 0.13083008527755738 40880
1675892889930 0.1246445894241333 40920
1675892890632 0.14331660270690919 40960
1675892891307 0.1280856251716614 41000
1675892891954 0.12459404468536377 41040
1675892892634 0.13575282096862792 41080
1675892893303 0.13598607778549193 41120
1675892893961 0.11120682954788208 41160
1675892894688 0.12136074304580688 41200
1675892895325 0.11300092935562134 41240
1675892896097 0.14635860919952393 41280
1675892896842 0.14386725425720215 41320
1675892897694 0.16313871145248413 41360
1675892898394 0.12560333013534547 41400
1675892899081 0.13311764001846313 41440
1675892899771 0.10886367559432983 41480
1675892900477 0.11248146295547486 41520
1675892901116 0.12320492267608643 41560
1675892901822 0.09776870608329773 41600
1675892902481 0.1294610619544983 41640
1675892903141 0.12311035394668579 41680
1675892903832 0.13271749019622803 41720
1675892904520 0.09737953543663025 41760
1675892905135 0.13097608089447021 41800
1675892905775 0.12153326272964478 41840
1675892906394 0.12399883270263672 41880
1675892907140 0.14003913402557372 41920
1675892907799 0.10749599933624268 41960
1675892908477 0.13264912366867065 42000
1675892909157 0.15243910551071166 42040
1675892909827 0.15269224643707274 42080
1675892910473 0.1296515941619873 42120
1675892911097 0.1340694785118103 42160
1675892911810 0.11624336242675781 42200
1675892912475 0.1787559747695923 42240
1675892913163 0.15662530660629273 42280
1675892913796 0.10599489212036133 42320
1675892914541 0.1126290202140808 42360
1675892915210 0.1420304298400879 42400
1675892915897 0.12795265913009643 42440
1675892916607 0.13970277309417725 42480
1675892917554 0.1150681734085083 42520
1675892918349 0.1538238048553467 42560
1675892919135 0.1386917471885681 42600
1675892920026 0.1581226944923401 42640
1675892920797 0.12453314065933227 42680
1675892921477 0.1274761438369751 42720
1675892922179 0.12138862609863281 42760
1675892922864 0.09997510313987731 42800
1675892923555 0.13233202695846558 42840
1675892924227 0.0793518602848053 42880
1675892924901 0.10757603645324706 42920
1675892925616 0.16335749626159668 42960
1675892926329 0.13029035329818725 43000
1675892927006 0.103923761844635 43040
1675892927891 0.13658539056777955 43080
1675892928824 0.1089178442955017 43120
1675892929659 0.11828302145004273 43160
1675892930419 0.09903832674026489 43200
1675892931260 0.12911057472229004 43240
1675892932033 0.14905883073806764 43280
1675892932748 0.1192966103553772 43320
1675892933419 0.09684388041496277 43360
1675892934111 0.14149090051651 43400
1675892934825 0.15132517814636232 43440
1675892935472 0.10329958200454711 43480
1675892936195 0.131824791431427 43520
1675892936889 0.1323680877685547 43560
1675892937551 0.13201757669448852 43600
1675892938271 0.12539355754852294 43640
1675892938978 0.11190760135650635 43680
1675892939652 0.1543567419052124 43720
1675892940349 0.09488675594329835 43760
1675892941049 0.1446221113204956 43800
1675892941715 0.12663848400115968 43840
1675892942388 0.0808030366897583 43880
1675892943119 0.13910822868347167 43920
1675892943809 0.1342638611793518 43960
1675892944494 0.11354190111160278 44000
1675892945169 0.11714363098144531 44040
1675892945822 0.17455556392669677 44080
1675892946475 0.12374778985977172 44120
1675892947114 0.15260038375854493 44160
1675892947808 0.14150114059448243 44200
1675892948453 0.13844642639160157 44240
1675892949167 0.12523776292800903 44280
1675892949857 0.1596670389175415 44320
1675892950584 0.1120197057723999 44360
1675892951214 0.1093209981918335 44400
1675892951913 0.15569806098937988 44440
1675892952967 0.11413661241531373 44480
1675892953890 0.11041488647460937 44520
1675892955114 0.11149152517318725 44560
1675892956093 0.2563969612121582 44600
1675892956990 0.09025252461433411 44640
1675892957746 0.13203247785568237 44680
1675892958413 0.1194273591041565 44720
1675892959189 0.13994965553283692 44760
1675892959838 0.1588547110557556 44800
1675892960591 0.1336403489112854 44840
1675892961234 0.12519320249557495 44880
1675892962136 0.17255414724349977 44920
1675892962869 0.10835318565368653 44960
1675892963688 0.16380772590637208 45000
1675892964395 0.11791993379592895 45040
1675892965144 0.12337136268615723 45080
1675892965803 0.11181725263595581 45120
1675892966527 0.11016100645065308 45160
1675892967323 0.0985356867313385 45200
1675892968152 0.12822985649108887 45240
1675892968992 0.11675788164138794 45280
1675892969940 0.1365007996559143 45320
1675892970684 0.12355227470397949 45360
1675892971394 0.11849361658096313 45400
1675892972099 0.15174367427825927 45440
1675892972740 0.10179147720336915 45480
1675892973378 0.14348078966140748 45520
1675892974084 0.14489405155181884 45560
1675892974755 0.10216495990753174 45600
1675892975441 0.11300827264785766 45640
1675892976094 0.10772414207458496 45680
1675892976762 0.10994608402252197 45720
1675892977520 0.14478733539581298 45760
1675892978195 0.11035456657409667 45800
1675892978888 0.10347158908843994 45840
1675892979581 0.12174094915390014 45880
1675892980342 0.12713496685028075 45920
1675892981127 0.09937973022460937 45960
1675892981771 0.11636278629302979 46000
1675892982374 0.11694263219833374 46040
1675892982998 0.12030894756317138 46080
1675892983704 0.12626599073410033 46120
1675892984461 0.16637108325958253 46160
1675892985143 0.13133177757263184 46200
1675892985800 0.1253365159034729 46240
1675892986443 0.10321673154830932 46280
1675892987121 0.09579670429229736 46320
1675892987784 0.0842416226863861 46360
1675892988512 0.12571910619735718 46400
1675892989215 0.10512102842330932 46440
1675892989879 0.1087345004081726 46480
1675892990598 0.13246467113494872 46520
1675892991288 0.13000080585479737 46560
1675892991969 0.11678352355957031 46600
1675892992696 0.1206215500831604 46640
1675892993452 0.13627793788909912 46680
1675892994111 0.13717873096466066 46720
1675892994773 0.11883735656738281 46760
1675892995409 0.14016363620758057 46800
1675892996065 0.23687961101531982 46840
1675892996750 0.12349985837936402 46880
1675892997553 0.16405001878738404 46920
1675892998166 0.0887340784072876 46960
1675892998814 0.11268836259841919 47000
1675892999513 0.13747704029083252 47040
1675893000158 0.08204388618469238 47080
1675893000858 0.11597739458084107 47120
1675893001543 0.118190336227417 47160
1675893002253 0.11050857305526733 47200
1675893002901 0.1336859107017517 47240
1675893003593 0.11867346763610839 47280
1675893004268 0.09126963019371033 47320
1675893004955 0.14023663997650146 47360
1675893005617 0.10241674184799195 47400
1675893006268 0.0998801827430725 47440
1675893007062 0.12602239847183228 47480
1675893007748 0.1237302541732788 47520
1675893008416 0.09529439806938171 47560
1675893009133 0.12497466802597046 47600
1675893009824 0.09428691864013672 47640
1675893010510 0.0918374240398407 47680
1675893011257 0.13836193084716797 47720
1675893011993 0.14766328334808348 47760
1675893012675 0.11894019842147827 47800
1675893013419 0.12233952283859253 47840
1675893014260 0.1250361442565918 47880
1675893014907 0.10398586988449096 47920
1675893015574 0.11349295377731324 47960
1675893016270 0.10489796400070191 48000
1675893016974 0.07819921970367431 48040
1675893017706 0.13585788011550903 48080
1675893018439 0.12169160842895507 48120
1675893019201 0.11880954504013061 48160
1675893019983 0.1359344244003296 48200
1675893020779 0.1466173529624939 48240
1675893021481 0.11960551738739014 48280
1675893022419 0.10948340892791748 48320
1675893023105 0.08053258657455445 48360
1675893023937 0.09798945188522339 48400
1675893024852 0.11627936363220215 48440
1675893025617 0.12229720354080201 48480
1675893026299 0.13755404949188232 48520
1675893026960 0.11218073368072509 48560
1675893027680 0.1212847352027893 48600
1675893028344 0.09929229021072387 48640
1675893029182 0.10140933990478515 48680
1675893030304 0.11195155382156372 48720
1675893031102 0.07233118414878845 48760
1675893031755 0.11406389474868775 48800
1675893032406 0.13519735336303712 48840
1675893033048 0.10828078985214233 48880
1675893033744 0.08666101098060608 48920
1675893034465 0.11859313249588013 48960
1675893035107 0.14651765823364257 49000
1675893035800 0.14001283645629883 49040
1675893036442 0.08951174616813659 49080
1675893037107 0.093004709482193 49120
1675893037789 0.11674079895019532 49160
1675893038430 0.12213374376296997 49200
1675893039140 0.10201702117919922 49240
1675893039829 0.13088009357452393 49280
1675893040510 0.12468407154083253 49320
1675893041255 0.09643186330795288 49360
1675893041956 0.12337076663970947 49400
1675893042609 0.09683460593223572 49440
1675893043228 0.09926047325134277 49480
1675893043914 0.09873079657554626 49520
1675893044600 0.08367701768875122 49560
1675893045258 0.13208534717559814 49600
1675893045951 0.12152214050292968 49640
1675893046587 0.1105879783630371 49680
1675893047284 0.0982338547706604 49720
1675893047945 0.14380334615707396 49760
1675893048647 0.11053962707519531 49800
1675893049326 0.08900011777877807 49840
1675893049974 0.09448888301849365 49880
1675893050620 0.14793511629104614 49920
1675893051289 0.12560187578201293 49960
1675893051965 0.15132293701171876 50000
1675893052665 0.09731037020683289 50040
1675893053324 0.12764971256256102 50080
1675893053989 0.11270377635955811 50120
1675893054661 0.12959663867950438 50160
1675893055316 0.13727614879608155 50200
1675893057731 0.043077343702316286 50240
1675893058405 0.10130002498626708 50280
1675893059115 0.09606058597564697 50320
1675893059820 0.11609892845153809 50360
1675893060527 0.09924371242523193 50400
1675893061241 0.11026686429977417 50440
1675893061949 0.1236794114112854 50480
1675893062642 0.1463843822479248 50520
1675893063307 0.12210355997085572 50560
1675893063962 0.13089821338653565 50600
1675893064726 0.13084046840667723 50640
1675893065435 0.13198155164718628 50680
1675893066062 0.09687128067016601 50720
1675893066776 0.1082183837890625 50760
1675893067430 0.12717440128326415 50800
1675893068081 0.13042666912078857 50840
1675893068823 0.13704781532287597 50880
1675893069506 0.1488166093826294 50920
1675893070204 0.10819424390792846 50960
1675893070879 0.11948904991149903 51000
1675893071573 0.12573145627975463 51040
1675893072221 0.11270241737365723 51080
1675893072883 0.1402769923210144 51120
1675893073499 0.1657925248146057 51160
1675893074176 0.113072669506073 51200
1675893074862 0.1133720874786377 51240
1675893075536 0.09194262623786927 51280
1675893076240 0.1373469591140747 51320
1675893076947 0.1324276089668274 51360
1675893077686 0.16554815769195558 51400
1675893078336 0.1283885955810547 51440
1675893079006 0.13929262161254882 51480
1675893079705 0.12617673873901367 51520
1675893080381 0.1195338487625122 51560
1675893081018 0.08844059705734253 51600
1675893081703 0.09622251391410827 51640
1675893082350 0.12005534172058105 51680
1675893083030 0.09767659902572631 51720
1675893083684 0.13015462160110475 51760
1675893084366 0.1181946873664856 51800
1675893085033 0.1795883893966675 51840
1675893085665 0.11627652645111083 51880
1675893086297 0.11143983602523803 51920
1675893087082 0.13478968143463135 51960
1675893087708 0.09582628011703491 52000
1675893088388 0.12178497314453125 52040
1675893089050 0.12144180536270141 52080
1675893089719 0.117741858959198 52120
1675893090356 0.11655917167663574 52160
1675893090966 0.1230812430381775 52200
1675893091669 0.11308343410491943 52240
1675893092323 0.1518632173538208 52280
1675893093032 0.16730239391326904 52320
1675893093713 0.10478357076644898 52360
1675893094437 0.09210246205329894 52400
1675893095100 0.1364729404449463 52440
1675893095811 0.13021095991134643 52480
1675893096461 0.13656010627746581 52520
1675893097189 0.10327248573303223 52560
1675893097894 0.13391085863113403 52600
1675893098509 0.11144056320190429 52640
1675893099190 0.13739386796951295 52680
1675893099914 0.10328869819641114 52720
1675893100588 0.12641969919204712 52760
1675893101333 0.10245461463928222 52800
1675893102032 0.1298634171485901 52840
1675893102707 0.10365470647811889 52880
1675893103366 0.08047538995742798 52920
1675893104085 0.09219432473182679 52960
1675893104837 0.13978036642074584 53000
1675893105578 0.13835979700088502 53040
1675893106229 0.08690053820610047 53080
1675893106940 0.11689579486846924 53120
1675893107668 0.11163172721862794 53160
1675893108355 0.11358387470245361 53200
1675893109205 0.09377115368843078 53240
1675893110138 0.15542453527450562 53280
1675893110898 0.11964656114578247 53320
1675893111651 0.12259037494659424 53360
1675893112309 0.08643620610237121 53400
1675893112977 0.13018933534622193 53440
1675893113676 0.1262764573097229 53480
1675893114486 0.09991568922996522 53520
1675893115523 0.12219219207763672 53560
1675893116349 0.12175017595291138 53600
1675893117024 0.11480363607406616 53640
1675893117756 0.12308425903320312 53680
1675893118433 0.11560505628585815 53720
1675893119146 0.14403390884399414 53760
1675893119796 0.06514232158660889 53800
1675893120459 0.12095928192138672 53840
1675893121103 0.16772890090942383 53880
1675893121753 0.07750126123428344 53920
1675893122457 0.11230798959732055 53960
1675893123152 0.12668657302856445 54000
1675893123794 0.1086338996887207 54040
1675893124459 0.11469550132751465 54080
1675893125072 0.10918840169906616 54120
1675893125717 0.11024953126907348 54160
1675893126323 0.13924554586410523 54200
1675893126989 0.1142386794090271 54240
1675893127638 0.1330015778541565 54280
1675893128295 0.10942995548248291 54320
1675893128987 0.13515335321426392 54360
1675893129648 0.08821524381637573 54400
1675893130260 0.13209221363067628 54440
1675893130904 0.1360338807106018 54480
1675893131531 0.1240796685218811 54520
1675893132178 0.10227952003479004 54560
1675893132846 0.09444360733032227 54600
1675893133579 0.15547934770584107 54640
1675893134254 0.09445839524269103 54680
1675893134928 0.11500283479690551 54720
1675893135577 0.10003987550735474 54760
1675893136219 0.10288183689117432 54800
1675893136841 0.13711185455322267 54840
1675893137583 0.1320240616798401 54880
1675893138231 0.13260424137115479 54920
1675893139020 0.15472517013549805 54960
1675893139647 0.0956745684146881 55000
1675893140378 0.13292125463485718 55040
1675893141014 0.13291581869125366 55080
1675893141694 0.1030938982963562 55120
1675893142356 0.08579783439636231 55160
1675893143047 0.10758025646209717 55200
1675893143748 0.1051003098487854 55240
1675893144477 0.1102112889289856 55280
1675893145101 0.10186131000518799 55320
1675893145765 0.14472806453704834 55360
1675893146442 0.11149665117263793 55400
1675893147119 0.08607851266860962 55440
1675893147802 0.1393396258354187 55480
1675893148411 0.09248142242431641 55520
1675893149059 0.11388859748840333 55560
1675893149723 0.1434350371360779 55600
1675893150393 0.09983936548233033 55640
1675893151027 0.09851082563400268 55680
1675893151654 0.111114764213562 55720
1675893152310 0.13206832408905028 55760
1675893152985 0.12198543548583984 55800
1675893153662 0.12894458770751954 55840
1675893154338 0.08173065781593322 55880
1675893155021 0.10941864252090454 55920
1675893155717 0.14025062322616577 55960
1675893156473 0.12791857719421387 56000
1675893157101 0.10444871187210084 56040
1675893157707 0.1324364423751831 56080
1675893158312 0.11100078821182251 56120
1675893158997 0.1415804147720337 56160
1675893159685 0.14999338388442993 56200
1675893160340 0.14029814004898072 56240
1675893160961 0.09763320088386536 56280
1675893161640 0.12418391704559326 56320
1675893162282 0.06563221216201783 56360
1675893162905 0.09051915407180786 56400
1675893163533 0.11992676258087158 56440
1675893164244 0.09780334830284118 56480
1675893164881 0.09112461805343627 56520
1675893165541 0.12744550704956054 56560
1675893166205 0.11263680458068848 56600
1675893166858 0.11755872964859009 56640
1675893167509 0.11582494974136352 56680
1675893168171 0.14895849227905272 56720
1675893168781 0.23223960399627686 56760
1675893169392 0.3738417148590088 56800
1675893170013 0.15184775590896607 56840
1675893170620 0.13515810966491698 56880
1675893171253 0.1388706684112549 56920
1675893171999 0.20175089836120605 56960
1675893172794 0.10261266231536866 57000
1675893173413 0.1260563015937805 57040
1675893174076 0.12419863939285278 57080
1675893174722 0.09198778867721558 57120
1675893175403 0.09799864292144775 57160
1675893176061 0.130535352230072 57200
1675893176735 0.11707530021667481 57240
1675893177389 0.1427817940711975 57280
1675893178042 0.10630663633346557 57320
1675893178701 0.08036848306655883 57360
1675893179407 0.15141116380691527 57400
1675893180079 0.09414092302322388 57440
1675893180727 0.09376596212387085 57480
1675893181415 0.10939598083496094 57520
1675893182086 0.1089295506477356 57560
1675893182704 0.08957967758178711 57600
1675893183398 0.11322319507598877 57640
1675893184057 0.1002959966659546 57680
1675893184741 0.08881793022155762 57720
1675893185439 0.10154422521591186 57760
1675893186213 0.16140614748001098 57800
1675893186954 0.11979637145996094 57840
1675893187668 0.3157046318054199 57880
1675893188444 0.11360640525817871 57920
1675893189119 0.45611572265625 57960
1675893189791 0.11763702630996704 58000
1675893190443 0.08344092369079589 58040
1675893191131 0.07931615710258484 58080
1675893191851 0.13330916166305543 58120
1675893192538 0.09792656898498535 58160
1675893193212 0.11678875684738159 58200
1675893193883 0.152518630027771 58240
1675893194664 0.1386173129081726 58280
1675893195334 0.12134003639221191 58320
1675893196035 0.0955655038356781 58360
1675893196664 0.09357503652572632 58400
1675893197341 0.09751120209693909 58440
1675893198023 0.11636263132095337 58480
1675893198675 0.12311726808547974 58520
1675893199420 0.12047975063323975 58560
1675893200057 0.11658074855804443 58600
1675893200724 0.11136864423751831 58640
1675893201364 0.09044093489646912 58680
1675893201985 0.08754702806472778 58720
1675893202647 0.0959742546081543 58760
1675893203368 0.08550002574920654 58800
1675893204060 0.11505587100982666 58840
1675893204725 0.13775380849838256 58880
1675893205332 0.10515533685684204 58920
1675893206022 0.10742909908294677 58960
1675893206668 0.11858627796173096 59000
1675893207351 0.1362878441810608 59040
1675893208002 0.13615518808364868 59080
1675893208627 0.0854633629322052 59120
1675893209289 0.09896527528762818 59160
1675893209940 0.1325043559074402 59200
1675893210556 0.12432861328125 59240
1675893211234 0.10902063846588135 59280
1675893211931 0.13994086980819703 59320
1675893212571 0.11887714862823487 59360
1675893213277 0.10303994417190551 59400
1675893213962 0.12591625452041627 59440
1675893214639 0.11406689882278442 59480
1675893215232 0.16928225755691528 59520
1675893215866 0.10158375501632691 59560
1675893216516 0.10935461521148682 59600
1675893217162 0.12302489280700683 59640
1675893217830 0.12397369146347045 59680
1675893218452 0.10040764808654785 59720
1675893219147 0.1022577166557312 59760
1675893219765 0.12118202447891235 59800
1675893220458 0.11700422763824463 59840
1675893221121 0.08870482444763184 59880
1675893221744 0.09741336703300477 59920
1675893222390 0.1026810884475708 59960
1675893223044 0.11395043134689331 60000
1675893223738 0.14696894884109496 60040
1675893224494 0.09917184710502625 60080
1675893225162 0.10734517574310302 60120
1675893225765 0.0937635600566864 60160
1675893226441 0.11218674182891845 60200
1675893227073 0.12845263481140137 60240
1675893229613 0.02297137528657913 60280
1675893230329 0.10599956512451172 60320
1675893231049 0.11334699392318726 60360
1675893231782 0.09325103759765625 60400
1675893232529 0.11388499736785888 60440
1675893233259 0.09822664856910705 60480
1675893234060 0.11199702024459839 60520
1675893234798 0.13559237718582154 60560
1675893235554 0.13495429754257202 60600
1675893236254 0.12810171842575074 60640
1675893237034 0.12568106651306152 60680
1675893237828 0.1234974980354309 60720
1675893238499 0.0920310914516449 60760
1675893239249 0.10561429262161255 60800
1675893240001 0.12817736864089965 60840
1675893240736 0.12448678016662598 60880
1675893241454 0.14292975664138793 60920
1675893242184 0.13281564712524413 60960
1675893242954 0.10667221546173096 61000
1675893243692 0.12285655736923218 61040
1675893244534 0.16472285985946655 61080
1675893245254 0.08153917193412781 61120
1675893246029 0.13967232704162597 61160
1675893246744 0.12174049615859986 61200
1675893247469 0.1210693359375 61240
1675893248224 0.11250611543655395 61280
1675893248964 0.07732349038124084 61320
1675893249721 0.12301313877105713 61360
1675893250544 0.1255954384803772 61400
1675893251408 0.17451028823852538 61440
1675893252132 0.12187143564224243 61480
1675893252883 0.12105156183242798 61520
1675893253692 0.11557896137237549 61560
1675893254460 0.11548246145248413 61600
1675893255142 0.07919862270355224 61640
1675893255914 0.08819792270660401 61680
1675893256699 0.13025771379470824 61720
1675893257420 0.09121067523956299 61760
1675893258165 0.13245527744293212 61800
1675893258909 0.08247063755989074 61840
1675893259608 0.10537981986999512 61880
1675893260287 0.1291893243789673 61920
1675893260947 0.1034354329109192 61960
1675893261691 0.14764429330825807 62000
1675893262413 0.07738103270530701 62040
1675893263105 0.12428455352783203 62080
1675893263878 0.13231408596038818 62120
1675893264649 0.14911952018737792 62160
1675893265413 0.10246487855911254 62200
1675893266142 0.11474605798721313 62240
1675893266866 0.10937106609344482 62280
1675893267621 0.1261641263961792 62320
1675893268377 0.17137883901596068 62360
1675893269071 0.09330106973648071 62400
1675893269804 0.11890883445739746 62440
1675893270495 0.12160662412643433 62480
1675893271245 0.13643654584884643 62520
1675893271957 0.13353604078292847 62560
1675893272622 0.08863208293914795 62600
1675893273383 0.1332969546318054 62640
1675893274068 0.1054955005645752 62680
1675893274792 0.14017987251281738 62720
1675893275534 0.1319151997566223 62760
1675893276228 0.10751631259918212 62800
1675893276964 0.11563287973403931 62840
1675893277711 0.11407065391540527 62880
1675893278421 0.08368975520133973 62920
1675893279119 0.09436855912208557 62960
1675893279824 0.09834672212600708 63000
1675893280573 0.12951984405517578 63040
1675893281327 0.14217116832733154 63080
1675893281990 0.087130206823349 63120
1675893282698 0.10661715269088745 63160
1675893283429 0.10696864128112793 63200
1675893284114 0.11712610721588135 63240
1675893284864 0.08755189180374146 63280
1675893285597 0.11558256149291993 63320
1675893286371 0.10959683656692505 63360
1675893287114 0.1344880223274231 63400
1675893287752 0.07846813797950744 63440
1675893288459 0.13384408950805665 63480
1675893289206 0.10172666311264038 63520
1675893289924 0.1025553822517395 63560
1675893290722 0.10280587673187255 63600
1675893291469 0.1370604395866394 63640
1675893292147 0.10540978908538819 63680
1675893292939 0.10666384696960449 63720
1675893293701 0.10166106224060059 63760
1675893294433 0.1589888572692871 63800
1675893295159 0.08277678489685059 63840
1675893295954 0.11525708436965942 63880
1675893296676 0.1225537896156311 63920
1675893297426 0.09466366767883301 63960
1675893298178 0.09721205234527588 64000
1675893298943 0.12655258178710938 64040
1675893299636 0.10301731824874878 64080
1675893300348 0.11238685846328736 64120
1675893301094 0.11185753345489502 64160
1675893301787 0.10805922746658325 64200
1675893302504 0.1505040168762207 64240
1675893303240 0.08789352774620056 64280
1675893303986 0.12048094272613526 64320
1675893304710 0.10925685167312622 64360
1675893305430 0.13489043712615967 64400
1675893306165 0.1254564642906189 64440
1675893306833 0.11468901634216308 64480
1675893307497 0.12538923025131227 64520
1675893308236 0.12342205047607421 64560
1675893308937 0.08592763543128967 64600
1675893309696 0.08982418179512024 64640
1675893310471 0.1363983392715454 64680
1675893311237 0.10033044815063477 64720
1675893311947 0.12415595054626465 64760
1675893312655 0.08050218224525452 64800
1675893313332 0.13780056238174437 64840
1675893314019 0.1199224591255188 64880
1675893314831 0.13748486042022706 64920
1675893315570 0.11892987489700317 64960
1675893316387 0.13142932653427125 65000
1675893317093 0.0942960798740387 65040
1675893317831 0.12252994775772094 65080
1675893318537 0.1331336498260498 65120
1675893319282 0.09941017627716064 65160
1675893319947 0.09733067750930786 65200
1675893320659 0.06787895560264587 65240
1675893321410 0.09392095804214477 65280
1675893322129 0.10297200679779053 65320
1675893322797 0.08495468497276307 65360
1675893323510 0.10531980991363525 65400
1675893324299 0.12353471517562867 65440
1675893324968 0.06736741065979004 65480
1675893325721 0.144434916973114 65520
1675893326394 0.09985448718070984 65560
1675893327103 0.10479273796081542 65600
1675893327810 0.1394940733909607 65640
1675893328525 0.09289456605911255 65680
1675893329228 0.08635969758033753 65720
1675893329921 0.1294472932815552 65760
1675893330653 0.12140825986862183 65800
1675893331332 0.11097447872161866 65840
1675893332078 0.12347625494003296 65880
1675893332775 0.07768443822860718 65920
1675893333501 0.09188089966773987 65960
1675893334256 0.13091163635253905 66000
1675893335081 0.10376582145690919 66040
1675893335811 0.09627225399017333 66080
1675893336456 0.14624050855636597 66120
1675893337116 0.09736753702163696 66160
1675893337855 0.12407684326171875 66200
1675893338597 0.12754809856414795 66240
1675893339362 0.13444498777389527 66280
1675893340070 0.10351862907409667 66320
1675893340762 0.10799540281295776 66360
1675893341474 0.07795190215110778 66400
1675893342200 0.09195516109466553 66440
1675893342875 0.11001507043838502 66480
1675893343666 0.10523036718368531 66520
1675893344377 0.09387067556381226 66560
1675893345121 0.13477195501327516 66600
1675893345826 0.10111956596374512 66640
1675893346536 0.12769097089767456 66680
1675893347263 0.11266568899154664 66720
1675893347974 0.11948260068893432 66760
1675893348645 0.12725116014480592 66800
1675893349331 0.11120147705078125 66840
1675893350031 0.12707375288009642 66880
1675893350712 0.0850732147693634 66920
1675893351408 0.11509090662002563 66960
1675893352216 0.14318853616714478 67000
1675893352912 0.10677531957626343 67040
1675893353606 0.10783641338348389 67080
1675893354343 0.11490095853805542 67120
1675893355028 0.09748098254203796 67160
1675893355750 0.07602577209472657 67200
1675893356480 0.09733135104179383 67240
1675893357219 0.12089519500732422 67280
1675893357920 0.10639145374298095 67320
1675893358614 0.10260137319564819 67360
1675893359353 0.06127140522003174 67400
1675893360075 0.12977455854415892 67440
1675893360810 0.12205789089202881 67480
1675893361499 0.11518962383270263 67520
1675893362251 0.10964559316635132 67560
1675893362986 0.11489458084106445 67600
1675893363666 0.09429898262023925 67640
1675893364377 0.09660492539405822 67680
1675893365104 0.11469309329986573 67720
1675893365778 0.09054327607154847 67760
1675893366528 0.11511740684509278 67800
1675893367304 0.14650119543075563 67840
1675893368033 0.11853302717208862 67880
1675893368759 0.09197501540184021 67920
1675893369514 0.12180602550506592 67960
1675893370213 0.11063729524612427 68000
1675893370902 0.1357090950012207 68040
1675893371569 0.08343505859375 68080
1675893372273 0.0939073383808136 68120
1675893373042 0.12281910181045533 68160
1675893373763 0.11759729385375976 68200
1675893374518 0.12434039115905762 68240
1675893375219 0.09023400545120239 68280
1675893376006 0.17723584175109863 68320
1675893376771 0.1516147017478943 68360
1675893377544 0.1005412220954895 68400
1675893378212 0.08850396275520325 68440
1675893378925 0.08908841013908386 68480
1675893379697 0.11093673706054688 68520
1675893380369 0.12263903617858887 68560
1675893381048 0.1109552264213562 68600
1675893381745 0.08733592629432678 68640
1675893382451 0.12318922281265259 68680
1675893383151 0.08655038475990295 68720
1675893383829 0.0764310359954834 68760
1675893384527 0.10024361610412598 68800
1675893385218 0.07252247333526611 68840
1675893385970 0.110225248336792 68880
1675893386670 0.11861519813537598 68920
1675893387348 0.08676033020019532 68960
1675893388061 0.10307016372680664 69000
1675893388779 0.10633779764175415 69040
1675893389521 0.11006268262863159 69080
1675893390203 0.13641738891601562 69120
1675893390906 0.08057433366775513 69160
1675893391576 0.10673866271972657 69200
1675893392314 0.11197397708892823 69240
1675893392966 0.10715647935867309 69280
1675893393682 0.10579209327697754 69320
1675893394408 0.13373141288757323 69360
1675893395098 0.09930175542831421 69400
1675893395812 0.09403365850448608 69440
1675893396561 0.1238010048866272 69480
1675893397246 0.09726643562316895 69520
1675893397913 0.11658573150634766 69560
1675893398606 0.09390236735343933 69600
1675893399312 0.10040608644485474 69640
1675893400004 0.11279094219207764 69680
1675893400738 0.11399039030075073 69720
1675893401421 0.11241499185562134 69760
1675893402147 0.09644266366958618 69800
1675893402826 0.09919400215148926 69840
1675893403556 0.15775574445724488 69880
1675893404275 0.09773557782173156 69920
1675893404971 0.106307852268219 69960
1675893405613 0.08679416179656982 70000
1675893406317 0.11060154438018799 70040
1675893407044 0.12402610778808594 70080
1675893407765 0.11558805704116822 70120
1675893408472 0.10904484987258911 70160
1675893409124 0.09738606214523315 70200
1675893409847 0.10864287614822388 70240
1675893410539 0.12396955490112305 70280
1675893412900 0.009765227138996125 70320
1675893413611 0.09407575726509095 70360
1675893414336 0.08678212761878967 70400
1675893415065 0.1006169319152832 70440
1675893415770 0.11248852014541626 70480
1675893416521 0.10817358493804932 70520
1675893417276 0.08918377161026 70560
1675893417976 0.15914149284362794 70600
1675893418688 0.09523631930351258 70640
1675893419430 0.1389299988746643 70680
1675893420186 0.09639073610305786 70720
1675893420923 0.24085826873779298 70760
1675893421545 0.11421816349029541 70800
1675893422268 0.10371953248977661 70840
1675893423025 0.11340063810348511 70880
1675893423683 0.11337281465530395 70920
1675893424413 0.11867749691009521 70960
1675893425118 0.1170438289642334 71000
1675893425835 0.12029181718826294 71040
1675893426541 0.1100919008255005 71080
1675893427267 0.13043662309646606 71120
1675893427962 0.1051187515258789 71160
1675893428655 0.11548478603363037 71200
1675893429370 0.23304998874664307 71240
1675893430086 0.15406978130340576 71280
1675893430798 0.15807638168334961 71320
1675893431496 0.11817033290863037 71360
1675893432208 0.15011675357818605 71400
1675893432909 0.1328800678253174 71440
1675893433788 0.18479499816894532 71480
1675893434537 0.11144638061523438 71520
1675893435221 0.10900423526763917 71560
1675893435926 0.10177806615829468 71600
1675893436692 0.13708773851394654 71640
1675893437373 0.0815933883190155 71680
1675893438107 0.09080256223678589 71720
1675893438870 0.11236336231231689 71760
1675893439617 0.16940572261810302 71800
1675893440333 0.13653573989868165 71840
1675893441081 0.09184285998344421 71880
1675893441778 0.1207728385925293 71920
1675893442473 0.11856070756912232 71960
1675893443126 0.10238791704177856 72000
1675893443816 0.1601614236831665 72040
1675893444521 0.10883735418319702 72080
1675893445219 0.1152989387512207 72120
1675893445963 0.12346502542495727 72160
1675893446843 0.18558101654052733 72200
1675893448015 0.11161527633666993 72240
1675893448945 0.11355911493301392 72280
1675893449754 0.15728840827941895 72320
1675893450509 0.1546040177345276 72360
1675893451273 0.16845040321350097 72400
1675893451968 0.10090669393539428 72440
1675893452689 0.13880900144577027 72480
1675893453438 0.12388370037078858 72520
1675893454221 0.1346879482269287 72560
1675893454954 0.13640342950820922 72600
1675893455619 0.14226267337799073 72640
1675893456402 0.14993093013763428 72680
1675893457113 0.1084713101387024 72720
1675893457810 0.13983908891677857 72760
1675893458545 0.11450719833374023 72800
1675893459292 0.10556668043136597 72840
1675893460042 0.12585575580596925 72880
1675893460811 0.13204337358474733 72920
1675893461560 0.10278941392898559 72960
1675893462283 0.09971482157707215 73000
1675893463034 0.0911839485168457 73040
1675893463833 0.12298227548599243 73080
1675893464930 0.14957813024520875 73120
1675893465813 0.08811113238334656 73160
1675893466622 0.12219494581222534 73200
1675893467408 0.11420128345489503 73240
1675893468207 0.11599974632263184 73280
1675893468943 0.09542105197906495 73320
1675893469762 0.14036614894866944 73360
1675893470560 0.1330632448196411 73400
1675893471323 0.13745874166488647 73440
1675893472010 0.1063726544380188 73480
1675893472833 0.15547685623168944 73520
1675893473590 0.10369071960449219 73560
1675893474331 0.12735116481781006 73600
1675893475030 0.10763083696365357 73640
1675893475782 0.14539111852645875 73680
1675893476593 0.11691641807556152 73720
1675893477420 0.12453235387802124 73760
1675893478184 0.1161047101020813 73800
1675893478887 0.1231425642967224 73840
1675893479851 0.1175616979598999 73880
1675893480767 0.10152016878128052 73920
1675893481470 0.13997013568878175 73960
1675893482394 0.09677167534828186 74000
1675893483163 0.09449474215507507 74040
1675893483913 0.1194004774093628 74080
1675893484631 0.09888564944267272 74120
1675893485443 0.12199077606201172 74160
1675893486269 0.11368521451950073 74200
1675893487225 0.09940783381462097 74240
1675893488012 0.1500173568725586 74280
1675893488726 0.09527719616889954 74320
1675893489481 0.09847482442855834 74360
1675893490223 0.10000114440917969 74400
1675893490919 0.12429871559143066 74440
1675893491643 0.13288089036941528 74480
1675893492324 0.10271720886230469 74520
1675893493024 0.11316088438034058 74560
1675893493732 0.12594053745269776 74600
1675893494506 0.08930476307868958 74640
1675893495301 0.11091951131820679 74680
1675893496131 0.12170605659484864 74720
1675893496933 0.11214295625686646 74760
1675893497668 0.09606096148490906 74800
1675893498473 0.09419126510620117 74840
1675893499215 0.13048779964447021 74880
1675893499974 0.23740954399108888 74920
1675893500789 0.14263224601745605 74960
1675893501585 0.11187679767608642 75000
1675893502380 0.15294604301452636 75040
1675893503295 0.10927860736846924 75080
1675893504127 0.17009695768356323 75120
1675893504841 0.11417160034179688 75160
1675893505632 0.09975620508193969 75200
1675893506464 0.0987740397453308 75240
1675893507158 0.08058275580406189 75280
1675893507898 0.10069669485092163 75320
1675893508764 0.09212005734443665 75360
1675893509681 0.09815924763679504 75400
1675893510593 0.11036167144775391 75440
1675893511478 0.16721844673156738 75480
1675893512274 0.06151703596115112 75520
1675893513225 0.1309687852859497 75560
1675893514068 0.09949643015861512 75600
1675893514785 0.1218113899230957 75640
1675893515456 0.108939528465271 75680
1675893516201 0.09987834095954895 75720
1675893516876 0.08573737144470214 75760
1675893517528 0.11957199573516845 75800
1675893518272 0.11688127517700195 75840
1675893519006 0.11570978164672852 75880
1675893519776 0.13271127939224242 75920
1675893520546 0.0625960350036621 75960
1675893521288 0.08927393555641175 76000
1675893522208 0.1335044503211975 76040
1675893523045 0.09700239896774292 76080
1675893523752 0.08427830934524536 76120
1675893524439 0.13112157583236694 76160
1675893525123 0.09639437794685364 76200
1675893525823 0.10860978364944458 76240
1675893526593 0.1497870683670044 76280
1675893527329 0.13138313293457032 76320
1675893528020 0.10147039890289307 76360
1675893528884 0.08885717391967773 76400
1675893529613 0.06730356812477112 76440
1675893530347 0.09284610152244568 76480
1675893531027 0.10529760122299195 76520
1675893531833 0.10120470523834228 76560
1675893532507 0.09177306890487671 76600
1675893533231 0.1347048282623291 76640
1675893533975 0.09280149340629577 76680
1675893534712 0.23646922111511232 76720
1675893535425 0.0991475224494934 76760
1675893536194 0.10274597406387329 76800
1675893536903 0.12547285556793214 76840
1675893537568 0.11924307346343994 76880
1675893538298 0.1270097017288208 76920
1675893538984 0.07738818526268006 76960
1675893539676 0.1077053427696228 77000
1675893540468 0.12436182498931884 77040
1675893541186 0.09929428100585938 77080
1675893541873 0.1009713888168335 77120
1675893542554 0.10304993391036987 77160
1675893543284 0.08776862621307373 77200
1675893544012 0.07437341213226319 77240
1675893544741 0.08487414717674255 77280
1675893545502 0.11891863346099854 77320
1675893546229 0.09713005423545837 77360
1675893546951 0.10934423208236695 77400
1675893547680 0.05831460356712341 77440
1675893548369 0.10317414999008179 77480
1675893549136 0.10949937105178834 77520
1675893549841 0.09834833145141601 77560
1675893550574 0.0894142210483551 77600
1675893551294 0.10983860492706299 77640
1675893551965 0.09002056121826171 77680
1675893552661 0.08357999324798585 77720
1675893553380 0.10747919082641602 77760
1675893554063 0.07806957364082337 77800
1675893554819 0.08456611633300781 77840
1675893555589 0.1168676495552063 77880
1675893556332 0.11457772254943847 77920
1675893557077 0.07307680249214173 77960
1675893557802 0.12934685945510865 78000
1675893558517 0.10092794895172119 78040
1675893559227 0.11173219680786133 78080
1675893559919 0.07240025997161866 78120
1675893560638 0.08035261034965516 78160
1675893561407 0.11932040452957153 78200
1675893562124 0.07808088660240173 78240
1675893562844 0.11199672222137451 78280
1675893563531 0.08591710925102233 78320
1675893564294 0.13334622383117675 78360
1675893565079 0.1457356333732605 78400
1675893565856 0.0876559555530548 78440
1675893566529 0.09309810996055604 78480
1675893567246 0.07304431200027466 78520
1675893567974 0.09868658781051635 78560
1675893568684 0.1178281545639038 78600
1675893569408 0.09448449611663819 78640
1675893570100 0.08516165614128113 78680
1675893570769 0.0992719829082489 78720
1675893571448 0.08410789370536804 78760
1675893572141 0.08336443901062011 78800
1675893572814 0.09837203025817871 78840
1675893573546 0.07583717703819275 78880
1675893574335 0.11012860536575317 78920
1675893575013 0.09883762001991273 78960
1675893575708 0.5109439849853515 79000
1675893576421 0.0755451500415802 79040
1675893577163 0.10604597330093384 79080
1675893577887 0.1042376160621643 79120
1675893578597 0.12917262315750122 79160
1675893579334 0.09474176764488221 79200
1675893580058 0.08640657067298889 79240
1675893580780 0.0768244981765747 79280
1675893581484 0.1096218466758728 79320
1675893582208 0.10741497278213501 79360
1675893582924 0.11173627376556397 79400
1675893583645 0.10757598876953126 79440
1675893584400 0.10774499177932739 79480
1675893585176 0.10332814455032349 79520
1675893585873 0.09638845920562744 79560
1675893586522 0.0740152895450592 79600
1675893587211 0.11468442678451538 79640
1675893587955 0.09410451650619507 79680
1675893588701 0.09598391056060791 79720
1675893589448 0.10769028663635254 79760
1675893590231 0.10350719690322877 79800
1675893590965 0.10032838582992554 79840
1675893591649 0.09934017062187195 79880
1675893592381 0.12128696441650391 79920
1675893593071 0.09003594517707825 79960
1675893593763 0.07890760898590088 80000
1675893594481 0.09524561762809754 80040
1675893595161 0.12504497766494752 80080
1675893595876 0.12642778158187867 80120
1675893596600 0.10994595289230347 80160
1675893597276 0.06715002059936523 80200
1675893597946 0.10963227748870849 80240
1675893598669 0.09025817513465881 80280
1675893599364 0.12298742532730103 80320
1675893601662 0.005460343509912491 80360
1675893602331 0.0897390067577362 80400
1675893603042 0.08652046322822571 80440
1675893603742 0.08239166736602783 80480
1675893604499 0.10545905828475952 80520
1675893605188 0.09957385063171387 80560
1675893605937 0.09315778017044067 80600
1675893606604 0.13289376497268676 80640
1675893607321 0.11296169757843018 80680
1675893608100 0.11936001777648926 80720
1675893609018 0.08273307681083679 80760
1675893609939 0.10023034811019897 80800
1675893610689 0.07991276383399963 80840
1675893611418 0.09218005537986755 80880
1675893612192 0.10152084827423095 80920
1675893612895 0.10876646041870117 80960
1675893613621 0.11084368228912353 81000
1675893614377 0.12121769189834594 81040
1675893615099 0.11690831184387207 81080
1675893615849 0.17851954698562622 81120
1675893616642 0.11131865978240967 81160
1675893617379 0.1048253059387207 81200
1675893618112 0.09604132175445557 81240
1675893618847 0.12930296659469603 81280
1675893619613 0.1230604887008667 81320
1675893620365 0.10250017642974854 81360
1675893621066 0.08901391625404358 81400
1675893621799 0.0983763039112091 81440
1675893622535 0.10206910371780395 81480
1675893623405 0.1345006227493286 81520
1675893624163 0.09549199342727661 81560
1675893624905 0.09843570590019227 81600
1675893625619 0.08921360373497009 81640
1675893626444 0.11722753047943116 81680
1675893627134 0.06490790247917175 81720
1675893627845 0.06222642660140991 81760
1675893628631 0.10107321739196777 81800
1675893629366 0.0921635627746582 81840
1675893630116 0.12456920146942138 81880
1675893914961 0.1277981400489807 81920
1675893915639 0.10500080585479736 81960
1675893916360 0.12054218053817749 82000
1675893917116 0.09120639562606811 82040
1675893917824 0.13763233423233032 82080
1675893918524 0.09891375303268432 82120
1675893919220 0.11058541536331176 82160
1675893919935 0.11349067687988282 82200
1675893920652 0.13614907264709472 82240
1675893921367 0.10410394668579101 82280
1675893922026 0.11070336103439331 82320
1675893922742 0.09017472267150879 82360
1675893923519 0.1259491801261902 82400
1675893924259 0.1457897424697876 82440
1675893925005 0.11729158163070678 82480
1675893925699 0.111354660987854 82520
1675893926436 0.11007972955703735 82560
1675893927200 0.11832952499389648 82600
1675893927938 0.11668280363082886 82640
1675893928621 0.09445075988769532 82680
1675893929409 0.125893497467041 82720
1675893930158 0.10829626321792603 82760
1675893930921 0.1242247223854065 82800
1675893931728 0.12297623157501221 82840
1675893932461 0.08640430569648742 82880
1675893933227 0.11026619672775269 82920
1675893934014 0.09633586406707764 82960
1675893934757 0.09178632497787476 83000
1675893935507 0.08739330768585205 83040
1675893936247 0.07600388526916504 83080
1675893937037 0.10764518976211548 83120
1675893938002 0.1491129755973816 83160
1675893938692 0.08872047066688538 83200
1675893939418 0.10183200836181641 83240
1675893940165 0.09378371834754944 83280
1675893940887 0.11015152931213379 83320
1675893941593 0.08813456892967224 83360
1675893942331 0.1107177734375 83400
1675893943145 0.10730783939361573 83440
1675893943877 0.1348651170730591 83480
1675893944595 0.08783623576164246 83520
1675893945292 0.07731311321258545 83560
1675893946169 0.09957627058029175 83600
1675893946925 0.110008704662323 83640
1675893947667 0.07652633786201476 83680
1675893948390 0.12596635818481444 83720
1675893949104 0.11036633253097534 83760
1675893949826 0.09839344620704651 83800
1675893950569 0.10971717834472657 83840
1675893951225 0.14640296697616578 83880
1675893951932 0.09430371522903443 83920
1675893952651 0.09444289803504943 83960
1675893953380 0.12804265022277833 84000
1675893954084 0.08914014101028442 84040
1675893954881 0.089496648311615 84080
1675893955621 0.1340934991836548 84120
1675893956289 0.10098503828048706 84160
1675893956994 0.10259394645690918 84200
1675893957695 0.1013229250907898 84240
1675893958362 0.09536297917366028 84280
1675893959055 0.15682125091552734 84320
1675893959765 0.10174734592437744 84360
1675893960470 0.09092997908592224 84400
1675893961207 0.10230547189712524 84440
1675893961942 0.13019096851348877 84480
1675893962699 0.11637499332427978 84520
1675893963382 0.08535650372505188 84560
1675893964079 0.10727989673614502 84600
1675893964840 0.11025776863098144 84640
1675893965542 0.08828945159912109 84680
1675893966297 0.08550084829330444 84720
1675893967017 0.12414613962173462 84760
1675893967767 0.10886778831481933 84800
1675893968520 0.09626367688179016 84840
1675893969276 0.09232136607170105 84880
1675893969923 0.10731602907180786 84920
1675893970621 0.13823131322860718 84960
1675893971330 0.16546149253845216 85000
1675893972113 0.11490815877914429 85040
1675893972858 0.14619028568267822 85080
1675893973587 0.11359282732009887 85120
1675893974341 0.1130611777305603 85160
1675893975055 0.11564732789993286 85200
1675893975756 0.08106107115745545 85240
1675893976578 0.09658142328262329 85280
1675893977237 0.09657046794891358 85320
1675893977950 0.08533308506011963 85360
1675893978670 0.10861018896102906 85400
1675893979436 0.09833542704582214 85440
1675893980099 0.10819841623306274 85480
1675893980854 0.12584978342056274 85520
1675893981493 0.059423744678497314 85560
1675893982291 0.1175459384918213 85600
1675893983023 0.1065710186958313 85640
1675893983755 0.1001703381538391 85680
1675893984471 0.10799428224563598 85720
1675893985224 0.10053253173828125 85760
1675893985899 0.07384799122810363 85800
1675893986570 0.10234987735748291 85840
1675893987529 0.10632966756820679 85880
1675893988273 0.09910040497779846 85920
1675893989116 0.13142216205596924 85960
1675893989796 0.08069524765014649 86000
1675893990551 0.09274792075157165 86040
1675893991375 0.12352352142333985 86080
1675893992191 0.10084406137466431 86120
1675893992921 0.08985381722450256 86160
1675893993640 0.11385923624038696 86200
1675893994335 0.09732314348220825 86240
1675893995000 0.10762521028518676 86280
1675893995814 0.1474645495414734 86320
1675893996565 0.11638392210006714 86360
1675893997251 0.11146531105041504 86400
1675893997954 0.09010321497917176 86440
1675893998638 0.07317163944244384 86480
1675893999382 0.09740424156188965 86520
1675894000045 0.08749870657920837 86560
1675894000814 0.0894123673439026 86600
1675894001522 0.08523405790328979 86640
1675894002228 0.11521919965744018 86680
1675894002949 0.10807934999465943 86720
1675894003645 0.1087996244430542 86760
1675894004363 0.08936818838119506 86800
1675894005087 0.1077202558517456 86840
1675894005863 0.09643236994743347 86880
1675894006651 0.15529533624649047 86920
1675894007401 0.10714362859725952 86960
1675894008107 0.0915566086769104 87000
1675894008816 0.10609346628189087 87040
1675894009595 0.1256675362586975 87080
1675894010305 0.10723934173583985 87120
1675894010976 0.09690682888031006 87160
1675894011930 0.0981093168258667 87200
1675894012948 0.10702139139175415 87240
1675894013837 0.10651344060897827 87280
1675894014703 0.08477212190628051 87320
1675894015482 0.10912649631500244 87360
1675894016177 0.09785031676292419 87400
1675894016929 0.10870494842529296 87440
1675894017659 0.06913256645202637 87480
1675894018373 0.10078458786010742 87520
1675894019133 0.1310888409614563 87560
1675894019818 0.0826496958732605 87600
1675894020577 0.1082660436630249 87640
1675894021292 0.11060740947723388 87680
1675894021954 0.08663168549537659 87720
1675894022653 0.09444340467453002 87760
1675894023407 0.11530113220214844 87800
1675894024099 0.07099248170852661 87840
1675894024883 0.0873989462852478 87880
1675894025791 0.13920539617538452 87920
1675894026667 0.09930065274238586 87960
1675894027452 0.09639832377433777 88000
1675894028181 0.10383559465408325 88040
1675894028939 0.11631062030792236 88080
1675894029593 0.12942800521850586 88120
1675894030360 0.08062658905982971 88160
1675894031103 0.07499332427978515 88200
1675894031879 0.12525291442871095 88240
1675894032602 0.0836031198501587 88280
1675894033356 0.1280814528465271 88320
1675894034023 0.072231525182724 88360
1675894034810 0.16214234828948976 88400
1675894035599 0.12631250619888307 88440
1675894036363 0.07610871791839599 88480
1675894037124 0.11842129230499268 88520
1675894037817 0.05914793610572815 88560
1675894038562 0.09049453735351562 88600
1675894039273 0.11817647218704223 88640
1675894039973 0.1210693359375 88680
1675894040683 0.08721464276313781 88720
1675894041417 0.09917452335357665 88760
1675894042151 0.07233928442001343 88800
1675894042869 0.08042347431182861 88840
1675894043572 0.08526823520660401 88880
1675894044318 0.07720704674720764 88920
1675894045076 0.1205532431602478 88960
1675894045742 0.10576756000518799 89000
1675894046481 0.08877694606781006 89040
1675894047251 0.0816114902496338 89080
1675894048007 0.09837674498558044 89120
1675894048758 0.09044225811958313 89160
1675894049471 0.12166451215744019 89200
1675894050190 0.09280028939247131 89240
1675894050868 0.08098280429840088 89280
1675894051601 0.07961440682411194 89320
1675894052299 0.10417977571487427 89360
1675894053000 0.13468161821365357 89400
1675894053717 0.11765363216400146 89440
1675894054442 0.09315604567527772 89480
1675894055193 0.11975555419921875 89520
1675894055943 0.09584566950798035 89560
1675894056644 0.13774991035461426 89600
1675894057303 0.06319436430931091 89640
1675894057983 0.10110012292861939 89680
1675894058686 0.07828202247619628 89720
1675894059433 0.09104033708572387 89760
1675894060132 0.11832447052001953 89800
1675894060818 0.09014700651168824 89840
1675894061535 0.10520142316818237 89880
1675894062255 0.10612484216690063 89920
1675894062970 0.12186734676361084 89960
1675894063697 0.10857312679290772 90000
1675894064397 0.06619328856468201 90040
1675894065074 0.09971727132797241 90080
1675894065754 0.0648465871810913 90120
1675894066474 0.12844620943069457 90160
1675894067232 0.14260878562927246 90200
1675894067912 0.08464787006378174 90240
1675894068581 0.10349510908126831 90280
1675894069696 0.11736078262329101 90320
1675894070566 0.14476858377456664 90360
1675894071385 0.098189777135849 90400
