1675962281980 0.016967806220054626 0
1675962282351 0.666859769821167 40
1675962282647 0.6434061050415039 80
1675962282957 0.6082142353057861 120
1675962283259 0.638219165802002 160
1675962283538 0.5934626579284668 200
1675962283824 0.5843472957611084 240
1675962284115 0.614585018157959 280
1675962284420 0.6053752422332763 320
1675962284707 0.6002838611602783 360
1675962285076 0.6004231452941895 400
1675962285368 0.5843969821929932 440
1675962285654 0.6256105422973632 480
1675962285959 0.5976451396942138 520
1675962286264 0.5771984577178955 560
1675962286612 0.6056558132171631 600
1675962286932 0.5974699497222901 640
1675962287308 0.5829342842102051 680
1675962287645 0.5950989723205566 720
1675962287971 0.6085200309753418 760
1675962288320 0.5989863395690918 800
1675962288611 0.6033436298370362 840
1675962288887 0.6125744819641114 880
1675962289195 0.6014100551605225 920
1675962289483 0.5993306159973144 960
1675962289788 0.6027363777160645 1000
1675962290062 0.6088540554046631 1040
1675962290357 0.6019763469696044 1080
1675962290662 0.5980631828308105 1120
1675962290959 0.5679254055023193 1160
1675962291321 0.5977027416229248 1200
1675962291602 0.61354079246521 1240
1675962291935 0.6128375053405761 1280
1675962292254 0.5792319297790527 1320
1675962292664 0.6062136650085449 1360
1675962293048 0.5951298713684082 1400
1675962293540 0.6086239814758301 1440
1675962293833 0.6033862113952637 1480
1675962294113 0.6003236770629883 1520
1675962294369 0.5828652858734131 1560
1675962294630 0.6089955329895019 1600
1675962294901 0.6128846168518066 1640
1675962295150 0.6176780700683594 1680
1675962295443 0.60802321434021 1720
1675962295724 0.606508445739746 1760
1675962296012 0.6112598419189453 1800
1675962296299 0.5982448101043701 1840
1675962296588 0.6134649276733398 1880
1675962296881 0.6045763492584229 1920
1675962297167 0.6183862686157227 1960
1675962297476 0.6075977325439453 2000
1675962297807 0.5822425842285156 2040
1675962298132 0.6074517726898193 2080
1675962298476 0.5955440998077393 2120
1675962298837 0.6038729667663574 2160
1675962299148 0.6052230834960938 2200
1675962299449 0.5758037567138672 2240
1675962299737 0.6011212348937989 2280
1675962300003 0.6190495491027832 2320
1675962300282 0.5881613254547119 2360
1675962300567 0.5943691253662109 2400
1675962300852 0.606627368927002 2440
1675962301150 0.5752621173858643 2480
1675962301475 0.6143280982971191 2520
1675962301737 0.591338062286377 2560
1675962302063 0.582769775390625 2600
1675962302354 0.589825439453125 2640
1675962302647 0.5980281829833984 2680
1675962302931 0.5991017818450928 2720
1675962303244 0.586159610748291 2760
1675962303550 0.5865395069122314 2800
1675962303869 0.6166139602661133 2840
1675962304161 0.5957774639129638 2880
1675962304446 0.597702932357788 2920
1675962304718 0.5898161411285401 2960
1675962305002 0.6016939640045166 3000
1675962305296 0.5904523849487304 3040
1675962305648 0.5741484642028809 3080
1675962305931 0.5827292919158935 3120
1675962306203 0.6012840747833252 3160
1675962306483 0.601723051071167 3200
1675962306782 0.5966499805450439 3240
1675962307087 0.5868597030639648 3280
1675962307372 0.5916677951812744 3320
1675962307839 0.5904067039489747 3360
1675962308145 0.5996933460235596 3400
1675962308738 0.5812543869018555 3440
1675962309081 0.5884225368499756 3480
1675962309376 0.5991776466369629 3520
1675962309697 0.591196870803833 3560
1675962309978 0.5881664276123046 3600
1675962310258 0.5936275005340577 3640
1675962310540 0.5975045204162598 3680
1675962310829 0.5748512744903564 3720
1675962311149 0.581092119216919 3760
1675962311428 0.6046776294708252 3800
1675962311711 0.5985994815826416 3840
1675962311989 0.5844188213348389 3880
1675962312255 0.6099162578582764 3920
1675962312544 0.6076582908630371 3960
1675962312862 0.5952495098114013 4000
1675962313122 0.5924982547760009 4040
1675962313397 0.6028902053833007 4080
1675962313678 0.5812653541564942 4120
1675962313952 0.5687892436981201 4160
1675962314308 0.6069965839385987 4200
1675962314613 0.6017016410827637 4240
1675962314919 0.5770366191864014 4280
1675962315232 0.5988492965698242 4320
1675962315532 0.5814658641815186 4360
1675962315875 0.5863081455230713 4400
1675962316204 0.5823618412017822 4440
1675962316502 0.5859986782073975 4480
1675962316886 0.5792911052703857 4520
1675962317211 0.6202502250671387 4560
1675962317498 0.583340835571289 4600
1675962317767 0.5960688591003418 4640
1675962318081 0.5655309677124023 4680
1675962318455 0.5817145824432373 4720
1675962318774 0.5760451316833496 4760
1675962319077 0.5794688701629639 4800
1675962319364 0.6040518283843994 4840
1675962319640 0.5864876270294189 4880
1675962319918 0.5912002086639404 4920
1675962320214 0.6077396392822265 4960
1675962320490 0.5789383888244629 5000
1675962320791 0.5841557025909424 5040
1675962321109 0.5956865310668945 5080
1675962321441 0.5954219341278076 5120
1675962321744 0.5662623882293701 5160
1675962322105 0.6146663188934326 5200
1675962322541 0.5413552761077881 5240
1675962322850 0.5613202095031739 5280
1675962323211 0.5339043617248536 5320
1675962323449 0.4594477653503418 5360
1675962323891 0.4594449520111084 5400
1675962324209 0.41868743896484373 5440
1675962324484 0.4310366153717041 5480
1675962324771 0.3831349849700928 5520
1675962325063 0.42002015113830565 5560
1675962325368 0.4022682189941406 5600
1675962325660 0.3506843328475952 5640
1675962325949 0.33326799869537355 5680
1675962326315 0.3878967046737671 5720
1675962326599 0.3286482810974121 5760
1675962326875 0.33416702747344973 5800
1675962327167 0.4233389854431152 5840
1675962327479 0.3657853126525879 5880
1675962327747 0.40852179527282717 5920
1675962328031 0.4289656162261963 5960
1675962328452 0.3828961610794067 6000
1675962328748 0.3764867544174194 6040
1675962329043 0.33162846565246584 6080
1675962329357 0.3055359601974487 6120
1675962329634 0.3707068204879761 6160
1675962329883 0.3789114236831665 6200
1675962330230 0.3045077085494995 6240
1675962330528 0.30775187015533445 6280
1675962330821 0.40103516578674314 6320
1675962331156 0.3587196350097656 6360
1675962331492 0.392685866355896 6400
1675962331808 0.3490253448486328 6440
1675962332124 0.32673215866088867 6480
1675962332432 0.3404709815979004 6520
1675962332746 0.3815964698791504 6560
1675962333031 0.39914166927337646 6600
1675962333306 0.28250558376312257 6640
1675962333637 0.3593276500701904 6680
1675962333930 0.36013097763061525 6720
1675962334207 0.36406307220458983 6760
1675962334553 0.3497907638549805 6800
1675962334854 0.3148390054702759 6840
1675962335148 0.3127512216567993 6880
1675962335465 0.3342580318450928 6920
1675962335750 0.2939153671264648 6960
1675962336091 0.3115695953369141 7000
1675962336418 0.310044264793396 7040
1675962336689 0.3332065105438232 7080
1675962336922 0.2676907777786255 7120
1675962337161 0.33594865798950196 7160
1675962337402 0.33112659454345705 7200
1675962337641 0.2867422342300415 7240
1675962338281 0.34126365184783936 7280
1675962338669 0.27935099601745605 7320
1675962339130 0.275213360786438 7360
1675962339407 0.2759067535400391 7400
1675962339681 0.39674713611602785 7440
1675962339952 0.30691592693328856 7480
1675962340239 0.30692670345306394 7520
1675962340538 0.37791368961334226 7560
1675962340805 0.3198786020278931 7600
1675962341100 0.36610510349273684 7640
1675962341389 0.32033748626708985 7680
1675962341688 0.33785769939422605 7720
1675962341998 0.3000223398208618 7760
1675962342277 0.3029166221618652 7800
1675962342661 0.24425947666168213 7840
1675962342987 0.3243108749389648 7880
1675962343269 0.3046776533126831 7920
1675962343566 0.31758229732513427 7960
1675962343869 0.27272882461547854 8000
1675962344201 0.3451932430267334 8040
1675962344516 0.32247955799102784 8080
1675962344830 0.30190401077270507 8120
1675962345126 0.3173794746398926 8160
1675962345410 0.21447148323059081 8200
1675962345750 0.24958357810974122 8240
1675962346057 0.3048661947250366 8280
1675962346476 0.2932908296585083 8320
1675962346786 0.31448729038238527 8360
1675962347124 0.3616033554077148 8400
1675962347434 0.28971636295318604 8440
1675962347804 0.2622885465621948 8480
1675962348213 0.27286572456359864 8520
1675962348565 0.3136618137359619 8560
1675962348959 0.28524165153503417 8600
1675962349274 0.3095344066619873 8640
1675962349718 0.31963751316070554 8680
1675962350029 0.24064204692840577 8720
1675962350322 0.2771871089935303 8760
1675962350611 0.23786866664886475 8800
1675962350930 0.3593017578125 8840
1675962351286 0.31553010940551757 8880
1675962351622 0.252168607711792 8920
1675962351914 0.26487772464752196 8960
1675962352323 0.29562721252441404 9000
1675962352888 0.3393609046936035 9040
1675962353623 0.3000826120376587 9080
1675962354029 0.2697429895401001 9120
1675962354374 0.3117368698120117 9160
1675962354705 0.27301435470581054 9200
1675962355007 0.34361252784729 9240
1675962355288 0.2186457633972168 9280
1675962355583 0.3181115388870239 9320
1675962355935 0.245292329788208 9360
1675962356290 0.2544109582901001 9400
1675962356643 0.2988778829574585 9440
1675962356970 0.258798623085022 9480
1675962357273 0.31119072437286377 9520
1675962357544 0.28986661434173583 9560
1675962357832 0.2821565389633179 9600
1675962358153 0.3228644847869873 9640
1675962358524 0.22794945240020753 9680
1675962358814 0.33502795696258547 9720
1675962359100 0.27971487045288085 9760
1675962359395 0.29961447715759276 9800
1675962359694 0.31134853363037107 9840
1675962359990 0.24606242179870605 9880
1675962360291 0.30008697509765625 9920
1675962360628 0.25871427059173585 9960
1675962360923 0.3552790403366089 10000
1675962361213 0.2680341720581055 10040
1675962362925 0.23391475677490234 10080
1675962363229 0.2785231351852417 10120
1675962363516 0.2847435712814331 10160
1675962363831 0.2738647937774658 10200
1675962364124 0.2743063926696777 10240
1675962364418 0.3074731111526489 10280
1675962364698 0.303244423866272 10320
1675962365089 0.292568564414978 10360
1675962365466 0.32644128799438477 10400
1675962365792 0.28038573265075684 10440
1675962366161 0.2943717002868652 10480
1675962366461 0.26778569221496584 10520
1675962366912 0.25926713943481444 10560
1675962367215 0.268087100982666 10600
1675962367492 0.2697012424468994 10640
1675962368139 0.28122692108154296 10680
1675962368499 0.32772719860076904 10720
1675962369165 0.3090905427932739 10760
1675962369477 0.24905667304992676 10800
1675962369795 0.29286870956420896 10840
1675962370072 0.26662507057189944 10880
1675962370396 0.22284629344940185 10920
1675962370677 0.31225013732910156 10960
1675962370965 0.32678630352020266 11000
1675962371253 0.24308857917785645 11040
1675962371554 0.30961129665374754 11080
1675962371866 0.2856603145599365 11120
1675962372173 0.27920496463775635 11160
1675962372449 0.3128560781478882 11200
1675962372724 0.3001774787902832 11240
1675962372996 0.2771451473236084 11280
1675962373274 0.3000983715057373 11320
1675962373580 0.30169126987457273 11360
1675962373843 0.21142139434814453 11400
1675962374294 0.20729053020477295 11440
1675962374556 0.22564361095428467 11480
1675962374838 0.29556775093078613 11520
1675962375121 0.2868841886520386 11560
1675962375512 0.23114652633666993 11600
1675962375848 0.26454925537109375 11640
1675962376150 0.30010361671447755 11680
1675962376442 0.3109186887741089 11720
1675962376779 0.30532188415527345 11760
1675962377077 0.24764719009399414 11800
1675962377348 0.2756492137908936 11840
1675962377652 0.26220383644104006 11880
1675962377938 0.2824551105499268 11920
1675962378233 0.2354569435119629 11960
1675962378505 0.2447521448135376 12000
1675962378779 0.2102128505706787 12040
1675962379059 0.2804583549499512 12080
1675962379318 0.32290194034576414 12120
1675962379620 0.2391430616378784 12160
1675962379905 0.2523248910903931 12200
1675962380186 0.23988022804260253 12240
1675962380463 0.27303171157836914 12280
1675962380752 0.2859880685806274 12320
1675962381040 0.2712532043457031 12360
1675962381304 0.23819262981414796 12400
1675962381624 0.2403796672821045 12440
1675962381886 0.23925611972808838 12480
1675962382204 0.2734509468078613 12520
1675962382517 0.20560202598571778 12560
1675962383057 0.27309165000915525 12600
1675962383479 0.22237648963928222 12640
1675962384121 0.2268512010574341 12680
1675962384406 0.2494663715362549 12720
1675962384670 0.17360504865646362 12760
1675962384937 0.24412851333618163 12800
1675962385212 0.28286936283111574 12840
1675962385480 0.2530845642089844 12880
1675962385777 0.22909767627716066 12920
1675962386104 0.24379138946533202 12960
1675962386376 0.24619243144989014 13000
1675962386644 0.22816555500030516 13040
1675962386922 0.2222874641418457 13080
1675962387236 0.26213014125823975 13120
1675962387541 0.27476747035980226 13160
1675962387801 0.19282166957855223 13200
1675962388088 0.19322386980056763 13240
1675962388425 0.18492568731307985 13280
1675962388750 0.22688677310943603 13320
1675962389038 0.2123790502548218 13360
1675962389338 0.2542616605758667 13400
1675962389642 0.24904544353485109 13440
1675962389986 0.22455244064331054 13480
1675962390363 0.23067247867584229 13520
1675962390668 0.22003719806671143 13560
1675962390983 0.21650941371917726 13600
1675962391259 0.1594627857208252 13640
1675962391563 0.23112380504608154 13680
1675962391875 0.19067662954330444 13720
1675962392182 0.17270007133483886 13760
1675962392486 0.23147830963134766 13800
1675962392772 0.17221966981887818 13840
1675962393082 0.24112441539764404 13880
1675962393405 0.18391339778900145 13920
1675962393708 0.1987142324447632 13960
1675962394035 0.26299161911010743 14000
1675962394333 0.232399320602417 14040
1675962394625 0.2224975347518921 14080
1675962394996 0.2094630241394043 14120
1675962395353 0.23662254810333253 14160
1675962395710 0.23303213119506835 14200
1675962396122 0.19565004110336304 14240
1675962396394 0.20832576751708984 14280
1675962396689 0.2577627897262573 14320
1675962396978 0.1794174313545227 14360
1675962397301 0.19975539445877075 14400
1675962397632 0.1911721110343933 14440
1675962398053 0.2569148540496826 14480
1675962398983 0.16816244125366211 14520
1675962399316 0.1944934606552124 14560
1675962399618 0.1905171513557434 14600
1675962400496 0.29653220176696776 14640
1675962401022 0.2259645938873291 14680
1675962401719 0.18156077861785888 14720
1675962402220 0.23771679401397705 14760
1675962402697 0.21936659812927245 14800
1675962402973 0.23623237609863282 14840
1675962403446 0.1914098858833313 14880
1675962404071 0.14890137910842896 14920
1675962404481 0.18808354139328004 14960
1675962404782 0.1583256483078003 15000
1675962405081 0.18070975542068482 15040
1675962405390 0.1849448561668396 15080
1675962405729 0.205885648727417 15120
1675962406127 0.19967762231826783 15160
1675962406540 0.2641381978988647 15200
1675962406938 0.1654110074043274 15240
1675962407236 0.18893153667449952 15280
1675962407529 0.18529784679412842 15320
1675962407813 0.24693410396575927 15360
1675962408090 0.17932008504867553 15400
1675962408482 0.1845218062400818 15440
1675962408814 0.1558972954750061 15480
1675962409145 0.17150380611419677 15520
1675962409448 0.20249462127685547 15560
1675962409715 0.22275993824005128 15600
1675962410046 0.20174727439880372 15640
1675962410407 0.16584880352020265 15680
1675962410803 0.17164567708969117 15720
1675962411191 0.1870717763900757 15760
1675962411512 0.18719851970672607 15800
1675962411824 0.14393283128738404 15840
1675962412135 0.22438724040985109 15880
1675962412521 0.1601932168006897 15920
1675962412955 0.2171170949935913 15960
1675962413453 0.2561000108718872 16000
1675962413974 0.1948513865470886 16040
1675962414532 0.17982031106948854 16080
1675962414880 0.1561254858970642 16120
1675962415277 0.12144699096679687 16160
1675962415647 0.1830325961112976 16200
1675962415984 0.15404356718063356 16240
1675962416356 0.15647692680358888 16280
1675962416697 0.18279207944869996 16320
1675962416996 0.17984312772750854 16360
1675962417312 0.17363600730895995 16400
1675962417643 0.23547558784484862 16440
1675962417918 0.1610836148262024 16480
1675962418333 0.1697501301765442 16520
1675962418712 0.17552130222320556 16560
1675962419005 0.21880648136138917 16600
1675962419344 0.17381247282028198 16640
1675962419665 0.16576547622680665 16680
1675962420053 0.14177536964416504 16720
1675962420373 0.19428797960281372 16760
1675962420772 0.1930965542793274 16800
1675962421119 0.15165314674377442 16840
1675962421373 0.17785202264785765 16880
1675962421734 0.20253968238830566 16920
1675962422061 0.13966474533081055 16960
1675962422931 0.18420501947402954 17000
1675962423382 0.1735950231552124 17040
1675962423771 0.16662367582321166 17080
1675962424427 0.1814296007156372 17120
1675962424826 0.1479417324066162 17160
1675962425124 0.20283734798431396 17200
1675962425512 0.1981743812561035 17240
1675962425808 0.13065681457519532 17280
1675962426181 0.16969563961029052 17320
1675962426532 0.17816586494445802 17360
1675962426824 0.15211203098297119 17400
1675962427233 0.12612732648849487 17440
1675962427569 0.19009866714477539 17480
1675962427977 0.12138499021530151 17520
1675962428610 0.13264458179473876 17560
1675962429294 0.2268730878829956 17600
1675962429603 0.18333497047424316 17640
1675962429970 0.16578390598297119 17680
1675962430298 0.1661049246788025 17720
1675962430599 0.19639012813568116 17760
1675962430909 0.15376535654067994 17800
1675962431352 0.15726957321166993 17840
1675962431750 0.1283725380897522 17880
1675962432097 0.18498040437698365 17920
1675962432572 0.17550458908081054 17960
1675962433049 0.17346725463867188 18000
1675962433428 0.14178931713104248 18040
1675962433878 0.21120109558105468 18080
1675962434232 0.20327882766723632 18120
1675962434525 0.14977092742919923 18160
1675962434962 0.17022411823272704 18200
1675962435231 0.1238848090171814 18240
1675962435588 0.1419573187828064 18280
1675962435985 0.16704181432724 18320
1675962436381 0.21265485286712646 18360
1675962437088 0.17181580066680907 18400
1675962437400 0.18667395114898683 18440
1675962438075 0.14480704069137573 18480
1675962438497 0.1354481339454651 18520
1675962438985 0.14118391275405884 18560
1675962439360 0.17075213193893432 18600
1675962439717 0.1514969825744629 18640
1675962440074 0.24644033908843993 18680
1675962440461 0.17877001762390138 18720
1675962440924 0.1286568522453308 18760
1675962441707 0.16085441112518312 18800
1675962442363 0.1661789298057556 18840
1675962442753 0.18204494714736938 18880
1675962443475 0.17753685712814332 18920
1675962444062 0.156640362739563 18960
1675962444338 0.1492457866668701 19000
1675962444740 0.18592610359191894 19040
1675962445133 0.17770425081253052 19080
1675962445455 0.18509962558746337 19120
1675962445875 0.15908631086349487 19160
1675962446213 0.18261488676071166 19200
1675962446505 0.13907418251037598 19240
1675962446924 0.17361419200897216 19280
1675962447243 0.11280357837677002 19320
1675962447494 0.16235802173614503 19360
1675962447728 0.11731874942779541 19400
1675962447980 0.1649742007255554 19440
1675962448318 0.13776742219924926 19480
1675962448714 0.1387553930282593 19520
1675962449113 0.1716212511062622 19560
1675962449471 0.190210223197937 19600
1675962449937 0.15645475387573243 19640
1675962450258 0.13578866720199584 19680
1675962450577 0.1333137035369873 19720
1675962450895 0.16756278276443481 19760
1675962451171 0.11854336261749268 19800
1675962451615 0.19304823875427246 19840
1675962452146 0.18979667425155639 19880
1675962452528 0.11548539400100707 19920
1675962452945 0.1916736602783203 19960
1675962453328 0.14681403636932372 20000
1675962453686 0.18505566120147704 20040
1675962453988 0.18250491619110107 20080
1675962456244 0.11469310522079468 20120
1675962456537 0.15844476222991943 20160
1675962456880 0.28350613117218015 20200
1675962457368 0.1352466821670532 20240
1675962457741 0.16430718898773194 20280
1675962458283 0.17638320922851564 20320
1675962459061 0.15831387042999268 20360
1675962459805 0.2004560947418213 20400
1675962460314 0.21170978546142577 20440
1675962460734 0.19019098281860353 20480
1675962461215 0.1516590714454651 20520
1675962461695 0.17145514488220215 20560
1675962462070 0.14172065258026123 20600
1675962462514 0.1440710425376892 20640
1675962462845 0.1401731014251709 20680
1675962463344 0.16289708614349366 20720
1675962463700 0.14879510402679444 20760
1675962464355 0.17626701593399047 20800
1675962464849 0.1453913688659668 20840
1675962465309 0.1412028193473816 20880
1675962465721 0.1442088007926941 20920
1675962466067 0.1259818196296692 20960
1675962466400 0.17599308490753174 21000
1675962466881 0.20264317989349365 21040
1675962467170 0.17610520124435425 21080
1675962467481 0.1511077404022217 21120
1675962467807 0.15037044286727905 21160
1675962468324 0.14256995916366577 21200
1675962468680 0.19916307926177979 21240
1675962469051 0.17712048292160035 21280
1675962469310 0.12174544334411622 21320
1675962469635 0.1380167007446289 21360
1675962470047 0.1940927028656006 21400
1675962470420 0.11110621690750122 21440
1675962470778 0.12482280731201172 21480
1675962471119 0.11980098485946655 21520
1675962471524 0.1711984634399414 21560
1675962472107 0.13716193437576293 21600
1675962472829 0.16129167079925538 21640
1675962473212 0.13064463138580323 21680
1675962473495 0.14746726751327516 21720
1675962473902 0.14587035179138183 21760
1675962474343 0.18328065872192384 21800
1675962474824 0.1518115520477295 21840
1675962475526 0.143729829788208 21880
1675962476419 0.14013090133666992 21920
1675962476773 0.21337103843688965 21960
1675962477414 0.1463005304336548 22000
1675962477714 0.13803186416625976 22040
1675962478040 0.17705127000808715 22080
1675962478540 0.1667937994003296 22120
1675962478944 0.20708014965057372 22160
1675962479649 0.1695955753326416 22200
1675962480439 0.1503159523010254 22240
1675962480968 0.16276580095291138 22280
1675962481319 0.19479743242263795 22320
1675962481759 0.16083651781082153 22360
1675962482336 0.14126162528991698 22400
1675962483241 0.14748176336288452 22440
1675962483827 0.14449453353881836 22480
1675962484102 0.16327037811279296 22520
1675962484455 0.17716368436813354 22560
1675962484765 0.15271401405334473 22600
1675962485401 0.1394676685333252 22640
1675962485882 0.14864153861999513 22680
1675962486514 0.1152652382850647 22720
1675962486995 0.13715097904205323 22760
1675962487336 0.10868173837661743 22800
1675962488001 0.15553635358810425 22840
1675962488691 0.18792816400527954 22880
1675962489047 0.16645584106445313 22920
1675962489331 0.13179019689559937 22960
1675962489656 0.15859130620956421 23000
1675962490041 0.12125805616378785 23040
1675962490531 0.16745598316192628 23080
1675962490904 0.1340117335319519 23120
1675962491210 0.1746653437614441 23160
1675962491541 0.15192772150039674 23200
1675962491997 0.143320631980896 23240
1675962492353 0.129293954372406 23280
1675962492700 0.148858380317688 23320
1675962493032 0.15516265630722045 23360
1675962493489 0.13078112602233888 23400
1675962493912 0.14949634075164794 23440
1675962494314 0.16486217975616455 23480
1675962494619 0.1392362117767334 23520
1675962495011 0.14149961471557618 23560
1675962495376 0.133877694606781 23600
1675962495900 0.15867116451263427 23640
1675962496306 0.09647786021232604 23680
1675962496599 0.17690199613571167 23720
1675962496902 0.14443639516830445 23760
1675962497253 0.09057222604751587 23800
1675962497650 0.1803774952888489 23840
1675962497981 0.15369622707366942 23880
1675962498322 0.13847848176956176 23920
1675962498620 0.11758546829223633 23960
1675962498975 0.1259020447731018 24000
1675962499329 0.17282743453979493 24040
1675962499613 0.15762655735015868 24080
1675962499913 0.1460938811302185 24120
1675962500267 0.14812884330749512 24160
1675962500598 0.14889779090881347 24200
1675962500991 0.16768131256103516 24240
1675962501323 0.12570598125457763 24280
1675962501672 0.15790164470672607 24320
1675962502045 0.1723772644996643 24360
1675962502415 0.12559194564819337 24400
1675962503132 0.14376107454299927 24440
1675962503709 0.1241031527519226 24480
1675962504507 0.17244601249694824 24520
1675962504891 0.1112892746925354 24560
1675962505239 0.13705843687057495 24600
1675962505541 0.1295827031135559 24640
1675962505865 0.17768117189407348 24680
1675962506152 0.15277550220489503 24720
1675962506449 0.15717636346817015 24760
1675962506723 0.17125152349472045 24800
1675962507130 0.18639111518859863 24840
1675962507419 0.15781575441360474 24880
1675962507808 0.13826708793640136 24920
1675962508291 0.09410379528999328 24960
1675962508789 0.16865166425704955 25000
1675962509313 0.11014820337295532 25040
1675962509644 0.12985713481903077 25080
1675962509942 0.14766849279403688 25120
1675962510293 0.1426791787147522 25160
1675962510816 0.12000730037689208 25200
1675962511325 0.19346578121185304 25240
1675962511706 0.11287658214569092 25280
1675962512031 0.16446504592895508 25320
1675962512395 0.1293077826499939 25360
1675962512701 0.17753082513809204 25400
1675962513021 0.12699817419052123 25440
1675962513312 0.15274335145950318 25480
1675962513983 0.12567371129989624 25520
1675962514282 0.1341323137283325 25560
1675962514559 0.1533415675163269 25600
1675962514861 0.1485466480255127 25640
1675962515151 0.15991073846817017 25680
1675962515553 0.12814009189605713 25720
1675962515840 0.127180814743042 25760
1675962516231 0.14484622478485107 25800
1675962516552 0.16399623155593873 25840
1675962516959 0.12199784517288208 25880
1675962517405 0.13111910820007325 25920
1675962517904 0.11473891735076905 25960
1675962518885 0.1383159875869751 26000
1675962519264 0.18654931783676149 26040
1675962519644 0.14609646797180176 26080
1675962520127 0.15376102924346924 26120
1675962520581 0.1388198733329773 26160
1675962520856 0.11806609630584716 26200
1675962521227 0.15775246620178224 26240
1675962521538 0.11699972152709961 26280
1675962521889 0.11822965145111083 26320
1675962522213 0.1380179524421692 26360
1675962522525 0.13597267866134644 26400
1675962522913 0.1532201886177063 26440
1675962523285 0.14711332321166992 26480
1675962523661 0.14263068437576293 26520
1675962523921 0.14810799360275267 26560
1675962524241 0.12720205783843994 26600
1675962524536 0.1703919529914856 26640
1675962524908 0.16851239204406737 26680
1675962525295 0.12835613489151002 26720
1675962525580 0.10234249830245971 26760
1675962526098 0.15216835737228393 26800
1675962526485 0.1578979253768921 26840
1675962526903 0.1137247085571289 26880
1675962527223 0.128684139251709 26920
1675962527644 0.14449193477630615 26960
1675962527963 0.09490355253219604 27000
1675962528335 0.11323801279067994 27040
1675962528663 0.14460744857788085 27080
1675962528963 0.13638741970062257 27120
1675962529701 0.150241219997406 27160
1675962530150 0.1083997368812561 27200
1675962530643 0.11879189014434814 27240
1675962530982 0.14318214654922484 27280
1675962531445 0.11751160621643067 27320
1675962532045 0.11085104942321777 27360
1675962532463 0.15842233896255492 27400
1675962532929 0.093845796585083 27440
1675962533241 0.09052861332893372 27480
1675962533831 0.15785266160964967 27520
1675962534162 0.10462381839752197 27560
1675962534488 0.10710569620132446 27600
1675962534895 0.19104793071746826 27640
1675962535473 0.1306588888168335 27680
1675962536006 0.12799711227416993 27720
1675962536537 0.12009319067001342 27760
1675962536848 0.1286529779434204 27800
1675962537251 0.1324339509010315 27840
1675962537709 0.1317073106765747 27880
1675962538003 0.1191180944442749 27920
1675962538418 0.10184590816497803 27960
1675962538803 0.1383844256401062 28000
1675962539243 0.15302456617355348 28040
1675962539644 0.11683967113494872 28080
1675962540064 0.17568233013153076 28120
1675962540409 0.1597524404525757 28160
1675962540744 0.11179555654525757 28200
1675962541104 0.1530761957168579 28240
1675962541645 0.08628122806549073 28280
1675962542121 0.10282275676727295 28320
1675962542685 0.12482342720031739 28360
1675962543067 0.18708909749984742 28400
1675962543413 0.1167306900024414 28440
1675962543809 0.12243684530258178 28480
1675962544131 0.1137125849723816 28520
1675962544609 0.10536671876907348 28560
1675962545173 0.1015028715133667 28600
1675962545626 0.11751891374588012 28640
1675962546014 0.09982568621635438 28680
1675962546465 0.12654733657836914 28720
1675962547073 0.23384995460510255 28760
1675962547579 0.08127398490905761 28800
1675962548056 0.12088660001754761 28840
1675962548537 0.17292454242706298 28880
1675962548861 0.1396034002304077 28920
1675962549237 0.14247546195983887 28960
1675962549595 0.11456729173660278 29000
1675962549968 0.10413135290145874 29040
1675962550470 0.14675172567367553 29080
1675962550853 0.1230765700340271 29120
1675962551145 0.13413262367248535 29160
1675962551599 0.14529666900634766 29200
1675962552091 0.1495632767677307 29240
1675962552635 0.10831295251846314 29280
1675962553072 0.14214069843292237 29320
1675962553416 0.12007464170455932 29360
1675962553810 0.09859216809272767 29400
1675962554312 0.10150014162063599 29440
1675962554756 0.10376954078674316 29480
1675962555105 0.13422436714172364 29520
1675962555391 0.12162820100784302 29560
1675962555742 0.12574316263198854 29600
1675962556234 0.14609540700912477 29640
1675962556776 0.13552424907684327 29680
1675962557248 0.1256783127784729 29720
1675962557584 0.08995899558067322 29760
1675962557901 0.1377146363258362 29800
1675962558279 0.1319660425186157 29840
1675962558641 0.16010613441467286 29880
1675962558964 0.18795100450515748 29920
1675962559231 0.11713309288024902 29960
1675962559562 0.17192045450210572 30000
1675962559887 0.1368316411972046 30040
1675962560239 0.13240746259689332 30080
1675962560565 0.16803888082504273 30120
1675962562340 0.0804930329322815 30160
1675962562748 0.12257544994354248 30200
1675962563201 0.12606295347213745 30240
1675962563639 0.11739503145217896 30280
1675962563992 0.10229680538177491 30320
1675962564253 0.13313342332839967 30360
1675962564540 0.13207745552062988 30400
1675962564915 0.1601375460624695 30440
1675962565263 0.1667979836463928 30480
1675962565556 0.13621816635131836 30520
1675962565992 0.12436778545379638 30560
1675962566353 0.15641360282897948 30600
1675962566693 0.13961098194122315 30640
1675962566996 0.124691641330719 30680
1675962567297 0.11969634294509887 30720
1675962567637 0.1509546756744385 30760
1675962567941 0.12357511520385742 30800
1675962568246 0.13354384899139404 30840
1675962568544 0.13804092407226562 30880
1675962568827 0.1451306462287903 30920
1675962569091 0.11572856903076172 30960
1675962569386 0.12237143516540527 31000
1675962569701 0.14843952655792236 31040
1675962569960 0.16416834592819213 31080
1675962570307 0.12103512287139892 31120
1675962570653 0.13536527156829833 31160
1675962571032 0.12180659770965577 31200
1675962571382 0.13295018672943115 31240
1675962571690 0.14183380603790283 31280
1675962571995 0.15564316511154175 31320
1675962572287 0.1126024842262268 31360
1675962572619 0.12068334817886353 31400
1675962573016 0.16740038394927978 31440
1675962573381 0.12157483100891113 31480
1675962573753 0.10914026498794556 31520
1675962574034 0.08799283504486084 31560
1675962574294 0.1411342740058899 31600
1675962574588 0.12460193634033204 31640
1675962574858 0.15177732706069946 31680
1675962575124 0.12923401594161987 31720
1675962575344 0.13635473251342772 31760
1675962575667 0.12534327507019044 31800
1675962576024 0.15537279844284058 31840
1675962576320 0.13466821908950805 31880
1675962576632 0.12128065824508667 31920
1675962576901 0.1400109648704529 31960
1675962577251 0.1623149633407593 32000
1675962577549 0.11329944133758545 32040
1675962577903 0.12374298572540283 32080
1675962578688 0.12035517692565918 32120
1675962579092 0.1221807599067688 32160
1675962579407 0.18262611627578734 32200
1675962579792 0.14953669309616088 32240
1675962580184 0.1056518316268921 32280
1675962580455 0.11346032619476318 32320
1675962580828 0.16156517267227172 32360
1675962581351 0.13297265768051147 32400
1675962581708 0.1521589994430542 32440
1675962582092 0.1376587152481079 32480
1675962582494 0.1279757261276245 32520
1675962582833 0.1282679557800293 32560
1675962583101 0.15582350492477418 32600
1675962583370 0.12180917263031006 32640
1675962583739 0.13304731845855713 32680
1675962584152 0.13320355415344237 32720
1675962584549 0.10002750158309937 32760
1675962584825 0.13904401063919067 32800
1675962585306 0.06782575845718383 32840
1675962585689 0.10102541446685791 32880
1675962586129 0.18888454437255858 32920
1675962586510 0.1438635468482971 32960
1675962586938 0.10257662534713745 33000
1675962587274 0.15039337873458863 33040
1675962587560 0.11325973272323608 33080
1675962587889 0.11301283836364746 33120
1675962588236 0.13103219270706176 33160
1675962588548 0.13626264333724974 33200
1675962588917 0.1412143588066101 33240
1675962589305 0.11591312885284424 33280
1675962589754 0.10247459411621093 33320
1675962590066 0.1438209295272827 33360
1675962590386 0.14254122972488403 33400
1675962590709 0.10709177255630493 33440
1675962591140 0.1385201930999756 33480
1675962591573 0.16913151741027832 33520
1675962592074 0.12658231258392333 33560
1675962592487 0.13664809465408326 33600
1675962593282 0.11501818895339966 33640
1675962593644 0.15978699922561646 33680
1675962594320 0.07463355660438538 33720
1675962594635 0.13794455528259278 33760
1675962594941 0.14924981594085693 33800
1675962595232 0.09161320328712463 33840
1675962595564 0.13572174310684204 33880
1675962595913 0.12925934791564941 33920
1675962596231 0.13963242769241332 33960
1675962596536 0.10600656270980835 34000
1675962596832 0.1081202745437622 34040
1675962597173 0.1272303581237793 34080
1675962597525 0.14104529619216918 34120
1675962597954 0.12433972358703613 34160
1675962598300 0.13323997259140014 34200
1675962598765 0.11189335584640503 34240
1675962599181 0.18411186933517457 34280
1675962599567 0.10566816329956055 34320
1675962600055 0.10867669582366943 34360
1675962600349 0.13891808986663817 34400
1675962600608 0.11573276519775391 34440
1675962600887 0.11561480760574341 34480
1675962601257 0.10497314929962158 34520
1675962601649 0.1676271915435791 34560
1675962601961 0.09714244604110718 34600
1675962602296 0.13998364210128783 34640
1675962602533 0.1069319486618042 34680
1675962602826 0.1530369520187378 34720
1675962603251 0.13478775024414064 34760
1675962603617 0.13684712648391723 34800
1675962603910 0.14154332876205444 34840
1675962604216 0.16552821397781373 34880
1675962604482 0.11852996349334717 34920
1675962604788 0.14822221994400026 34960
1675962605046 0.10784392356872559 35000
1675962605324 0.17042094469070435 35040
1675962605617 0.09759517908096313 35080
1675962606048 0.12658536434173584 35120
1675962606341 0.1289208173751831 35160
1675962606718 0.12532588243484497 35200
1675962607052 0.11902436017990112 35240
1675962607474 0.1306963086128235 35280
1675962608017 0.12898019552230836 35320
1675962608981 0.12892674207687377 35360
1675962609381 0.1388237476348877 35400
1675962609792 0.1224331021308899 35440
1675962610171 0.12310116291046143 35480
1675962610471 0.14944322109222413 35520
1675962610757 0.11990022659301758 35560
1675962611023 0.10825356245040893 35600
1675962611298 0.14465820789337158 35640
1675962611548 0.11540107727050782 35680
1675962612126 0.1557365894317627 35720
1675962612521 0.15307514667510985 35760
1675962612898 0.12536396980285644 35800
1675962613262 0.1557287096977234 35840
1675962613578 0.14052284955978395 35880
1675962613972 0.11608036756515502 35920
1675962614373 0.13555388450622557 35960
1675962614652 0.13835057020187377 36000
1675962614899 0.13622589111328126 36040
1675962615169 0.17130577564239502 36080
1675962615507 0.1702318549156189 36120
1675962615970 0.14255236387252807 36160
1675962616414 0.1421286940574646 36200
1675962616845 0.10066766738891601 36240
1675962617157 0.11180708408355713 36280
1675962617554 0.08815371990203857 36320
1675962617872 0.150557804107666 36360
1675962618161 0.12962126731872559 36400
1675962618507 0.13097379207611085 36440
1675962618780 0.14388370513916016 36480
1675962619034 0.14830611944198607 36520
1675962619323 0.13023746013641357 36560
1675962619604 0.12566308975219725 36600
1675962619925 0.13807952404022217 36640
1675962620268 0.16729624271392823 36680
1675962620556 0.13654381036758423 36720
1675962620845 0.14200459718704223 36760
1675962621289 0.11133646965026855 36800
1675962621579 0.15409327745437623 36840
1675962621851 0.16640623807907104 36880
1675962622107 0.09413297176361084 36920
1675962622442 0.12876946926116944 36960
1675962622802 0.12126266956329346 37000
1675962623206 0.07705593705177308 37040
1675962623589 0.11861275434494019 37080
1675962623901 0.13713713884353637 37120
1675962624184 0.0960952877998352 37160
1675962624545 0.1354386329650879 37200
1675962624824 0.10005964040756225 37240
1675962625084 0.1120447039604187 37280
1675962625357 0.12882513999938966 37320
1675962625613 0.10266202688217163 37360
1675962625894 0.10616037845611573 37400
1675962626195 0.12826865911483765 37440
1675962626483 0.1164020299911499 37480
1675962626768 0.07952434420585633 37520
1675962627039 0.14759671688079834 37560
1675962627316 0.10832798480987549 37600
1675962627614 0.086723792552948 37640
1675962627995 0.16345374584197997 37680
1675962628393 0.12139680385589599 37720
1675962628685 0.15508387088775635 37760
1675962629041 0.11684722900390625 37800
1675962629408 0.13605570793151855 37840
1675962629755 0.1165092945098877 37880
1675962630117 0.1297423005104065 37920
1675962630583 0.10771734714508056 37960
1675962630870 0.09405820965766906 38000
1675962631172 0.12838149070739746 38040
1675962631462 0.14111546277999878 38080
1675962631981 0.10052859783172607 38120
1675962632350 0.15565501451492308 38160
1675962632662 0.15857877731323242 38200
1675962633025 0.1199367880821228 38240
1675962633305 0.11945136785507202 38280
1675962633585 0.08437922000885009 38320
1675962633875 0.0961079716682434 38360
1675962634212 0.11422308683395385 38400
1675962634484 0.157661509513855 38440
1675962634756 0.11682971715927123 38480
1675962635057 0.12159028053283691 38520
1675962635420 0.11352672576904296 38560
1675962635697 0.09458417892456054 38600
1675962636022 0.09639006853103638 38640
1675962636317 0.10811828374862671 38680
1675962636607 0.08379412293434144 38720
1675962636892 0.13523874282836915 38760
1675962637208 0.13597958087921141 38800
1675962637499 0.09700173735618592 38840
1675962637754 0.11064354181289673 38880
1675962638102 0.1305624485015869 38920
1675962638628 0.12430130243301392 38960
1675962639291 0.14311946630477906 39000
1675962639541 0.11672080755233764 39040
1675962639835 0.09797905087471008 39080
1675962640167 0.13582659959793092 39120
1675962640523 0.12157895565032958 39160
1675962640844 0.12810440063476564 39200
1675962641242 0.14254041910171508 39240
1675962641603 0.14238022565841674 39280
1675962641952 0.09760151505470276 39320
1675962642247 0.11612770557403565 39360
1675962642571 0.10236660242080689 39400
1675962642833 0.10126821994781494 39440
1675962643165 0.1256675124168396 39480
1675962643445 0.08583810925483704 39520
1675962643698 0.13596950769424437 39560
1675962643958 0.09863805770874023 39600
1675962644250 0.12290822267532349 39640
1675962644559 0.10153087377548217 39680
1675962644835 0.17651523351669313 39720
1675962645103 0.10984994173049926 39760
1675962645366 0.09124601483345032 39800
1675962645638 0.10411303043365479 39840
1675962645884 0.09995936155319214 39880
1675962646180 0.12189936637878418 39920
1675962646489 0.1504038691520691 39960
1675962646749 0.10460530519485474 40000
1675962647050 0.12121728658676148 40040
1675962647364 0.10410151481628419 40080
1675962647650 0.11762869358062744 40120
1675962647931 0.16848556995391845 40160
1675962649747 0.06114430427551269 40200
1675962650032 0.10821808576583862 40240
1675962650433 0.09950072765350342 40280
1675962650729 0.12853444814682008 40320
1675962651091 0.09755724668502808 40360
1675962651822 0.11561390161514282 40400
1675962652172 0.13863502740859984 40440
1675962652581 0.14432337284088134 40480
1675962653073 0.16804194450378418 40520
1675962653507 0.1251011848449707 40560
1675962654021 0.12656946182250978 40600
1675962654380 0.13165099620819093 40640
1675962654745 0.10355876684188843 40680
1675962655200 0.119891357421875 40720
1675962655562 0.09038297533988952 40760
1675962656164 0.121027672290802 40800
1675962656555 0.1423700213432312 40840
1675962657017 0.1502169966697693 40880
1675962657582 0.1229994535446167 40920
1675962658090 0.11583963632583619 40960
1675962658414 0.12867065668106079 41000
1675962658835 0.11059951782226562 41040
1675962659462 0.18121384382247924 41080
1675962659866 0.13156087398529054 41120
1675962660192 0.118820321559906 41160
1675962660610 0.11171345710754395 41200
1675962660891 0.10191919803619384 41240
1675962661476 0.14750194549560547 41280
1675962661854 0.1370238780975342 41320
1675962662154 0.15664758682250976 41360
1675962662446 0.11118162870407104 41400
1675962662743 0.09620498418807984 41440
1675962663082 0.11713494062423706 41480
1675962663397 0.09640157222747803 41520
1675962663862 0.08941752314567566 41560
1675962664200 0.08422372341156006 41600
1675962664522 0.12640607357025146 41640
1675962664876 0.11384003162384033 41680
1675962665276 0.129815936088562 41720
1675962665586 0.096066814661026 41760
1675962666157 0.11317133903503418 41800
1675962666512 0.10186181068420411 41840
1675962666810 0.17102667093276977 41880
1675962667168 0.16290197372436524 41920
1675962667722 0.12600352764129638 41960
1675962668084 0.15596559047698974 42000
1675962668686 0.15230799913406373 42040
1675962669155 0.11921073198318481 42080
1675962669525 0.12967498302459718 42120
1675962670131 0.1561334490776062 42160
1675962670473 0.12904597520828248 42200
1675962670952 0.18668532371520996 42240
1675962671391 0.16070265769958497 42280
1675962671788 0.12607890367507935 42320
1675962672175 0.11628365516662598 42360
1675962672596 0.14147136211395264 42400
1675962672947 0.1421768546104431 42440
1675962673206 0.1560685634613037 42480
1675962673542 0.1290338397026062 42520
1675962673914 0.13370813131332399 42560
1675962674204 0.13268133401870727 42600
1675962674548 0.1865775465965271 42640
1675962674883 0.12028915882110595 42680
1675962675225 0.15100656747817992 42720
1675962675606 0.1199384331703186 42760
1675962676029 0.10338406562805176 42800
1675962676331 0.1598230242729187 42840
1675962676626 0.09212623834609986 42880
1675962677182 0.11368374824523926 42920
1675962677492 0.166196072101593 42960
1675962677794 0.13800952434539795 43000
1675962678122 0.10539021492004394 43040
1675962678552 0.14024301767349243 43080
1675962678848 0.11934185028076172 43120
1675962679137 0.11642402410507202 43160
1675962679441 0.106876802444458 43200
1675962679825 0.15162229537963867 43240
1675962680182 0.13377844095230101 43280
1675962680583 0.11760655641555787 43320
1675962680963 0.09450230002403259 43360
1675962681232 0.12261091470718384 43400
1675962681546 0.14786286354064943 43440
1675962681837 0.09061297178268432 43480
1675962682148 0.12125829458236695 43520
1675962682528 0.12085250616073609 43560
1675962682961 0.11494057178497315 43600
1675962683753 0.12071247100830078 43640
1675962684214 0.1126594066619873 43680
1675962684472 0.13784648180007936 43720
1675962684725 0.08353622555732727 43760
1675962685084 0.134744393825531 43800
1675962685356 0.15438587665557862 43840
1675962685672 0.07164058685302735 43880
1675962686010 0.15081474781036378 43920
1675962686318 0.12750881910324097 43960
1675962686647 0.11583298444747925 44000
1675962686995 0.11756253242492676 44040
1675962687338 0.1140972375869751 44080
1675962687624 0.1044809103012085 44120
1675962687907 0.14462790489196778 44160
1675962688250 0.11689740419387817 44200
1675962688625 0.10665217638015748 44240
1675962689108 0.1275978207588196 44280
1675962689450 0.17627427577972413 44320
1675962689840 0.09428311586380005 44360
1675962690152 0.13204399347305298 44400
1675962690549 0.14884270429611207 44440
1675962690881 0.11450523138046265 44480
1675962691240 0.12775297164916993 44520
1675962691596 0.10909103155136109 44560
1675962692011 0.16249881982803344 44600
1675962692492 0.09969934225082397 44640
1675962692888 0.14298388957977295 44680
1675962693297 0.11257085800170899 44720
1675962694002 0.15622831583023072 44760
1675962694356 0.16152610778808593 44800
1675962695067 0.1228131651878357 44840
1675962695412 0.12230857610702514 44880
1675962695954 0.15191179513931274 44920
1675962696439 0.09005013704299927 44960
1675962696862 0.27210729122161864 45000
1675962697262 0.10516237020492554 45040
1675962697672 0.1588940739631653 45080
1675962698247 0.09337506294250489 45120
1675962698706 0.10166856050491332 45160
1675962699333 0.1250261902809143 45200
1675962699699 0.11961219310760499 45240
1675962700096 0.11081809997558593 45280
1675962700547 0.12362282276153565 45320
1675962701059 0.10840818881988526 45360
1675962701485 0.10719636678695679 45400
1675962701815 0.14871267080307007 45440
1675962702125 0.08913126587867737 45480
1675962702447 0.128210711479187 45520
1675962702882 0.19422460794448854 45560
1675962703313 0.09804562330245972 45600
1675962703661 0.121452796459198 45640
1675962704028 0.12789732217788696 45680
1675962704390 0.13500748872756957 45720
1675962704834 0.1639086127281189 45760
1675962705282 0.1314249277114868 45800
1675962705613 0.13065675497055054 45840
1675962706042 0.12175574302673339 45880
1675962706345 0.1444646716117859 45920
1675962706690 0.12658742666244507 45960
1675962707217 0.12714122533798217 46000
1675962707516 0.13950903415679933 46040
1675962707878 0.13562073707580566 46080
1675962708240 0.14679272174835206 46120
1675962708582 0.1650634527206421 46160
1675962708861 0.15450743436813355 46200
1675962709146 0.12668753862380983 46240
1675962709518 0.1086346983909607 46280
1675962709888 0.1332658648490906 46320
1675962710231 0.09458655714988709 46360
1675962710676 0.15332229137420655 46400
1675962711102 0.09551309943199157 46440
1675962711498 0.11692782640457153 46480
1675962711850 0.14722878932952882 46520
1675962712197 0.15049706697463988 46560
1675962712608 0.1241270661354065 46600
1675962713066 0.13961561918258666 46640
1675962713675 0.13628857135772704 46680
1675962714117 0.1485875129699707 46720
1675962714394 0.11894621849060058 46760
1675962714732 0.1597411274909973 46800
1675962715140 0.11425133943557739 46840
1675962715468 0.1267046093940735 46880
1675962715773 0.1566184401512146 46920
1675962716068 0.09725157022476197 46960
1675962716376 0.11360658407211303 47000
1675962716703 0.11368223428726196 47040
1675962717113 0.08852280378341675 47080
1675962717437 0.1178167462348938 47120
1675962717745 0.11697864532470703 47160
1675962718066 0.10280051231384277 47200
1675962718409 0.13983631134033203 47240
1675962718697 0.10476393699645996 47280
1675962718988 0.11431102752685547 47320
1675962719308 0.1541759967803955 47360
1675962719591 0.12554197311401366 47400
1675962719894 0.10441081523895264 47440
1675962720215 0.13137340545654297 47480
1675962720544 0.11540101766586304 47520
1675962720837 0.09992088675498963 47560
1675962721120 0.11862584352493286 47600
1675962721501 0.09551158547401428 47640
1675962721821 0.08768308162689209 47680
1675962722155 0.11759686470031738 47720
1675962722509 0.15928733348846436 47760
1675962722890 0.12319905757904052 47800
1675962723278 0.11119050979614258 47840
1675962723613 0.12620073556900024 47880
1675962723953 0.09672906398773193 47920
1675962724292 0.11883187294006348 47960
1675962724651 0.11304174661636353 48000
1675962724999 0.07239041924476623 48040
1675962725365 0.1206203579902649 48080
1675962725696 0.12016412019729614 48120
1675962726029 0.11713632345199584 48160
1675962726325 0.14041346311569214 48200
1675962726619 0.12566379308700562 48240
1675962726916 0.13255404233932494 48280
1675962727257 0.1201927661895752 48320
1675962727766 0.09292800426483154 48360
1675962728244 0.10584204196929932 48400
1675962728862 0.11513172388076783 48440
1675962729271 0.14359195232391359 48480
1675962729630 0.1261645793914795 48520
1675962729965 0.14199877977371217 48560
1675962730333 0.12335125207901002 48600
1675962730708 0.08527336716651916 48640
1675962731111 0.09733355641365052 48680
1675962731507 0.11672381162643433 48720
1675962731879 0.08904045224189758 48760
1675962732184 0.13506397008895873 48800
1675962732556 0.14708174467086793 48840
1675962732905 0.09415847063064575 48880
1675962733261 0.09265247583389283 48920
1675962733544 0.12682063579559327 48960
1675962733872 0.1196717619895935 49000
1675962734300 0.1366451621055603 49040
1675962734694 0.08078988194465637 49080
1675962735299 0.11085466146469117 49120
1675962735955 0.11805456876754761 49160
1675962736490 0.15387885570526122 49200
1675962736806 0.10048146247863769 49240
1675962737177 0.16021209955215454 49280
1675962737531 0.13948978185653688 49320
1675962737941 0.1087805986404419 49360
1675962738450 0.11891849040985107 49400
1675962738802 0.11135467290878295 49440
1675962739239 0.10357005596160888 49480
1675962739660 0.09676001667976379 49520
1675962739977 0.0788346529006958 49560
1675962740317 0.12479658126831054 49600
1675962740728 0.10559401512145997 49640
1675962741245 0.1089695930480957 49680
1675962741711 0.10179952383041382 49720
1675962742280 0.11417684555053711 49760
1675962742974 0.10471670627593994 49800
1675962743603 0.08725597858428955 49840
1675962743984 0.10586632490158081 49880
1675962744354 0.08143247961997986 49920
1675962744652 0.13592268228530885 49960
1675962744996 0.13121330738067627 50000
1675962745404 0.09029456973075867 50040
1675962745816 0.1140559196472168 50080
1675962746230 0.09368093013763427 50120
1675962746763 0.11843633651733398 50160
1675962747129 0.13335975408554077 50200
1675962748927 0.03652470707893372 50240
1675962749205 0.10864444971084594 50280
1675962749514 0.10242773294448852 50320
1675962749801 0.10965683460235595 50360
1675962750216 0.09948827028274536 50400
1675962750650 0.14296207427978516 50440
1675962751109 0.14951684474945068 50480
1675962751414 0.1381888747215271 50520
1675962751768 0.1412569284439087 50560
1675962752084 0.12498918771743775 50600
1675962752395 0.15190664529800416 50640
1675962752693 0.13135684728622438 50680
1675962753138 0.10071312189102173 50720
1675962753425 0.10758335590362549 50760
1675962753683 0.09094258546829223 50800
1675962754089 0.11955633163452148 50840
1675962754391 0.13145023584365845 50880
1675962754658 0.13717566728591918 50920
1675962755030 0.10924006700515747 50960
1675962755353 0.11725327968597413 51000
1675962755688 0.13255075216293336 51040
1675962756057 0.08817492127418518 51080
1675962756553 0.13181545734405517 51120
1675962756875 0.13321436643600465 51160
1675962757244 0.14398130178451538 51200
1675962757646 0.11067847013473511 51240
1675962758202 0.07201356887817383 51280
1675962759075 0.12405033111572265 51320
1675962759377 0.1290980815887451 51360
1675962759679 0.17808349132537843 51400
1675962760063 0.1254109501838684 51440
1675962760433 0.08934738636016845 51480
1675962760701 0.12782119512557982 51520
1675962761017 0.0903852939605713 51560
1675962761364 0.08380283117294311 51600
1675962761851 0.10220398902893066 51640
1675962762245 0.13351061344146728 51680
1675962762656 0.09450112581253052 51720
1675962762982 0.15421171188354493 51760
1675962763303 0.10035094022750854 51800
1675962763634 0.1048620581626892 51840
1675962763980 0.1142855167388916 51880
1675962764364 0.1118615746498108 51920
1675962764714 0.153114914894104 51960
1675962765104 0.10879062414169312 52000
1675962765385 0.11852483749389649 52040
1675962766000 0.12798348665237427 52080
1675962766462 0.12576035261154175 52120
1675962766930 0.09808651804924011 52160
1675962767278 0.14959861040115358 52200
1675962767549 0.09936800599098206 52240
1675962767832 0.15098996162414552 52280
1675962768354 0.16802465915679932 52320
1675962768732 0.09798091053962707 52360
1675962769230 0.09558759331703186 52400
1675962769672 0.12277861833572387 52440
1675962770199 0.1268238306045532 52480
1675962770819 0.1382683277130127 52520
1675962771208 0.10274330377578736 52560
1675962771835 0.15389711856842042 52600
1675962772315 0.10598289966583252 52640
1675962773104 0.1340394973754883 52680
1675962773877 0.10352798700332641 52720
1675962774214 0.11905227899551392 52760
1675962774646 0.10549226999282837 52800
1675962774975 0.105336594581604 52840
1675962775573 0.10698403120040893 52880
1675962776202 0.07859764099121094 52920
1675962776789 0.08737875819206238 52960
1675962777154 0.14998457431793213 53000
1675962777453 0.11271860599517822 53040
1675962777853 0.10130848884582519 53080
1675962778209 0.13057267665863037 53120
1675962778578 0.10598015785217285 53160
1675962778986 0.11105600595474244 53200
1675962779312 0.09995013475418091 53240
1675962779688 0.12466953992843628 53280
1675962780001 0.11379126310348511 53320
1675962780346 0.11988515853881836 53360
1675962780674 0.08989275693893432 53400
1675962781009 0.138369882106781 53440
1675962781393 0.12185879945755004 53480
1675962781734 0.08780220746994019 53520
1675962782055 0.12975082397460938 53560
1675962782435 0.12089442014694214 53600
1675962782881 0.16202110052108765 53640
1675962783218 0.11358293294906616 53680
1675962783558 0.11103899478912353 53720
1675962783851 0.1500707149505615 53760
1675962784128 0.07813131809234619 53800
1675962784454 0.11483078002929688 53840
1675962784896 0.1692216396331787 53880
1675962785151 0.11850030422210693 53920
1675962785579 0.1093928337097168 53960
1675962786069 0.13737579584121704 54000
1675962786599 0.1072200894355774 54040
1675962787128 0.11200935840606689 54080
1675962787496 0.10547144412994384 54120
1675962788130 0.11591936349868774 54160
1675962788702 0.1483793616294861 54200
1675962789176 0.09928717613220214 54240
1675962789535 0.11153433322906495 54280
1675962789977 0.10638664960861206 54320
1675962790348 0.16327791213989257 54360
1675962790676 0.0764597237110138 54400
1675962790953 0.12486560344696045 54440
1675962791338 0.1272807836532593 54480
1675962791786 0.11199774742126464 54520
1675962792258 0.09811992049217225 54560
1675962792625 0.0869952380657196 54600
1675962793034 0.1501191735267639 54640
1675962793358 0.09681126475334167 54680
1675962793747 0.11645900011062622 54720
1675962794230 0.11106684207916259 54760
1675962794679 0.10409578084945678 54800
1675962795387 0.1354880690574646 54840
1675962795917 0.13057807683944703 54880
1675962796607 0.1258386492729187 54920
1675962797213 0.15141141414642334 54960
1675962797595 0.09140715599060059 55000
1675962797931 0.12358139753341675 55040
1675962798263 0.10819413661956787 55080
1675962798548 0.09798766374588012 55120
1675962798881 0.0748608648777008 55160
1675962799279 0.09374593496322632 55200
1675962799691 0.09202637672424316 55240
1675962800183 0.11238216161727906 55280
1675962800607 0.10243014097213746 55320
1675962801069 0.14357187747955322 55360
1675962801459 0.10679028034210206 55400
1675962801850 0.07959157824516297 55440
1675962802166 0.1259807229042053 55480
1675962802655 0.09172236323356628 55520
1675962803137 0.09863361716270447 55560
1675962804059 0.14100040197372438 55600
1675962805927 0.20967321395874022 55640
1675962806316 0.10643045902252198 55680
1675962806944 0.11181083917617798 55720
1675962807265 0.1280134916305542 55760
1675962807633 0.12221245765686035 55800
1675962807985 0.1156657338142395 55840
1675962808308 0.07941152453422547 55880
1675962808641 0.09761478304862976 55920
1675962808972 0.11463905572891235 55960
1675962809271 0.10001440048217773 56000
1675962809550 0.09967747926712037 56040
1675962809861 0.0964605450630188 56080
1675962810162 0.09538179636001587 56120
1675962810424 0.15830894708633422 56160
1675962810806 0.13678302764892578 56200
1675962811195 0.15693883895874022 56240
1675962811463 0.1087480902671814 56280
1675962811859 0.12389655113220215 56320
1675962812137 0.07736346125602722 56360
1675962812445 0.0941556453704834 56400
1675962812741 0.12551332712173463 56440
1675962813011 0.08918625712394715 56480
1675962813313 0.11849887371063232 56520
1675962813637 0.14400118589401245 56560
1675962813999 0.10429096221923828 56600
1675962814268 0.12437585592269898 56640
1675962814562 0.11541186571121216 56680
1675962814890 0.12239620685577393 56720
1675962815157 0.15546731948852538 56760
1675962815432 0.09139060974121094 56800
1675962815738 0.14671614170074462 56840
1675962816105 0.08710201978683471 56880
1675962816389 0.10127251148223877 56920
1675962816751 0.1770329236984253 56960
1675962817114 0.08187527656555176 57000
1675962817430 0.10647523403167725 57040
1675962817946 0.10774810314178467 57080
1675962818456 0.07587663531303405 57120
1675962818754 0.08959565758705139 57160
1675962819010 0.09582791328430176 57200
1675962819316 0.10476123094558716 57240
1675962819619 0.12807669639587402 57280
1675962819953 0.08920505046844482 57320
1675962820216 0.08046047687530518 57360
1675962820491 0.23713388442993164 57400
1675962820792 0.09664714932441712 57440
1675962821110 0.09184896945953369 57480
1675962821395 0.10438920259475708 57520
1675962821704 0.11662664413452148 57560
1675962822021 0.07215546369552613 57600
1675962822343 0.10710151195526123 57640
1675962822625 0.08515839576721192 57680
1675962822906 0.07848547101020813 57720
1675962823269 0.09920161366462707 57760
1675962823557 0.1256158709526062 57800
1675962823929 0.17289186716079713 57840
1675962824264 0.10409395694732666 57880
1675962824580 0.1123349666595459 57920
1675962824859 0.10607868432998657 57960
1675962825134 0.11899350881576538 58000
1675962825411 0.09887548685073852 58040
1675962825680 0.08813129067420959 58080
1675962826082 0.11074360609054565 58120
1675962826390 0.09916489720344543 58160
1675962826672 0.11301400661468505 58200
1675962826967 0.12080588340759277 58240
1675962827342 0.14539589881896972 58280
1675962827660 0.12981518507003784 58320
1675962827928 0.10311884880065918 58360
1675962828251 0.08137261271476745 58400
1675962828586 0.10911126136779785 58440
1675962828895 0.09735751748085023 58480
1675962829199 0.12196643352508545 58520
1675962829507 0.12154313325881957 58560
1675962829813 0.08883922100067139 58600
1675962830123 0.11101144552230835 58640
1675962830385 0.09398453831672668 58680
1675962830658 0.09227079153060913 58720
1675962830970 0.10182384252548218 58760
1675962831258 0.071516352891922 58800
1675962831535 0.11088439226150512 58840
1675962831817 0.1334153175354004 58880
1675962832121 0.08390725255012513 58920
1675962832447 0.08936775326728821 58960
1675962833043 0.10736868381500245 59000
1675962833564 0.11902550458908082 59040
1675962834012 0.12491440773010254 59080
1675962834310 0.08447094559669495 59120
1675962834607 0.09800665378570557 59160
1675962834915 0.12033920288085938 59200
1675962835241 0.13380136489868164 59240
1675962835554 0.08969088792800903 59280
1675962835888 0.15213834047317504 59320
1675962836267 0.09653827548027039 59360
1675962836600 0.11657419204711914 59400
1675962836916 0.13785603046417236 59440
1675962837272 0.09731629490852356 59480
1675962837651 0.08888595700263976 59520
1675962837963 0.09818969368934631 59560
1675962838310 0.09272942543029786 59600
1675962838732 0.11286922693252563 59640
1675962839086 0.11320898532867432 59680
1675962839463 0.09930163621902466 59720
1675962839851 0.10969626903533936 59760
1675962840210 0.11013704538345337 59800
1675962840533 0.12720617055892944 59840
1675962840851 0.08124991655349731 59880
1675962841161 0.08193809390068055 59920
1675962841426 0.08352422714233398 59960
1675962841752 0.12053766250610351 60000
1675962842080 0.1494814157485962 60040
1675962842542 0.10751101970672608 60080
1675962843078 0.1281699538230896 60120
1675962843438 0.10421628952026367 60160
1675962844027 0.12186479568481445 60200
1675962844485 0.1462628126144409 60240
