1675608743203 0.30454862117767334 0
1675608743385 0.31042325496673584 0
1675608743601 0.3076254725456238 0
1675608743834 0.30527883768081665 0
1675608744069 0.3048483729362488 0
1675608744284 0.30723416805267334 0
1675608744519 0.3078579008579254 0
1675608744721 0.3079780638217926 0
1675608744920 0.30825886130332947 0
1675608745167 0.30780142545700073 0
1675608745386 0.30692797899246216 0
1675608745611 0.3053596317768097 0
1675608745848 0.3086828887462616 0
1675608746081 0.3059723377227783 0
1675608746289 0.306758314371109 0
1675608746513 0.3045685589313507 0
1675608746735 0.3043900728225708 0
1675608746983 0.3028840720653534 0
1675608747179 0.30730387568473816 0
1675608747379 0.3073160946369171 0
1675608747585 0.30683326721191406 0
1675608747787 0.3061482608318329 0
1675608748022 0.30263805389404297 0
1675608748294 0.3023684024810791 0
1675608748541 0.30319175124168396 0
1675608748832 0.301728218793869 0
1675608749061 0.3055092394351959 0
1675608749327 0.3000652492046356 0
1675608749539 0.3063517212867737 0
1675608749757 0.3048876225948334 0
1675608749977 0.30267903208732605 0
1675608750173 0.3055557310581207 0
1675608750364 0.3059508502483368 0
1675608750578 0.3026432394981384 0
1675608750770 0.30558037757873535 0
1675608750980 0.3030153214931488 0
1675608751205 0.30096518993377686 0
1675608751402 0.30435654520988464 0
1675608751604 0.3033962547779083 0
1675608751790 0.3051856458187103 0
1675608752014 0.3024953305721283 0
1675608752223 0.3029199242591858 0
1675608752446 0.3004160225391388 0
1675608752630 0.3053695857524872 0
1675608752856 0.2998429238796234 0
1675608753060 0.30262917280197144 0
1675608753282 0.3003746569156647 0
1675608753493 0.30119943618774414 0
1675608753721 0.2995249032974243 0
1675608753926 0.3016379773616791 0
1675608754118 0.3035408556461334 0
1675608754320 0.3019271790981293 0
1675608754525 0.3012506365776062 0
1675608754743 0.29968366026878357 0
1675608754957 0.30013957619667053 0
1675608755175 0.2995355725288391 0
1675608755393 0.2994115352630615 0
1675608755614 0.298959344625473 0
1675608755826 0.29975196719169617 0
1675608756039 0.2995506525039673 0
1675608756279 0.29618412256240845 0
1675608756497 0.2985130846500397 0
1675608756712 0.29875874519348145 0
1675608756926 0.2986030876636505 0
1675608757141 0.29950210452079773 0
1675608757385 0.3001384139060974 0
1675608757689 0.29792436957359314 0
1675608757939 0.2991185784339905 0
1675608758204 0.2969762980937958 0
1675608758455 0.29917076230049133 0
1675608758718 0.295257031917572 0
1675608758986 0.29712721705436707 0
1675608759215 0.2974874973297119 0
1675608759447 0.2967592179775238 0
1675608759719 0.2980344593524933 0
1675608759958 0.2976718842983246 0
1675608760166 0.29913395643234253 0
1675608760416 0.29448816180229187 0
1675608760642 0.2957536578178406 0
1675608760868 0.2957894802093506 0
1675608761056 0.2998245656490326 0
1675608761249 0.29848310351371765 0
1675608761459 0.29628509283065796 0
1675608761696 0.29609256982803345 0
1675608761948 0.29727903008461 0
1675608762238 0.29163721203804016 0
1675608762504 0.2937600314617157 0
1675608762749 0.2977025508880615 0
1675608762985 0.2944064438343048 0
1675608763212 0.294838011264801 0
1675608763455 0.29390719532966614 0
1675608763677 0.2970503270626068 0
1675608763917 0.29576799273490906 0
1675608764171 0.2941407561302185 0
1675608764432 0.2924330234527588 0
1675608764716 0.2918914556503296 0
1675608764962 0.2941655218601227 0
1675608765189 0.29320523142814636 0
1675608765441 0.2909851670265198 0
1675608765655 0.29524701833724976 0
1675608765894 0.2913711667060852 0
1675608766137 0.2915041744709015 0
1675608766368 0.2932409644126892 0
1675608766643 0.2888690233230591 0
1675608766902 0.29106518626213074 0
1675608767162 0.29180198907852173 0
1675608767380 0.29574310779571533 0
1675608767640 0.29088711738586426 0
1675608767882 0.2909626364707947 0
1675608768106 0.2923693358898163 0
1675608768370 0.28872543573379517 0
1675608768596 0.29153358936309814 0
1675608768816 0.29154932498931885 0
1675608769050 0.2897012531757355 0
1675608769279 0.28993839025497437 0
1675608769516 0.2886510491371155 0
1675608769743 0.2893248498439789 0
1675608769962 0.2899773120880127 0
1675608770193 0.289006769657135 0
1675608770403 0.29087376594543457 0
1675608770640 0.2874607443809509 0
1675608770892 0.28598999977111816 0
1675608771105 0.2895718514919281 0
1675608771328 0.28880545496940613 0
1675608771547 0.28834956884384155 0
1675608771755 0.28939011693000793 0
1675608771975 0.28853273391723633 0
1675608772207 0.2867584824562073 0
1675608772423 0.2881919741630554 0
1675608772651 0.28656005859375 0
1675608772889 0.28558167815208435 0
1675608773097 0.28850847482681274 0
1675608773322 0.28704845905303955 0
1675608773532 0.2890712320804596 0
1675608773775 0.28423038125038147 0
1675608774013 0.283509224653244 0
1675608774211 0.2875693142414093 0
1675608774423 0.28615155816078186 0
1675608774641 0.2853159010410309 0
1675608774872 0.2835458219051361 0
1675608775063 0.2876192033290863 0
1675608775272 0.28517451882362366 0
1675608775492 0.28369593620300293 0
1675608775708 0.28352436423301697 0
1675608775931 0.2831251919269562 0
1675608776134 0.2846091389656067 0
1675608776328 0.2851411998271942 0
1675608776536 0.28439411520957947 0
1675608776745 0.28313884139060974 0
1675608776942 0.28399157524108887 0
1675608777165 0.281858891248703 0
1675608777387 0.2814176678657532 0
1675608777605 0.2830617129802704 0
1675608777860 0.28008243441581726 0
1675608778103 0.27841827273368835 0
1675608778340 0.278075248003006 0
1675608778541 0.28243616223335266 0
1675608780051 0.28001633286476135 0
1675608780282 0.2790018320083618 0
1675608780516 0.27755847573280334 0
1675608780761 0.276378870010376 0
1675608780967 0.2793835699558258 0
1675608781198 0.27639758586883545 0
1675608781396 0.2794322669506073 0
1675608781592 0.2789071202278137 0
1675608781795 0.27916136384010315 0
1675608782018 0.2767201066017151 0
1675608782223 0.2769416570663452 0
1675608782451 0.2745648920536041 0
1675608782679 0.27488258481025696 0
1675608782885 0.2759787440299988 0
1675608783114 0.27330484986305237 0
1675608783303 0.2768630385398865 0
1675608783504 0.2751801311969757 0
1675608783715 0.2742786407470703 0
1675608783923 0.27429038286209106 0
1675608784140 0.2720399498939514 0
1675608784336 0.2738193869590759 0
1675608784553 0.27119773626327515 0
1675608784772 0.27086254954338074 0
1675608785003 0.2702248990535736 0
1675608785232 0.2687380313873291 0
1675608785429 0.2711431086063385 0
1675608785619 0.2718222439289093 0
1675608785840 0.26809969544410706 0
1675608786050 0.26913681626319885 0
1675608786280 0.2670046389102936 0
1675608786509 0.2663296163082123 0
1675608786737 0.26666438579559326 0
1675608786975 0.26431959867477417 0
1675608787194 0.2659054398536682 0
1675608787461 0.262988805770874 0
1675608787701 0.26473838090896606 0
1675608787943 0.2626854181289673 0
1675608788168 0.264262318611145 0
1675608788412 0.2617431879043579 0
1675608788655 0.26119405031204224 0
1675608788907 0.2585948407649994 0
1675608789119 0.26157253980636597 0
1675608789359 0.2593907415866852 0
1675608789593 0.2601439952850342 0
1675608789833 0.2575375437736511 0
1675608790050 0.25972166657447815 0
1675608790290 0.2565094828605652 0
1675608790546 0.2542223036289215 0
1675608790803 0.2538725733757019 0
1675608791027 0.25528931617736816 0
1675608791277 0.25251317024230957 0
1675608791470 0.2561505138874054 0
1675608791684 0.25317972898483276 0
1675608791892 0.2529600262641907 0
1675608792094 0.25255993008613586 0
1675608792309 0.2513943910598755 0
1675608792595 0.25019407272338867 0
1675608792837 0.24781325459480286 0
1675608793067 0.24809108674526215 0
1675608793285 0.24723857641220093 0
1675608793518 0.24674752354621887 0
1675608793780 0.24457143247127533 0
1675608794062 0.24260103702545166 0
1675608794322 0.24086812138557434 0
1675608794523 0.24381881952285767 0
1675608794756 0.24114209413528442 0
1675608794970 0.24106568098068237 0
1675608795191 0.23935802280902863 0
1675608795398 0.2395494282245636 0
1675608795617 0.23786437511444092 0
1675608795833 0.23671582341194153 0
1675608796074 0.23417553305625916 0
1675608796290 0.23446404933929443 0
1675608796507 0.2334900200366974 0
1675608796700 0.23346522450447083 0
1675608796924 0.23107881844043732 0
1675608797127 0.23059311509132385 0
1675608797355 0.22896675765514374 0
1675608797560 0.22844767570495605 0
1675608797756 0.22733521461486816 0
1675608797977 0.2245558351278305 0
1675608798198 0.223382830619812 0
1675608798388 0.22345072031021118 0
1675608798612 0.22033560276031494 0
1675608798855 0.217995747923851 0
1675608799062 0.2185744047164917 0
1675608799303 0.21559225022792816 0
1675608799520 0.2158547043800354 0
1675608799740 0.2139776051044464 0
1675608799969 0.21192632615566254 0
1675608800226 0.20999711751937866 0
1675608800448 0.20975655317306519 0
1675608800692 0.20678627490997314 0
1675608800939 0.20606039464473724 0
1675608801205 0.20347537100315094 0
1675608801441 0.20249156653881073 0
1675608801656 0.20140868425369263 0
1675608801873 0.19962163269519806 0
1675608802124 0.19710926711559296 0
1675608802333 0.19640834629535675 0
1675608802547 0.1950029730796814 0
1675608802815 0.19127480685710907 0
1675608803028 0.19085462391376495 0
1675608803255 0.18889358639717102 0
1675608803472 0.18709632754325867 0
1675608803680 0.18512383103370667 0
1675608803929 0.1827392727136612 0
1675608804179 0.18072062730789185 0
1675608804424 0.1789022982120514 0
1675608804636 0.1769469529390335 0
1675608804873 0.17455431818962097 0
1675608805094 0.17266878485679626 0
1675608805302 0.17066437005996704 0
1675608805542 0.16792935132980347 0
1675608805790 0.16588850319385529 0
1675608806039 0.16425277292728424 0
1675608806265 0.16216102242469788 0
1675608806503 0.15992380678653717 0
1675608806726 0.1573195606470108 0
1675608806970 0.15551838278770447 0
1675608807208 0.15249387919902802 0
1675608807455 0.15073178708553314 0
1675608807683 0.14825956523418427 0
1675608807902 0.14614051580429077 0
1675608808100 0.1432177722454071 0
1675608808326 0.14070338010787964 0
1675608808551 0.13876265287399292 0
1675608808767 0.13574378192424774 0
1675608808995 0.13396164774894714 0
1675608809240 0.13186246156692505 0
1675608809496 0.12993426620960236 0
1675608809708 0.12667444348335266 0
1675608809914 0.12415632605552673 0
1675608810141 0.12191486358642578 0
1675608810353 0.11898674070835114 0
1675608810561 0.11645856499671936 0
1675608810752 0.11347091197967529 0
1675608810959 0.11123047024011612 0
1675608811178 0.10916533321142197 0
1675608811371 0.10615800321102142 0
1675608811605 0.1054670587182045 0
1675608811831 0.1031109094619751 0
1675608812032 0.09930755198001862 0
1675608812284 0.09807494282722473 0
1675608812499 0.09512977302074432 0
1675608812830 0.09365962445735931 0
1675608813074 0.09027565270662308 0
1675608813371 0.08963817358016968 0
1675608813601 0.08548864722251892 0
1675608813880 0.0848575308918953 0
1675608814096 0.08165134489536285 0
1675608814322 0.08043250441551208 0
1675608814537 0.07751864939928055 0
1675608814767 0.0754384696483612 0
1675608815001 0.0739784836769104 0
1675608815237 0.07209254056215286 0
1675608815455 0.06988848000764847 0
1675608817124 0.06917241215705872 0
1675608817433 0.06775860488414764 0
1675608817721 0.06454069167375565 0
1675608817994 0.06144443899393082 0
1675608818191 0.058582328259944916 0
1675608818394 0.05708075687289238 0
1675608818619 0.056815918534994125 0
1675608818816 0.052765727043151855 0
1675608819034 0.05245938524603844 0
1675608819290 0.05363340303301811 0
1675608819513 0.04915641248226166 0
1675608819741 0.04893747344613075 0
1675608819946 0.04589660093188286 0
1675608820175 0.04698044806718826 0
1675608820430 0.046181079000234604 0
1675608820671 0.04141329228878021 0
1675608820971 0.04115354269742966 0
1675608821217 0.03981489688158035 0
1675608821458 0.039842359721660614 0
1675608821741 0.0427640862762928 0
1675608821960 0.0366680733859539 0
1675608822165 0.03491709753870964 0
1675608822392 0.03535575419664383 0
1675608822601 0.033396024256944656 0
1675608822811 0.032743874937295914 0
1675608823041 0.03364098072052002 0
1675608823254 0.031328603625297546 0
1675608823505 0.032919347286224365 0
1675608823721 0.028746725991368294 0
1675608823948 0.028084350749850273 0
1675608824229 0.03191869333386421 0
1675608824445 0.027237406000494957 0
1675608824681 0.028328372165560722 0
1675608824912 0.02740655466914177 0
1675608825136 0.026311593130230904 0
1675608825376 0.02647816576063633 0
1675608825589 0.023679329082369804 0
1675608825823 0.025731978937983513 0
1675608826016 0.021773386746644974 0
1675608826233 0.022402476519346237 0
1675608826441 0.021901171654462814 0
1675608826654 0.021681202575564384 0
1675608826914 0.02303686924278736 0
1675608827110 0.019078152254223824 0
1675608827313 0.01926971599459648 0
1675608827537 0.018694626167416573 0
1675608827778 0.021526947617530823 0
1675608827996 0.019877586513757706 0
1675608828206 0.018294205889105797 0
1675608828429 0.019254419952630997 0
1675608828643 0.017392830923199654 0
1675608828865 0.01778809167444706 0
1675608829060 0.01591295376420021 0
1675608829325 0.020932137966156006 0
1675608829562 0.0189103614538908 0
1675608829774 0.01673320308327675 0
1675608829976 0.015775857493281364 0
1675608830217 0.019220996648073196 0
1675608830451 0.017796605825424194 0
1675608830665 0.0163041353225708 0
1675608830885 0.015562975779175758 0
1675608831103 0.014340381138026714 0
1675608831310 0.014578375965356827 0
1675608831564 0.016163699328899384 0
1675608831784 0.015284030698239803 0
1675608832006 0.01501134317368269 0
1675608832242 0.016722986474633217 0
1675608832452 0.013861375860869884 0
1675608832696 0.01653064601123333 0
1675608832929 0.014817224815487862 0
1675608833165 0.016171883791685104 0
1675608833402 0.015399339608848095 0
1675608833633 0.014532948844134808 0
1675608833850 0.013633422553539276 0
1675608834064 0.01320166327059269 0
1675608834281 0.013694006949663162 0
1675608834473 0.011237256228923798 0
1675608834719 0.015564587898552418 0
1675608834981 0.01699119620025158 0
1675608835214 0.013543030247092247 0
1675608835432 0.0127546526491642 0
1675608835629 0.011310494504868984 0
1675608835818 0.009734765626490116 0
1675608836026 0.01110923197120428 0
1675608836256 0.013470378704369068 0
1675608836454 0.011170070618391037 0
1675608836678 0.012810362502932549 0
1675608836909 0.012759550474584103 0
1675608837127 0.012249505147337914 0
1675608837357 0.012402615509927273 0
1675608837604 0.01230394933372736 0
1675608837833 0.012242564931511879 0
1675608838049 0.011732625775039196 0
1675608838282 0.013055868446826935 0
1675608838507 0.011680703610181808 0
1675608838720 0.010831562802195549 0
1675608838957 0.011570204980671406 0
1675608839189 0.01104429829865694 0
1675608839389 0.009461643174290657 0
1675608839603 0.010545453988015652 0
1675608839813 0.010650460608303547 0
1675608840003 0.008894428610801697 0
1675608840201 0.009910482913255692 0
1675608840422 0.011061422526836395 0
1675608840650 0.01137454528361559 0
1675608840860 0.010365785099565983 0
1675608841066 0.010189243592321873 0
1675608841298 0.012553433887660503 0
1675608841520 0.011177432723343372 0
1675608841752 0.010910925455391407 0
1675608841983 0.01233613770455122 0
1675608842211 0.01153852790594101 0
1675608842433 0.011552090756595135 0
1675608842636 0.009523485787212849 0
1675608842841 0.00956521462649107 0
1675608843070 0.011420417577028275 0
1675608843304 0.01163941528648138 0
1675608843516 0.010295218788087368 0
1675608843725 0.009248791262507439 0
1675608843933 0.009870040230453014 0
1675608844137 0.009190734475851059 0
1675608844369 0.011596281081438065 0
1675608844578 0.009793998673558235 0
1675608844786 0.008950253017246723 0
1675608844994 0.009771677665412426 0
1675608845241 0.012530728243291378 0
1675608845450 0.009335741400718689 0
1675608845664 0.009367847815155983 0
1675608845900 0.01147408690303564 0
1675608846160 0.011427173390984535 0
1675608846390 0.009119776077568531 0
1675608846638 0.010163742117583752 0
1675608846897 0.007829761132597923 0
1675608847133 0.009197259321808815 0
1675608847337 0.009055319242179394 0
1675608847581 0.010512926615774632 0
1675608847807 0.01086493767797947 0
1675608848035 0.010436330921947956 0
1675608848249 0.009666434489190578 0
1675608848452 0.00917137786746025 0
1675608848690 0.011242381297051907 0
1675608848908 0.010243676602840424 0
1675608849147 0.011350099928677082 0
1675608849371 0.01087630819529295 0
1675608849615 0.011693507432937622 0
1675608849873 0.011588580906391144 0
1675608850100 0.010720687918365002 0
1675608850335 0.010294929146766663 0
1675608850566 0.010536082088947296 0
1675608850799 0.011020244099199772 0
1675608851044 0.010170250199735165 0
1675608851275 0.010413833893835545 0
1675608851512 0.009983781725168228 0
1675608851801 0.010004005394876003 0
1675608852072 0.00879046879708767 0
1675608852365 0.010968520306050777 0
1675608852605 0.00971467886120081 0
1675608854494 0.010482137091457844 0
1675608854782 0.01125497929751873 0
1675608855030 0.010415279306471348 0
1675608855284 0.010588306002318859 0
1675608855498 0.009119180031120777 0
1675608855709 0.00988531019538641 0
1675608855927 0.008775153197348118 0
1675608856158 0.009038211777806282 0
1675608856425 0.009655901230871677 0
1675608856693 0.011820109561085701 0
1675608857007 0.012478490360081196 0
1675608857291 0.010523890145123005 0
1675608857579 0.009527591057121754 0
1675608857820 0.008179515600204468 0
1675608858145 0.010874440893530846 0
1675608858453 0.010354982689023018 0
1675608858663 0.0077985916286706924 0
1675608858890 0.009387785568833351 0
1675608859137 0.01121076475828886 0
1675608859351 0.007705860771238804 0
1675608859570 0.008915265090763569 0
1675608859808 0.010448422282934189 0
1675608860038 0.010027214884757996 0
1675608860260 0.009295876137912273 0
1675608860503 0.011261483654379845 0
1675608860752 0.011227134615182877 0
1675608860972 0.008988884277641773 0
1675608861207 0.010155326686799526 0
1675608861426 0.009126038290560246 0
1675608861657 0.00989897083491087 0
1675608861873 0.008901139721274376 0
1675608862094 0.008860909380018711 0
1675608862331 0.01036747545003891 0
1675608862598 0.010986440815031528 0
1675608862811 0.008598119020462036 0
1675608863056 0.010750911198556423 0
1675608863287 0.010403420776128769 0
1675608863505 0.00894822645932436 0
1675608863726 0.009482242166996002 0
1675608863921 0.00764882005751133 0
1675608864139 0.0088901836425066 0
1675608864363 0.009486351162195206 0
1675608864594 0.010214644484221935 0
1675608864816 0.009106907062232494 0
1675608865029 0.00885571539402008 0
1675608865250 0.009029120206832886 0
1675608865475 0.009639820083975792 0
1675608865721 0.011769910342991352 0
1675608865968 0.00979671347886324 0
1675608866228 0.010778240859508514 0
1675608866434 0.008193306624889374 0
1675608866668 0.010126454755663872 0
1675608866883 0.008544682525098324 0
1675608867125 0.0111227473244071 0
1675608867378 0.010012118145823479 0
1675608867609 0.007701059337705374 0
1675608867824 0.00829133577644825 0
1675608868056 0.010129730217158794 0
1675608868297 0.01114631723612547 0
1675608868548 0.01137855276465416 0
1675608868836 0.013516142964363098 0
1675608869076 0.009694851003587246 0
1675608869325 0.010997145436704159 0
1675608869538 0.008388087153434753 0
1675608869762 0.008760293014347553 0
1675608870003 0.010151993483304977 0
1675608870222 0.008568175137043 0
1675608870487 0.008634577505290508 0
1675608870740 0.00929216668009758 0
1675608871052 0.013213037513196468 0
1675608871293 0.008596916683018208 0
1675608871556 0.010024228133261204 0
1675608871814 0.00849052146077156 0
1675608872035 0.007599084638059139 0
1675608872300 0.009881961159408092 0
1675608872553 0.009532124735414982 0
1675608872773 0.008573249913752079 0
1675608873015 0.009162993170320988 0
1675608873271 0.009208759292960167 0
1675608873545 0.00836233515292406 0
1675608873807 0.010778829455375671 0
1675608874043 0.009543697349727154 0
1675608874291 0.01000942476093769 0
1675608874554 0.011208666488528252 0
1675608874798 0.009279864840209484 0
1675608875068 0.011416464112699032 0
1675608875341 0.009504069574177265 0
1675608875594 0.007863546721637249 0
1675608875843 0.00933150015771389 0
1675608876083 0.008922303095459938 0
1675608876322 0.008778953924775124 0
1675608876550 0.008387538604438305 0
1675608876794 0.008975980803370476 0
1675608877025 0.009949109517037868 0
1675608877239 0.009008406661450863 0
1675608877462 0.0087559400126338 0
1675608877685 0.008520836010575294 0
1675608877914 0.010126621462404728 0
1675608878159 0.01075962744653225 0
1675608878417 0.011204627342522144 0
1675608878641 0.009335306473076344 0
1675608878855 0.008762924931943417 0
1675608879077 0.009088538587093353 0
1675608879299 0.009297394193708897 0
1675608879518 0.008760934695601463 0
1675608879747 0.01008844468742609 0
1675608879983 0.010462756268680096 0
1675608880246 0.010857497341930866 0
1675608880523 0.01013784296810627 0
1675608880752 0.00858468096703291 0
1675608880998 0.009736988693475723 0
1675608881266 0.0109866289421916 0
1675608881494 0.009432964026927948 0
1675608881707 0.008816278539597988 0
1675608881921 0.008955799974501133 0
1675608882159 0.00975009799003601 0
1675608882389 0.009944821707904339 0
1675608882613 0.009289562702178955 0
1675608882856 0.010373798198997974 0
1675608883103 0.009452493861317635 0
1675608883389 0.009850594215095043 0
1675608883633 0.0070920479483902454 0
1675608883866 0.008696665987372398 0
1675608884124 0.010125498287379742 0
1675608884355 0.008426249958574772 0
1675608884619 0.00967409834265709 0
1675608884914 0.014272472821176052 0
1675608885119 0.008434316143393517 0
1675608885344 0.0095677450299263 0
1675608885586 0.00940486416220665 0
1675608885786 0.0074233366176486015 0
1675608886033 0.010921694338321686 0
1675608886252 0.008292023092508316 0
1675608886516 0.011745855212211609 0
1675608886748 0.008614232763648033 0
1675608886981 0.009468461386859417 0
1675608887222 0.010005067102611065 0
1675608887457 0.00852316152304411 0
1675608887704 0.00956584420055151 0
1675608887928 0.008531356230378151 0
1675608888154 0.009731505066156387 0
1675608888394 0.01099971029907465 0
1675608888603 0.008625124581158161 0
1675608888813 0.008153176866471767 0
1675608889019 0.0067235915921628475 0
1675608889224 0.00812295638024807 0
1675608889498 0.013119294308125973 0
1675608889709 0.008593196049332619 0
1675608889958 0.011895010247826576 0
1675608890196 0.011272548697888851 0
1675608890452 0.011575614102184772 0
1675608890700 0.008933068253099918 0
1675608890920 0.008726533502340317 0
1675608891148 0.009703719057142735 0
1675608891362 0.00881732814013958 0
1675608891605 0.010333533398807049 0
1675608891835 0.010568294674158096 0
1675608893313 0.011197088286280632 0
1675608893517 0.0078585771843791 0
1675608893735 0.009081734344363213 0
1675608893980 0.011422275565564632 0
1675608894170 0.007094543427228928 0
1675608894408 0.010623824782669544 0
1675608894614 0.007764996029436588 0
1675608894832 0.007642410695552826 0
1675608895129 0.010696354322135448 0
1675608895356 0.007449071854352951 0
1675608895579 0.00918169878423214 0
1675608895818 0.010666865855455399 0
1675608896046 0.01050506066530943 0
1675608896270 0.008809475228190422 0
1675608896509 0.008703459054231644 0
1675608896743 0.010076279751956463 0
1675608896962 0.009315135888755322 0
1675608897225 0.01253580767661333 0
1675608897481 0.011099281720817089 0
1675608897737 0.012637907639145851 0
1675608897954 0.010031157173216343 0
1675608898153 0.008156037889420986 0
1675608898353 0.007936906069517136 0
1675608898569 0.008697845041751862 0
1675608898788 0.007885655388236046 0
1675608899021 0.009270356968045235 0
1675608899241 0.00803748331964016 0
1675608899471 0.008414813317358494 0
1675608899692 0.009142842143774033 0
1675608899894 0.008099302649497986 0
1675608900106 0.008992494083940983 0
1675608900323 0.010099954903125763 0
1675608900554 0.010873873718082905 0
1675608900769 0.008735423907637596 0
1675608900994 0.010370959527790546 0
1675608901222 0.01100184116512537 0
1675608901444 0.010407705791294575 0
1675608901650 0.008819185197353363 0
1675608901856 0.009043904021382332 0
1675608902080 0.010339039377868176 0
1675608902327 0.008944714441895485 0
1675608902575 0.009679283946752548 0
1675608902809 0.008817531168460846 0
1675608903052 0.010642056353390217 0
1675608903316 0.012338916771113873 0
1675608903523 0.00807372760027647 0
1675608903758 0.010474223643541336 0
1675608903981 0.01011512242257595 0
1675608904187 0.008347414433956146 0
1675608904390 0.007458523381501436 0
1675608904596 0.007654647808521986 0
1675608904829 0.00908030103892088 0
1675608905076 0.00903057586401701 0
1675608905313 0.008981127291917801 0
1675608905542 0.008449186570942402 0
1675608905783 0.010706683620810509 0
1675608905983 0.007542147766798735 0
1675608906198 0.008817717432975769 0
1675608906428 0.009643809869885445 0
1675608906666 0.010331484489142895 0
1675608906892 0.009730282239615917 0
1675608907107 0.008853521198034286 0
1675608907367 0.01052174810320139 0
1675608907633 0.010940312407910824 0
1675608907847 0.008793987333774567 0
1675608908089 0.010199028998613358 0
1675608908333 0.010291310958564281 0
1675608908564 0.009240721352398396 0
1675608908818 0.010586235672235489 0
1675608909032 0.008521820418536663 0
1675608909273 0.01069696992635727 0
1675608909470 0.006885469425469637 0
1675608909761 0.011495104990899563 0
1675608909990 0.008566380478441715 0
1675608910259 0.012691410258412361 0
1675608910498 0.010148434899747372 0
1675608910716 0.009206041693687439 0
1675608910968 0.010565226897597313 0
1675608911225 0.008805765770375729 0
1675608911521 0.010151769034564495 0
1675608911789 0.009937950409948826 0
1675608912113 0.01222708448767662 0
1675608912398 0.011111928150057793 0
1675608912661 0.010390957817435265 0
1675608912887 0.009472668170928955 0
1675608913134 0.01137472689151764 0
1675608913416 0.010081705637276173 0
1675608913663 0.009246144443750381 0
1675608913939 0.009676569141447544 0
1675608914187 0.009673403576016426 0
1675608914448 0.006919143721461296 0
1675608914781 0.010010416619479656 0
1675608915132 0.010216069407761097 0
1675608915385 0.007686852477490902 0
1675608915652 0.00845590140670538 0
1675608915941 0.008264369331300259 0
1675608916185 0.008466904051601887 0
1675608916426 0.009942684322595596 0
1675608916683 0.00912060309201479 0
1675608916910 0.008164196275174618 0
1675608917177 0.010662813670933247 0
1675608917476 0.010860280133783817 0
1675608917784 0.011243634857237339 0
1675608918054 0.009481632150709629 0
1675608918339 0.00951096136122942 0
1675608918574 0.008846748620271683 0
1675608918802 0.008336848579347134 0
1675608919072 0.010348541662096977 0
1675608919287 0.008354284800589085 0
1675608919518 0.009730547666549683 0
1675608919769 0.010274498723447323 0
1675608920071 0.010938960127532482 0
1675608920323 0.010965438559651375 0
1675608920533 0.008973652496933937 0
1675608920766 0.010552924126386642 0
1675608920994 0.00945919007062912 0
1675608921209 0.009332067333161831 0
1675608921432 0.009061221033334732 0
1675608921688 0.009521691128611565 0
1675608921926 0.0088625717908144 0
1675608922156 0.008700513280928135 0
1675608922405 0.009614535607397556 0
1675608922622 0.008306390605866909 0
1675608922849 0.009246781468391418 0
1675608923055 0.007624883204698563 0
1675608923279 0.008621892891824245 0
1675608923492 0.008628542535007 0
1675608923703 0.008676880039274693 0
1675608923910 0.008837244473397732 0
1675608924129 0.009373449720442295 0
1675608924351 0.009474026039242744 0
1675608924611 0.011008855886757374 0
1675608924849 0.01015514601022005 0
1675608925045 0.007333606015890837 0
1675608925282 0.010877510532736778 0
1675608925518 0.010987620800733566 0
1675608925715 0.007943125441670418 0
1675608925934 0.009449072182178497 0
1675608926157 0.009955517947673798 0
1675608926386 0.010370510630309582 0
1675608926593 0.008812855929136276 0
1675608926797 0.008345989510416985 0
1675608927008 0.008647863753139973 0
1675608927236 0.010179891251027584 0
1675608927499 0.011935087852180004 0
1675608927802 0.013496733270585537 0
1675608928050 0.01220399048179388 0
1675608928271 0.009685948491096497 0
1675608928507 0.009023729711771011 0
1675608928739 0.008795689791440964 0
1675608928998 0.009344445541501045 0
1675608929256 0.010065690614283085 0
1675608929522 0.008870882913470268 0
1675608929742 0.009039293974637985 0
1675608929971 0.009048240259289742 0
1675608930187 0.009064100682735443 0
1675608930439 0.010155698284506798 0
