1675467801394 0.7324525117874146 0
1675467801614 0.7275103330612183 0
1675467801822 0.7231079339981079 0
1675467802001 0.7186257839202881 0
1675467802217 0.7118648290634155 0
1675467802500 0.7034261226654053 0
1675467802698 0.7015298008918762 0
1675467802931 0.6965118646621704 0
1675467803138 0.690635621547699 0
1675467803355 0.6856280565261841 0
1675467803615 0.6802226305007935 0
1675467803895 0.6757990121841431 0
1675467804108 0.6717461347579956 0
1675467804365 0.664573073387146 0
1675467804603 0.6608315110206604 0
1675467804806 0.6568329930305481 0
1675467805052 0.6548954248428345 0
1675467805244 0.6508329510688782 0
1675467805492 0.6442170143127441 0
1675467805690 0.6409213542938232 0
1675467805875 0.6362677812576294 0
1675467806121 0.6321606636047363 0
1675467806389 0.6274004578590393 0
1675467806632 0.6266807317733765 0
1675467806846 0.6229075193405151 0
1675467807080 0.61867356300354 0
1675467807283 0.6177266240119934 0
1675467807522 0.6121293902397156 0
1675467807761 0.6098228693008423 0
1675467807977 0.6095867156982422 0
1675467808231 0.6039237976074219 0
1675467808460 0.6006395220756531 0
1675467808682 0.599549412727356 0
1675467808882 0.5985093712806702 0
1675467809089 0.5952735543251038 0
1675467809288 0.5905816555023193 0
1675467809519 0.5890694260597229 0
1675467809743 0.588134229183197 0
1675467809960 0.5856578350067139 0
1675467810202 0.5844697952270508 0
1675467810391 0.5805317759513855 0
1675467810594 0.5807698369026184 0
1675467810827 0.5731677412986755 0
1675467811036 0.5764736533164978 0
1675467811261 0.5727714896202087 0
1675467811481 0.5699383020401001 0
1675467811723 0.5674291253089905 0
1675467812011 0.5668308138847351 0
1675467812246 0.5636810064315796 0
1675467812507 0.5646860003471375 0
1675467812726 0.5616559386253357 0
1675467812957 0.5585277676582336 0
1675467813237 0.5537094473838806 0
1675467813507 0.5559076070785522 0
1675467813718 0.5552617311477661 0
1675467813952 0.5554124116897583 0
1675467814209 0.5506629943847656 0
1675467814480 0.5485281944274902 0
1675467814807 0.545866847038269 0
1675467815067 0.5455670952796936 0
1675467815384 0.5430810451507568 0
1675467815608 0.5427003502845764 0
1675467815886 0.5408321619033813 0
1675467816149 0.5406026840209961 0
1675467816384 0.5414454340934753 0
1675467816573 0.5430078506469727 0
1675467816849 0.5363662838935852 0
1675467817104 0.5397657155990601 0
1675467817346 0.5361173748970032 0
1675467817593 0.5369604229927063 0
1675467817766 0.5370920896530151 0
1675467817950 0.5364882349967957 0
1675467818228 0.5335865616798401 0
1675467818463 0.5315754413604736 0
1675467818708 0.5300902724266052 0
1675467818930 0.5305535197257996 0
1675467819176 0.5252960324287415 0
1675467819387 0.527824878692627 0
1675467819723 0.5220400094985962 0
1675467819920 0.5271742939949036 0
1675467820101 0.5297433733940125 0
1675467820323 0.5253158807754517 0
1675467820551 0.5253201723098755 0
1675467820854 0.5193925499916077 0
1675467821144 0.5182065367698669 0
1675467821363 0.5221385955810547 0
1675467821557 0.5236070156097412 0
1675467821798 0.5163949728012085 0
1675467822016 0.5204586982727051 0
1675467822305 0.5144192576408386 0
1675467822515 0.5170925855636597 0
1675467822724 0.517545223236084 0
1675467823003 0.5117892622947693 0
1675467823253 0.5153082013130188 0
1675467823443 0.5150943398475647 0
1675467823677 0.5169556140899658 0
1675467823873 0.5170533657073975 0
1675467824060 0.5173466801643372 0
1675467824304 0.5124173164367676 0
1675467824530 0.5117602348327637 0
1675467824794 0.5098686218261719 0
1675467825023 0.511930525302887 0
1675467825246 0.5104544162750244 0
1675467825468 0.5126622319221497 0
1675467825678 0.514187753200531 0
1675467825904 0.5116097927093506 0
1675467826154 0.5092819333076477 0
1675467826409 0.5053313374519348 0
1675467826694 0.5057849287986755 0
1675467826921 0.5090145468711853 0
1675467827187 0.5046560168266296 0
1675467827484 0.5005995631217957 0
1675467827734 0.5023325681686401 0
1675467828022 0.4991508722305298 0
1675467828283 0.5062512755393982 0
1675467828555 0.5023446083068848 0
1675467828812 0.5030580163002014 0
1675467829093 0.5047355890274048 0
1675467829313 0.5053308010101318 0
1675467829570 0.50410395860672 0
1675467829823 0.5000396966934204 0
1675467830033 0.5025334358215332 0
1675467830295 0.499825656414032 0
1675467830520 0.5016538500785828 0
1675467830741 0.4999755322933197 0
1675467830984 0.5014061331748962 0
1675467831214 0.5033971667289734 0
1675467831435 0.49994832277297974 0
1675467831664 0.5007067918777466 0
1675467831858 0.5009222626686096 0
1675467832088 0.49883177876472473 0
1675467832312 0.4967306852340698 0
1675467832565 0.4981945753097534 0
1675467832841 0.49396416544914246 0
1675467833052 0.4990924894809723 0
1675467833311 0.4971320927143097 0
1675467833559 0.49406006932258606 0
1675467833808 0.4934743344783783 0
1675467834034 0.4980984926223755 0
1675467834256 0.4969915747642517 0
1675467834465 0.4977762997150421 0
1675467834690 0.4963859021663666 0
1675467834951 0.49395766854286194 0
1675467835198 0.4926430284976959 0
1675467835419 0.4956943690776825 0
1675467835719 0.49258700013160706 0
1675467835934 0.4963092803955078 0
1675467836151 0.4960903227329254 0
1675467836450 0.4859085977077484 0
1675467836699 0.49171099066734314 0
1675467836935 0.4911861717700958 0
1675467837160 0.49538594484329224 0
1675467837388 0.4905915856361389 0
1675467837637 0.4935755133628845 0
1675467837871 0.4908312261104584 0
1675467838097 0.4942111670970917 0
1675467838319 0.4911644756793976 0
1675467840470 0.4917893409729004 0
1675467840706 0.4902417063713074 0
1675467840975 0.48725396394729614 0
1675467841256 0.4886775612831116 0
1675467841454 0.4930896461009979 0
1675467841660 0.4930686354637146 0
1675467841896 0.4892890453338623 0
1675467842058 0.4956439137458801 0
1675467842242 0.4916836619377136 0
1675467842493 0.4875428378582001 0
1675467842744 0.4888036847114563 0
1675467842959 0.48932504653930664 0
1675467843134 0.4931064546108246 0
1675467843316 0.49310651421546936 0
1675467843559 0.4848770797252655 0
1675467843818 0.48318353295326233 0
1675467844035 0.48654231429100037 0
1675467844294 0.48522311449050903 0
1675467844503 0.4884139597415924 0
1675467844764 0.48732489347457886 0
1675467844998 0.4845622777938843 0
1675467845197 0.48835843801498413 0
1675467845420 0.4864395558834076 0
1675467845694 0.4846053719520569 0
1675467845869 0.49123257398605347 0
1675467846136 0.48183685541152954 0
1675467846357 0.48639976978302 0
1675467846660 0.47723686695098877 0
1675467846910 0.4826052486896515 0
1675467847144 0.48791345953941345 0
1675467847381 0.4839186668395996 0
1675467847686 0.478302001953125 0
1675467847944 0.47850608825683594 0
1675467848183 0.48378804326057434 0
1675467848425 0.4838263988494873 0
1675467848611 0.4878498315811157 0
1675467848828 0.48671719431877136 0
1675467849070 0.4835207760334015 0
1675467849327 0.4821402430534363 0
1675467849552 0.48406046628952026 0
1675467849775 0.4817524552345276 0
1675467850042 0.4805152118206024 0
1675467850324 0.4792267382144928 0
1675467850577 0.4793878197669983 0
1675467850787 0.4833844006061554 0
1675467851053 0.4791397154331207 0
1675467851284 0.4815181493759155 0
1675467851519 0.48012635111808777 0
1675467851747 0.47992852330207825 0
1675467852040 0.47682568430900574 0
1675467852341 0.47744742035865784 0
1675467852560 0.48096999526023865 0
1675467852795 0.48248428106307983 0
1675467853037 0.4790117144584656 0
1675467853289 0.47880855202674866 0
1675467853508 0.48409220576286316 0
1675467853715 0.48303887248039246 0
1675467853973 0.47980257868766785 0
1675467854215 0.4806213974952698 0
1675467854417 0.48215970396995544 0
1675467854613 0.48233914375305176 0
1675467854826 0.48204949498176575 0
1675467855052 0.4791122078895569 0
1675467855272 0.48162055015563965 0
1675467855499 0.47801315784454346 0
1675467855745 0.4792303740978241 0
1675467855986 0.4762457609176636 0
1675467856147 0.4887482225894928 0
1675467856392 0.4765741527080536 0
1675467856599 0.4839521646499634 0
1675467856825 0.47850728034973145 0
1675467857059 0.4763491451740265 0
1675467857297 0.47600796818733215 0
1675467857572 0.47348442673683167 0
1675467857791 0.47679218649864197 0
1675467857998 0.48096925020217896 0
1675467858215 0.47642940282821655 0
1675467858466 0.47923997044563293 0
1675467858750 0.4707240164279938 0
1675467858983 0.47588208317756653 0
1675467859226 0.4752090573310852 0
1675467859443 0.480284720659256 0
1675467859668 0.47516024112701416 0
1675467859970 0.47004935145378113 0
1675467860141 0.4813616871833801 0
1675467860365 0.4778978228569031 0
1675467860558 0.4775296151638031 0
1675467860826 0.47211751341819763 0
1675467861095 0.47083401679992676 0
1675467861332 0.47368094325065613 0
1675467861601 0.4721531867980957 0
1675467861807 0.47792601585388184 0
1675467862019 0.4744512140750885 0
1675467862270 0.47371745109558105 0
1675467862558 0.46953704953193665 0
1675467862776 0.47591260075569153 0
1675467863018 0.47184115648269653 0
1675467863230 0.47698113322257996 0
1675467863449 0.4744025468826294 0
1675467863680 0.47495174407958984 0
1675467863938 0.4727271795272827 0
1675467864208 0.4664362370967865 0
1675467864442 0.4759086072444916 0
1675467864692 0.47334200143814087 0
1675467864966 0.46892938017845154 0
1675467865262 0.46604830026626587 0
1675467865516 0.47466158866882324 0
1675467865749 0.4732939898967743 0
1675467866030 0.47218620777130127 0
1675467866330 0.4722880721092224 0
1675467866527 0.47504666447639465 0
1675467866751 0.47229400277137756 0
1675467867043 0.4665059447288513 0
1675467867389 0.462323933839798 0
1675467867642 0.47268348932266235 0
1675467867904 0.4666734039783478 0
1675467868185 0.47244611382484436 0
1675467868425 0.4735448956489563 0
1675467868660 0.4718800187110901 0
1675467868887 0.4741832911968231 0
1675467869110 0.4741394817829132 0
1675467869337 0.4718954265117645 0
1675467869611 0.4694696068763733 0
1675467869851 0.4704117178916931 0
1675467870084 0.46833258867263794 0
1675467870291 0.475114643573761 0
1675467870522 0.47452157735824585 0
1675467870798 0.47136491537094116 0
1675467870999 0.47353556752204895 0
1675467871231 0.46991419792175293 0
1675467871439 0.4746846854686737 0
1675467871663 0.470234215259552 0
1675467871884 0.47216179966926575 0
1675467872112 0.4727216958999634 0
1675467872384 0.4698166847229004 0
1675467872643 0.470978319644928 0
1675467872940 0.4665127098560333 0
1675467873190 0.468033105134964 0
1675467873401 0.47341111302375793 0
1675467873627 0.46959811449050903 0
1675467873876 0.4684184491634369 0
1675467874098 0.47075873613357544 0
1675467874336 0.4695115387439728 0
1675467874598 0.46816712617874146 0
1675467874825 0.47020336985588074 0
1675467875111 0.46227526664733887 0
1675467875349 0.4691940248012543 0
1675467875577 0.47183623909950256 0
1675467875784 0.47166597843170166 0
1675467876003 0.468689888715744 0
1675467876235 0.4688410758972168 0
1675467876455 0.4692649245262146 0
1675467876695 0.46896710991859436 0
1675467876968 0.46961724758148193 0
1675467877162 0.47105860710144043 0
1675467877424 0.4684401750564575 0
1675467877663 0.4672923684120178 0
1675467879829 0.4674765467643738 0
1675467880048 0.4700426459312439 0
1675467880320 0.46669918298721313 0
1675467880602 0.4643847346305847 0
1675467880850 0.4643670916557312 0
1675467881115 0.4665253758430481 0
1675467881366 0.46864187717437744 0
1675467881556 0.471597820520401 0
1675467881780 0.46833550930023193 0
1675467882038 0.46508410573005676 0
1675467882249 0.4717182219028473 0
1675467882492 0.465664803981781 0
1675467882778 0.46057865023612976 0
1675467883035 0.46637141704559326 0
1675467883260 0.47051411867141724 0
1675467883523 0.46648669242858887 0
1675467883736 0.47128769755363464 0
1675467883973 0.46772095561027527 0
1675467884227 0.4639165699481964 0
1675467884475 0.46858683228492737 0
1675467884675 0.46941637992858887 0
1675467884898 0.46470344066619873 0
1675467885136 0.4636056125164032 0
1675467885378 0.4670293629169464 0
1675467885622 0.4648975431919098 0
1675467885876 0.46158936619758606 0
1675467886125 0.46453559398651123 0
1675467886387 0.46559134125709534 0
1675467886589 0.46891120076179504 0
1675467886854 0.4641534388065338 0
1675467887186 0.45785218477249146 0
1675467887420 0.464535653591156 0
1675467887667 0.4669821560382843 0
1675467887887 0.4692130386829376 0
1675467888082 0.4734335243701935 0
1675467888301 0.46534931659698486 0
1675467888574 0.46140798926353455 0
1675467888782 0.4657697081565857 0
1675467889019 0.4676646590232849 0
1675467889250 0.46378377079963684 0
1675467889468 0.46645820140838623 0
1675467889667 0.46730753779411316 0
1675467889859 0.46772053837776184 0
1675467890140 0.46217820048332214 0
1675467890373 0.4637788236141205 0
1675467890627 0.4666560888290405 0
1675467890853 0.46396738290786743 0
1675467891102 0.46239420771598816 0
1675467891356 0.4620327353477478 0
1675467891568 0.4662910997867584 0
1675467891829 0.4629073441028595 0
1675467892042 0.4663705825805664 0
1675467892288 0.4619181454181671 0
1675467892534 0.46530917286872864 0
1675467892790 0.46205586194992065 0
1675467893052 0.4606195092201233 0
1675467893265 0.46724188327789307 0
1675467893492 0.4639957547187805 0
1675467893736 0.46042513847351074 0
1675467893946 0.46637389063835144 0
1675467894195 0.4622270464897156 0
1675467894405 0.46605122089385986 0
1675467894643 0.4632594883441925 0
1675467894894 0.4610283076763153 0
1675467895089 0.4677101671695709 0
1675467895304 0.46926790475845337 0
1675467895545 0.4607720971107483 0
1675467895784 0.46379202604293823 0
1675467896033 0.461075097322464 0
1675467896303 0.4564097225666046 0
1675467896539 0.46432313323020935 0
1675467896772 0.46179792284965515 0
1675467897026 0.4653259217739105 0
1675467897348 0.45749151706695557 0
1675467897549 0.4697049856185913 0
1675467897756 0.46407485008239746 0
1675467897979 0.4633294641971588 0
1675467898233 0.45991435647010803 0
1675467898448 0.4662938117980957 0
1675467898710 0.4598853290081024 0
1675467898942 0.462301105260849 0
1675467899178 0.46091511845588684 0
1675467899423 0.4597831666469574 0
1675467899661 0.46078965067863464 0
1675467899881 0.4614671766757965 0
1675467900136 0.4591413140296936 0
1675467900385 0.4619961082935333 0
1675467900635 0.4609200060367584 0
1675467900841 0.465761661529541 0
1675467901069 0.46096882224082947 0
1675467901278 0.4640684127807617 0
1675467901533 0.45708394050598145 0
1675467901773 0.4632696509361267 0
1675467901973 0.46672430634498596 0
1675467902226 0.4621577262878418 0
1675467902476 0.4590342342853546 0
1675467902743 0.4567807912826538 0
1675467902971 0.46082261204719543 0
1675467903212 0.4593367576599121 0
1675467903447 0.45969659090042114 0
1675467903732 0.4582903981208801 0
1675467903961 0.4638747572898865 0
1675467904201 0.4593833386898041 0
1675467904454 0.4624728858470917 0
1675467904700 0.4606629014015198 0
1675467904964 0.4579116404056549 0
1675467905137 0.46804702281951904 0
1675467905368 0.4622529447078705 0
1675467905618 0.4599822759628296 0
1675467905795 0.4657612442970276 0
1675467906059 0.4562784433364868 0
1675467906231 0.4675482213497162 0
1675467906470 0.45653045177459717 0
1675467906679 0.4632794260978699 0
1675467906892 0.46384963393211365 0
1675467907087 0.4665856957435608 0
1675467907294 0.4619426727294922 0
1675467907512 0.4619086980819702 0
1675467907757 0.45592257380485535 0
1675467907973 0.4625645577907562 0
1675467908266 0.45228561758995056 0
1675467908479 0.46020060777664185 0
1675467908731 0.45596200227737427 0
1675467908989 0.454691082239151 0
1675467909187 0.4639509320259094 0
1675467909402 0.46028780937194824 0
1675467909654 0.4542112946510315 0
1675467909844 0.46413516998291016 0
1675467910074 0.46000778675079346 0
1675467910300 0.45527344942092896 0
1675467910522 0.45815038681030273 0
1675467910739 0.46179378032684326 0
1675467910942 0.4627637267112732 0
1675467911149 0.4633965492248535 0
1675467911407 0.4601511061191559 0
1675467911643 0.4572787880897522 0
1675467911893 0.4569748342037201 0
1675467912115 0.4640972912311554 0
1675467912299 0.46857109665870667 0
1675467912535 0.4613438546657562 0
1675467912801 0.45717665553092957 0
1675467913035 0.45771047472953796 0
1675467913348 0.45008864998817444 0
1675467913617 0.4577130675315857 0
1675467913834 0.4639504551887512 0
1675467914043 0.45987436175346375 0
1675467914255 0.46221402287483215 0
1675467914476 0.46172499656677246 0
1675467914756 0.4531382918357849 0
1675467915051 0.4507032036781311 0
1675467915316 0.455492228269577 0
1675467915562 0.4570407569408417 0
1675467915835 0.45434555411338806 0
1675467916114 0.4504842162132263 0
1675467916325 0.46102359890937805 0
1675467916538 0.4609270691871643 0
1675467916807 0.4549693465232849 0
1675467918969 0.4609745144844055 0
1675467919220 0.4545901119709015 0
1675467919453 0.4591083526611328 0
1675467919701 0.4553278386592865 0
1675467919982 0.4545549750328064 0
1675467920213 0.45774996280670166 0
1675467920445 0.45740920305252075 0
1675467920705 0.4566135108470917 0
1675467920923 0.45814645290374756 0
1675467921134 0.4605221152305603 0
1675467921409 0.45572707056999207 0
1675467921627 0.45981064438819885 0
1675467921947 0.44935181736946106 0
1675467922151 0.45903104543685913 0
1675467922362 0.45924681425094604 0
1675467922576 0.46033522486686707 0
1675467922832 0.4527764320373535 0
1675467923083 0.45500802993774414 0
1675467923290 0.45742329955101013 0
1675467923501 0.46060165762901306 0
1675467923684 0.4637047052383423 0
1675467923907 0.45848917961120605 0
1675467924130 0.45945876836776733 0
1675467924375 0.4547605514526367 0
1675467924651 0.4521304965019226 0
1675467924867 0.4569021165370941 0
1675467925099 0.4592787027359009 0
1675467925329 0.45843446254730225 0
1675467925567 0.45595765113830566 0
1675467925858 0.4498242735862732 0
1675467926061 0.4607648253440857 0
1675467926314 0.4543946087360382 0
1675467926540 0.45626771450042725 0
1675467926768 0.45740193128585815 0
1675467927070 0.45090222358703613 0
1675467927316 0.45343655347824097 0
1675467927554 0.45749539136886597 0
1675467927763 0.46071532368659973 0
1675467927997 0.45709994435310364 0
1675467928322 0.4542509615421295 0
1675467928586 0.45362183451652527 0
1675467928863 0.4527474641799927 0
1675467929082 0.4585295021533966 0
1675467929429 0.4464395344257355 0
1675467929714 0.4492333233356476 0
1675467929976 0.4511719346046448 0
1675467930165 0.46049320697784424 0
1675467930377 0.46111464500427246 0
1675467930612 0.4544713795185089 0
1675467930841 0.4534364938735962 0
1675467931095 0.4562523066997528 0
1675467931339 0.45739278197288513 0
1675467931628 0.45035114884376526 0
1675467931808 0.4619152247905731 0
1675467932124 0.44275349378585815 0
1675467932330 0.4582129716873169 0
1675467932529 0.4585734009742737 0
1675467932769 0.4546164870262146 0
1675467932978 0.4586654603481293 0
1675467933206 0.4559714198112488 0
1675467933397 0.4588731527328491 0
1675467933619 0.4609053432941437 0
1675467933885 0.45211634039878845 0
1675467934114 0.4590262174606323 0
1675467934373 0.4542079567909241 0
1675467934579 0.4610198438167572 0
1675467934836 0.4528483748435974 0
1675467935087 0.4517529606819153 0
1675467935301 0.4583500027656555 0
1675467935500 0.4598240256309509 0
1675467935738 0.4569939374923706 0
1675467936016 0.4534589350223541 0
1675467936289 0.45389312505722046 0
1675467936531 0.45344066619873047 0
1675467936771 0.45687615871429443 0
1675467937023 0.45028144121170044 0
1675467937275 0.45424404740333557 0
1675467937487 0.458530068397522 0
1675467937710 0.4549892246723175 0
1675467937980 0.45305800437927246 0
1675467938169 0.4597032368183136 0
1675467938390 0.45546284317970276 0
1675467938651 0.4517926573753357 0
1675467938866 0.4571141004562378 0
1675467939138 0.4524261951446533 0
1675467939348 0.4573054313659668 0
1675467939653 0.4494894742965698 0
1675467939877 0.4556443691253662 0
1675467940082 0.4577607214450836 0
1675467940319 0.4512318968772888 0
1675467940543 0.4537378251552582 0
1675467940790 0.45218077301979065 0
1675467941033 0.45343926548957825 0
1675467941276 0.4545644223690033 0
1675467941483 0.458149254322052 0
1675467941686 0.4567286968231201 0
1675467941913 0.45720839500427246 0
1675467942135 0.4576033651828766 0
1675467942366 0.4521172344684601 0
1675467942581 0.4561871290206909 0
1675467942791 0.4576905369758606 0
1675467943048 0.45460766553878784 0
1675467943281 0.4566381275653839 0
1675467943513 0.4534680247306824 0
1675467943726 0.46051573753356934 0
1675467944005 0.45300713181495667 0
1675467944273 0.4499640464782715 0
1675467944504 0.45809489488601685 0
1675467944707 0.4595194458961487 0
1675467944978 0.45151153206825256 0
1675467945206 0.4538046717643738 0
1675467945447 0.45241308212280273 0
1675467945705 0.448155015707016 0
1675467945942 0.45422065258026123 0
1675467946191 0.4556026756763458 0
1675467946469 0.4493290185928345 0
1675467946714 0.458254337310791 0
1675467946931 0.4535786807537079 0
1675467947158 0.4522624909877777 0
1675467947380 0.4550628066062927 0
1675467947629 0.4506821036338806 0
1675467947851 0.45870545506477356 0
1675467948072 0.457093745470047 0
1675467948286 0.4552796185016632 0
1675467948512 0.4561064541339874 0
1675467948747 0.45408955216407776 0
1675467949061 0.4461033046245575 0
1675467949271 0.45725998282432556 0
1675467949502 0.45222875475883484 0
1675467949733 0.45382609963417053 0
1675467949916 0.4603138864040375 0
1675467950136 0.4580909013748169 0
1675467950349 0.4558454155921936 0
1675467950607 0.4488915801048279 0
1675467950850 0.4518391191959381 0
1675467951086 0.45232176780700684 0
1675467951404 0.4460099935531616 0
1675467951616 0.4592643082141876 0
1675467951836 0.4534335732460022 0
1675467952066 0.4527718126773834 0
1675467952348 0.45020344853401184 0
1675467952572 0.4537655711174011 0
1675467952775 0.45686259865760803 0
1675467953004 0.453634113073349 0
1675467953237 0.4546274244785309 0
1675467953445 0.456313818693161 0
1675467953705 0.4522635340690613 0
1675467953915 0.45469963550567627 0
1675467954159 0.447985976934433 0
1675467954402 0.4516597390174866 0
1675467954627 0.45385587215423584 0
1675467954858 0.4529845118522644 0
1675467955162 0.44844570755958557 0
1675467955434 0.45254793763160706 0
1675467955678 0.452756404876709 0
1675467955977 0.44691944122314453 0
1675467956165 0.455819308757782 0
1675467958309 0.4554036557674408 0
1675467958565 0.45032745599746704 0
1675467958804 0.4510660171508789 0
1675467959067 0.447366863489151 0
1675467959323 0.45036453008651733 0
1675467959620 0.44523105025291443 0
1675467959861 0.4528995752334595 0
1675467960116 0.4485227167606354 0
1675467960330 0.4541487693786621 0
1675467960577 0.4486624598503113 0
1675467960853 0.4506182074546814 0
1675467961155 0.4482153654098511 0
1675467961442 0.4487698972225189 0
1675467961667 0.4555465579032898 0
1675467961934 0.44747403264045715 0
1675467962107 0.462006151676178 0
1675467962383 0.4486900269985199 0
1675467962610 0.45267781615257263 0
1675467962809 0.45861679315567017 0
1675467963015 0.45677274465560913 0
1675467963236 0.45463165640830994 0
1675467963447 0.4580337405204773 0
1675467963647 0.45759305357933044 0
1675467963914 0.45273199677467346 0
1675467964147 0.4516890347003937 0
1675467964440 0.4461291432380676 0
1675467964684 0.4508233368396759 0
1675467964887 0.45721930265426636 0
1675467965149 0.4485955834388733 0
1675467965403 0.4495987594127655 0
1675467965669 0.4479856491088867 0
1675467965885 0.454217791557312 0
1675467966072 0.45787617564201355 0
1675467966366 0.4468720853328705 0
1675467966600 0.450016587972641 0
1675467966788 0.4575079679489136 0
1675467967013 0.45668497681617737 0
1675467967215 0.4575713574886322 0
1675467967485 0.44781026244163513 0
1675467967687 0.4599698483943939 0
1675467967914 0.45146843791007996 0
1675467968198 0.4452153742313385 0
1675467968463 0.4473562240600586 0
1675467968703 0.4519420266151428 0
1675467968946 0.447025865316391 0
1675467969135 0.45825567841529846 0
1675467969363 0.45330139994621277 0
1675467969571 0.45671021938323975 0
1675467969792 0.45102864503860474 0
1675467970044 0.4509168863296509 0
1675467970252 0.4572567045688629 0
1675467970459 0.4568329453468323 0
1675467970677 0.45355600118637085 0
1675467970939 0.4497610330581665 0
1675467971218 0.4479719400405884 0
1675467971473 0.45378825068473816 0
1675467971655 0.4565836787223816 0
1675467971855 0.4561708867549896 0
1675467972056 0.4562666714191437 0
1675467972274 0.45380446314811707 0
1675467972496 0.4556565284729004 0
1675467972754 0.448066383600235 0
1675467972997 0.45090168714523315 0
1675467973237 0.45210957527160645 0
1675467973470 0.4533036947250366 0
1675467973688 0.4538067579269409 0
1675467973959 0.44917646050453186 0
1675467974208 0.44572266936302185 0
1675467974424 0.4529397189617157 0
1675467974685 0.44841158390045166 0
1675467974881 0.4560583233833313 0
1675467975141 0.443960964679718 0
1675467975338 0.4547155797481537 0
1675467975606 0.44959965348243713 0
1675467975811 0.45707979798316956 0
1675467976046 0.45019233226776123 0
1675467976248 0.4545941948890686 0
1675467976497 0.4484252333641052 0
1675467976776 0.44584760069847107 0
1675467977050 0.44586312770843506 0
1675467977251 0.45778462290763855 0
1675467977490 0.45128872990608215 0
1675467977728 0.44968029856681824 0
1675467977963 0.4498264491558075 0
1675467978185 0.4549090564250946 0
1675467978404 0.4512912929058075 0
1675467978655 0.44954434037208557 0
1675467978894 0.45046406984329224 0
1675467979092 0.4557870030403137 0
1675467979339 0.4497387707233429 0
1675467979563 0.4503077566623688 0
1675467979821 0.4501965343952179 0
1675467980094 0.44473835825920105 0
1675467980319 0.45124202966690063 0
1675467980569 0.45035749673843384 0
1675467980765 0.45461946725845337 0
1675467980994 0.4507225751876831 0
1675467981265 0.44505155086517334 0
1675467981511 0.4541279971599579 0
1675467981785 0.44733336567878723 0
1675467981997 0.4569087624549866 0
1675467982259 0.4446988105773926 0
1675467982492 0.450778603553772 0
1675467982725 0.4518672823905945 0
1675467982953 0.4527886211872101 0
1675467983178 0.4508526921272278 0
1675467983410 0.4537009596824646 0
1675467983662 0.4467054605484009 0
1675467983895 0.45124492049217224 0
1675467984109 0.45280957221984863 0
1675467984305 0.45603638887405396 0
1675467984523 0.450186163187027 0
1675467984802 0.44705232977867126 0
1675467985009 0.454837441444397 0
1675467985302 0.4457491934299469 0
1675467985572 0.4500860273838043 0
1675467985786 0.45129525661468506 0
1675467986079 0.4425690770149231 0
1675467986342 0.4439225196838379 0
1675467986630 0.44812479615211487 0
1675467986895 0.4488492012023926 0
1675467987095 0.45776334404945374 0
1675467987358 0.45055001974105835 0
1675467987574 0.4529905319213867 0
1675467987793 0.4499427080154419 0
1675467988040 0.44766965508461 0
1675467988266 0.4520476758480072 0
1675467988492 0.45033779740333557 0
1675467988712 0.4512477517127991 0
1675467988980 0.4463415741920471 0
1675467989215 0.4508669674396515 0
1675467989429 0.4517185389995575 0
1675467989698 0.44636085629463196 0
1675467989983 0.44404107332229614 0
1675467990285 0.44064784049987793 0
1675467990583 0.446730375289917 0
1675467990817 0.45068132877349854 0
1675467991101 0.44820496439933777 0
1675467991350 0.44810688495635986 0
1675467991580 0.44998040795326233 0
1675467991810 0.44982045888900757 0
1675467992063 0.44731050729751587 0
1675467992255 0.4554024338722229 0
1675467992490 0.4495519995689392 0
1675467992716 0.4491276741027832 0
1675467992932 0.45234328508377075 0
1675467993133 0.45768263936042786 0
1675467993387 0.44711485505104065 0
1675467993639 0.44717907905578613 0
1675467993823 0.45591801404953003 0
1675467994050 0.4517718553543091 0
1675467994289 0.4493894577026367 0
1675467994541 0.4483492076396942 0
1675467994763 0.45198503136634827 0
1675467995013 0.4469281733036041 0
1675467995235 0.4548836052417755 0
1675467995498 0.4453643560409546 0
