1675861480725 0.017430447041988373 0
1675861481388 0.6514084815979004 40
1675861482056 0.9884346961975098 80
1675861482643 0.6321990013122558 120
1675861483219 0.6624886989593506 160
1675861483787 0.668301010131836 200
1675861484400 0.6670540809631348 240
1675861484978 0.6704224586486817 280
1675861485612 0.6651721954345703 320
1675861486233 0.6580042839050293 360
1675861486800 0.6481072425842285 400
1675861487365 0.6218462944030761 440
1675861487973 0.6217362880706787 480
1675861488644 0.6039419174194336 520
1675861489220 0.5831598281860352 560
1675861489826 0.6068247318267822 600
1675861490414 0.5985579013824462 640
1675861491060 0.5905229091644287 680
1675861491634 0.6003095626831054 720
1675861492271 0.6096039295196534 760
1675861492913 0.6000374794006348 800
1675861493477 0.6048548698425293 840
1675861494059 0.6184680938720704 880
1675861494631 0.5976009368896484 920
1675861495206 0.5998330116271973 960
1675861495792 0.6045783519744873 1000
1675861496367 0.6083740711212158 1040
1675861496971 0.6050167560577393 1080
1675861497550 0.6023966789245605 1120
1675861498208 0.5713563442230225 1160
1675861498825 0.5978868007659912 1200
1675861499397 0.6110138893127441 1240
1675861499968 0.6159885883331299 1280
1675861500580 0.5849419116973877 1320
1675861501217 0.6039354801177979 1360
1675861501842 0.5940075397491456 1400
1675861502475 0.6072509765625 1440
1675861503063 0.6037925243377685 1480
1675861503672 0.5991646766662597 1520
1675861504303 0.5847228050231934 1560
1675861504913 0.613288164138794 1600
1675861505474 0.6136914253234863 1640
1675861506054 0.6163761615753174 1680
1675861506685 0.6069546699523926 1720
1675861507244 0.6089483737945557 1760
1675861507871 0.6102576732635498 1800
1675861508480 0.5969965934753418 1840
1675861509065 0.6128274917602539 1880
1675861509669 0.6004328727722168 1920
1675861510255 0.6177103996276856 1960
1675861510817 0.6125293731689453 2000
1675861511389 0.5825015068054199 2040
1675861511989 0.6038217067718505 2080
1675861512585 0.5964491367340088 2120
1675861513228 0.606868839263916 2160
1675861513823 0.6063803672790528 2200
1675861514438 0.5770509719848633 2240
1675861515024 0.6019363880157471 2280
1675861515656 0.6175195693969726 2320
1675861516311 0.5916362762451172 2360
1675861516878 0.5951464653015137 2400
1675861517473 0.6071476459503173 2440
1675861518079 0.5783340930938721 2480
1675861518682 0.615877628326416 2520
1675861519257 0.5936367034912109 2560
1675861519828 0.5894049167633056 2600
1675861520400 0.5977431774139405 2640
1675861521070 0.6086530685424805 2680
1675861521690 0.6028816223144531 2720
1675861522266 0.5864026546478271 2760
1675861522862 0.5913173675537109 2800
1675861523453 0.6285360813140869 2840
1675861524018 0.6024577617645264 2880
1675861524649 0.5973634719848633 2920
1675861525231 0.5985870361328125 2960
1675861525811 0.605182409286499 3000
1675861526385 0.5924610137939453 3040
1675861526983 0.575466251373291 3080
1675861527631 0.5935629844665528 3120
1675861528217 0.6073001861572266 3160
1675861528856 0.611270809173584 3200
1675861529460 0.6023551940917968 3240
1675861530037 0.5902524471282959 3280
1675861530665 0.5943592548370361 3320
1675861531238 0.5918514251708984 3360
1675861531806 0.6036255836486817 3400
1675861532405 0.5834965705871582 3440
1675861532985 0.5972367286682129 3480
1675861533646 0.6077150344848633 3520
1675861534253 0.5924732685089111 3560
1675861534905 0.5951413154602051 3600
1675861535562 0.6012030124664307 3640
1675861536158 0.6025634765625 3680
1675861536737 0.581937026977539 3720
1675861537402 0.5821398735046387 3760
1675861537961 0.6083682537078857 3800
1675861538563 0.6113448143005371 3840
1675861539215 0.5908609867095947 3880
1675861539776 0.6123471736907959 3920
1675861540378 0.6050215721130371 3960
1675861540943 0.598173999786377 4000
1675861541543 0.5941973686218261 4040
1675861542225 0.6073116302490235 4080
1675861542900 0.5836025714874268 4120
1675861543538 0.5721980571746826 4160
1675861544172 0.5898514270782471 4200
1675861544777 0.563351058959961 4240
1675861545491 0.5427185535430908 4280
1675861546133 0.5380749702453613 4320
1675861546804 0.433715295791626 4360
1675861547396 0.4570667266845703 4400
1675861548043 0.4006369113922119 4440
1675861548682 0.38032073974609376 4480
1675861549284 0.37423579692840575 4520
1675861549917 0.4432394504547119 4560
1675861550691 0.4380607604980469 4600
1675861551414 0.37573537826538084 4640
1675861552091 0.3579373359680176 4680
1675861552723 0.3998739719390869 4720
1675861553364 0.37864367961883544 4760
1675861554028 0.33064329624176025 4800
1675861554635 0.38180696964263916 4840
1675861555268 0.3063002109527588 4880
1675861555895 0.33070423603057864 4920
1675861556531 0.34138503074646 4960
1675861557131 0.33450591564178467 5000
1675861557732 0.33420462608337403 5040
1675861558327 0.31508185863494875 5080
1675861558945 0.3658036708831787 5120
1675861559597 0.3843057632446289 5160
1675861560175 0.3377536296844482 5200
1675861560840 0.3616466999053955 5240
1675861561448 0.3530014991760254 5280
1675861562077 0.36972434520721437 5320
1675861562725 0.3619210243225098 5360
1675861563301 0.32857389450073243 5400
1675861563869 0.30055158138275145 5440
1675861564447 0.3412503480911255 5480
1675861565019 0.36039917469024657 5520
1675861565660 0.34892737865448 5560
1675861566292 0.3675435781478882 5600
1675861566895 0.31999642848968507 5640
1675861567530 0.29403486251831057 5680
1675861568124 0.3635580539703369 5720
1675861568716 0.30147175788879393 5760
1675861569368 0.28561038970947267 5800
1675861569947 0.38033490180969237 5840
1675861570583 0.3408271312713623 5880
1675861571210 0.404328441619873 5920
1675861571803 0.4069036960601807 5960
1675861572423 0.36914587020874023 6000
1675861573020 0.33368518352508547 6040
1675861573634 0.28025102615356445 6080
1675861574256 0.30123271942138674 6120
1675861574863 0.32170491218566893 6160
1675861575418 0.3049542665481567 6200
1675861576022 0.31529505252838136 6240
1675861576605 0.3001024007797241 6280
1675861577207 0.3486661195755005 6320
1675861577784 0.36118574142456056 6360
1675861578390 0.3609424352645874 6400
1675861578964 0.3154534578323364 6440
1675861579539 0.2813369035720825 6480
1675861580145 0.3190321683883667 6520
1675861580778 0.3726732969284058 6560
1675861581422 0.3415744066238403 6600
1675861582045 0.27063167095184326 6640
1675861582622 0.31693134307861326 6680
1675861583254 0.34949417114257814 6720
1675861583917 0.32688753604888915 6760
1675861584478 0.3022021770477295 6800
1675861585072 0.26126129627227784 6840
1675861585647 0.2864057540893555 6880
1675861586235 0.32913618087768554 6920
1675861586833 0.23846333026885985 6960
1675861587442 0.2657643795013428 7000
1675861588066 0.2675300121307373 7040
1675861588671 0.30272510051727297 7080
1675861589316 0.24946978092193603 7120
1675861589960 0.2814182281494141 7160
1675861590554 0.3020362138748169 7200
1675861591146 0.23492045402526857 7240
1675861591783 0.27617244720458983 7280
1675861592391 0.24839513301849364 7320
1675861592962 0.22417869567871093 7360
1675861593534 0.21923437118530273 7400
1675861594098 0.3178592920303345 7440
1675861594675 0.23427491188049315 7480
1675861595312 0.26190297603607177 7520
1675861595968 0.3378718614578247 7560
1675861596572 0.260992431640625 7600
1675861597300 0.3109230279922485 7640
1675861597869 0.2485563039779663 7680
1675861598446 0.2769674777984619 7720
1675861599020 0.2631805896759033 7760
1675861599589 0.26503126621246337 7800
1675861600156 0.19982402324676513 7840
1675861600739 0.3051122188568115 7880
1675861601308 0.2645352840423584 7920
1675861601880 0.2657933712005615 7960
1675861602479 0.25813794136047363 8000
1675861603120 0.29663891792297364 8040
1675861603708 0.28745346069335936 8080
1675861604268 0.22874107360839843 8120
1675861604860 0.2591026782989502 8160
1675861605431 0.14936375617980957 8200
1675861606084 0.23765158653259277 8240
1675861606741 0.25292630195617677 8280
1675861607341 0.22590172290802002 8320
1675861607939 0.23731496334075927 8360
1675861608517 0.2891183614730835 8400
1675861609103 0.23043286800384521 8440
1675861609733 0.18917248249053956 8480
1675861610314 0.25577988624572756 8520
1675861610933 0.22018423080444335 8560
1675861611615 0.2345442771911621 8600
1675861612301 0.2690822839736938 8640
1675861612946 0.25525052547454835 8680
1675861613534 0.1839348554611206 8720
1675861614111 0.1974147915840149 8760
1675861614707 0.2366326332092285 8800
1675861615413 0.2890117406845093 8840
1675861616069 0.2357783317565918 8880
1675861616702 0.21346371173858641 8920
1675861617321 0.22808120250701905 8960
1675861617942 0.22877898216247558 9000
1675861618626 0.25045437812805177 9040
1675861619257 0.23003239631652833 9080
1675861619823 0.19626960754394532 9120
1675861620427 0.2233560562133789 9160
1675861620990 0.1859977960586548 9200
1675861621602 0.26764721870422364 9240
1675861622193 0.16054078340530395 9280
1675861622776 0.2452836275100708 9320
1675861623397 0.18331542015075683 9360
1675861623982 0.2093811511993408 9400
1675861624541 0.18690568208694458 9440
1675861625170 0.1797421932220459 9480
1675861625785 0.2922007322311401 9520
1675861626475 0.2163466453552246 9560
1675861627076 0.22094736099243165 9600
1675861627698 0.21909778118133544 9640
1675861628282 0.15994558334350586 9680
1675861628895 0.21724612712860109 9720
1675861629466 0.18679206371307372 9760
1675861630080 0.23930692672729492 9800
1675861630722 0.2268451929092407 9840
1675861631376 0.22251355648040771 9880
1675861631992 0.22180135250091554 9920
1675861632623 0.19622628688812255 9960
1675861633205 0.2849440574645996 10000
1675861633825 0.20577392578125 10040
1675861663169 0.15607885122299195 10080
1675861663746 0.21033916473388672 10120
1675861664351 0.16813831329345702 10160
1675861664973 0.22422165870666505 10200
1675861665632 0.17804162502288817 10240
1675861666271 0.21879098415374756 10280
1675861666864 0.21103665828704835 10320
1675861667440 0.23701188564300538 10360
1675861668063 0.26747918128967285 10400
1675861668681 0.18852580785751344 10440
1675861669315 0.21977572441101073 10480
1675861669904 0.20244824886322021 10520
1675861670480 0.17281821966171265 10560
1675861671190 0.1933780550956726 10600
1675861671814 0.17581112384796144 10640
1675861672394 0.20568249225616456 10680
1675861673099 0.19040145874023437 10720
1675861673708 0.21947069168090821 10760
1675861674312 0.29390456676483157 10800
1675861674891 0.18055212497711182 10840
1675861675476 0.15517631769180298 10880
1675861676112 0.17517377138137818 10920
1675861676745 0.20815792083740234 10960
1675861677406 0.22394192218780518 11000
1675861678032 0.155361545085907 11040
1675861678641 0.22014303207397462 11080
1675861679233 0.21708970069885253 11120
1675861679827 0.18654029369354247 11160
1675861680414 0.1920114517211914 11200
1675861681009 0.22768783569335938 11240
1675861681625 0.18751876354217528 11280
1675861682226 0.16814110279083253 11320
1675861682839 0.19650983810424805 11360
1675861683508 0.15251544713974 11400
1675861684147 0.13435029983520508 11440
1675861684780 0.17410268783569335 11480
1675861685391 0.21080775260925294 11520
1675861685989 0.2027522563934326 11560
1675861686560 0.148980712890625 11600
1675861687221 0.1788888931274414 11640
1675861687802 0.19761874675750732 11680
1675861688368 0.18519010543823242 11720
1675861688946 0.21970479488372802 11760
1675861689532 0.1708213210105896 11800
1675861690174 0.15807238817214966 11840
1675861690751 0.2456223487854004 11880
1675861691377 0.17951754331588746 11920
1675861691957 0.14851768016815187 11960
1675861692578 0.20310688018798828 12000
1675861693163 0.17009733915328978 12040
1675861693742 0.20633368492126464 12080
1675861694315 0.22439393997192383 12120
1675861694977 0.17617340087890626 12160
1675861695599 0.19375544786453247 12200
1675861696183 0.1700262188911438 12240
1675861696820 0.20559206008911132 12280
1675861697414 0.2005692958831787 12320
1675861697995 0.17975683212280275 12360
1675861698591 0.17062535285949706 12400
1675861699181 0.19900673627853394 12440
1675861699810 0.21874516010284423 12480
1675861700437 0.1988094449043274 12520
1675861701009 0.13782507181167603 12560
1675861701573 0.17939631938934325 12600
1675861702162 0.2883488893508911 12640
1675861702754 0.17236891984939576 12680
1675861703376 0.17581384181976317 12720
1675861704003 0.13337020874023436 12760
1675861704578 0.18658556938171386 12800
1675861705159 0.2293926000595093 12840
1675861705761 0.17412683963775635 12880
1675861706331 0.19378557205200195 12920
1675861706906 0.18698697090148925 12960
1675861707500 0.1692507028579712 13000
1675861708095 0.17840614318847656 13040
1675861708726 0.17318490743637086 13080
1675861709337 0.21551620960235596 13120
1675861709935 0.19876699447631835 13160
1675861710506 0.13421705961227418 13200
1675861711116 0.1611979126930237 13240
1675861711709 0.1530012845993042 13280
1675861712291 0.17166776657104493 13320
1675861712868 0.1475513458251953 13360
1675861713467 0.18775951862335205 13400
1675861714057 0.18826279640197754 13440
1675861714672 0.1635460376739502 13480
1675861715240 0.17440590858459473 13520
1675861715823 0.17030487060546876 13560
1675861716391 0.16209969520568848 13600
1675861716964 0.126467764377594 13640
1675861717538 0.19445345401763917 13680
1675861718121 0.14527798891067506 13720
1675861718726 0.128385329246521 13760
1675861719376 0.18594706058502197 13800
1675861719965 0.1512656331062317 13840
1675861720555 0.18185430765151978 13880
1675861721187 0.16456105709075927 13920
1675861721788 0.149423086643219 13960
1675861722364 0.1885400652885437 14000
1675861722950 0.15451474189758302 14040
1675861723556 0.1589521884918213 14080
1675861724192 0.1758216381072998 14120
1675861724766 0.16722943782806396 14160
1675861725329 0.20563936233520508 14200
1675861725923 0.1650318145751953 14240
1675861726560 0.1551431179046631 14280
1675861727272 0.19334713220596314 14320
1675861727870 0.12793169021606446 14360
1675861728477 0.1467218279838562 14400
1675861729103 0.15631215572357177 14440
1675861729734 0.17803676128387452 14480
1675861730300 0.13591248989105226 14520
1675861730873 0.17402894496917726 14560
1675861731479 0.15410453081130981 14600
1675861732079 0.2346022605895996 14640
1675861732704 0.19463891983032228 14680
1675861733278 0.18104783296585084 14720
1675861733873 0.19191861152648926 14760
1675861734470 0.19688400030136108 14800
1675861735077 0.18754730224609376 14840
1675861735651 0.17327654361724854 14880
1675861736217 0.12559161186218262 14920
1675861736815 0.18052303791046143 14960
1675861737390 0.14457141160964965 15000
1675861738007 0.1746190905570984 15040
1675861738619 0.16359068155288697 15080
1675861739181 0.18430455923080444 15120
1675861739876 0.1550000548362732 15160
1675861740476 0.21325986385345458 15200
1675861741056 0.12681446075439454 15240
1675861741628 0.194499671459198 15280
1675861742219 0.1469893217086792 15320
1675861742789 0.20483083724975587 15360
1675861743400 0.18086884021759034 15400
1675861743990 0.25308187007904054 15440
1675861744586 0.1637309432029724 15480
1675861745182 0.18492769002914428 15520
1675861745748 0.1956440567970276 15560
1675861746335 0.1790332794189453 15600
1675861746925 0.1938952088356018 15640
1675861747516 0.21366848945617675 15680
1675861748146 0.2409841775894165 15720
1675861748729 0.18281793594360352 15760
1675861749303 0.22986407279968263 15800
1675861749883 0.1381874680519104 15840
1675861750535 0.17145309448242188 15880
1675861751139 0.15138462781906128 15920
1675861751741 0.21057071685791015 15960
1675861752313 0.21255910396575928 16000
1675861752902 0.17777737379074096 16040
1675861753530 0.16761127710342408 16080
1675861754142 0.17283234596252442 16120
1675861754710 0.11826967000961304 16160
1675861755279 0.19178664684295654 16200
1675861755890 0.15129116773605347 16240
1675861756532 0.15830718278884887 16280
1675861757103 0.15872678756713868 16320
1675861757730 0.1826171875 16360
1675861758296 0.1787383437156677 16400
1675861758866 0.1920285701751709 16440
1675861759424 0.16102586984634398 16480
1675861760036 0.1806827187538147 16520
1675861760630 0.16017712354660035 16560
1675861761208 0.20127503871917723 16600
1675861761782 0.17065597772598268 16640
1675861762362 0.1474148750305176 16680
1675861762952 0.1575920581817627 16720
1675861763586 0.20551862716674804 16760
1675861764181 0.163643479347229 16800
1675861764785 0.15648109912872316 16840
1675861765354 0.1667374014854431 16880
1675861765940 0.16123174428939818 16920
1675861766513 0.19979803562164306 16960
1675861767094 0.13866167068481444 17000
1675861767703 0.18101413249969484 17040
1675861768322 0.17564258575439454 17080
1675861768914 0.19334419965744018 17120
1675861769606 0.14883216619491577 17160
1675861770225 0.1592262864112854 17200
1675861770841 0.17843998670578004 17240
1675861771416 0.13599913120269774 17280
1675861772055 0.15449807643890381 17320
1675861772652 0.16331751346588136 17360
1675861773253 0.13682610988616944 17400
1675861773850 0.23510332107543946 17440
1675861774451 0.18729062080383302 17480
1675861775027 0.12742929458618163 17520
1675861775650 0.13590883016586303 17560
1675861776241 0.20986471176147461 17600
1675861776824 0.18108365535736085 17640
1675861777411 0.15638813972473145 17680
1675861777974 0.195135235786438 17720
1675861778563 0.17969356775283812 17760
1675861779211 0.14756213426589965 17800
1675861779799 0.15592848062515258 17840
1675861780389 0.1184653639793396 17880
1675861781019 0.16334967613220214 17920
1675861781644 0.1668328046798706 17960
1675861782231 0.18982101678848268 18000
1675861782814 0.13750753402709961 18040
1675861783421 0.1971795678138733 18080
1675861784008 0.18204609155654908 18120
1675861784600 0.13515082597732545 18160
1675861785196 0.15878775119781494 18200
1675861785766 0.11159318685531616 18240
1675861786332 0.13030115365982056 18280
1675861786961 0.18002666234970094 18320
1675861787559 0.1992676377296448 18360
1675861788146 0.15539860725402832 18400
1675861788765 0.17649308443069459 18440
1675861789334 0.1334836483001709 18480
1675861789905 0.13231111764907838 18520
1675861790500 0.13072993755340576 18560
1675861791136 0.17903480529785157 18600
1675861791748 0.1289923906326294 18640
1675861792315 0.17208744287490846 18680
1675861792935 0.1702496290206909 18720
1675861793511 0.11974313259124755 18760
1675861794100 0.1376729726791382 18800
1675861794681 0.14540247917175292 18840
1675861795329 0.1663804531097412 18880
1675861795927 0.14838812351226807 18920
1675861796494 0.13779933452606202 18960
1675861797124 0.1352177858352661 19000
1675861797728 0.16983882188796998 19040
1675861798342 0.1734804630279541 19080
1675861799051 0.1705888867378235 19120
1675861799658 0.14181798696517944 19160
1675861800243 0.17090861797332763 19200
1675861800817 0.17219818830490113 19240
1675861801427 0.17031528949737548 19280
1675861801997 0.18077749013900757 19320
1675861802606 0.15494153499603272 19360
1675861803212 0.12400790452957153 19400
1675861803791 0.18519901037216185 19440
1675861804397 0.16791274547576904 19480
1675861804971 0.15358926057815553 19520
1675861805606 0.15830787420272827 19560
1675861806194 0.1772148370742798 19600
1675861806811 0.1703253984451294 19640
1675861807419 0.15725278854370117 19680
1675861808100 0.12123520374298095 19720
1675861808706 0.17473187446594238 19760
1675861809348 0.14222730398178102 19800
1675861809979 0.1808452010154724 19840
1675861810681 0.19968883991241454 19880
1675861811338 0.10435609817504883 19920
1675861811920 0.1782354712486267 19960
1675861812637 0.14579434394836427 20000
1675861813257 0.17931859493255614 20040
1675861813861 0.20956273078918458 20080
1675861843937 0.11210470199584961 20120
1675861844519 0.1538283109664917 20160
1675861845123 0.16389553546905516 20200
1675861845709 0.15931599140167235 20240
1675861846288 0.13335610628128053 20280
1675861846924 0.17294775247573851 20320
1675861847524 0.15758947134017945 20360
1675861848245 0.19177981615066528 20400
1675861848843 0.20285909175872802 20440
1675861849414 0.16372371912002565 20480
1675861850028 0.1339009165763855 20520
1675861850779 0.17450416088104248 20560
1675861851388 0.12971794605255127 20600
1675861852013 0.15068676471710205 20640
1675861852607 0.14782227277755738 20680
1675861853183 0.1811986446380615 20720
1675861853755 0.1646346092224121 20760
1675861854325 0.18856877088546753 20800
1675861854899 0.14645206928253174 20840
1675861855475 0.14457261562347412 20880
1675861856094 0.145056414604187 20920
1675861856659 0.14168732166290282 20960
1675861857253 0.19661779403686525 21000
1675861857842 0.17788828611373902 21040
1675861858420 0.1315467357635498 21080
1675861859012 0.18587373495101928 21120
1675861859597 0.1406909465789795 21160
1675861860213 0.13858636617660522 21200
1675861860789 0.18397324085235595 21240
1675861861413 0.18313032388687134 21280
1675861862082 0.1759825825691223 21320
1675861862674 0.15611140727996825 21360
1675861863269 0.17499662637710572 21400
1675861863840 0.11367658376693726 21440
1675861864420 0.12910791635513305 21480
1675861865037 0.12775253057479857 21520
1675861865621 0.1609185218811035 21560
1675861866189 0.139637553691864 21600
1675861866756 0.16059634685516358 21640
1675861867380 0.14314669370651245 21680
1675861868001 0.15077226161956786 21720
1675861868607 0.14328811168670655 21760
1675861869220 0.18103399276733398 21800
1675861869808 0.15132617950439453 21840
1675861870372 0.14409103393554687 21880
1675861871001 0.14920580387115479 21920
1675861871581 0.20099787712097167 21960
1675861872184 0.14969468116760254 22000
1675861872832 0.1250560164451599 22040
1675861873410 0.15835304260253907 22080
1675861874004 0.1598186492919922 22120
1675861874624 0.2798551082611084 22160
1675861875231 0.1759563446044922 22200
1675861875803 0.13708347082138062 22240
1675861876400 0.15155417919158937 22280
1675861876998 0.17998847961425782 22320
1675861877639 0.15300699472427368 22360
1675861878257 0.1490767478942871 22400
1675861878888 0.1606099247932434 22440
1675861879476 0.1434505343437195 22480
1675861880057 0.1640911102294922 22520
1675861880651 0.17379432916641235 22560
1675861881259 0.1345078468322754 22600
1675861881827 0.17384806871414185 22640
1675861882394 0.17225987911224366 22680
1675861882976 0.12337217330932618 22720
1675861883548 0.14672137498855592 22760
1675861884145 0.10845772027969361 22800
1675861884749 0.14672976732254028 22840
1675861885372 0.1915066957473755 22880
1675861885950 0.17041170597076416 22920
1675861886563 0.12741931676864623 22960
1675861887150 0.14976027011871337 23000
1675861887727 0.1528283715248108 23040
1675861888292 0.15751984119415283 23080
1675861888912 0.13535916805267334 23120
1675861889545 0.17160160541534425 23160
1675861890146 0.15841485261917115 23200
1675861890759 0.14646817445755006 23240
1675861891360 0.1251496434211731 23280
1675861891994 0.12062183618545533 23320
1675861892611 0.13680897951126098 23360
1675861893268 0.13426496982574462 23400
1675861893846 0.16095925569534303 23440
1675861894424 0.1670326828956604 23480
1675861895093 0.1328273296356201 23520
1675861895674 0.13743878602981568 23560
1675861896290 0.14072686433792114 23600
1675861896870 0.1718833327293396 23640
1675861897438 0.09423384666442872 23680
1675861898072 0.1598413109779358 23720
1675861898683 0.14128236770629882 23760
1675861899355 0.09716141223907471 23800
1675861899938 0.1664215087890625 23840
1675861900551 0.13638874292373657 23880
1675861901126 0.14703270196914672 23920
1675861901703 0.11017690896987915 23960
1675861902276 0.13899388313293456 24000
1675861902866 0.17835596799850464 24040
1675861903427 0.16025500297546386 24080
1675861904003 0.14629958868026732 24120
1675861904609 0.15364432334899902 24160
1675861905226 0.1460835337638855 24200
1675861905808 0.16311683654785156 24240
1675861906422 0.14416688680648804 24280
1675861907009 0.15700831413269042 24320
1675861907631 0.1703764796257019 24360
1675861908278 0.10405616760253907 24400
1675861908850 0.14091640710830688 24440
1675861909432 0.1299056053161621 24480
1675861910030 0.16900988817214965 24520
1675861910632 0.1047092318534851 24560
1675861911213 0.29091682434082033 24600
1675861911862 0.12960424423217773 24640
1675861912458 0.2105639934539795 24680
1675861913041 0.1749187469482422 24720
1675861913614 0.1583437442779541 24760
1675861914232 0.1769253730773926 24800
1675861914853 0.22771749496459961 24840
1675861915428 0.18391119241714476 24880
1675861916067 0.15967977046966553 24920
1675861916693 0.11505293846130371 24960
1675861917291 0.14277385473251342 25000
1675861917918 0.11928427219390869 25040
1675861918547 0.14269779920578002 25080
1675861919187 0.15641175508499144 25120
1675861919764 0.1811932682991028 25160
1675861920355 0.12715060710906984 25200
1675861920995 0.1829119086265564 25240
1675861921633 0.16882489919662474 25280
1675861922278 0.16946182250976563 25320
1675861922875 0.15811105966567993 25360
1675861923446 0.15320476293563842 25400
1675861924023 0.203676438331604 25440
1675861924655 0.19244422912597656 25480
1675861925270 0.11986973285675048 25520
1675861925901 0.1478198766708374 25560
1675861926488 0.17358317375183105 25600
1675861927059 0.17571650743484496 25640
1675861927736 0.15055735111236573 25680
1675861928310 0.1487995505332947 25720
1675861928906 0.14724830389022828 25760
1675861929499 0.16708745956420898 25800
1675861930131 0.16806193590164184 25840
1675861930734 0.13624727725982666 25880
1675861931320 0.15334789752960204 25920
1675861931949 0.14342210292816163 25960
1675861932576 0.1662907361984253 26000
1675861933155 0.22536447048187255 26040
1675861933753 0.18018122911453247 26080
1675861934390 0.1543808937072754 26120
1675861934977 0.1556695818901062 26160
1675861935604 0.12158389091491699 26200
1675861936188 0.14248937368392944 26240
1675861936765 0.12049927711486816 26280
1675861937379 0.14462664127349853 26320
1675861937970 0.13861774206161498 26360
1675861938661 0.13700106143951415 26400
1675861939300 0.14785465002059936 26440
1675861939875 0.17218618392944335 26480
1675861940478 0.1638047218322754 26520
1675861941052 0.12860101461410522 26560
1675861941627 0.14062626361846925 26600
1675861942190 0.1760918378829956 26640
1675861942776 0.17279341220855712 26680
1675861943413 0.13786425590515136 26720
1675861943998 0.11798373460769654 26760
1675861944575 0.17939255237579346 26800
1675861945157 0.16844147443771362 26840
1675861945733 0.11433473825454712 26880
1675861946303 0.1386527419090271 26920
1675861946906 0.1468128442764282 26960
1675861947470 0.11308512687683106 27000
1675861948119 0.12389616966247559 27040
1675861948728 0.14804154634475708 27080
1675861949303 0.11386094093322754 27120
1675861949891 0.1417711615562439 27160
1675861950547 0.11985510587692261 27200
1675861951172 0.13257402181625366 27240
1675861951804 0.1504860520362854 27280
1675861952411 0.10965588092803955 27320
1675861953020 0.13156566619873047 27360
1675861953619 0.15295877456665039 27400
1675861954247 0.10901802778244019 27440
1675861954847 0.10012844800949097 27480
1675861955493 0.16481363773345947 27520
1675861956129 0.11824151277542114 27560
1675861956717 0.10856156349182129 27600
1675861957316 0.18244701623916626 27640
1675861957914 0.14735188484191894 27680
1675861958496 0.12634596824645997 27720
1675861959101 0.14679685831069947 27760
1675861959689 0.1414244532585144 27800
1675861960303 0.12512863874435426 27840
1675861960876 0.1210902214050293 27880
1675861961472 0.10725820064544678 27920
1675861962063 0.12487605810165406 27960
1675861962647 0.1257364869117737 28000
1675861963330 0.15318162441253663 28040
1675861963901 0.10436996221542358 28080
1675861964472 0.20255062580108643 28120
1675861965101 0.16471490859985352 28160
1675861965677 0.12440609931945801 28200
1675861966275 0.13779817819595336 28240
1675861966850 0.08909310698509217 28280
1675861967438 0.12142837047576904 28320
1675861968032 0.14516233205795287 28360
1675861968626 0.17565656900405885 28400
1675861969196 0.13021761178970337 28440
1675861969815 0.14204319715499877 28480
1675861970416 0.12412068843841553 28520
1675861970996 0.11344267129898071 28560
1675861971579 0.1048627495765686 28600
1675861972185 0.13109292984008789 28640
1675861972853 0.11450423002243042 28680
1675861973443 0.14667388200759887 28720
1675861974022 0.14541287422180177 28760
1675861974600 0.09635668992996216 28800
1675861975200 0.12216876745223999 28840
1675861975834 0.13523324728012084 28880
1675861976411 0.14321067333221435 28920
1675861977015 0.149299156665802 28960
1675861977614 0.10611536502838134 29000
1675861978289 0.10849232673645019 29040
1675861978873 0.14621195793151856 29080
1675861979449 0.11240154504776001 29120
1675861980055 0.1262899398803711 29160
1675861980640 0.13984450101852416 29200
1675861981320 0.144572114944458 29240
1675861981890 0.11361383199691773 29280
1675861982493 0.12628777027130128 29320
1675861983072 0.11971492767333984 29360
1675861983694 0.10860189199447631 29400
1675861984265 0.12483172416687012 29440
1675861984870 0.12243313789367676 29480
1675861985445 0.12906293869018554 29520
1675861986061 0.1224835991859436 29560
1675861986646 0.1325879693031311 29600
1675861987233 0.12601189613342284 29640
1675861987804 0.14157042503356934 29680
1675861988398 0.13744829893112182 29720
1675861988999 0.10672923326492309 29760
1675861989578 0.14371342658996583 29800
1675861990155 0.11684869527816773 29840
1675861990739 0.13950638771057128 29880
1675861991323 0.16086435317993164 29920
1675861991904 0.10114550590515137 29960
1675861992532 0.15929002761840821 30000
1675861993156 0.1242377758026123 30040
1675861993735 0.13835333585739135 30080
1675861994344 0.1532143235206604 30120
1675862023581 0.07806293964385987 30160
1675862024187 0.12195857763290405 30200
1675862024789 0.12341084480285644 30240
1675862025370 0.12212127447128296 30280
1675862025956 0.10542875528335571 30320
1675862026546 0.13446718454360962 30360
1675862027124 0.12100760936737061 30400
1675862027747 0.14668710231781007 30440
1675862028336 0.1586359977722168 30480
1675862028931 0.12580851316452027 30520
1675862029505 0.12375940084457397 30560
1675862030081 0.1599626660346985 30600
1675862030685 0.11519743204116821 30640
1675862031280 0.11650875806808472 30680
1675862031885 0.11393544673919678 30720
1675862032473 0.148936927318573 30760
1675862033064 0.13885735273361205 30800
1675862033636 0.13424603939056395 30840
1675862034261 0.15022928714752198 30880
1675862034873 0.12113728523254394 30920
1675862035446 0.12483303546905518 30960
1675862036031 0.17096518278121947 31000
1675862036697 0.1474238395690918 31040
1675862037298 0.15960335731506348 31080
1675862037884 0.11410932540893555 31120
1675862038493 0.12652220726013183 31160
1675862039081 0.1255627155303955 31200
1675862039719 0.16986439228057862 31240
1675862040320 0.14225004911422728 31280
1675862040921 0.15990278720855713 31320
1675862041489 0.13107123374938964 31360
1675862042095 0.12031322717666626 31400
1675862042690 0.1297024369239807 31440
1675862043289 0.10679219961166382 31480
1675862043875 0.0986297070980072 31520
1675862044453 0.09475021362304688 31560
1675862045030 0.13990405797958375 31600
1675862045624 0.13221964836120606 31640
1675862046202 0.15132006406784057 31680
1675862046781 0.11686683893203735 31720
1675862047439 0.1318521022796631 31760
1675862048037 0.13312211036682128 31800
1675862048623 0.14918737411499022 31840
1675862049182 0.13383980989456176 31880
1675862049905 0.1616411805152893 31920
1675862050565 0.15840080976486207 31960
1675862051148 0.16511486768722533 32000
1675862051715 0.11177783012390137 32040
1675862052279 0.13345252275466918 32080
1675862052860 0.12281210422515869 32120
1675862053448 0.10926284790039062 32160
1675862054046 0.18498455286026 32200
1675862054657 0.15196595191955567 32240
1675862055252 0.10905930995941163 32280
1675862055883 0.11008301973342896 32320
1675862056493 0.16297422647476195 32360
1675862057084 0.1557159900665283 32400
1675862057683 0.13557846546173097 32440
1675862058261 0.12702916860580443 32480
1675862058874 0.12900222539901735 32520
1675862059488 0.12245686054229736 32560
1675862060165 0.1576411247253418 32600
1675862060791 0.11354981660842896 32640
1675862061365 0.12127139568328857 32680
1675862061961 0.1278843402862549 32720
1675862062568 0.09292299151420594 32760
1675862063138 0.12510554790496825 32800
1675862063716 0.07793758511543274 32840
1675862064348 0.10794599056243896 32880
1675862064942 0.18975155353546141 32920
1675862065572 0.1283434510231018 32960
1675862066195 0.10462379455566406 33000
1675862066779 0.14606318473815919 33040
1675862067360 0.1344288945198059 33080
1675862067984 0.1213139533996582 33120
1675862068551 0.1264852523803711 33160
1675862069177 0.12214922904968262 33200
1675862069824 0.14386168718338013 33240
1675862070391 0.17268997430801392 33280
1675862071007 0.1368425488471985 33320
1675862071602 0.12426354885101318 33360
1675862072264 0.15258852243423462 33400
1675862072862 0.12887173891067505 33440
1675862073435 0.13483054637908937 33480
1675862074029 0.13923946619033814 33520
1675862074628 0.12713334560394288 33560
1675862075208 0.1630071997642517 33600
1675862075776 0.1342085838317871 33640
1675862076362 0.17686717510223388 33680
1675862076950 0.09268206357955933 33720
1675862077574 0.14709177017211914 33760
1675862078265 0.1985102415084839 33800
1675862078831 0.08852171301841735 33840
1675862079485 0.1540591835975647 33880
1675862080070 0.16046884059906005 33920
1675862080672 0.17937028408050537 33960
1675862081255 0.11949378252029419 34000
1675862081855 0.13371084928512572 34040
1675862082447 0.1433286190032959 34080
1675862083055 0.15394740104675292 34120
1675862083652 0.12370961904525757 34160
1675862084220 0.162978458404541 34200
1675862084817 0.11342777013778686 34240
1675862085393 0.19235655069351196 34280
1675862085995 0.11887497901916504 34320
1675862086635 0.13377785682678223 34360
1675862087221 0.15181665420532225 34400
1675862087807 0.10804871320724488 34440
1675862088382 0.10608179569244384 34480
1675862089035 0.11270653009414673 34520
1675862089660 0.17716526985168457 34560
1675862090216 0.09797449111938476 34600
1675862090945 0.1420390486717224 34640
1675862091529 0.11060174703598022 34680
1675862092138 0.16453876495361328 34720
1675862092716 0.13293310403823852 34760
1675862093341 0.1497908353805542 34800
1675862093960 0.13966851234436034 34840
1675862094537 0.16599082946777344 34880
1675862095110 0.11318334341049194 34920
1675862095682 0.13512907028198243 34960
1675862096277 0.1207923412322998 35000
1675862096997 0.13616571426391602 35040
1675862097570 0.10585229396820069 35080
1675862098157 0.10175589323043824 35120
1675862098781 0.10829740762710571 35160
1675862099408 0.15462660789489746 35200
1675862100045 0.11020346879959106 35240
1675862100636 0.15664182901382445 35280
1675862101365 0.1189649224281311 35320
1675862101937 0.12341370582580566 35360
1675862102544 0.1400175452232361 35400
1675862103127 0.1356256127357483 35440
1675862103719 0.12283740043640137 35480
1675862104333 0.1405458927154541 35520
1675862104986 0.12017854452133178 35560
1675862105583 0.1041617751121521 35600
1675862106158 0.1351943850517273 35640
1675862106819 0.1171522855758667 35680
1675862107399 0.16331907510757446 35720
1675862108062 0.10420712232589721 35760
1675862108641 0.1185728907585144 35800
1675862109295 0.14880247116088868 35840
1675862109929 0.1303234577178955 35880
1675862110553 0.11285558938980103 35920
1675862111176 0.1319214105606079 35960
1675862111787 0.11429505348205567 36000
1675862112389 0.12199852466583253 36040
1675862112998 0.1769256591796875 36080
1675862113594 0.15017025470733641 36120
1675862114178 0.1304934024810791 36160
1675862114799 0.12552648782730103 36200
1675862115363 0.1077951431274414 36240
1675862115943 0.11101632118225098 36280
1675862116516 0.07891280651092529 36320
1675862117082 0.1191754698753357 36360
1675862117650 0.12118293046951294 36400
1675862118254 0.1068394660949707 36440
1675862118850 0.12749786376953126 36480
1675862119482 0.1461440682411194 36520
1675862120076 0.11061758995056152 36560
1675862120721 0.12245703935623169 36600
1675862121329 0.1413935422897339 36640
1675862121931 0.14465582370758057 36680
1675862122517 0.12334376573562622 36720
1675862123090 0.12203164100646972 36760
1675862123733 0.10761036872863769 36800
1675862124357 0.4075643062591553 36840
1675862124965 0.15200291872024535 36880
1675862125561 0.09202285408973694 36920
1675862126165 0.12928611040115356 36960
1675862126746 0.14108662605285643 37000
1675862127326 0.10070277452468872 37040
1675862127913 0.10729901790618897 37080
1675862128523 0.12695964574813842 37120
1675862129098 0.07946462035179139 37160
1675862129689 0.13624067306518556 37200
1675862130293 0.2635826826095581 37240
1675862130892 0.09706788659095764 37280
1675862131480 0.13517684936523439 37320
1675862132103 0.10025945901870728 37360
1675862132757 0.14150091409683227 37400
1675862133331 0.1939408779144287 37440
1675862133940 0.12095614671707153 37480
1675862134502 0.09676218628883362 37520
1675862135080 0.14893325567245483 37560
1675862135651 0.11340736150741577 37600
1675862136285 0.0984217643737793 37640
1675862136917 0.16973692178726196 37680
1675862137596 0.15335419178009033 37720
1675862138243 0.1612623929977417 37760
1675862138867 0.1291269302368164 37800
1675862139468 0.15393418073654175 37840
1675862140100 0.13584009408950806 37880
1675862140669 0.10667479038238525 37920
1675862141262 0.10032459497451782 37960
1675862141972 0.09409965872764588 38000
1675862142538 0.12235332727432251 38040
1675862143140 0.14726752042770386 38080
1675862143776 0.10492757558822632 38120
1675862144351 0.1524026870727539 38160
1675862144951 0.14608222246170044 38200
1675862145555 0.13356016874313353 38240
1675862146133 0.1227705717086792 38280
1675862146721 0.08950511813163757 38320
1675862147335 0.10965571403503419 38360
1675862147926 0.11753755807876587 38400
1675862148516 0.17281242609024047 38440
1675862149093 0.11206800937652588 38480
1675862149699 0.13294399976730348 38520
1675862150357 0.11568324565887451 38560
1675862150931 0.10824069976806641 38600
1675862151560 0.09922323226928711 38640
1675862152175 0.12519965171813965 38680
1675862152766 0.08566926717758179 38720
1675862153342 0.14999736547470094 38760
1675862153982 0.15039210319519042 38800
1675862154551 0.08225085139274597 38840
1675862155177 0.09889333248138428 38880
1675862155758 0.14718050956726075 38920
1675862156373 0.12025673389434814 38960
1675862156967 0.13652461767196655 39000
1675862157564 0.09807502627372741 39040
1675862158166 0.0883320152759552 39080
1675862158733 0.12610808610916138 39120
1675862159313 0.1033750295639038 39160
1675862159901 0.12087712287902833 39200
1675862160494 0.12145012617111206 39240
1675862161110 0.1411048173904419 39280
1675862161679 0.09724687337875366 39320
1675862162280 0.11635239124298095 39360
1675862162883 0.09596923589706421 39400
1675862163474 0.10442785024642945 39440
1675862164045 0.09832930564880371 39480
1675862164622 0.09639600515365601 39520
1675862165311 0.13994022607803344 39560
1675862166005 0.10253183841705323 39600
1675862166641 0.12387657165527344 39640
1675862167217 0.11455589532852173 39680
1675862167807 0.12133065462112427 39720
1675862168373 0.13705906867980958 39760
1675862168981 0.11799193620681762 39800
1675862169561 0.11091539859771729 39840
1675862170150 0.11398469209671021 39880
1675862170762 0.10837613344192505 39920
1675862171384 0.13485302925109863 39960
1675862171978 0.09558869004249573 40000
1675862172574 0.13173964023590087 40040
1675862173182 0.10993927717208862 40080
1675862173784 0.12264608144760132 40120
1675862174401 0.1456562638282776 40160
1675862204362 0.050319361686706546 40200
1675862204945 0.1161435604095459 40240
1675862205516 0.10858026742935181 40280
1675862206154 0.11913191080093384 40320
1675862206717 0.10285989046096802 40360
1675862207300 0.10994265079498292 40400
1675862207876 0.1204668402671814 40440
1675862208437 0.12081834077835082 40480
1675862209023 0.14738481044769286 40520
1675862209645 0.11213988065719604 40560
1675862210238 0.13165903091430664 40600
1675862210813 0.1366918683052063 40640
1675862211407 0.10158360004425049 40680
1675862212006 0.11102386713027954 40720
1675862212597 0.1034126877784729 40760
1675862213250 0.14047783613204956 40800
1675862213823 0.13386303186416626 40840
1675862214430 0.1283200740814209 40880
1675862215045 0.11745387315750122 40920
1675862215639 0.13836594820022582 40960
1675862216205 0.13806456327438354 41000
1675862216886 0.11440379619598388 41040
1675862217471 0.14810138940811157 41080
1675862218060 0.1319813013076782 41120
1675862218645 0.11298885345458984 41160
1675862219280 0.10686187744140625 41200
1675862219844 0.09442357420921325 41240
1675862220452 0.13552066087722778 41280
1675862221018 0.1339695930480957 41320
1675862221632 0.14939826726913452 41360
1675862222228 0.11848216056823731 41400
1675862222807 0.09528496265411376 41440
1675862223401 0.10855047702789307 41480
1675862224099 0.10431375503540039 41520
1675862224708 0.08431183099746704 41560
1675862225324 0.09669628739356995 41600
1675862225885 0.1213804006576538 41640
1675862226463 0.11240862607955933 41680
1675862227101 0.13370345830917357 41720
1675862227682 0.09397833943367004 41760
1675862228316 0.12009321451187134 41800
1675862228927 0.09957074522972106 41840
1675862229547 0.12116175889968872 41880
1675862230107 0.1433789014816284 41920
1675862230679 0.10083227157592774 41960
1675862231267 0.13520318269729614 42000
1675862231842 0.169432532787323 42040
1675862232505 0.11584527492523193 42080
1675862233102 0.11911725997924805 42120
1675862233760 0.1278523325920105 42160
1675862234358 0.12288819551467896 42200
1675862234970 0.15833204984664917 42240
1675862235606 0.16952775716781615 42280
1675862236230 0.11681208610534669 42320
1675862236826 0.10724707841873168 42360
1675862237401 0.1801435947418213 42400
1675862238004 0.1293770432472229 42440
1675862238634 0.13428336381912231 42480
1675862239232 0.12869821786880492 42520
1675862239842 0.13936355113983154 42560
1675862240403 0.11706651449203491 42600
1675862241079 0.13597160577774048 42640
1675862241690 0.11565070152282715 42680
1675862242300 0.12417519092559814 42720
1675862242896 0.12252072095870972 42760
1675862243496 0.11657915115356446 42800
1675862244071 0.14958702325820922 42840
1675862244646 0.07600919008255005 42880
1675862245259 0.09299338459968567 42920
1675862245916 0.16359392404556275 42960
1675862246550 0.13245612382888794 43000
1675862247122 0.10282455682754517 43040
1675862247700 0.13414710760116577 43080
1675862248281 0.1096723198890686 43120
1675862248986 0.12272679805755615 43160
1675862249649 0.1079549789428711 43200
1675862250345 0.13691016435623168 43240
1675862250996 0.1272681474685669 43280
1675862251582 0.09898862838745118 43320
1675862252170 0.09605063199996948 43360
1675862252793 0.11482712030410766 43400
1675862253412 0.1300150752067566 43440
1675862254012 0.09868492484092713 43480
1675862254614 0.1167453408241272 43520
1675862255211 0.12998450994491578 43560
1675862255885 0.11833668947219848 43600
1675862256457 0.1181718111038208 43640
1675862257048 0.11180708408355713 43680
1675862257643 0.14205149412155152 43720
1675862258241 0.0703870713710785 43760
1675862258808 0.13312976360321044 43800
1675862259391 0.1341723084449768 43840
1675862259971 0.06892563700675965 43880
1675862260583 0.11683905124664307 43920
1675862261174 0.12942837476730346 43960
1675862261817 0.12199398279190063 44000
1675862262426 0.11016947031021118 44040
1675862263028 0.10236110687255859 44080
1675862263593 0.10068737268447876 44120
1675862264180 0.1508467674255371 44160
1675862264819 0.12028355598449707 44200
1675862265395 0.09579344987869262 44240
1675862266062 0.12148016691207886 44280
1675862266631 0.13847634792327881 44320
1675862267214 0.09692869782447815 44360
1675862267809 0.10085879564285279 44400
1675862268373 0.16013312339782715 44440
1675862268965 0.122661554813385 44480
1675862269605 0.09423836469650268 44520
1675862270190 0.12119860649108886 44560
1675862270825 0.1679757356643677 44600
1675862271452 0.09021170139312744 44640
1675862272023 0.1715271830558777 44680
1675862272605 0.10063799619674682 44720
1675862273285 0.1281445026397705 44760
1675862273870 0.1707788348197937 44800
1675862274452 0.13188742399215697 44840
1675862275079 0.11698750257492066 44880
1675862275683 0.1627347946166992 44920
1675862276265 0.10441265106201172 44960
1675862276873 0.14788880348205566 45000
1675862277483 0.09853596687316894 45040
1675862278070 0.12362006902694703 45080
1675862278650 0.09600442051887512 45120
1675862279225 0.09397428631782531 45160
1675862279841 0.0939111590385437 45200
1675862280603 0.10625437498092652 45240
1675862281208 0.10142157077789307 45280
1675862281798 0.11393842697143555 45320
1675862282515 0.10051683187484742 45360
1675862283129 0.09257815480232238 45400
1675862283718 0.13535315990448 45440
1675862284293 0.08038293719291686 45480
1675862284866 0.11889723539352418 45520
1675862285461 0.14278099536895753 45560
1675862286035 0.09243195056915283 45600
1675862286613 0.10828621387481689 45640
1675862287229 0.15842556953430176 45680
1675862287868 0.1191419243812561 45720
1675862288514 0.12748777866363525 45760
1675862289141 0.10589014291763306 45800
1675862289729 0.09320030808448791 45840
1675862290308 0.10232785940170289 45880
1675862290928 0.1280510425567627 45920
1675862291539 0.09658650159835816 45960
1675862292118 0.34520440101623534 46000
1675862292698 0.12537143230438233 46040
1675862293384 0.11141655445098878 46080
1675862293956 0.12684032917022706 46120
1675862294572 0.14027680158615113 46160
1675862295171 0.12968705892562865 46200
1675862295789 0.1184689998626709 46240
1675862296406 0.09573200941085816 46280
1675862297014 0.10104795694351196 46320
1675862297595 0.07704790234565735 46360
1675862298159 0.1223477840423584 46400
1675862298760 0.09778599739074707 46440
1675862299355 0.11130491495132447 46480
1675862299927 0.12944951057434081 46520
1675862300519 0.15017223358154297 46560
1675862301106 0.10723005533218384 46600
1675862301727 0.11371245384216308 46640
1675862302306 0.1502309560775757 46680
1675862303010 0.1571621537208557 46720
1675862303628 0.107116961479187 46760
1675862304214 0.13182425498962402 46800
1675862304819 0.13015033006668092 46840
1675862305431 0.11799943447113037 46880
1675862306024 0.1531960368156433 46920
1675862306636 0.0872942328453064 46960
1675862307212 0.12498563528060913 47000
1675862307791 0.1938854455947876 47040
1675862308376 0.1596161961555481 47080
1675862309027 0.11919655799865722 47120
1675862309660 0.16688191890716553 47160
1675862310288 0.19225963354110717 47200
1675862310870 0.1654880404472351 47240
1675862311453 0.1402237296104431 47280
1675862312044 0.11587686538696289 47320
1675862312656 0.17067419290542601 47360
1675862313283 0.17780404090881347 47400
1675862313847 0.13840125799179076 47440
1675862314437 0.18123067617416383 47480
1675862315048 0.13798942565917968 47520
1675862315639 0.22683861255645751 47560
1675862316348 0.16289231777191163 47600
1675862316956 0.1174628496170044 47640
1675862317535 0.09077717065811157 47680
1675862318144 0.1355983018875122 47720
1675862318775 0.14676140546798705 47760
1675862319399 0.13393840789794922 47800
1675862319996 0.12606292963027954 47840
1675862320615 0.1304042100906372 47880
1675862321231 0.11298733949661255 47920
1675862321882 0.11665271520614624 47960
1675862322486 0.10328140258789062 48000
1675862323083 0.09378008246421814 48040
1675862323654 0.13037840127944947 48080
1675862324249 0.12429220676422119 48120
1675862324880 0.12428449392318726 48160
1675862325552 0.18265211582183838 48200
1675862326144 0.13639000654220582 48240
1675862326754 0.13022838830947875 48280
1675862327350 0.12070835828781128 48320
1675862327939 0.08399286270141601 48360
1675862328562 0.10135443210601806 48400
1675862329143 0.12536321878433226 48440
1675862329738 0.1304398536682129 48480
1675862330290 0.12959673404693603 48520
1675862330935 0.11382101774215699 48560
1675862331517 0.13191248178482057 48600
1675862332111 0.09219948649406433 48640
1675862332732 0.08796263337135315 48680
1675862333312 0.10779447555541992 48720
1675862333948 0.08602651953697205 48760
1675862334571 0.12208412885665894 48800
1675862335397 0.12925790548324584 48840
1675862336033 0.095413738489151 48880
1675862336646 0.0917368471622467 48920
1675862337238 0.12468953132629394 48960
1675862337798 0.14074982404708863 49000
1675862338376 0.13432717323303223 49040
1675862338957 0.0902819037437439 49080
1675862339537 0.11173588037490845 49120
1675862340151 0.12285231351852417 49160
1675862340772 0.1236194372177124 49200
1675862341401 0.10982785224914551 49240
1675862342005 0.1386820912361145 49280
1675862342580 0.12952057123184205 49320
1675862343148 0.10800029039382934 49360
1675862343732 0.11790506839752198 49400
1675862344325 0.09893871545791626 49440
1675862344966 0.10237993001937866 49480
1675862345569 0.08910885453224182 49520
1675862346147 0.08340069651603699 49560
1675862346741 0.13345764875411986 49600
1675862347308 0.1142227053642273 49640
1675862347901 0.13169174194335936 49680
1675862348501 0.09381508827209473 49720
1675862349090 0.12616852521896363 49760
1675862349674 0.10100808143615722 49800
1675862350261 0.08594145178794861 49840
1675862350845 0.10647394657135009 49880
1675862351420 0.09794151782989502 49920
1675862352013 0.12940288782119752 49960
1675862352576 0.12242007255554199 50000
1675862353198 0.1032279372215271 50040
1675862353774 0.11930270195007324 50080
1675862354365 0.1054768681526184 50120
1675862354931 0.10916370153427124 50160
1675862355578 0.1264994978904724 50200
1675862385845 0.03833585381507874 50240
1675862386438 0.09645680785179138 50280
1675862387010 0.09529184699058532 50320
1675862387578 0.11079498529434204 50360
1675862388219 0.11648072004318237 50400
1675862388823 0.11748802661895752 50440
1675862389448 0.11211010217666625 50480
1675862390042 0.12047708034515381 50520
1675862390671 0.14238752126693727 50560
1675862391255 0.11046156883239747 50600
1675862391862 0.11629127264022827 50640
1675862392462 0.1313431143760681 50680
1675862393024 0.09604683518409729 50720
1675862393618 0.1070363998413086 50760
1675862394202 0.08674404621124268 50800
1675862394802 0.11898084878921508 50840
1675862395391 0.12365267276763917 50880
1675862396010 0.12518470287322997 50920
1675862396630 0.0986039698123932 50960
1675862397211 0.15089272260665892 51000
1675862397787 0.11679720878601074 51040
1675862398355 0.09698286056518554 51080
1675862398913 0.1481090784072876 51120
1675862399478 0.13829734325408935 51160
1675862400092 0.11138476133346557 51200
1675862400681 0.11300935745239257 51240
1675862401290 0.08250930309295654 51280
1675862401893 0.12371065616607665 51320
1675862402489 0.11246453523635865 51360
1675862403092 0.16555554866790773 51400
1675862403685 0.12694326639175416 51440
1675862404299 0.07118878960609436 51480
1675862404902 0.11721247434616089 51520
1675862405492 0.1062899112701416 51560
1675862406090 0.07534841895103454 51600
1675862406664 0.09584646224975586 51640
1675862407225 0.11423646211624146 51680
1675862407796 0.09025410413742066 51720
1675862408373 0.11923632621765137 51760
1675862409073 0.09900249838829041 51800
1675862409649 0.1011820912361145 51840
1675862410265 0.10923146009445191 51880
1675862410873 0.10460286140441895 51920
1675862411451 0.14804636240005492 51960
1675862412035 0.12497190237045289 52000
1675862412638 0.10593172311782836 52040
1675862413273 0.13207658529281616 52080
1675862413907 0.12021344900131226 52120
1675862414552 0.11302887201309204 52160
1675862415153 0.1367432951927185 52200
1675862415801 0.10982421636581421 52240
1675862416368 0.1418875575065613 52280
1675862416956 0.1718986988067627 52320
1675862417545 0.1003239631652832 52360
1675862418134 0.09791946411132812 52400
1675862418741 0.113468337059021 52440
1675862419318 0.15240904092788696 52480
1675862419887 0.131669020652771 52520
1675862420504 0.10358294248580932 52560
1675862421097 0.13719977140426637 52600
1675862421676 0.10374655723571777 52640
1675862422353 0.12435656785964966 52680
1675862422949 0.10083410739898682 52720
1675862423520 0.12018671035766601 52760
1675862424131 0.09890803098678588 52800
1675862424708 0.12370799779891968 52840
1675862425337 0.10087887048721314 52880
1675862425967 0.07221158742904663 52920
1675862426544 0.09340612292289734 52960
1675862427117 0.13100123405456543 53000
1675862427718 0.1322772741317749 53040
1675862428343 0.08411753177642822 53080
1675862428938 0.11235353946685792 53120
1675862429509 0.11553829908370972 53160
1675862430094 0.11130732297897339 53200
1675862430699 0.09327412843704223 53240
1675862431289 0.12561697959899903 53280
1675862431909 0.11263227462768555 53320
1675862432513 0.1203732967376709 53360
1675862433100 0.08225566744804383 53400
1675862433726 0.11989262104034423 53440
1675862434317 0.11753501892089843 53480
1675862434909 0.08531069755554199 53520
1675862435517 0.10769661664962768 53560
1675862436101 0.10939080715179443 53600
1675862436716 0.09588624835014344 53640
1675862437347 0.11811633110046386 53680
1675862437931 0.10791219472885132 53720
1675862438548 0.1287321925163269 53760
1675862439212 0.06889926195144654 53800
1675862439887 0.11241093873977662 53840
1675862440457 0.13569532632827758 53880
1675862441056 0.08010371923446655 53920
1675862441677 0.10305244922637939 53960
1675862442285 0.12804765701293946 54000
1675862442868 0.10828136205673218 54040
1675862443481 0.1096224069595337 54080
1675862444099 0.09425250887870788 54120
1675862444723 0.11356394290924073 54160
1675862445283 0.14683701992034912 54200
1675862445847 0.08892585635185242 54240
1675862446452 0.10951048135757446 54280
1675862447082 0.1002310872077942 54320
1675862447710 0.13488446474075316 54360
1675862448298 0.08159701824188233 54400
1675862448875 0.11743345260620117 54440
1675862449455 0.11400691270828248 54480
1675862450030 0.11695990562438965 54520
1675862450687 0.09040805697441101 54560
1675862451283 0.09450272917747497 54600
1675862451886 0.14226269721984863 54640
1675862452467 0.09192478656768799 54680
1675862453037 0.1227536678314209 54720
1675862453637 0.09789227843284606 54760
1675862454445 0.1032917857170105 54800
1675862455023 0.1327882766723633 54840
1675862455591 0.13839365243911744 54880
1675862456313 0.12485384941101074 54920
1675862456947 0.154836905002594 54960
1675862457569 0.08369872570037842 55000
1675862458157 0.12687588930130006 55040
1675862458867 0.11117652654647828 55080
1675862459474 0.10921930074691773 55120
1675862460041 0.08002386093139649 55160
1675862460634 0.0893077790737152 55200
1675862461225 0.09676207900047303 55240
1675862461827 0.09056462645530701 55280
1675862462437 0.08415094017982483 55320
1675862463032 0.127386212348938 55360
1675862463620 0.11015045642852783 55400
1675862464364 0.08439972996711731 55440
1675862465061 0.12991641759872435 55480
1675862465634 0.09337766170501709 55520
1675862466197 0.1024622917175293 55560
1675862466825 0.13207502365112306 55600
1675862467421 0.08361413478851318 55640
1675862467989 0.09642130732536316 55680
1675862468578 0.09289491176605225 55720
1675862469196 0.11441787481307983 55760
1675862469788 0.12219147682189942 55800
1675862470385 0.11411194801330567 55840
1675862470972 0.08169425129890442 55880
1675862471556 0.09920566082000733 55920
1675862472209 0.13087419271469117 55960
1675862472797 0.11465542316436768 56000
1675862473373 0.09420250058174133 56040
1675862473977 0.11459896564483643 56080
1675862474561 0.10888622999191284 56120
1675862475134 0.16118712425231935 56160
1675862475738 0.12632750272750853 56200
1675862476342 0.1310334324836731 56240
1675862477062 0.10096544027328491 56280
1675862477624 0.11130293607711791 56320
1675862478255 0.07303522825241089 56360
1675862478839 0.09433230757713318 56400
1675862479435 0.10355966091156006 56440
1675862480005 0.09204383492469788 56480
1675862480666 0.18965712785720826 56520
1675862481242 0.13064932823181152 56560
1675862481841 0.10133370161056518 56600
1675862482497 0.11224274635314942 56640
1675862483086 0.11801824569702149 56680
1675862483667 0.12021970748901367 56720
1675862484252 0.14579688310623168 56760
1675862484842 0.08386139869689942 56800
1675862485460 0.12895050048828124 56840
1675862486048 0.09522647857666015 56880
1675862486620 0.1012113094329834 56920
1675862487210 0.16067857742309571 56960
1675862487816 0.08029910922050476 57000
1675862488544 0.09568973183631897 57040
1675862489125 0.10536675453186035 57080
1675862489755 0.08607360124588012 57120
1675862490327 0.07985981702804565 57160
1675862490901 0.0921095371246338 57200
1675862491509 0.10446418523788452 57240
1675862492149 0.12234598398208618 57280
1675862492753 0.13519359827041627 57320
1675862493340 0.06717077493667603 57360
1675862493955 0.12865196466445922 57400
1675862494555 0.09601918458938599 57440
1675862495129 0.08228696584701538 57480
1675862495733 0.1051802396774292 57520
1675862496317 0.12378332614898682 57560
1675862496989 0.07860895991325378 57600
1675862497564 0.09881945252418518 57640
1675862498178 0.08486438989639282 57680
1675862498852 0.07675989866256713 57720
1675862499443 0.09312960505485535 57760
1675862500028 0.12288883924484253 57800
1675862500600 0.11449605226516724 57840
1675862501181 0.09621696472167969 57880
1675862501782 0.10360314846038818 57920
1675862502394 0.1060217022895813 57960
1675862502946 0.10587362051010132 58000
1675862503526 0.07405624389648438 58040
1675862504102 0.06276750564575195 58080
1675862504692 0.10820382833480835 58120
1675862505265 0.08713813424110413 58160
1675862505836 0.11126713752746582 58200
1675862506420 0.13936727046966552 58240
1675862507009 0.12859023809432985 58280
1675862507581 0.12296866178512574 58320
1675862508180 0.08392191529273987 58360
1675862508756 0.09407091736793519 58400
1675862509469 0.09563271999359131 58440
1675862510073 0.09669933915138244 58480
1675862510644 0.11224701404571533 58520
1675862511221 0.10377198457717896 58560
1675862511792 0.08330020308494568 58600
1675862512433 0.10618710517883301 58640
1675862513018 0.09725882411003113 58680
1675862513607 0.08607788681983948 58720
1675862514193 0.09531711935997009 58760
1675862514783 0.08082267045974731 58800
1675862515385 0.10039230585098266 58840
1675862515981 0.11900460720062256 58880
1675862516559 0.07410508394241333 58920
1675862517145 0.08699218034744263 58960
1675862517773 0.10887320041656494 59000
1675862518372 0.10002065896987915 59040
1675862519003 0.12407492399215699 59080
1675862519587 0.08520479798316956 59120
1675862520260 0.08790552616119385 59160
1675862520838 0.09593361616134644 59200
1675862521403 0.12644768953323365 59240
1675862522011 0.10294489860534668 59280
1675862522685 0.1528736710548401 59320
1675862523340 0.10355743169784545 59360
1675862523935 0.10352927446365356 59400
1675862524518 0.11687889099121093 59440
1675862525189 0.09779998660087585 59480
1675862525777 0.08186421394348145 59520
1675862526432 0.10242232084274291 59560
1675862527050 0.10271234512329101 59600
1675862527659 0.10966475009918213 59640
1675862528257 0.13041528463363647 59680
1675862528863 0.12261377573013306 59720
1675862529455 0.1667331337928772 59760
1675862530061 0.10631629228591918 59800
1675862530675 0.13331477642059325 59840
1675862531298 0.09395893812179565 59880
1675862531882 0.10737265348434448 59920
1675862532468 0.11693055629730224 59960
1675862533114 0.1234012246131897 60000
1675862533895 0.14282034635543822 60040
1675862534472 0.1145108699798584 60080
1675862535077 0.10506215095520019 60120
1675862535670 0.09320899248123168 60160
1675862536245 0.1119159460067749 60200
1675862536849 0.18299260139465331 60240
1675862566433 0.026480963826179503 60280
1675862567066 0.10233120918273926 60320
1675862567632 0.10053168535232544 60360
1675862568201 0.09392859935760497 60400
1675862568793 0.1082451343536377 60440
1675862569370 0.09513537883758545 60480
1675862569986 0.11005212068557739 60520
1675862570564 0.1439845323562622 60560
1675862571155 0.11810840368270874 60600
1675862571753 0.12845137119293212 60640
1675862572336 0.11306042671203613 60680
1675862572937 0.11702731847763062 60720
1675862573519 0.10639909505844117 60760
1675862574110 0.08478623628616333 60800
1675862574688 0.10980466604232789 60840
1675862575277 0.11206599473953247 60880
1675862575865 0.11532535552978515 60920
1675862576466 0.12262468338012696 60960
1675862577076 0.1015286922454834 61000
1675862577658 0.10091313123703002 61040
1675862578259 0.13788653612136842 61080
1675862578841 0.07502924203872681 61120
1675862579431 0.12660808563232423 61160
1675862580182 0.11351432800292968 61200
1675862580780 0.12356438636779785 61240
1675862581383 0.0984795868396759 61280
1675862581975 0.06955137848854065 61320
1675862582600 0.12293772697448731 61360
1675862583236 0.10994592905044556 61400
1675862583876 0.15222975015640258 61440
1675862584501 0.12219926118850707 61480
1675862585093 0.07273856997489929 61520
1675862585665 0.10530387163162232 61560
1675862586478 0.09956387281417847 61600
1675862587120 0.07536866664886474 61640
1675862587793 0.08463380336761475 61680
1675862588363 0.11343215703964234 61720
1675862588923 0.08489009141921997 61760
1675862589495 0.12736066579818725 61800
1675862590080 0.07790074944496155 61840
1675862590726 0.2353227138519287 61880
1675862591348 0.1060616135597229 61920
1675862591913 0.09364569187164307 61960
1675862592537 0.14309028387069703 62000
1675862593308 0.07571762800216675 62040
1675862593884 0.10740165710449219 62080
1675862594495 0.13374903202056884 62120
1675862595079 0.13043769598007202 62160
1675862595646 0.10048432350158691 62200
1675862596274 0.1077379584312439 62240
1675862596952 0.11760624647140502 62280
1675862597572 0.12934350967407227 62320
1675862598154 0.15356276035308838 62360
1675862598741 0.10379291772842407 62400
1675862599342 0.11474466323852539 62440
1675862599974 0.1174115777015686 62480
1675862600583 0.12795443534851075 62520
1675862601180 0.13087735176086426 62560
1675862601773 0.08570141196250916 62600
1675862602385 0.1467850923538208 62640
1675862602961 0.10666594505310059 62680
1675862603530 0.12591148614883424 62720
1675862604149 0.150582218170166 62760
1675862604708 0.10231245756149292 62800
1675862605278 0.11092466115951538 62840
1675862605908 0.10766634941101075 62880
1675862606503 0.08167599439620972 62920
1675862607085 0.1773311734199524 62960
1675862607671 0.1053426742553711 63000
1675862608246 0.13161813020706176 63040
1675862608861 0.12174937725067139 63080
1675862609441 0.0850534975528717 63120
1675862610073 0.11243876218795776 63160
1675862610654 0.12195885181427002 63200
1675862611236 0.11411267518997192 63240
1675862611829 0.09034595489501954 63280
1675862612504 0.12817671298980712 63320
1675862613074 0.10348297357559204 63360
1675862613657 0.13581327199935914 63400
1675862614246 0.07012584209442138 63440
1675862614835 0.10161495208740234 63480
1675862615428 0.10680792331695557 63520
1675862616003 0.10966395139694214 63560
1675862616610 0.10234265327453614 63600
1675862617193 0.11231929063796997 63640
1675862617870 0.10007586479187011 63680
1675862618508 0.11013917922973633 63720
1675862619120 0.10380585193634033 63760
1675862619716 0.12095149755477905 63800
1675862620324 0.07530491948127746 63840
1675862620942 0.11258955001831054 63880
1675862621550 0.1441691994667053 63920
1675862622142 0.08021680116653443 63960
1675862622739 0.08601675033569336 64000
1675862623465 0.12956300973892212 64040
1675862624057 0.09994869828224182 64080
1675862624705 0.11314859390258789 64120
1675862625290 0.10856598615646362 64160
1675862625868 0.10898498296737671 64200
1675862626467 0.13640860319137574 64240
1675862627097 0.07860343456268311 64280
1675862627694 0.10994453430175781 64320
1675862628292 0.09265473484992981 64360
1675862628886 0.11596467494964599 64400
1675862629462 0.11168941259384155 64440
1675862630083 0.10392040014266968 64480
1675862630650 0.10663788318634033 64520
1675862631252 0.11668118238449096 64560
1675862631853 0.08835880160331726 64600
1675862632489 0.07973324060440064 64640
1675862633118 0.1391523599624634 64680
1675862633704 0.09305691719055176 64720
1675862634348 0.1080338716506958 64760
1675862634905 0.09006613492965698 64800
1675862635488 0.1319412350654602 64840
1675862636091 0.14283846616744994 64880
1675862636704 0.13752211332321168 64920
1675862637281 0.11732491254806518 64960
1675862637866 0.12703713178634643 65000
1675862638435 0.09926274418830872 65040
1675862639022 0.12073825597763062 65080
1675862639605 0.10677894353866577 65120
1675862640266 0.08955124616622925 65160
1675862640888 0.09249621629714966 65200
1675862641459 0.06859585642814636 65240
1675862642107 0.09042713642120362 65280
1675862642727 0.10966297388076782 65320
1675862643309 0.09108116030693054 65360
1675862643897 0.10413467884063721 65400
1675862644591 0.1260116934776306 65440
1675862645173 0.0627183735370636 65480
1675862645762 0.1352587103843689 65520
1675862646432 0.09550459384918213 65560
1675862647009 0.10555052757263184 65600
1675862647702 0.12061929702758789 65640
1675862648269 0.08606827259063721 65680
1675862648853 0.09205478429794312 65720
1675862649443 0.1040603518486023 65760
1675862650033 0.11511584520339965 65800
1675862650627 0.11828314065933228 65840
1675862651230 0.1234014630317688 65880
1675862651799 0.07885943055152893 65920
1675862652390 0.09465034604072571 65960
1675862652974 0.12727416753768922 66000
1675862653558 0.09504032135009766 66040
1675862654142 0.10092353820800781 66080
1675862654736 0.10535144805908203 66120
1675862655453 0.09124054312705994 66160
1675862656035 0.1344982147216797 66200
1675862656608 0.12307518720626831 66240
1675862657229 0.12447264194488525 66280
1675862657815 0.08728790879249573 66320
1675862658387 0.09597131609916687 66360
1675862658995 0.06679956316947937 66400
1675862659626 0.0796833336353302 66440
1675862660235 0.09555432200431824 66480
1675862660807 0.08688588142395019 66520
1675862661374 0.09487072229385377 66560
1675862661948 0.12794432640075684 66600
1675862662539 0.10148721933364868 66640
1675862663125 0.11874066591262818 66680
1675862663752 0.09993327260017396 66720
1675862664340 0.10978528261184692 66760
1675862664950 0.12605605125427247 66800
1675862665535 0.10774469375610352 66840
1675862666127 0.11920193433761597 66880
1675862666698 0.08432940244674683 66920
1675862667277 0.11041537523269654 66960
1675862667923 0.14022276401519776 67000
1675862668497 0.09715842604637145 67040
1675862669140 0.09081222414970398 67080
1675862669745 0.10080157518386841 67120
1675862670342 0.08553037643432618 67160
1675862670970 0.0637185275554657 67200
1675862671562 0.13369662761688234 67240
1675862672170 0.11560659408569336 67280
1675862672778 0.10180461406707764 67320
1675862673376 0.10353306531906128 67360
1675862674007 0.05497556924819946 67400
1675862674581 0.12228310108184814 67440
1675862675160 0.10215040445327758 67480
1675862675732 0.09230654835700988 67520
1675862676341 0.09341093301773071 67560
1675862676907 0.1011823296546936 67600
1675862677515 0.10098708868026733 67640
1675862678163 0.09163235425949097 67680
1675862678780 0.10757967233657836 67720
1675862679422 0.07161211967468262 67760
1675862680070 0.09321882128715515 67800
1675862680641 0.12595102787017823 67840
1675862681297 0.10282344818115234 67880
1675862681892 0.09674702882766724 67920
1675862682463 0.11549217700958252 67960
1675862683043 0.12457209825515747 68000
1675862683673 0.13158226013183594 68040
1675862684336 0.07387719154357911 68080
1675862684991 0.11107770204544068 68120
1675862685700 0.11009597778320312 68160
1675862686283 0.08954265713691711 68200
1675862686842 0.12636085748672485 68240
1675862687441 0.09759641885757446 68280
1675862688024 0.269070029258728 68320
1675862688605 0.14161518812179566 68360
1675862689212 0.1059186577796936 68400
1675862689803 0.09003360867500305 68440
1675862690383 0.10906088352203369 68480
1675862690995 0.12290115356445312 68520
1675862691562 0.12253770828247071 68560
1675862692172 0.10815201997756958 68600
1675862692764 0.09831419587135315 68640
1675862693339 0.12490379810333252 68680
1675862693933 0.09292272329330445 68720
1675862694579 0.08672462105751037 68760
1675862695236 0.09903410077095032 68800
1675862695819 0.07541044354438782 68840
1675862696417 0.11116060018539428 68880
1675862697100 0.12471539974212646 68920
1675862697672 0.08543933033943177 68960
1675862698330 0.0805724322795868 69000
1675862698911 0.10029269456863403 69040
1675862699543 0.11127980947494506 69080
1675862700114 0.13836644887924193 69120
1675862700695 0.08755724430084229 69160
1675862701264 0.10091245174407959 69200
1675862701871 0.10802867412567138 69240
1675862702494 0.12763282060623168 69280
1675862703124 0.10250550508499146 69320
1675862703774 0.1465330481529236 69360
1675862704351 0.10156049728393554 69400
1675862704946 0.09653463959693909 69440
1675862705529 0.1330994486808777 69480
1675862706091 0.09343046545982361 69520
1675862706705 0.09625149369239808 69560
1675862707274 0.0881220519542694 69600
1675862707896 0.08589564561843872 69640
1675862708560 0.09717735648155212 69680
1675862709149 0.10525434017181397 69720
1675862709768 0.1249764084815979 69760
1675862710365 0.11622647047042847 69800
1675862710958 0.08607490658760071 69840
1675862711580 0.13956801891326903 69880
1675862712177 0.0816106379032135 69920
1675862712815 0.08435541987419129 69960
1675862713448 0.08470882177352905 70000
1675862714014 0.09775768518447876 70040
1675862714645 0.11981185674667358 70080
1675862715229 0.11434991359710693 70120
1675862715827 0.09439449906349182 70160
1675862716412 0.09394342303276063 70200
1675862716990 0.10772039890289306 70240
1675862717562 0.1360546112060547 70280
1675862747171 0.009524860978126526 70320
1675862747787 0.08686793446540833 70360
1675862748357 0.07999498248100281 70400
1675862749023 0.0931925356388092 70440
1675862749638 0.10603810548782348 70480
1675862750218 0.2715015411376953 70520
1675862750815 0.09346579313278199 70560
1675862751381 0.1465725541114807 70600
1675862752146 0.0939942717552185 70640
1675862752736 0.1365137815475464 70680
1675862753366 0.10892788171768189 70720
1675862753963 0.11244435310363769 70760
1675862754587 0.07967673540115357 70800
1675862755216 0.09473438262939453 70840
1675862755824 0.12216038703918457 70880
1675862756438 0.09952031970024108 70920
1675862757090 0.11738734245300293 70960
1675862757684 0.10773885250091553 71000
1675862758321 0.10847941637039185 71040
1675862758901 0.10830552577972412 71080
1675862759487 0.1247604489326477 71120
1675862760092 0.09791664481163025 71160
1675862760735 0.11928616762161255 71200
1675862761407 0.10137854814529419 71240
1675862762023 0.12909584045410155 71280
1675862762650 0.10865321159362792 71320
1675862763221 0.07484397292137146 71360
1675862763836 0.12383339405059815 71400
1675862764432 0.10578538179397583 71440
1675862765024 0.15331586599349975 71480
1675862765609 0.12261284589767456 71520
1675862766221 0.08606130480766297 71560
1675862766872 0.09959662556648255 71600
1675862767495 0.09848223924636841 71640
1675862768083 0.06522739529609681 71680
1675862768732 0.07176181077957153 71720
1675862769307 0.10055596828460693 71760
1675862769892 0.12113851308822632 71800
1675862770556 0.11684292554855347 71840
1675862771175 0.06731509566307067 71880
1675862771828 0.11474162340164185 71920
1675862772445 0.09973653554916381 71960
1675862773011 0.08516116142272949 72000
1675862773623 0.14762331247329713 72040
1675862774198 0.08007689714431762 72080
1675862774858 0.10490772724151612 72120
1675862775475 0.12063773870468139 72160
1675862776079 0.11973804235458374 72200
1675862776643 0.10501639842987061 72240
1675862777238 0.10034797191619874 72280
1675862777816 0.10324728488922119 72320
1675862778400 0.11386321783065796 72360
1675862779032 0.14418997764587402 72400
1675862779631 0.23999860286712646 72440
1675862780222 0.12547653913497925 72480
1675862780794 0.10765830278396607 72520
1675862781367 0.12040433883666993 72560
1675862781949 0.125916588306427 72600
1675862782532 0.0929869294166565 72640
1675862783156 0.11868343353271485 72680
1675862783767 0.10187476873397827 72720
1675862784349 0.1480780839920044 72760
1675862784936 0.11105996370315552 72800
1675862785525 0.10778661966323852 72840
1675862786107 0.09798721671104431 72880
1675862786709 0.08917424678802491 72920
1675862787297 0.08750653266906738 72960
1675862787875 0.08561117053031922 73000
1675862788484 0.09767807126045228 73040
1675862789100 0.10615779161453247 73080
1675862789679 0.136213219165802 73120
1675862790346 0.07157644629478455 73160
1675862790924 0.10387110710144043 73200
1675862791626 0.09567842483520508 73240
1675862792270 0.10381463766098023 73280
1675862792854 0.10036803483963012 73320
1675862793445 0.10183850526809693 73360
1675862794047 0.09205421209335327 73400
1675862794690 0.13297220468521118 73440
1675862795287 0.13521987199783325 73480
1675862795853 0.08886986374855041 73520
1675862796442 0.10461652278900146 73560
1675862797090 0.10376766920089722 73600
1675862797668 0.08031023740768432 73640
1675862798259 0.1408158302307129 73680
1675862798882 0.10980136394500732 73720
1675862799564 0.12678834199905395 73760
1675862800265 0.09704280495643616 73800
1675862800876 0.10859849452972412 73840
1675862801484 0.10259562730789185 73880
1675862802065 0.09680010676383972 73920
1675862802647 0.11569918394088745 73960
1675862803259 0.10089386701583862 74000
1675862803835 0.09530338644981384 74040
1675862804416 0.11455328464508056 74080
1675862805003 0.10064420700073243 74120
1675862805576 0.11429253816604615 74160
1675862806175 0.1015292763710022 74200
1675862806786 0.10727791786193848 74240
1675862807373 0.14911139011383057 74280
1675862808014 0.08982791304588318 74320
1675862808622 0.11052651405334472 74360
1675862809253 0.08748489618301392 74400
1675862809971 0.1179128885269165 74440
1675862810563 0.11237484216690063 74480
1675862811134 0.10606130361557006 74520
1675862811700 0.10109394788742065 74560
1675862812316 0.12140947580337524 74600
1675862812905 0.08920969367027283 74640
1675862813498 0.08566972613334656 74680
1675862814091 0.1275072693824768 74720
1675862814691 0.10714045763015748 74760
1675862815293 0.09277434349060058 74800
1675862815897 0.09200907945632934 74840
1675862816476 0.12349039316177368 74880
1675862817068 0.18210964202880858 74920
1675862817645 0.14176753759384156 74960
1675862818278 0.10269829034805297 75000
1675862818871 0.13899942636489868 75040
1675862819531 0.10018302202224731 75080
1675862820118 0.11595668792724609 75120
1675862820706 0.10600833892822266 75160
1675862821339 0.08938103318214416 75200
1675862821964 0.09714536666870117 75240
1675862822584 0.09502224326133728 75280
1675862823220 0.09966528415679932 75320
1675862823800 0.08699845671653747 75360
1675862824394 0.0851353645324707 75400
1675862825064 0.10972553491592407 75440
1675862825656 0.12442603111267089 75480
1675862826236 0.0642190158367157 75520
1675862826804 0.13457396030426025 75560
1675862827442 0.16026519536972045 75600
1675862828039 0.10648847818374634 75640
1675862828768 0.11698354482650757 75680
1675862829336 0.10471919775009156 75720
1675862829928 0.08603618144989014 75760
1675862830515 0.09420547485351563 75800
1675862831135 0.1062239170074463 75840
1675862831727 0.10261337757110596 75880
1675862832330 0.12751466035842896 75920
1675862832906 0.06944257020950317 75960
1675862833508 0.08610777854919434 76000
1675862834147 0.12417131662368774 76040
1675862834734 0.11290446519851685 76080
1675862835346 0.08400062918663025 76120
1675862835980 0.1097051739692688 76160
1675862836628 0.08196594715118408 76200
1675862837196 0.09786472320556641 76240
1675862837771 0.14833316802978516 76280
1675862838356 0.11744217872619629 76320
1675862838932 0.11120047569274902 76360
1675862839676 0.09279627203941346 76400
1675862840238 0.057503849267959595 76440
1675862840822 0.07772886753082275 76480
1675862841406 0.1004524827003479 76520
1675862841995 0.09597281813621521 76560
1675862842581 0.08045399188995361 76600
1675862843156 0.13087164163589476 76640
1675862843729 0.08075423836708069 76680
1675862844355 0.10384961366653442 76720
1675862844943 0.11309231519699096 76760
1675862845545 0.10383538007736207 76800
1675862846122 0.11922733783721924 76840
1675862846733 0.10680081844329833 76880
1675862847313 0.12328070402145386 76920
1675862847903 0.0792853057384491 76960
1675862848478 0.10761969089508057 77000
1675862849049 0.1287185549736023 77040
1675862849643 0.09715757966041565 77080
1675862850274 0.09455001950263978 77120
1675862850894 0.09773227572441101 77160
1675862851497 0.08942275643348693 77200
1675862852122 0.07498818635940552 77240
1675862852768 0.09092071652412415 77280
1675862853372 0.1096921443939209 77320
1675862853996 0.0941165030002594 77360
1675862854623 0.11644580364227294 77400
1675862855267 0.06001741290092468 77440
1675862855873 0.11940585374832154 77480
1675862856632 0.11601494550704956 77520
1675862857236 0.08611151576042175 77560
1675862857812 0.09043424725532531 77600
1675862858479 0.11086896657943726 77640
1675862859049 0.08777481317520142 77680
1675862859636 0.09003986120223999 77720
1675862860242 0.10328583717346192 77760
1675862860822 0.074740469455719 77800
1675862861434 0.07641034126281739 77840
1675862862000 0.12971214056015015 77880
1675862862583 0.09928685426712036 77920
1675862863168 0.08286382555961609 77960
1675862863744 0.10516079664230346 78000
1675862864358 0.09953606724739075 78040
1675862864976 0.10419625043869019 78080
1675862865588 0.06799831390380859 78120
1675862866177 0.06843833923339844 78160
1675862866769 0.09738312959671021 78200
1675862867382 0.0765470027923584 78240
1675862867971 0.10966609716415406 78280
1675862868575 0.08161006569862365 78320
1675862869170 0.14197691679000854 78360
1675862869780 0.1401995062828064 78400
1675862870355 0.0844309687614441 78440
1675862870997 0.09461430311203003 78480
1675862871582 0.09045060276985169 78520
1675862872223 0.09760506153106689 78560
1675862872801 0.11461423635482788 78600
1675862873444 0.1020626425743103 78640
1675862874040 0.08150147795677185 78680
1675862874629 0.08994408845901489 78720
1675862875216 0.07816145420074463 78760
1675862875816 0.07725952267646789 78800
1675862876438 0.11718206405639649 78840
1675862877059 0.07762515544891357 78880
1675862877651 0.10905674695968628 78920
1675862878227 0.09279735088348388 78960
1675862878872 0.0804866075515747 79000
1675862879472 0.07413861155509949 79040
1675862880079 0.09970817565917969 79080
1675862880640 0.090495365858078 79120
1675862881244 0.11989732980728149 79160
1675862881890 0.09478906393051148 79200
1675862882483 0.09356233477592468 79240
1675862883108 0.0821835994720459 79280
1675862883713 0.10674883127212524 79320
1675862884293 0.09901653528213501 79360
1675862884858 0.1269191861152649 79400
1675862885440 0.09361117482185363 79440
1675862886051 0.10619741678237915 79480
1675862886639 0.10046485662460328 79520
1675862887209 0.10043079853057861 79560
1675862887856 0.0673014223575592 79600
1675862888470 0.08947631120681762 79640
1675862889125 0.09712215065956116 79680
1675862889718 0.08474145531654358 79720
1675862890322 0.10320284366607665 79760
1675862890905 0.1115880012512207 79800
1675862891516 0.10151108503341674 79840
1675862892080 0.09269793033599853 79880
1675862892658 0.12294929027557373 79920
1675862893273 0.08897734880447387 79960
1675862893918 0.0676496148109436 80000
1675862894523 0.09585370421409607 80040
1675862895099 0.09854287505149842 80080
1675862895675 0.11539472341537475 80120
1675862896369 0.10445992946624756 80160
1675862896961 0.0672509491443634 80200
1675862897576 0.11634616851806641 80240
1675862898149 0.08827177286148072 80280
1675862898721 0.11822195053100586 80320
