1675872475222 0.9419742226600647 0
1675872475427 0.9515401721000671 0
1675872475648 0.9462990164756775 0
1675872475886 0.9433848261833191 0
1675872476102 0.9433085918426514 0
1675872476318 0.9461308121681213 0
1675872476541 0.9373247623443604 0
1675872476754 0.9417831301689148 0
1675872476959 0.9431838989257812 0
1675872477186 0.9327212572097778 0
1675872477414 0.9413028359413147 0
1675872477631 0.9456371665000916 0
1675872477894 0.9268686771392822 0
1675872478102 0.9435469508171082 0
1675872478336 0.9359647631645203 0
1675872478562 0.9388003349304199 0
1675872478829 0.9199848175048828 0
1675872479087 0.9336152672767639 0
1675872479294 0.9350520968437195 0
1675872479540 0.9240505695343018 0
1675872479793 0.9241394996643066 0
1675872480020 0.9303831458091736 0
1675872480250 0.9309086799621582 0
1675872480501 0.9257567524909973 0
1675872480751 0.923319935798645 0
1675872481044 0.9103955030441284 0
1675872481285 0.9212411642074585 0
1675872481526 0.9240698218345642 0
1675872481794 0.9105011224746704 0
1675872482025 0.9193108081817627 0
1675872482274 0.9118354320526123 0
1675872482513 0.9134480357170105 0
1675872482764 0.9062512516975403 0
1675872483026 0.9040341973304749 0
1675872483281 0.9016068577766418 0
1675872483573 0.8926030397415161 0
1675872483799 0.9102385640144348 0
1675872484044 0.9072809815406799 0
1675872484299 0.9012668132781982 0
1675872484603 0.8815861344337463 0
1675872484819 0.9122699499130249 0
1675872485086 0.896650493144989 0
1675872485347 0.8973131775856018 0
1675872485615 0.8967371582984924 0
1675872485875 0.9011335968971252 0
1675872486135 0.8984509110450745 0
1675872486368 0.9027868509292603 0
1675872486605 0.8951888084411621 0
1675872486844 0.8931964635848999 0
1675872487060 0.8952263593673706 0
1675872487288 0.8898819088935852 0
1675872487526 0.8879315853118896 0
1675872487720 0.898313581943512 0
1675872487946 0.8911592364311218 0
1675872488191 0.8806576132774353 0
1675872488417 0.885039746761322 0
1675872488663 0.8794678449630737 0
1675872488904 0.8869903087615967 0
1675872489150 0.8747003078460693 0
1675872489372 0.8785899877548218 0
1675872489566 0.8852035403251648 0
1675872489783 0.875049889087677 0
1675872489998 0.876442015171051 0
1675872490232 0.8701509833335876 0
1675872490445 0.8718690872192383 0
1675872490670 0.8673556447029114 0
1675872490906 0.8685049414634705 0
1675872491138 0.8631961345672607 0
1675872491371 0.8639609813690186 0
1675872491598 0.8698021173477173 0
1675872491851 0.8657066822052002 0
1675872492090 0.8627040982246399 0
1675872492332 0.8564265370368958 0
1675872492600 0.8498510122299194 0
1675872492835 0.8564669489860535 0
1675872493072 0.8533955216407776 0
1675872493320 0.8539063930511475 0
1675872493545 0.8527994155883789 0
1675872493753 0.8559101819992065 0
1675872493974 0.8589005470275879 0
1675872494241 0.8461138010025024 0
1675872494526 0.8400033116340637 0
1675872494797 0.8429499268531799 0
1675872495096 0.8335534930229187 0
1675872495363 0.8415966629981995 0
1675872495610 0.8323308229446411 0
1675872495828 0.8359382152557373 0
1675872496096 0.8311136960983276 0
1675872496297 0.8414735198020935 0
1675872496517 0.8297408223152161 0
1675872496729 0.8312035799026489 0
1675872496957 0.8284043669700623 0
1675872497164 0.8313433527946472 0
1675872497377 0.8257907032966614 0
1675872497598 0.8245412707328796 0
1675872497813 0.8233745694160461 0
1675872498028 0.8195343613624573 0
1675872498235 0.8213686943054199 0
1675872498439 0.8208953738212585 0
1675872498653 0.8201146721839905 0
1675872498859 0.8130477070808411 0
1675872499093 0.8037993907928467 0
1675872499309 0.810490071773529 0
1675872499554 0.7981770634651184 0
1675872499757 0.8093060255050659 0
1675872499976 0.7996302843093872 0
1675872500224 0.7949295043945312 0
1675872500456 0.7989546656608582 0
1675872500665 0.7947943210601807 0
1675872500884 0.790435254573822 0
1675872501099 0.787556529045105 0
1675872501321 0.7869957089424133 0
1675872501512 0.7911891341209412 0
1675872501697 0.7903395295143127 0
1675872501890 0.7846847772598267 0
1675872502097 0.7778323888778687 0
1675872502335 0.7691012620925903 0
1675872502551 0.773951530456543 0
1675872502763 0.770893931388855 0
1675872502983 0.7670949101448059 0
1675872503222 0.7529450058937073 0
1675872503444 0.7577170729637146 0
1675872503651 0.7571695446968079 0
1675872503874 0.749689519405365 0
1675872504067 0.7548849582672119 0
1675872504302 0.7458938360214233 0
1675872504549 0.7412554621696472 0
1675872504764 0.7399466633796692 0
1675872505006 0.7311373353004456 0
1675872505224 0.7354137897491455 0
1675872505441 0.7325065732002258 0
1675872505700 0.7191307544708252 0
1675872505935 0.7167430520057678 0
1675872506137 0.7221246361732483 0
1675872506342 0.7176598310470581 0
1675872506569 0.713671863079071 0
1675872506836 0.7011363506317139 0
1675872507103 0.694689154624939 0
1675872507335 0.6973168253898621 0
1675872507567 0.6915518045425415 0
1675872507760 0.6965303421020508 0
1675872507998 0.6807834506034851 0
1675872508293 0.6815481781959534 0
1675872508552 0.6744722723960876 0
1675872508794 0.6727777123451233 0
1675872509051 0.6642175316810608 0
1675872509329 0.6583455204963684 0
1675872509603 0.6516714096069336 0
1675872509875 0.6409240961074829 0
1675872510118 0.6423678398132324 0
1675872510344 0.6403274536132812 0
1675872510609 0.6292172074317932 0
1675872510844 0.624955952167511 0
1675872511119 0.6189692616462708 0
1675872511415 0.6079063415527344 0
1675872511678 0.6080101728439331 0
1675872511900 0.6033889651298523 0
1675872513419 0.5857049822807312 0
1675872513684 0.5770623683929443 0
1675872513895 0.5786886215209961 0
1675872514100 0.5707497000694275 0
1675872514323 0.5584607720375061 0
1675872514541 0.5503401756286621 0
1675872514812 0.5371043682098389 0
1675872515046 0.5333110094070435 0
1675872515273 0.5264639854431152 0
1675872515476 0.5181853771209717 0
1675872515695 0.5080763697624207 0
1675872515903 0.501751720905304 0
1675872516108 0.49147889018058777 0
1675872516320 0.4820115268230438 0
1675872516555 0.4659633934497833 0
1675872516756 0.45842811465263367 0
1675872516953 0.4471506178379059 0
1675872517175 0.4307412803173065 0
1675872517391 0.41952136158943176 0
1675872517616 0.40694424510002136 0
1675872517831 0.39613163471221924 0
1675872518057 0.38340237736701965 0
1675872518278 0.36823636293411255 0
1675872518496 0.3529569208621979 0
1675872518712 0.34041935205459595 0
1675872518964 0.3252427577972412 0
1675872519163 0.3132604956626892 0
1675872519394 0.29473745822906494 0
1675872519611 0.2806936204433441 0
1675872519917 0.2661610543727875 0
1675872520161 0.24883686006069183 0
