1675957113764 0.017195208370685576 0
1675957116112 0.6102091312408447 40
1675957118446 2.641239547729492 80
1675957121175 72.28001098632812 120
1675957123164 71.54698486328125 160
1675957125075 71.93248291015625 200
1675957127258 74.25370483398437 240
1675957129307 70.2243408203125 280
1675957131297 71.64459838867188 320
1675957134189 72.02665405273437 360
1675957136307 71.42869262695312 400
1675957138757 73.25343627929688 440
1675957140842 69.15091552734376 480
1675957143124 71.69507446289063 520
1675957145246 73.54192504882812 560
1675957147514 70.862744140625 600
1675957150547 71.52036743164062 640
1675957152841 73.13970336914062 680
1675957155012 71.8620361328125 720
1675957156902 70.48226928710938 760
1675957158945 71.63511352539062 800
1675957160847 70.73326416015625 840
1675957163262 69.80934448242188 880
1675957164611 71.25341186523437 920
1675957166499 71.32553100585938 960
1675957168657 70.92344970703125 1000
1675957170627 70.41170654296874 1040
1675957172935 70.74410400390624 1080
1675957174826 71.34735717773438 1120
1675957177175 74.907470703125 1160
1675957179113 71.534033203125 1200
1675957181203 69.99357299804687 1240
1675957183182 69.94090576171875 1280
1675957185449 73.20029296875 1320
1675957187650 70.807666015625 1360
1675957189677 71.93497314453126 1400
1675957191726 70.45729370117188 1440
1675957194724 71.063134765625 1480
1675957196806 71.14510498046874 1520
1675957198831 73.23040771484375 1560
1675957200768 70.18218383789062 1600
1675957202748 69.78751831054687 1640
1675957204808 69.467724609375 1680
1675957206811 70.59639282226563 1720
1675957209192 70.487744140625 1760
1675957211308 69.79426879882813 1800
1675957213374 71.75391235351563 1840
1675957215244 69.50537109375 1880
1675957217184 1.8569171905517579 1920
1675957219138 30.787066650390624 1960
1675957221038 29.707720947265624 2000
1675957223138 26.645074462890626 2040
1675957226068 29.251348876953124 2080
1675957228291 28.44281921386719 2120
1675957230628 29.278460693359374 2160
1675957232543 29.105987548828125 2200
1675957234575 26.120401000976564 2240
1675957236598 28.9943359375 2280
1675957239187 30.625054931640626 2320
1675957241707 27.696588134765626 2360
1675957243797 28.192877197265624 2400
1675957245795 29.470114135742186 2440
1675957247861 26.41929931640625 2480
1675957249853 30.480029296875 2520
1675957251992 28.003155517578126 2560
1675957255271 27.421014404296876 2600
1675957257297 28.259671020507813 2640
1675957259385 29.403192138671876 2680
1675957261378 28.831869506835936 2720
1675957263422 27.250054931640626 2760
1675957265866 27.617486572265626 2800
1675957267829 31.4672607421875 2840
1675957270656 28.932894897460937 2880
1675957272710 28.17115478515625 2920
1675957274825 28.400668334960937 2960
1675957276771 29.569314575195314 3000
1675957278804 27.999237060546875 3040
1675957281136 26.113876342773438 3080
1675957283059 27.677413940429688 3120
1675957284732 29.17695007324219 3160
1675957286758 29.402957153320312 3200
1675957288769 28.845291137695312 3240
1675957291141 27.70660400390625 3280
1675957293162 28.43043212890625 3320
1675957295137 27.874728393554687 3360
1675957297280 29.166546630859376 3400
1675957299202 27.221591186523437 3440
1675957301108 28.388720703125 3480
1675957303153 29.08765869140625 3520
1675957305153 28.178265380859376 3560
1675957307264 28.194320678710938 3600
1675957309385 28.959197998046875 3640
1675957311276 29.34424743652344 3680
1675957313368 26.780120849609375 3720
1675957315906 27.249444580078126 3760
1675957317841 30.163238525390625 3800
1675957320103 29.547796630859374 3840
1675957322128 27.566195678710937 3880
1675957324248 30.679946899414062 3920
1675957326356 29.4890869140625 3960
1675957328472 29.0345947265625 4000
1675957329934 28.317153930664062 4040
1675957331917 29.92054443359375 4080
1675957334023 27.040908813476562 4120
1675957336064 26.12126770019531 4160
1675957337858 30.192337036132812 4200
1675957339890 28.84493408203125 4240
1675957341946 27.257485961914064 4280
1675957343496 28.950750732421874 4320
1675957346400 27.505810546875 4360
1675957348493 27.97239990234375 4400
1675957350720 27.169476318359376 4440
1675957352660 28.553927612304687 4480
1675957354797 27.0339111328125 4520
1675957356676 31.732321166992186 4560
1675957359139 27.56763610839844 4600
1675957361397 29.1377685546875 4640
1675957363750 26.514630126953126 4680
1675957365920 28.008114624023438 4720
1675957367949 27.370452880859375 4760
1675957370198 27.668783569335936 4800
1675957372220 30.18836669921875 4840
1675957375326 27.975885009765626 4880
1675957377232 29.03192138671875 4920
1675957379248 30.720111083984374 4960
1675957381298 27.960372924804688 5000
1675957383434 28.46751708984375 5040
1675957385094 29.58621826171875 5080
1675957386657 29.881307983398436 5120
1675957388554 26.947677612304688 5160
1675957390446 33.223898315429686 5200
1675957392399 26.919955444335937 5240
1675957394474 30.498068237304686 5280
1675957396378 30.0321044921875 5320
1675957398291 29.428802490234375 5360
1675957400439 27.91242370605469 5400
1675957402358 30.789862060546874 5440
1675957404296 29.593612670898438 5480
1675957406326 28.709194946289063 5520
1675957408261 30.76177978515625 5560
1675957410340 27.107870483398436 5600
1675957412306 29.50234375 5640
1675957414438 27.414230346679688 5680
1675957416423 27.671047973632813 5720
1675957419442 27.49231872558594 5760
1675957421490 29.457174682617186 5800
1675957423374 30.821304321289062 5840
1675957425170 29.998193359375 5880
1675957427100 30.02398681640625 5920
1675957429502 26.64209899902344 5960
1675957431537 27.716323852539062 6000
1675957433448 30.326217651367188 6040
1675957435593 29.59198913574219 6080
1675957437562 30.93172607421875 6120
1675957439739 29.330230712890625 6160
1675957441491 32.58302612304688 6200
1675957443668 28.43021240234375 6240
1675957445813 27.7723876953125 6280
1675957447822 29.4921142578125 6320
1675957450496 28.679132080078126 6360
1675957452373 30.153033447265624 6400
1675957454391 28.357376098632812 6440
1675957456412 28.409091186523437 6480
1675957458598 28.458511352539062 6520
1675957460572 32.327685546875 6560
1675957462545 29.517672729492187 6600
1675957464792 29.31739501953125 6640
1675957466800 29.025253295898438 6680
1675957469196 26.39765625 6720
1675957471679 28.586941528320313 6760
1675957473632 28.747195434570312 6800
1675957475609 28.523165893554687 6840
1675957477565 72.39261474609376 6880
1675957479545 71.46026611328125 6920
1675957481489 71.18248291015625 6960
1675957483461 72.46997680664063 7000
1675957485232 69.92256469726563 7040
1675957487252 71.40453491210937 7080
1675957489165 71.49581298828124 7120
1675957491122 69.92152709960938 7160
1675957493226 71.35968627929688 7200
1675957496701 70.781689453125 7240
1675957499067 73.40161743164063 7280
1675957501798 70.63405151367188 7320
1675957504364 70.1353515625 7360
1675957506826 69.68253784179687 7400
1675957510028 70.601318359375 7440
1675957512188 71.47036743164062 7480
1675957514536 72.68259887695312 7520
1675957516877 73.64848022460937 7560
1675957518885 70.29854125976563 7600
1675957520966 73.55538330078124 7640
1675957524256 70.01653442382812 7680
1675957526196 72.4364501953125 7720
1675957528331 68.33495483398437 7760
1675957530642 70.50050048828125 7800
1675957533282 69.87861328125 7840
1675957535389 73.34856567382812 7880
1675957537600 71.89776611328125 7920
1675957540024 72.72825317382812 7960
1675957541953 69.35328979492188 8000
1675957544291 72.87638549804687 8040
1675957546438 72.6149658203125 8080
1675957548494 71.8946533203125 8120
1675957550536 71.72440185546876 8160
1675957552306 69.32801513671875 8200
1675957555450 72.2927490234375 8240
1675957557899 71.58623657226562 8280
1675957560189 70.386669921875 8320
1675957562652 70.4401123046875 8360
1675957564754 71.1788818359375 8400
1675957566822 71.50210571289062 8440
1675957569084 70.95711059570313 8480
1675957571264 70.16414794921874 8520
1675957573217 70.97843627929687 8560
1675957575657 72.47445678710938 8600
1675957577540 69.85299682617188 8640
1675957579600 71.47139892578124 8680
1675957581715 70.7058837890625 8720
1675957584403 72.20717163085938 8760
1675957586319 70.79159545898438 8800
1675957588516 70.4847412109375 8840
1675957590782 71.78121948242188 8880
1675957594059 69.33129272460937 8920
1675957596191 72.45599365234375 8960
1675957598455 69.81593017578125 9000
1675957600563 71.21293334960937 9040
1675957602700 71.15999755859374 9080
1675957604768 70.47598266601562 9120
1675957606800 71.85726928710938 9160
1675957609004 71.4352783203125 9200
1675957611032 71.72980346679688 9240
1675957612985 68.620849609375 9280
1675957615102 69.65061645507812 9320
1675957617528 69.97650146484375 9360
1675957621328 72.43626708984375 9400
1675957623774 70.56987915039062 9440
1675957625824 70.45786743164062 9480
1675957627976 74.04769897460938 9520
1675957631080 72.29942626953125 9560
1675957633167 72.47277221679687 9600
1675957635441 71.41908569335938 9640
1675957637661 69.75620727539062 9680
1675957639909 70.38690795898438 9720
1675957642053 69.67821655273437 9760
1675957644403 71.99334106445312 9800
1675957646901 71.90863647460938 9840
1675957649126 70.34121704101562 9880
1675957651578 68.86688232421875 9920
1675957653765 70.54173583984375 9960
1675957655992 70.70215454101563 10000
1675957658200 69.76749877929687 10040
1675957667564 62.339422607421874 10080
1675957669897 73.18577270507812 10120
1675957671914 72.16096801757813 10160
1675957674258 71.88824462890625 10200
1675957676802 71.32138061523438 10240
1675957679186 74.3271240234375 10280
1675957681308 70.1211669921875 10320
1675957683538 72.55153198242188 10360
1675957685704 71.61377563476563 10400
1675957687972 71.62513427734375 10440
1675957690584 72.55105590820312 10480
1675957692359 70.24020385742188 10520
1675957694736 70.81411743164062 10560
1675957697093 74.54192504882812 10600
1675957699097 70.34090576171874 10640
1675957701049 71.29814453125 10680
1675957703207 73.76470947265625 10720
1675957705330 71.86204223632812 10760
1675957707366 70.5794921875 10800
1675957709471 71.6986083984375 10840
1675957711416 69.94971923828125 10880
1675957713544 69.1901123046875 10920
1675957716217 71.48754272460937 10960
1675957718542 72.2441650390625 11000
1675957720557 69.97007446289062 11040
1675957722695 71.67063598632812 11080
1675957724754 69.86481323242188 11120
1675957726781 71.68496704101562 11160
1675957729168 73.56339721679687 11200
1675957731145 72.58444213867188 11240
1675957733422 69.60667114257812 11280
1675957735211 70.49813232421874 11320
1675957737411 72.847412109375 11360
1675957739561 70.90092163085937 11400
1675957741658 71.55997924804687 11440
1675957743770 70.42671508789063 11480
1675957745792 71.3478515625 11520
1675957747801 71.27388305664063 11560
1675957750995 73.055810546875 11600
1675957752965 71.27344970703125 11640
1675957754815 69.403125 11680
1675957756709 39.03294982910156 11720
1675957758569 29.236941528320312 11760
1675957760709 29.720599365234374 11800
1675957762590 30.071124267578124 11840
1675957765457 29.104730224609376 11880
1675957767503 30.017178344726563 11920
1675957769518 29.056784057617186 11960
1675957771362 29.823953247070314 12000
1675957773357 30.455050659179687 12040
1675957775534 26.58326416015625 12080
1675957777503 29.411883544921874 12120
1675957779892 28.02236328125 12160
1675957781812 28.60981140136719 12200
1675957783714 29.911541748046876 12240
1675957786030 26.08251953125 12280
1675957788070 28.770306396484376 12320
1675957789940 29.470291137695312 12360
1675957791809 28.854852294921876 12400
1675957793564 28.18739013671875 12440
1675957795125 30.297488403320312 12480
1675957797175 26.39501953125 12520
1675957799204 30.3414306640625 12560
1675957801215 27.35037841796875 12600
1675957803404 26.79818115234375 12640
1675957805228 29.539556884765624 12680
1675957807165 28.528070068359376 12720
1675957808896 29.980984497070313 12760
1675957810768 27.517910766601563 12800
1675957812940 27.17601623535156 12840
1675957815090 30.950091552734374 12880
1675957817039 29.414862060546874 12920
1675957819049 27.742767333984375 12960
1675957821022 28.450271606445312 13000
1675957822876 29.66654052734375 13040
1675957825273 28.203427124023438 13080
1675957827480 26.432244873046876 13120
1675957829538 27.226287841796875 13160
1675957831671 28.827740478515626 13200
1675957833612 29.30573425292969 13240
1675957835523 28.53179931640625 13280
1675957837551 28.14708251953125 13320
1675957839801 28.51605224609375 13360
1675957841753 27.426010131835938 13400
1675957843647 29.33916015625 13440
1675957845701 27.404132080078124 13480
1675957847765 28.311343383789062 13520
1675957850306 29.125360107421876 13560
1675957853888 27.940170288085938 13600
1675957856179 28.775668334960937 13640
1675957858706 29.127847290039064 13680
1675957861177 28.8422607421875 13720
1675957863526 28.159088134765625 13760
1675957865736 26.29508056640625 13800
1675957867637 29.702743530273438 13840
1675957870007 29.53607177734375 13880
1675957871979 28.024530029296876 13920
1675957874147 30.065170288085938 13960
1675957876553 30.010604858398438 14000
1675957878855 29.083026123046874 14040
1675957882858 28.209197998046875 14080
1675957886141 29.54554443359375 14120
1675957888224 28.332699584960938 14160
1675957890338 25.27392120361328 14200
1675957892610 29.66455993652344 14240
1675957894459 29.005645751953125 14280
1675957896510 26.9301025390625 14320
1675957898360 29.974380493164062 14360
1675957901645 26.92662353515625 14400
1675957903592 28.379144287109376 14440
1675957905814 26.518682861328124 14480
1675957907991 29.676763916015624 14520
1675957910061 25.841629028320312 14560
1675957912271 31.1013671875 14600
1675957913883 28.80374755859375 14640
1675957915319 29.296502685546876 14680
1675957917144 26.23685302734375 14720
1675957918897 28.13509521484375 14760
1675957920647 27.07878723144531 14800
1675957922055 28.112237548828126 14840
1675957923486 29.701260375976563 14880
1675957924741 28.4897705078125 14920
1675957926031 27.81763916015625 14960
1675957927203 31.77994384765625 15000
1675957928540 28.192202758789062 15040
1675957929922 27.297186279296874 15080
1675957931176 29.464877319335937 15120
1675957932319 31.093429565429688 15160
1675957933656 26.836749267578124 15200
1675957934890 31.628662109375 15240
1675957936186 28.370175170898438 15280
1675957937420 29.964883422851564 15320
1675957938582 30.268255615234374 15360
1675957939742 29.81354675292969 15400
1675957941018 27.632467651367186 15440
1675957942181 29.89715576171875 15480
1675957943375 29.998550415039062 15520
1675957944583 29.403643798828124 15560
1675957945747 29.967221069335938 15600
1675957947034 28.087265014648438 15640
1675957948371 28.534817504882813 15680
1675957949723 27.45380859375 15720
1675957951024 28.00947265625 15760
1675957952450 27.181866455078126 15800
1675957953837 22.73958740234375 15840
1675957954999 1.2591065406799316 15880
1675957956121 2.010665512084961 15920
1675957957292 0.8745256423950195 15960
1675957958710 2.4088651657104494 16000
1675957960136 27.649856567382812 16040
1675957961460 30.062155151367186 16080
1675957962705 29.502703857421874 16120
1675957963887 30.263430786132812 16160
1675957965088 30.157614135742186 16200
1675957966272 31.777471923828124 16240
1675957967512 28.795285034179688 16280
1675957968759 27.837863159179687 16320
1675957969912 30.127850341796876 16360
1675957971191 27.594805908203124 16400
1675957972450 30.85857238769531 16440
1675957973835 28.253213500976564 16480
1675957975191 28.371212768554688 16520
1675957976476 28.413055419921875 16560
1675957977762 31.3270751953125 16600
1675957978972 30.418072509765626 16640
1675957980152 29.273501586914062 16680
1675957981323 29.226547241210938 16720
1675957982627 26.783282470703124 16760
1675957983857 28.81038818359375 16800
1675957985026 28.659088134765625 16840
1675957986170 29.97889099121094 16880
1675957987412 27.255880737304686 16920
1675957988684 28.32544860839844 16960
1675957989888 28.91275634765625 17000
1675957991169 27.434780883789063 17040
1675957992308 30.45045166015625 17080
1675957993548 28.4585693359375 17120
1675957994778 28.478228759765624 17160
1675957996080 29.823019409179686 17200
1675957997441 29.590536499023436 17240
1675957998743 29.281494140625 17280
1675957999999 27.49638977050781 17320
1675958001423 26.83916015625 17360
1675958002648 30.53131103515625 17400
1675958003923 30.095236206054686 17440
1675958005269 29.565347290039064 17480
1675958006509 29.0078125 17520
1675958007798 27.888943481445313 17560
1675958009185 25.944662475585936 17600
1675958010422 29.49292907714844 17640
1675958011707 26.86129150390625 17680
1675958012938 29.43009033203125 17720
1675958014130 27.107199096679686 17760
1675958015211 31.49837646484375 17800
1675958016424 29.047103881835938 17840
1675958017570 30.821783447265624 17880
1675958018843 28.235501098632813 17920
1675958020253 26.957656860351562 17960
1675958021521 27.169390869140624 18000
1675958022650 31.112973022460938 18040
1675958023954 27.189266967773438 18080
1675958025252 26.527706909179688 18120
1675958026468 28.06583251953125 18160
1675958027650 28.690106201171876 18200
1675958028724 31.25847473144531 18240
1675958029976 27.501708984375 18280
1675958031180 28.390139770507812 18320
1675958032339 29.085552978515626 18360
1675958033516 30.09739990234375 18400
1675958034672 28.152655029296874 18440
1675958035913 28.323284912109376 18480
1675958037090 29.74707946777344 18520
1675958038259 29.38762512207031 18560
1675958039482 29.152322387695314 18600
1675958040687 26.908657836914063 18640
1675958041761 30.432717895507814 18680
1675958042861 28.853997802734376 18720
1675958043994 29.704833984375 18760
1675958045144 27.54283752441406 18800
1675958046256 28.72229919433594 18840
1675958047327 29.997708129882813 18880
1675958048586 27.652996826171876 18920
1675958049712 30.835369873046876 18960
1675958050784 27.93885498046875 19000
1675958051862 29.789230346679688 19040
1675958052943 28.99539794921875 19080
1675958054066 29.24657287597656 19120
1675958055199 28.255294799804688 19160
1675958056371 28.249862670898438 19200
1675958057555 28.62821044921875 19240
1675958058683 28.74242248535156 19280
1675958059716 31.263888549804687 19320
1675958060785 29.933743286132813 19360
1675958061870 30.574542236328124 19400
1675958063097 27.4645751953125 19440
1675958064300 30.110455322265626 19480
1675958065442 28.516342163085938 19520
1675958066539 26.268072509765624 19560
1675958067638 27.952743530273438 19600
1675958068792 26.9677001953125 19640
1675958069887 28.759487915039063 19680
1675958070951 30.41641845703125 19720
1675958072014 29.982144165039063 19760
1675958073073 30.07178955078125 19800
1675958074182 27.94864501953125 19840
1675958075307 28.021917724609374 19880
1675958076386 30.456689453125 19920
1675958077502 30.317822265625 19960
1675958078779 28.93643798828125 20000
1675958079878 30.08369140625 20040
1675958080958 29.682772827148437 20080
1675958084978 23.368923950195313 20120
1675958086119 27.592013549804687 20160
1675958087241 27.721969604492188 20200
1675958088378 27.903421020507814 20240
1675958089445 28.962359619140624 20280
1675958090617 25.60938415527344 20320
1675958091711 29.206222534179688 20360
1675958092872 28.32130126953125 20400
1675958094081 29.072915649414064 20440
1675958095239 26.940350341796876 20480
1675958096331 28.62337646484375 20520
1675958097407 28.767910766601563 20560
1675958098541 29.871246337890625 20600
1675958099679 26.03111572265625 20640
1675958100706 29.08135070800781 20680
1675958101819 27.910186767578125 20720
1675958102926 27.04351806640625 20760
1675958103977 28.00850830078125 20800
1675958105078 28.7387939453125 20840
1675958106116 29.20455322265625 20880
1675958107259 28.525961303710936 20920
1675958108428 31.407208251953126 20960
1675958109633 27.248312377929686 21000
1675958110703 26.890771484375 21040
1675958111800 27.254254150390626 21080
1675958112925 72.37897338867188 21120
1675958113947 68.84397583007812 21160
1675958115027 71.104296875 21200
1675958116214 72.87210693359376 21240
1675958117355 74.16888427734375 21280
1675958118420 68.9181884765625 21320
1675958119485 71.34949951171875 21360
1675958120576 72.14287109375 21400
1675958121655 71.01798095703126 21440
1675958122746 71.66314086914062 21480
1675958123961 70.54575805664062 21520
1675958125045 71.2228515625 21560
1675958126097 70.91277465820312 21600
1675958127194 73.1988525390625 21640
1675958128273 72.19010620117187 21680
1675958129276 68.35696411132812 21720
1675958130323 70.5191162109375 21760
1675958131369 70.26903076171875 21800
1675958132452 70.3984619140625 21840
1675958133493 69.44871826171875 21880
1675958134538 70.89526977539063 21920
1675958135634 71.09393920898438 21960
1675958136711 70.31227416992188 22000
1675958137797 70.342724609375 22040
1675958138959 68.48939819335938 22080
1675958140153 73.40086059570312 22120
1675958141233 71.12383422851562 22160
1675958142318 72.38456420898437 22200
1675958143381 70.7845458984375 22240
1675958144433 70.06099243164063 22280
1675958145559 73.977001953125 22320
1675958146617 71.02767333984374 22360
1675958147678 71.40433349609376 22400
1675958148734 69.96261596679688 22440
1675958149854 72.85823364257813 22480
1675958150853 69.5219482421875 22520
1675958151943 73.24981689453125 22560
1675958153109 70.65857543945313 22600
1675958154262 71.039501953125 22640
1675958155457 74.31194458007812 22680
1675958156485 69.686328125 22720
1675958157585 71.96826782226563 22760
1675958158686 70.80473022460937 22800
1675958159741 71.73209228515626 22840
1675958160906 72.98270874023437 22880
1675958161973 69.87728271484374 22920
1675958163015 69.63275756835938 22960
1675958164124 72.59056396484375 23000
1675958165197 71.08148193359375 23040
1675958166251 70.84337768554687 23080
1675958167315 71.06361694335938 23120
1675958168619 73.43580932617188 23160
1675958169819 72.77400512695313 23200
1675958170888 71.8285400390625 23240
1675958171937 70.61689453125 23280
1675958172967 71.29558715820312 23320
1675958174097 72.43030395507813 23360
1675958175157 70.9006103515625 23400
1675958176247 72.34003295898438 23440
1675958177281 70.96591796875 23480
1675958178395 72.4098388671875 23520
1675958179508 71.55571899414062 23560
1675958180557 71.9200927734375 23600
1675958181614 72.22650146484375 23640
1675958182683 70.0219482421875 23680
1675958183926 71.14811401367187 23720
1675958185133 71.99486694335937 23760
1675958186165 70.41033935546875 23800
1675958187315 73.993994140625 23840
1675958188396 71.64708251953125 23880
1675958189454 69.68416137695313 23920
1675958190493 71.761181640625 23960
1675958191507 69.9288818359375 24000
1675958192550 69.86438598632813 24040
1675958193607 71.2225341796875 24080
1675958194696 71.907861328125 24120
1675958195779 70.47429809570312 24160
1675958196837 71.1335693359375 24200
1675958198040 74.53578491210938 24240
1675958199275 71.456298828125 24280
1675958200293 69.96657104492188 24320
1675958201384 72.6216552734375 24360
1675958202419 70.89051513671875 24400
1675958203512 72.57139282226562 24440
1675958204584 71.51767578125 24480
1675958205749 73.90592041015626 24520
1675958206782 70.13673706054688 24560
1675958207899 73.74981689453125 24600
1675958208931 69.32702026367187 24640
1675958209984 71.00181274414062 24680
1675958211019 70.66282958984375 24720
1675958212194 74.03994140625 24760
1675958213341 71.38193969726562 24800
1675958214598 73.48967895507812 24840
1675958215686 71.64352416992188 24880
1675958216789 71.09635620117187 24920
1675958217805 70.09722900390625 24960
1675958218918 73.071728515625 25000
1675958219922 69.02146606445312 25040
1675958221007 71.06195068359375 25080
1675958222096 72.2482666015625 25120
1675958223181 71.24939575195313 25160
1675958224370 68.59722290039062 25200
1675958225471 71.9623779296875 25240
1675958226535 69.39149169921875 25280
1675958227691 71.89389038085938 25320
1675958228840 69.77754516601563 25360
1675958229940 69.6443115234375 25400
1675958230984 70.2162109375 25440
1675958232090 72.74630737304688 25480
1675958233134 70.26749877929687 25520
1675958234161 69.6425048828125 25560
1675958235277 70.92968139648437 25600
1675958236289 69.464599609375 25640
1675958237377 71.42813110351562 25680
1675958238481 72.324755859375 25720
1675958239567 71.33695678710937 25760
1675958240660 72.27189331054687 25800
1675958241784 72.1042236328125 25840
1675958242976 72.51224975585937 25880
1675958244062 68.26533813476563 25920
1675958245110 69.52393188476563 25960
1675958246161 71.21627807617188 26000
1675958247251 71.67257080078124 26040
1675958248396 72.97395629882813 26080
1675958249459 69.7779052734375 26120
1675958250553 3.0041608810424805 26160
1675958251714 69.4120361328125 26200
1675958252795 29.499395751953124 26240
1675958253868 22.858193969726564 26280
1675958254946 69.55409545898438 26320
1675958256063 72.7353759765625 26360
1675958257102 70.62214965820313 26400
1675958258360 72.03019409179687 26440
1675958259565 69.6136474609375 26480
1675958260669 71.00869140625 26520
1675958261755 72.64465942382813 26560
1675958262790 70.92622680664063 26600
1675958263804 68.76221313476563 26640
1675958264847 69.54223022460937 26680
1675958265923 70.3931640625 26720
1675958266936 70.333154296875 26760
1675958268078 73.6431396484375 26800
1675958269218 71.81460571289062 26840
1675958270268 70.79924926757812 26880
1675958271315 69.94589233398438 26920
1675958272416 72.70443725585938 26960
1675958273541 71.16048583984374 27000
1675958274713 72.01978759765625 27040
1675958275823 71.8866455078125 27080
1675958276882 70.0874267578125 27120
1675958277951 70.49364013671875 27160
1675958279020 71.98574829101562 27200
1675958280089 70.74046630859375 27240
1675958281181 70.19151611328125 27280
1675958282227 70.39479370117188 27320
1675958283302 72.7578857421875 27360
1675958284473 73.6777099609375 27400
1675958285727 68.81589965820312 27440
1675958287087 71.11309814453125 27480
1675958288296 69.82352905273437 27520
1675958289471 70.73623046875 27560
1675958290612 72.089599609375 27600
1675958291818 73.22711791992188 27640
1675958292962 71.36731567382813 27680
1675958294142 73.40423583984375 27720
1675958295279 70.5718994140625 27760
1675958296406 72.07683715820312 27800
1675958297428 67.99766235351562 27840
1675958298610 70.45960693359375 27880
1675958299674 68.47600708007812 27920
1675958300769 71.59920043945313 27960
1675958301986 72.06822509765625 28000
1675958303361 49.535763549804685 28040
1675958304497 29.862664794921876 28080
1675958305637 28.032342529296876 28120
1675958306799 27.099136352539062 28160
1675958307886 28.01243896484375 28200
1675958308974 28.370660400390626 28240
1675958309976 30.684881591796874 28280
1675958311070 27.644747924804687 28320
1675958312164 28.39013671875 28360
1675958313202 29.769894409179688 28400
1675958314253 29.301943969726562 28440
1675958315299 28.783602905273437 28480
1675958316365 27.478045654296874 28520
1675958317442 29.580410766601563 28560
1675958318586 29.43524169921875 28600
1675958319732 30.13428955078125 28640
1675958320843 27.631369018554686 28680
1675958321902 29.025665283203125 28720
1675958322946 29.758761596679687 28760
1675958324019 29.091732788085938 28800
1675958325095 28.37418212890625 28840
1675958326194 28.1905517578125 28880
1675958327260 29.317153930664062 28920
1675958328368 27.889105224609374 28960
1675958329371 31.8034423828125 29000
1675958330438 27.865621948242186 29040
1675958331527 28.709683227539063 29080
1675958332578 30.416033935546874 29120
1675958333815 27.39159240722656 29160
1675958334961 29.206741333007812 29200
1675958336043 28.807235717773438 29240
1675958337197 28.439718627929686 29280
1675958338275 28.453912353515626 29320
1675958339301 30.79265441894531 29360
1675958340316 30.789859008789062 29400
1675958341361 30.1625732421875 29440
1675958342492 27.269894409179688 29480
1675958343549 29.75997314453125 29520
1675958344657 28.910873413085938 29560
1675958345716 27.651153564453125 29600
1675958346837 26.68030700683594 29640
1675958347938 28.29761962890625 29680
1675958349224 27.921636962890624 29720
1675958350313 29.835067749023438 29760
1675958351331 30.063491821289062 29800
1675958352362 30.347576904296876 29840
1675958353460 28.794009399414062 29880
1675958354587 27.260189819335938 29920
1675958355648 30.382974243164064 29960
1675958356693 30.442822265625 30000
1675958357818 28.081277465820314 30040
1675958358868 30.65313720703125 30080
1675958360003 29.976422119140626 30120
