1675876317198 2.121166467666626 0
1675876317404 2.1150870323181152 0
1675876317618 2.1305065155029297 0
1675876317844 2.1187777519226074 0
1675876318078 2.1170430183410645 0
1675876318302 2.1229660511016846 0
1675876318550 2.0944344997406006 0
1675876318747 2.1387717723846436 0
1675876318964 2.1191463470458984 0
1675876319173 2.1197726726531982 0
1675876319394 2.1190710067749023 0
1675876319570 2.1512677669525146 0
1675876319791 2.1076695919036865 0
1675876319968 2.1491966247558594 0
1675876320183 2.1102294921875 0
1675876320422 2.111323833465576 0
1675876320620 2.1279516220092773 0
1675876320850 2.0957248210906982 0
1675876321055 2.136507987976074 0
1675876321297 2.0902822017669678 0
1675876321506 2.1218814849853516 0
1675876321727 2.107011318206787 0
1675876321941 2.114655017852783 0
1675876322141 2.1261768341064453 0
1675876322362 2.119476079940796 0
1675876322575 2.111259937286377 0
1675876322796 2.1100263595581055 0
1675876323019 2.1072311401367188 0
1675876323246 2.099069118499756 0
1675876323505 2.0729482173919678 0
1675876323713 2.1275994777679443 0
1675876323913 2.124858856201172 0
1675876324155 2.086130142211914 0
1675876324350 2.130187511444092 0
1675876324566 2.108313798904419 0
1675876324757 2.132061004638672 0
1675876324962 2.117522716522217 0
1675876325166 2.1193864345550537 0
1675876325437 2.0762271881103516 0
1675876325679 2.116610288619995 0
1675876325897 2.1084811687469482 0
1675876326151 2.089125394821167 0
1675876326367 2.1112277507781982 0
1675876326569 2.1247169971466064 0
1675876326786 2.1074373722076416 0
1675876327017 2.097111225128174 0
1675876327216 2.1227593421936035 0
1675876327415 2.1253840923309326 0
1675876327637 2.1087615489959717 0
1675876327886 2.105576992034912 0
1675876328122 2.095311164855957 0
1675876328316 2.1319403648376465 0
1675876328555 2.0894405841827393 0
1675876328750 2.128706216812134 0
1675876328957 2.117236852645874 0
1675876329151 2.1267991065979004 0
1675876329386 2.090467929840088 0
1675876329574 2.13059401512146 0
1675876329796 2.09798264503479 0
1675876330035 2.089097261428833 0
1675876330253 2.110534906387329 0
1675876330478 2.1134390830993652 0
1675876330712 2.088073253631592 0
1675876330897 2.1317355632781982 0
1675876331118 2.100372552871704 0
1675876331323 2.116875410079956 0
1675876331559 2.084563970565796 0
1675876331775 2.10054087638855 0
1675876331992 2.1027188301086426 0
1675876332190 2.1212446689605713 0
1675876332395 2.1137564182281494 0
1675876332642 2.0959880352020264 0
1675876332863 2.1185433864593506 0
1675876333087 2.118868827819824 0
1675876333318 2.1127679347991943 0
1675876333547 2.096346378326416 0
1675876333763 2.106839418411255 0
1675876333973 2.108161211013794 0
1675876334191 2.103030204772949 0
1675876334413 2.0963470935821533 0
1675876334636 2.0931806564331055 0
1675876334848 2.104855537414551 0
1675876335064 2.0976054668426514 0
1675876335269 2.1112914085388184 0
1675876335496 2.087505578994751 0
1675876335702 2.1075079441070557 0
1675876335909 2.105668306350708 0
1675876336124 2.1031854152679443 0
1675876336339 2.107158899307251 0
1675876336568 2.0895299911499023 0
1675876336809 2.0758488178253174 0
1675876337046 2.0855350494384766 0
1675876337243 2.1199073791503906 0
1675876337437 2.1185853481292725 0
1675876337643 2.107741117477417 0
1675876337859 2.0977134704589844 0
1675876338079 2.096686601638794 0
1675876338269 2.121338367462158 0
1675876338505 2.0792105197906494 0
1675876338741 2.079058885574341 0
1675876338936 2.1141467094421387 0
1675876339166 2.0842669010162354 0
1675876339366 2.1106252670288086 0
1675876339589 2.0898609161376953 0
1675876339807 2.0967578887939453 0
1675876340004 2.1142566204071045 0
1675876340212 2.1013545989990234 0
1675876340420 2.103180170059204 0
1675876340623 2.1061935424804688 0
1675876340830 2.0999414920806885 0
1675876341023 2.116591215133667 0
1675876341235 2.1033341884613037 0
1675876341446 2.101424217224121 0
1675876341639 2.115351438522339 0
1675876341829 2.1241681575775146 0
1675876342048 2.0939114093780518 0
1675876342245 2.1111345291137695 0
1675876342442 2.1103572845458984 0
1675876342675 2.0753486156463623 0
1675876342880 2.1034107208251953 0
1675876343083 2.106367349624634 0
1675876343312 2.084279775619507 0
1675876343513 2.106559991836548 0
1675876343718 2.1011557579040527 0
1675876343959 2.0766468048095703 0
1675876344168 2.099397897720337 0
1675876344366 2.1079561710357666 0
1675876344583 2.0899875164031982 0
1675876344780 2.1081149578094482 0
1675876345006 2.079995632171631 0
1675876345228 2.086594343185425 0
1675876345416 2.118425130844116 0
1675876345661 2.0659918785095215 0
1675876345869 2.097144842147827 0
1675876346066 2.1056971549987793 0
1675876346257 2.1146790981292725 0
1675876346466 2.0960981845855713 0
1675876346686 2.0875115394592285 0
1675876346912 2.0856516361236572 0
1675876347158 2.071650743484497 0
1675876347393 2.08508563041687 0
1675876347624 2.098994731903076 0
1675876347848 2.0989437103271484 0
1675876348101 2.077115535736084 0
1675876348375 2.058109998703003 0
1675876348616 2.0714778900146484 0
1675876348832 2.0871164798736572 0
1675876349057 2.0837247371673584 0
1675876349288 2.073977470397949 0
1675876349512 2.0800862312316895 0
1675876349714 2.100494623184204 0
1675876349947 2.082888603210449 0
1675876350166 2.082434892654419 0
1675876350369 2.0976696014404297 0
1675876350591 2.0838027000427246 0
1675876350825 2.0731894969940186 0
1675876351042 2.08245587348938 0
