1675603405967 0.44841641187667847 0
1675603406190 0.4371799826622009 0
1675603406444 0.42516976594924927 0
1675603406682 0.40849560499191284 0
1675603406877 0.3914616107940674 0
1675603407090 0.3745947480201721 0
1675603407328 0.3572484254837036 0
1675603407586 0.34144631028175354 0
1675603407860 0.3271982967853546 0
1675603408079 0.3121306300163269 0
1675603408330 0.2988682687282562 0
1675603408541 0.28515711426734924 0
1675603408764 0.27446097135543823 0
1675603409008 0.26378488540649414 0
1675603409250 0.2552931308746338 0
1675603409464 0.24573077261447906 0
1675603409705 0.2379673272371292 0
1675603409959 0.23093780875205994 0
1675603410170 0.22385576367378235 0
1675603410394 0.21777045726776123 0
1675603410625 0.2122087925672531 0
1675603410866 0.20726148784160614 0
1675603411113 0.2023063451051712 0
1675603411343 0.19813676178455353 0
1675603411560 0.19335392117500305 0
1675603411794 0.18971729278564453 0
1675603412026 0.185977503657341 0
1675603412261 0.18264441192150116 0
1675603412476 0.17893898487091064 0
1675603412701 0.17660808563232422 0
1675603412915 0.1734803169965744 0
1675603413155 0.1716553270816803 0
1675603413362 0.16814668476581573 0
1675603413558 0.16499947011470795 0
1675603413780 0.16277125477790833 0
1675603414044 0.161576047539711 0
1675603414287 0.1584939956665039 0
1675603414528 0.15444830060005188 0
1675603414782 0.1529361605644226 0
1675603415028 0.1496688425540924 0
1675603415259 0.14806011319160461 0
1675603415491 0.1454525589942932 0
1675603415740 0.14406462013721466 0
1675603415971 0.14055894315242767 0
1675603416224 0.13936437666416168 0
1675603416435 0.1365213394165039 0
1675603416648 0.1346426010131836 0
1675603416869 0.13280515372753143 0
1675603417123 0.1320592612028122 0
1675603417316 0.127295583486557 0
1675603417536 0.12567804753780365 0
1675603417753 0.12359517067670822 0
1675603417996 0.12113838642835617 0
1675603418247 0.11919078975915909 0
1675603418454 0.11607195436954498 0
1675603418656 0.1141979843378067 0
1675603418879 0.11363299936056137 0
1675603419098 0.11198217421770096 0
1675603419312 0.11022156476974487 0
1675603419524 0.10893363505601883 0
1675603419728 0.1072121188044548 0
1675603420001 0.10787872970104218 0
1675603420219 0.10482621192932129 0
1675603420480 0.10522143542766571 0
1675603420762 0.104092076420784 0
1675603421020 0.10171576589345932 0
1675603421296 0.10219182074069977 0
1675603421534 0.09980210661888123 0
1675603421759 0.09805188328027725 0
1675603421979 0.09661774337291718 0
1675603422183 0.09509232640266418 0
1675603422421 0.09558989107608795 0
1675603422642 0.0940985456109047 0
1675603422869 0.09315504878759384 0
1675603423094 0.09252995252609253 0
1675603423311 0.09145718067884445 0
1675603423537 0.09019816666841507 0
1675603423769 0.08954966068267822 0
1675603423980 0.08834274113178253 0
1675603424191 0.08694823831319809 0
1675603424399 0.08599882572889328 0
1675603424594 0.08427457511425018 0
1675603424825 0.08472739160060883 0
1675603425044 0.0832216739654541 0
1675603425254 0.08176348358392715 0
1675603425477 0.08093315362930298 0
1675603425716 0.08031199127435684 0
1675603425969 0.07970256358385086 0
1675603426183 0.07800103724002838 0
1675603426411 0.07734061777591705 0
1675603426622 0.07667369395494461 0
1675603426848 0.07637133449316025 0
1675603427052 0.07521804422140121 0
1675603427289 0.07533339411020279 0
1675603427553 0.07399516552686691 0
1675603427837 0.07412005960941315 0
1675603428105 0.07321237772703171 0
1675603428384 0.07313613593578339 0
1675603428652 0.0733199417591095 0
1675603428951 0.07264650613069534 0
1675603429254 0.07370298355817795 0
1675603429544 0.07261355966329575 0
1675603429813 0.07199615985155106 0
1675603430089 0.07214494794607162 0
1675603430391 0.0727832242846489 0
1675603430675 0.07260251045227051 0
1675603430935 0.07172264158725739 0
1675603431182 0.07111089676618576 0
1675603431449 0.07210041582584381 0
1675603431717 0.07166309654712677 0
1675603431938 0.06998284161090851 0
1675603432240 0.07097388803958893 0
1675603432473 0.06977473944425583 0
1675603432757 0.07088105380535126 0
1675603433015 0.069852314889431 0
1675603433319 0.07077386230230331 0
1675603433587 0.06979318708181381 0
1675603433882 0.07070056349039078 0
1675603434166 0.07020282000303268 0
1675603434434 0.06992841511964798 0
1675603434710 0.06916861981153488 0
1675603434998 0.06945549696683884 0
1675603435241 0.06824638694524765 0
1675603435538 0.06889539957046509 0
1675603435837 0.0693899393081665 0
1675603436105 0.06759435683488846 0
1675603436377 0.06754454225301743 0
1675603436634 0.06685646623373032 0
1675603436887 0.0668647363781929 0
1675603437211 0.06845277547836304 0
1675603437474 0.06619378179311752 0
1675603437757 0.06644827872514725 0
1675603438002 0.06517034769058228 0
1675603438300 0.0662556067109108 0
1675603438564 0.06480859220027924 0
1675603438832 0.06485333293676376 0
1675603439112 0.06491869688034058 0
1675603439370 0.0636245533823967 0
1675603439674 0.06463096290826797 0
1675603439963 0.06375113129615784 0
1675603440236 0.06268519163131714 0
1675603440497 0.06192883104085922 0
1675603440792 0.0626240074634552 0
1675603441085 0.06201711297035217 0
1675603441413 0.06273012608289719 0
1675603441697 0.06057927384972572 0
1675603441968 0.060551200062036514 0
1675603442245 0.059599619358778 0
1675603442533 0.060021255165338516 0
1675603442812 0.05834140256047249 0
1675603443113 0.05828496068716049 0
1675603443409 0.05755585432052612 0
1675603443717 0.05748855695128441 0
1675603444038 0.057213131338357925 0
1675603444343 0.05661040171980858 0
1675603444634 0.05568923428654671 0
1675603444899 0.055094342678785324 0
1675603446823 0.05615878105163574 0
1675603447087 0.05492077395319939 0
1675603447359 0.05514886975288391 0
1675603447617 0.05469253659248352 0
1675603447922 0.05608360096812248 0
1675603448188 0.05508746579289436 0
1675603448492 0.05616677924990654 0
1675603448764 0.05505446344614029 0
1675603449038 0.05514219030737877 0
1675603449369 0.056980375200510025 0
1675603449651 0.05532863363623619 0
1675603449924 0.05502571165561676 0
1675603450223 0.055791765451431274 0
1675603450526 0.05581451207399368 0
1675603450803 0.0551629438996315 0
1675603451087 0.055453188717365265 0
1675603451378 0.05582530051469803 0
1675603451644 0.05522908270359039 0
1675603451914 0.05533972010016441 0
1675603452197 0.055414944887161255 0
1675603452468 0.05490991473197937 0
1675603452759 0.05557887628674507 0
1675603453040 0.055784136056900024 0
1675603453328 0.05548009276390076 0
1675603453625 0.0555141307413578 0
1675603453894 0.055097535252571106 0
1675603454175 0.05544712767004967 0
1675603454435 0.054626043885946274 0
1675603454711 0.05522296205163002 0
1675603454966 0.05444496497511864 0
1675603455237 0.05526631698012352 0
1675603455520 0.0553889274597168 0
1675603455838 0.0565723292529583 0
1675603456086 0.054766662418842316 0
1675603456415 0.056650251150131226 0
1675603456677 0.05497187003493309 0
1675603456944 0.054788894951343536 0
1675603457189 0.05453050136566162 0
1675603457444 0.05494898557662964 0
1675603457731 0.055383406579494476 0
1675603457991 0.05484313517808914 0
1675603458250 0.055199284106492996 0
1675603458516 0.05531845986843109 0
1675603458798 0.05506179481744766 0
1675603459067 0.05540289729833603 0
1675603459292 0.054039116948843 0
1675603459559 0.0556413009762764 0
1675603459820 0.05456652492284775 0
1675603460105 0.05511459335684776 0
1675603460336 0.05413506180047989 0
1675603460610 0.05544368177652359 0
1675603460887 0.05532265082001686 0
1675603461188 0.05598309263586998 0
1675603461431 0.054295774549245834 0
1675603461694 0.05494515597820282 0
1675603461967 0.05544605106115341 0
1675603462226 0.054802339524030685 0
1675603462494 0.05548302084207535 0
1675603462780 0.055757828056812286 0
1675603463031 0.05487188696861267 0
1675603463278 0.0548531673848629 0
1675603463531 0.054544057697057724 0
1675603463825 0.055695801973342896 0
1675603464117 0.055327512323856354 0
1675603464377 0.054843101650476456 0
1675603464663 0.05526029318571091 0
1675603464943 0.055115293711423874 0
1675603465231 0.05544305965304375 0
1675603465526 0.055691733956336975 0
1675603465811 0.05527359992265701 0
1675603466091 0.05494016036391258 0
1675603466374 0.05522357299923897 0
1675603466654 0.05516572296619415 0
1675603466923 0.05487162619829178 0
1675603467218 0.055480118840932846 0
1675603467490 0.054719477891922 0
1675603467788 0.05573757737874985 0
1675603468043 0.054150015115737915 0
1675603468325 0.05500863492488861 0
1675603468575 0.05432778596878052 0
1675603468852 0.0549725778400898 0
1675603469149 0.05568811669945717 0
1675603469437 0.055515702813863754 0
1675603469740 0.05575205758213997 0
1675603470043 0.05562928691506386 0
1675603470310 0.054852236062288284 0
1675603470612 0.055463120341300964 0
1675603470914 0.055710773915052414 0
1675603471205 0.05536289140582085 0
1675603471507 0.055819448083639145 0
1675603471784 0.054950643330812454 0
1675603472065 0.05506964772939682 0
1675603472347 0.05525113642215729 0
1675603472624 0.055063020437955856 0
1675603472932 0.0558134987950325 0
1675603473193 0.05445719137787819 0
1675603473493 0.05554232373833656 0
1675603473769 0.05474578216671944 0
1675603474075 0.055809859186410904 0
1675603474367 0.05514449626207352 0
1675603474670 0.055363476276397705 0
1675603474978 0.055679984390735626 0
1675603475261 0.05535905063152313 0
1675603475563 0.05553774908185005 0
1675603475847 0.0553056001663208 0
1675603476124 0.05481491610407829 0
1675603476411 0.05530994012951851 0
1675603476661 0.05483931675553322 0
1675603476960 0.055075500160455704 0
1675603477220 0.054421067237854004 0
1675603477483 0.05447649955749512 0
1675603477758 0.05466758832335472 0
1675603478079 0.05594225600361824 0
1675603478378 0.05512412637472153 0
1675603478677 0.05554988980293274 0
1675603479007 0.056349918246269226 0
1675603479292 0.05543344095349312 0
1675603479577 0.055138930678367615 0
1675603479853 0.05471792817115784 0
1675603480102 0.0540664941072464 0
1675603480378 0.05544940382242203 0
1675603480663 0.05504386126995087 0
1675603481017 0.056847359985113144 0
1675603481293 0.05476084724068642 0
1675603481572 0.05478488281369209 0
1675603481847 0.05476062372326851 0
1675603482176 0.056039370596408844 0
1675603482456 0.054728515446186066 0
1675603482733 0.0548616424202919 0
1675603483006 0.05467425659298897 0
1675603483306 0.05533462017774582 0
1675603483627 0.0556492954492569 0
1675603483919 0.05498441681265831 0
1675603484226 0.055841777473688126 0
1675603484492 0.05481667444109917 0
1675603484767 0.05479361116886139 0
1675603485047 0.05508529767394066 0
1675603485321 0.0544825941324234 0
1675603485624 0.05518496781587601 0
1675603485881 0.0542217381298542 0
1675603486182 0.05548495426774025 0
1675603486484 0.0556410476565361 0
1675603486752 0.0546562597155571 0
1675603487010 0.054199203848838806 0
1675603487308 0.055005647242069244 0
1675603487632 0.056211307644844055 0
1675603487864 0.053985144942998886 0
1675603488162 0.055307481437921524 0
1675603488427 0.054835423827171326 0
1675603488691 0.054309070110321045 0
1675603488980 0.055610548704862595 0
1675603489266 0.05514553189277649 0
1675603489563 0.05511686950922012 0
1675603489887 0.055776432156562805 0
1675603490166 0.05480736866593361 0
1675603490446 0.05479300394654274 0
1675603490730 0.05497901141643524 0
1675603492520 0.054593898355960846 0
1675603492782 0.055092643946409225 0
1675603493063 0.054783791303634644 0
1675603493352 0.055341873317956924 0
1675603493678 0.056198153644800186 0
1675603493978 0.055701855570077896 0
1675603494250 0.05461432412266731 0
1675603494549 0.0561024509370327 0
1675603494805 0.055029042065143585 0
1675603495099 0.05521038919687271 0
1675603495370 0.05519428104162216 0
1675603495600 0.05398830026388168 0
1675603495857 0.05410665273666382 0
1675603496154 0.055492181330919266 0
1675603496458 0.055532705038785934 0
1675603496729 0.05501565337181091 0
1675603497001 0.05463770404458046 0
1675603497273 0.05476096644997597 0
1675603497599 0.05607506260275841 0
1675603497904 0.055821895599365234 0
1675603498188 0.05481822043657303 0
1675603498455 0.05521760880947113 0
1675603498738 0.05518588423728943 0
1675603499000 0.05467439815402031 0
1675603499294 0.05521813780069351 0
1675603499564 0.054942887276411057 0
1675603499828 0.05445202440023422 0
1675603500088 0.05462925508618355 0
1675603500384 0.05539539456367493 0
1675603500660 0.05512097105383873 0
1675603500949 0.05528397485613823 0
1675603501212 0.054824311286211014 0
1675603501469 0.05424872785806656 0
1675603501751 0.05545054003596306 0
1675603502045 0.05515969544649124 0
1675603502306 0.05451342836022377 0
1675603502603 0.05513790249824524 0
1675603502901 0.055403970181941986 0
1675603503168 0.054385121911764145 0
1675603503401 0.05402137339115143 0
1675603503691 0.05512436479330063 0
1675603503999 0.05580739304423332 0
1675603504295 0.05518757551908493 0
1675603504554 0.05496631935238838 0
1675603504843 0.05489663407206535 0
1675603505117 0.055067580193281174 0
1675603505381 0.054407618939876556 0
1675603505659 0.055161360651254654 0
1675603505954 0.05484750121831894 0
1675603506217 0.05480443686246872 0
1675603506501 0.05475432425737381 0
1675603506777 0.055164989084005356 0
1675603507083 0.05541692301630974 0
1675603507341 0.05445445328950882 0
1675603507614 0.054742418229579926 0
1675603507863 0.05403866991400719 0
1675603508142 0.054930429905653 0
1675603508411 0.05483696237206459 0
1675603508703 0.05509825795888901 0
1675603508984 0.05507446825504303 0
1675603509249 0.054415397346019745 0
1675603509511 0.05477367714047432 0
1675603509777 0.05462710186839104 0
1675603510025 0.05429301783442497 0
1675603510317 0.05516503378748894 0
1675603510589 0.055230703204870224 0
1675603510870 0.05467410758137703 0
1675603511149 0.055386316031217575 0
1675603511473 0.0561193972826004 0
1675603511745 0.05459728091955185 0
1675603512015 0.054053861647844315 0
1675603512270 0.05482317879796028 0
1675603512545 0.054547760635614395 0
1675603512794 0.0545683428645134 0
1675603513085 0.05533277988433838 0
1675603513370 0.05506723374128342 0
1675603513640 0.055113960057497025 0
1675603513909 0.054408349096775055 0
1675603514181 0.05511040613055229 0
1675603514458 0.05480275675654411 0
1675603514714 0.05455557629466057 0
1675603514994 0.05489546060562134 0
1675603515258 0.05479462444782257 0
1675603515578 0.055740807205438614 0
1675603515874 0.05551811680197716 0
1675603516165 0.05515127256512642 0
1675603516438 0.055008940398693085 0
1675603516697 0.05449290573596954 0
1675603516949 0.05484132096171379 0
1675603517237 0.0551769845187664 0
1675603517501 0.05485696345567703 0
1675603517786 0.05511181801557541 0
1675603518115 0.0564599372446537 0
1675603518413 0.05514266714453697 0
1675603518694 0.05525185912847519 0
1675603518945 0.05412382632493973 0
1675603519209 0.054688092321157455 0
1675603519493 0.05505472421646118 0
1675603519810 0.05588085949420929 0
1675603520103 0.05504688248038292 0
1675603520410 0.05606565624475479 0
1675603520688 0.05461616814136505 0
1675603520944 0.054509155452251434 0
1675603521253 0.055569399148225784 0
1675603521525 0.05498958006501198 0
1675603521786 0.054439324885606766 0
1675603522027 0.05425739660859108 0
1675603522313 0.05533338710665703 0
1675603522595 0.055261410772800446 0
1675603522864 0.054353486746549606 0
1675603523186 0.0558418333530426 0
1675603523462 0.05556381121277809 0
1675603523762 0.0549437515437603 0
1675603524020 0.05493840202689171 0
1675603524304 0.05545395612716675 0
1675603524538 0.05436260625720024 0
1675603524804 0.05476997047662735 0
1675603525061 0.05495928227901459 0
1675603525314 0.053978439420461655 0
1675603525598 0.05525011196732521 0
1675603525867 0.0551777146756649 0
1675603526152 0.0553898848593235 0
1675603526444 0.054735928773880005 0
1675603526671 0.054144520312547684 0
1675603526932 0.05423338711261749 0
1675603527214 0.05508089438080788 0
1675603527512 0.05520002916455269 0
1675603527784 0.0547688752412796 0
1675603528040 0.05428308993577957 0
1675603528344 0.055504489690065384 0
1675603528651 0.05544542148709297 0
1675603528913 0.0547637976706028 0
1675603529171 0.05388244241476059 0
1675603529445 0.05493943393230438 0
1675603529734 0.05501893162727356 0
1675603530001 0.05450105667114258 0
1675603530300 0.055244799703359604 0
1675603530571 0.05501605197787285 0
1675603530852 0.0546579584479332 0
1675603531137 0.055191390216350555 0
1675603531409 0.05468234047293663 0
1675603531687 0.0550837516784668 0
1675603531960 0.054620303213596344 0
1675603532224 0.054780371487140656 0
1675603532505 0.054541122168302536 0
1675603532801 0.055051110684871674 0
1675603533049 0.05492495372891426 0
1675603533318 0.054487310349941254 0
1675603533644 0.05593832582235336 0
1675603533887 0.0543733648955822 0
1675603534185 0.054851360619068146 0
1675603534487 0.055404916405677795 0
1675603534799 0.05490094795823097 0
1675603535102 0.05491063371300697 0
1675603535390 0.05491972342133522 0
1675603535649 0.054355353116989136 0
1675603535966 0.05552269518375397 0
1675603537836 0.054796233773231506 0
1675603538102 0.05429915338754654 0
1675603538361 0.05464700609445572 0
1675603538635 0.05481410399079323 0
1675603538913 0.05456439405679703 0
1675603539185 0.054808359593153 0
1675603539486 0.055413223803043365 0
1675603539756 0.05488020181655884 0
1675603540049 0.0546821653842926 0
1675603540323 0.0545906201004982 0
1675603540588 0.05438774451613426 0
1675603540875 0.054951269179582596 0
1675603541149 0.054775502532720566 0
1675603541435 0.054761141538619995 0
1675603541714 0.0546351820230484 0
1675603542002 0.05492093414068222 0
1675603542248 0.05392160639166832 0
1675603542542 0.05529993399977684 0
1675603542820 0.05468623712658882 0
1675603543106 0.05482955649495125 0
1675603543407 0.05522797256708145 0
1675603543692 0.05472217872738838 0
1675603544002 0.05561419948935509 0
1675603544289 0.05479336529970169 0
1675603544564 0.054970547556877136 0
1675603544858 0.055144280195236206 0
1675603545131 0.05476692318916321 0
1675603545427 0.05525490641593933 0
1675603545698 0.054138731211423874 0
1675603545968 0.054510071873664856 0
1675603546267 0.055178526788949966 0
1675603546546 0.05536094307899475 0
1675603546802 0.054580267518758774 0
1675603547081 0.054702118039131165 0
1675603547355 0.054418567568063736 0
1675603547648 0.05474162474274635 0
1675603547927 0.05425027012825012 0
1675603548255 0.055965572595596313 0
1675603548592 0.056271325796842575 0
1675603548849 0.05406132712960243 0
1675603549139 0.054879818111658096 0
1675603549443 0.055317364633083344 0
1675603549754 0.05522105470299721 0
1675603550034 0.054531991481781006 0
1675603550334 0.0550512857735157 0
1675603550616 0.05483447387814522 0
1675603550878 0.05429324880242348 0
1675603551184 0.055510036647319794 0
1675603551485 0.05530470982193947 0
1675603551768 0.054727960377931595 0
1675603552038 0.054533280432224274 0
1675603552330 0.0551108755171299 0
1675603552609 0.05475211143493652 0
1675603552871 0.05416359007358551 0
1675603553159 0.05474114790558815 0
1675603553454 0.05501057952642441 0
1675603553757 0.05517948791384697 0
1675603554029 0.054431844502687454 0
1675603554295 0.05443694069981575 0
1675603554567 0.054506342858076096 0
1675603554868 0.05501967668533325 0
1675603555156 0.05485013499855995 0
1675603555432 0.05450570955872536 0
1675603555735 0.05532827228307724 0
1675603556023 0.05468041077256203 0
1675603556317 0.05503412336111069 0
1675603556592 0.05499058961868286 0
1675603556858 0.054367545992136 0
1675603557143 0.05478237196803093 0
1675603557444 0.055148664861917496 0
1675603557720 0.054759763181209564 0
1675603558028 0.05566590279340744 0
1675603558322 0.05502644553780556 0
1675603558588 0.05402609333395958 0
1675603558896 0.05543629452586174 0
1675603559192 0.05492514744400978 0
1675603559476 0.05458235740661621 0
1675603559777 0.055308133363723755 0
1675603560039 0.05448209494352341 0
1675603560298 0.05390925705432892 0
1675603560588 0.05485183745622635 0
1675603560877 0.054924532771110535 0
1675603561182 0.055315520614385605 0
1675603561445 0.05434812232851982 0
1675603561762 0.05547730624675751 0
1675603562066 0.05536315590143204 0
1675603562309 0.05369945243000984 0
1675603562606 0.05513012036681175 0
1675603562860 0.05418321117758751 0
1675603563156 0.055214814841747284 0
1675603563437 0.05451776087284088 0
1675603563731 0.055289652198553085 0
1675603564005 0.05451139435172081 0
1675603564296 0.055098578333854675 0
1675603564585 0.05488569661974907 0
1675603564871 0.05471181496977806 0
1675603565169 0.05524859204888344 0
1675603565446 0.054606519639492035 0
1675603565786 0.056133538484573364 0
1675603566064 0.054560769349336624 0
1675603566361 0.05487184226512909 0
1675603566635 0.05428030341863632 0
1675603566953 0.055515509098768234 0
1675603567207 0.05429218336939812 0
1675603567468 0.05392815172672272 0
1675603567758 0.055179744958877563 0
1675603568027 0.054500430822372437 0
1675603568300 0.05442943423986435 0
1675603568614 0.05505392700433731 0
1675603568902 0.054799363017082214 0
1675603569164 0.054208945482969284 0
1675603569469 0.0551961250603199 0
1675603569729 0.054146043956279755 0
1675603570004 0.05453772842884064 0
1675603570280 0.05451056361198425 0
1675603570577 0.055090028792619705 0
1675603570851 0.05464506894350052 0
1675603571133 0.05458737164735794 0
1675603571428 0.05506867170333862 0
1675603571691 0.054422907531261444 0
1675603571983 0.05488014966249466 0
1675603572260 0.054822396486997604 0
1675603572568 0.05540616437792778 0
1675603572871 0.05546697974205017 0
1675603573153 0.054790813475847244 0
1675603573421 0.054318711161613464 0
1675603573698 0.05451911687850952 0
1675603573967 0.054257821291685104 0
1675603574239 0.054464809596538544 0
1675603574517 0.0544249601662159 0
1675603574829 0.055449940264225006 0
1675603575112 0.054509468376636505 0
1675603575428 0.05553083494305611 0
1675603575715 0.05476981773972511 0
1675603576025 0.05527612939476967 0
1675603576312 0.05491995811462402 0
1675603576606 0.055006664246320724 0
1675603576931 0.0559990294277668 0
1675603577218 0.05497162789106369 0
1675603577491 0.05443645268678665 0
1675603577757 0.05443167686462402 0
1675603578030 0.05457399785518646 0
1675603578301 0.054777272045612335 0
1675603578568 0.05411352217197418 0
1675603578865 0.05527903139591217 0
1675603579155 0.05506690964102745 0
1675603579440 0.05457291007041931 0
1675603579730 0.054839447140693665 0
1675603579989 0.054191384464502335 0
1675603580279 0.05474479869008064 0
1675603580568 0.05504801124334335 0
1675603580852 0.054770808666944504 0
1675603581085 0.054001159965991974 0
1675603581366 0.05533568188548088 0
1675603581647 0.054994385689496994 0
1675603581929 0.05444128438830376 0
1675603582201 0.05430140346288681 0
1675603584093 0.054514724761247635 0
1675603584360 0.054488711059093475 0
1675603584614 0.05381115525960922 0
1675603584946 0.05553446710109711 0
1675603585201 0.05429428443312645 0
1675603585481 0.054924335330724716 0
1675603585781 0.055035512894392014 0
1675603586044 0.054989397525787354 0
1675603586320 0.05458234250545502 0
1675603586623 0.05517578125 0
1675603586880 0.05400608479976654 0
1675603587157 0.05440773069858551 0
1675603587429 0.05427206680178642 0
1675603587688 0.054005756974220276 0
1675603587980 0.05489267036318779 0
1675603588257 0.05430173873901367 0
1675603588561 0.05512908101081848 0
1675603588838 0.054681211709976196 0
1675603589121 0.05456165969371796 0
1675603589379 0.05406283587217331 0
1675603589663 0.054908767342567444 0
1675603589977 0.05544669181108475 0
1675603590262 0.05474623665213585 0
1675603590553 0.05473640188574791 0
1675603590852 0.055184051394462585 0
1675603591143 0.054922327399253845 0
1675603591408 0.05428357049822807 0
1675603591723 0.055628661066293716 0
1675603592007 0.054827287793159485 0
1675603592325 0.05565088987350464 0
1675603592576 0.05379480868577957 0
1675603592870 0.05509795993566513 0
1675603593139 0.05501950532197952 0
1675603593432 0.054835718125104904 0
1675603593698 0.05417410656809807 0
1675603593951 0.05420082435011864 0
1675603594221 0.05467917397618294 0
1675603594485 0.054991431534290314 0
1675603594718 0.0536782331764698 0
1675603594973 0.054490745067596436 0
1675603595241 0.054790399968624115 0
1675603595511 0.05445847660303116 0
1675603595802 0.05501454323530197 0
1675603596083 0.054693613201379776 0
1675603596349 0.05435013025999069 0
1675603596635 0.054830409586429596 0
1675603596943 0.0549960695207119 0
1675603597202 0.05415203049778938 0
1675603597512 0.05549807846546173 0
1675603597789 0.054550450295209885 0
1675603598065 0.05456794053316116 0
1675603598367 0.05512992665171623 0
1675603598637 0.054197654128074646 0
1675603598916 0.054626841098070145 0
1675603599223 0.05564286187291145 0
1675603599513 0.05506304278969765 0
1675603599785 0.05509158968925476 0
1675603600074 0.055084891617298126 0
1675603600349 0.0544479675590992 0
1675603600634 0.05480959266424179 0
1675603600917 0.05462932214140892 0
1675603601221 0.05509024113416672 0
1675603601525 0.05551717430353165 0
1675603601823 0.0547342374920845 0
1675603602111 0.054785944521427155 0
1675603602398 0.054733555763959885 0
1675603602692 0.054929982870817184 0
1675603602963 0.05429418757557869 0
1675603603231 0.05468088760972023 0
1675603603511 0.054678983986377716 0
1675603603774 0.054310187697410583 0
1675603604054 0.05464087426662445 0
1675603604358 0.05524902418255806 0
1675603604634 0.05435650423169136 0
1675603604930 0.05512377992272377 0
1675603605216 0.054840195924043655 0
1675603605512 0.05501063913106918 0
1675603605787 0.05421337112784386 0
1675603606081 0.05482598766684532 0
1675603606373 0.05500030145049095 0
1675603606651 0.054483406245708466 0
1675603606930 0.05455750972032547 0
1675603607235 0.05523279309272766 0
1675603607538 0.05526427924633026 0
1675603607835 0.05507511645555496 0
1675603608104 0.0543014258146286 0
1675603608422 0.05530751496553421 0
1675603608762 0.05588425323367119 0
1675603609033 0.05437595769762993 0
1675603609310 0.054757945239543915 0
1675603609619 0.055150870233774185 0
1675603609916 0.0549892820417881 0
1675603610223 0.05530038848519325 0
1675603610497 0.054315533488988876 0
1675603610787 0.05460304021835327 0
1675603611068 0.05454472452402115 0
1675603611380 0.054702021181583405 0
1675603611664 0.05454479530453682 0
1675603611952 0.054563432931900024 0
1675603612224 0.05430753529071808 0
1675603612515 0.05484313890337944 0
1675603612793 0.05440317094326019 0
1675603613097 0.05471066012978554 0
1675603613382 0.054360922425985336 0
1675603613647 0.05402901768684387 0
1675603613908 0.05400719493627548 0
1675603614166 0.05391506850719452 0
1675603614449 0.054693907499313354 0
1675603614731 0.054467372596263885 0
1675603615053 0.055330727249383926 0
1675603615331 0.05442344769835472 0
1675603615619 0.05461227521300316 0
1675603615886 0.054104603826999664 0
1675603616195 0.0550079382956028 0
1675603616461 0.0541331022977829 0
1675603616747 0.05432810261845589 0
1675603617074 0.055474236607551575 0
1675603617347 0.0542014017701149 0
1675603617653 0.05509529635310173 0
1675603617951 0.054891567677259445 0
1675603618220 0.05417630821466446 0
1675603618492 0.054371099919080734 0
1675603618758 0.05425145477056503 0
1675603619044 0.05456500127911568 0
1675603619343 0.05494953319430351 0
1675603619611 0.05430446192622185 0
1675603619881 0.05443480983376503 0
1675603620156 0.05432916432619095 0
1675603620445 0.05471714213490486 0
1675603620699 0.05381573364138603 0
1675603620969 0.05445354804396629 0
1675603621241 0.05470411479473114 0
1675603621504 0.05403894931077957 0
1675603621792 0.054826702922582626 0
1675603622082 0.05469610169529915 0
1675603622346 0.054030224680900574 0
1675603622632 0.05460277572274208 0
1675603622952 0.055582817643880844 0
1675603623241 0.05462832376360893 0
1675603623528 0.054679568856954575 0
1675603623835 0.0553571879863739 0
1675603624128 0.054925836622714996 0
1675603624448 0.05564672872424126 0
1675603624731 0.054379966109991074 0
1675603625029 0.05482541769742966 0
1675603625295 0.05374704301357269 0
1675603625577 0.05453117564320564 0
1675603625894 0.05546059459447861 0
1675603626197 0.054988741874694824 0
1675603626525 0.055671438574790955 0
1675603626782 0.05417201668024063 0
1675603627072 0.05449666455388069 0
1675603627404 0.055403243750333786 0
1675603627678 0.054401103407144547 0
1675603627937 0.053961243480443954 0
1675603628208 0.054224491119384766 0
1675603628516 0.055130735039711 0
