1675618604775 0.6104640960693359 0
1675618606325 0.6108954548835754 0
1675618615160 0.6151601672172546 0
1675618624060 0.6086004972457886 0
1675618633578 0.6133062839508057 0
1675618642521 0.6069130897521973 0
1675618651562 0.604016900062561 0
1675618660464 0.6099004745483398 0
1675618669671 0.6089330315589905 0
1675618678931 0.6099136471748352 0
1675618687806 0.6061761379241943 0
1675618696752 0.6060172915458679 0
1675618705993 0.6070005297660828 0
1675618714801 0.6084166169166565 0
1675618723746 0.6047341823577881 0
1675618732555 0.6049143671989441 0
1675618741741 0.6016141176223755 0
1675618750838 0.6013752818107605 0
1675618759805 0.6039356589317322 0
1675618768819 0.5986020565032959 0
1675618778459 0.6018655896186829 0
1675618788094 0.594124436378479 0
1675618797357 0.6001274585723877 0
1675618806852 0.5971242785453796 0
1675618815973 0.5947087407112122 0
1675618825037 0.5998165607452393 0
1675618834266 0.5995793342590332 0
1675618843234 0.5931876301765442 0
1675618852698 0.5844154357910156 0
1675618862034 0.5952465534210205 0
1675618871568 0.5969619154930115 0
1675618881317 0.5917854309082031 0
1675618890570 0.5851719379425049 0
1675618899957 0.5918138027191162 0
1675618908992 0.5885503888130188 0
1675618918614 0.5896666646003723 0
1675618927786 0.5810801982879639 0
1675618937104 0.5818795561790466 0
1675618946735 0.5876052975654602 0
1675618955927 0.5876429677009583 0
1675618965452 0.5881014466285706 0
1675618975464 0.5797146558761597 0
1675618984916 0.5812839269638062 0
1675618994382 0.5768690705299377 0
1675619004508 0.5779252052307129 0
1675619014412 0.5834781527519226 0
1675619023524 0.5742352604866028 0
1675619032436 0.5754187107086182 0
1675619041599 0.5810002088546753 0
1675619050640 0.575218141078949 0
1675619060087 0.5741420984268188 0
1675619069037 0.5714427828788757 0
1675619078060 0.5695537328720093 0
1675619087278 0.5648456811904907 0
1675619096772 0.5706889629364014 0
1675619105818 0.5652227401733398 0
1675619115281 0.5597231984138489 0
1675619124177 0.5644031167030334 0
1675619133144 0.5590479969978333 0
1675619142528 0.5582150220870972 0
1675619151439 0.559561550617218 0
1675619160239 0.5583975315093994 0
1675619169173 0.5571765899658203 0
1675619177624 0.5499452948570251 0
1675619187437 0.558809757232666 0
1675619196167 0.5545719265937805 0
1675619205533 0.5470169186592102 0
1675619214327 0.5456632971763611 0
1675619223462 0.5433177947998047 0
1675619232840 0.5398910045623779 0
1675619241804 0.542117714881897 0
1675619251229 0.536280632019043 0
1675619259996 0.5351220965385437 0
1675619268696 0.531720757484436 0
1675619277781 0.5317212343215942 0
1675619287079 0.5267045497894287 0
1675619295930 0.5223461389541626 0
1675619305484 0.5243216156959534 0
1675619314489 0.522095799446106 0
1675619323382 0.5187851190567017 0
1675619332508 0.5135902166366577 0
1675619341431 0.5082558393478394 0
1675619350559 0.5056909322738647 0
1675619359873 0.5038036704063416 0
1675619368735 0.49994078278541565 0
1675619378157 0.4950912594795227 0
1675619387361 0.4882686138153076 0
1675619396368 0.48699888586997986 0
1675619405027 0.4829862713813782 0
1675619414371 0.4778752326965332 0
1675619423118 0.47198286652565 0
1675619431788 0.46759849786758423 0
1675619440415 0.45988813042640686 0
1675619449658 0.4555860757827759 0
1675619458072 0.4485374391078949 0
1675619467241 0.44507625699043274 0
1675619475827 0.43542757630348206 0
1675619484001 0.4335576295852661 0
1675619492012 0.428893506526947 0
1675619500503 0.41941118240356445 0
