1675604082006 0.6829255223274231 0
1675604082279 0.659262478351593 0
1675604082581 0.635350227355957 0
1675604082838 0.615422785282135 0
1675604083147 0.5932619571685791 0
1675604083448 0.5779386162757874 0
1675604083749 0.5630952715873718 0
1675604084059 0.5503596067428589 0
1675604084343 0.5424922108650208 0
1675604084624 0.5341575145721436 0
1675604084947 0.5236388444900513 0
1675604085259 0.5167548656463623 0
1675604085543 0.5125929713249207 0
1675604085841 0.5053292512893677 0
1675604086146 0.4983074367046356 0
1675604086433 0.4951452612876892 0
1675604086707 0.49185121059417725 0
1675604086967 0.48725199699401855 0
1675604087251 0.4806964099407196 0
1675604087506 0.47947555780410767 0
1675604087803 0.4706307649612427 0
1675604088082 0.46950337290763855 0
1675604088355 0.46576428413391113 0
1675604088611 0.46548303961753845 0
1675604088890 0.4588611125946045 0
1675604089160 0.45615607500076294 0
1675604089445 0.45454785227775574 0
1675604089756 0.44803473353385925 0
1675604090038 0.44822850823402405 0
1675604090321 0.4461965560913086 0
1675604090581 0.445620059967041 0
1675604090891 0.44133704900741577 0
1675604091183 0.4374214708805084 0
1675604091472 0.4375157952308655 0
1675604091744 0.43866831064224243 0
1675604092067 0.4331528842449188 0
1675604092375 0.43304339051246643 0
1675604092656 0.4343370199203491 0
1675604092962 0.42838141322135925 0
1675604093234 0.4320971369743347 0
1675604093527 0.428250789642334 0
1675604093801 0.4288345277309418 0
1675604094090 0.4249085485935211 0
1675604094332 0.42635342478752136 0
1675604094592 0.42302975058555603 0
1675604094845 0.4208332598209381 0
1675604095056 0.4251857399940491 0
1675604095277 0.42178139090538025 0
1675604095507 0.42123904824256897 0
1675604095749 0.4188021123409271 0
1675604096000 0.4177527129650116 0
1675604096234 0.41917625069618225 0
1675604096444 0.42220041155815125 0
1675604096737 0.41367456316947937 0
1675604096974 0.417405903339386 0
1675604097239 0.41413912177085876 0
1675604097499 0.41581714153289795 0
1675604097758 0.4130224585533142 0
1675604097983 0.41880086064338684 0
1675604098244 0.4111686646938324 0
1675604098479 0.4140484631061554 0
1675604098708 0.41420313715934753 0
1675604098912 0.4183807671070099 0
1675604099152 0.41308772563934326 0
1675604099346 0.41833680868148804 0
1675604099566 0.4138582646846771 0
1675604099780 0.4150271713733673 0
1675604100015 0.4119260311126709 0
1675604100235 0.4131733477115631 0
1675604100450 0.4160553812980652 0
1675604100680 0.411860853433609 0
1675604100911 0.4112611711025238 0
1675604101158 0.40965303778648376 0
1675604101392 0.4096257984638214 0
1675604101629 0.41010037064552307 0
1675604101868 0.4099508225917816 0
1675604102108 0.4078068137168884 0
1675604102396 0.40126872062683105 0
1675604102634 0.40917664766311646 0
1675604102894 0.40505293011665344 0
1675604103124 0.4100920855998993 0
1675604103376 0.4092250466346741 0
1675604103628 0.4052946865558624 0
1675604103864 0.40815410017967224 0
1675604104089 0.40844547748565674 0
1675604104347 0.4065454304218292 0
1675604104591 0.4069066643714905 0
1675604104808 0.41038015484809875 0
1675604105035 0.40661799907684326 0
1675604105247 0.4100712537765503 0
1675604105485 0.40689483284950256 0
1675604105735 0.40697765350341797 0
1675604105992 0.40660470724105835 0
1675604106279 0.4051099121570587 0
1675604106556 0.4073563516139984 0
1675604106844 0.40582698583602905 0
1675604107088 0.4032089114189148 0
1675604107318 0.40602409839630127 0
1675604107571 0.4057518541812897 0
1675604107826 0.40402376651763916 0
1675604108064 0.4115310609340668 0
1675604108334 0.40446287393569946 0
1675604108602 0.3999541997909546 0
1675604108823 0.40827468037605286 0
1675604109036 0.40592989325523376 0
1675604109276 0.40268245339393616 0
1675604109492 0.40564244985580444 0
1675604109694 0.40871503949165344 0
1675604109912 0.404449999332428 0
1675604110155 0.40187761187553406 0
1675604110378 0.4045461118221283 0
1675604110595 0.40546712279319763 0
1675604110808 0.406598836183548 0
1675604111041 0.4066813290119171 0
1675604111290 0.4018857777118683 0
1675604111515 0.4047272503376007 0
1675604111792 0.39878252148628235 0
1675604112057 0.4021231532096863 0
1675604112315 0.4019923210144043 0
1675604112546 0.4046838581562042 0
1675604112795 0.4029845893383026 0
1675604113011 0.4041547477245331 0
1675604113231 0.40390685200691223 0
1675604113449 0.40562155842781067 0
1675604113695 0.3975001275539398 0
1675604113924 0.40117916464805603 0
1675604114146 0.4018119275569916 0
1675604114356 0.40451642870903015 0
1675604114595 0.4026767313480377 0
1675604114864 0.39646708965301514 0
1675604115087 0.4013711214065552 0
1675604115302 0.4017412066459656 0
1675604115530 0.4047602713108063 0
1675604115780 0.40130507946014404 0
1675604116028 0.3972996771335602 0
1675604116260 0.401476114988327 0
1675604116504 0.40447646379470825 0
1675604116770 0.3993613123893738 0
1675604117036 0.39773476123809814 0
1675604117299 0.397391140460968 0
1675604117553 0.3996792137622833 0
1675604117758 0.40334606170654297 0
1675604118036 0.39386042952537537 0
1675604118273 0.39850321412086487 0
1675604118515 0.39779067039489746 0
1675604118757 0.39911404252052307 0
1675604118997 0.4012247323989868 0
1675604119242 0.40005725622177124 0
1675604119487 0.3945777416229248 0
1675604119727 0.39832547307014465 0
1675604120009 0.3947272002696991 0
1675604120279 0.3978058099746704 0
1675604120562 0.396291047334671 0
1675604120831 0.3961048424243927 0
1675604121058 0.4017571210861206 0
1675604121321 0.39475926756858826 0
1675604121587 0.3957444131374359 0
1675604123143 0.39840006828308105 0
1675604123354 0.4004921615123749 0
1675604123571 0.39940065145492554 0
1675604123810 0.39644354581832886 0
1675604124037 0.39684638381004333 0
1675604124242 0.40040484070777893 0
1675604124484 0.3969019055366516 0
1675604124720 0.39769306778907776 0
1675604124954 0.3964429795742035 0
1675604125145 0.4048454165458679 0
1675604125366 0.3985322117805481 0
1675604125622 0.3916640281677246 0
1675604125840 0.39852070808410645 0
1675604126065 0.39638009667396545 0
1675604126288 0.39632225036621094 0
1675604126512 0.39988645911216736 0
1675604126743 0.3974791467189789 0
1675604126970 0.3954682946205139 0
1675604127237 0.3913421928882599 0
1675604127496 0.39559870958328247 0
1675604127742 0.39406654238700867 0
1675604127979 0.3952139914035797 0
1675604128192 0.39910176396369934 0
1675604128435 0.39143913984298706 0
1675604128640 0.39891573786735535 0
1675604128871 0.39532938599586487 0
1675604129103 0.3944002389907837 0
1675604129335 0.39526718854904175 0
1675604129573 0.3939302861690521 0
1675604129788 0.3960864543914795 0
1675604130022 0.3926851153373718 0
1675604130242 0.3969247341156006 0
1675604130473 0.39398902654647827 0
1675604130710 0.3935402035713196 0
1675604130933 0.3961639702320099 0
1675604131186 0.3904899060726166 0
1675604131415 0.39373475313186646 0
1675604131670 0.39263060688972473 0
1675604131960 0.39186781644821167 0
1675604132239 0.3938095271587372 0
1675604132537 0.39171290397644043 0
1675604132830 0.39059579372406006 0
1675604133103 0.3930187225341797 0
1675604133388 0.39195749163627625 0
1675604133643 0.3968014419078827 0
1675604133929 0.39258888363838196 0
1675604134193 0.39043930172920227 0
1675604134481 0.3869008719921112 0
1675604134711 0.3958662450313568 0
1675604134941 0.3957291543483734 0
1675604135164 0.3935202658176422 0
1675604135406 0.39479145407676697 0
1675604135697 0.38569846749305725 0
1675604135932 0.3948966860771179 0
1675604136173 0.3937652111053467 0
1675604136460 0.3874858319759369 0
1675604136704 0.39313334226608276 0
1675604136967 0.39227408170700073 0
1675604137193 0.3968932330608368 0
1675604137450 0.3931466042995453 0
1675604137685 0.3953695297241211 0
1675604137967 0.38664504885673523 0
1675604138200 0.3955388069152832 0
1675604138448 0.3951197862625122 0
1675604138703 0.3910716474056244 0
1675604138985 0.39200273156166077 0
1675604139241 0.3943212032318115 0
1675604139488 0.3934771418571472 0
1675604139794 0.38762304186820984 0
1675604140089 0.38766175508499146 0
1675604140369 0.391824871301651 0
1675604140636 0.3940272927284241 0
1675604140934 0.389281690120697 0
1675604141206 0.39320290088653564 0
1675604141492 0.39327535033226013 0
1675604141768 0.3919011950492859 0
1675604142041 0.3923257887363434 0
1675604142300 0.3956545889377594 0
1675604142620 0.3843809962272644 0
1675604142909 0.3895820677280426 0
1675604143202 0.3910820484161377 0
1675604143515 0.3874951899051666 0
1675604143811 0.3892921507358551 0
1675604144097 0.3919813930988312 0
1675604144373 0.39235255122184753 0
1675604144660 0.39071592688560486 0
1675604144945 0.39106109738349915 0
1675604145260 0.38686516880989075 0
1675604145555 0.3911969065666199 0
1675604145856 0.3867139220237732 0
1675604146140 0.38886722922325134 0
1675604146408 0.3924276530742645 0
1675604146708 0.38683170080184937 0
1675604147002 0.3835502564907074 0
1675604147292 0.3892400860786438 0
1675604147553 0.39448562264442444 0
1675604147835 0.3894094228744507 0
1675604148110 0.3906705379486084 0
1675604148381 0.3923441469669342 0
1675604148660 0.3908251225948334 0
1675604148977 0.3850896656513214 0
1675604149244 0.3928423225879669 0
1675604149525 0.39070045948028564 0
1675604149815 0.3890402913093567 0
1675604150078 0.39447519183158875 0
1675604150334 0.3944200873374939 0
1675604150581 0.39501461386680603 0
1675604150836 0.3934747874736786 0
1675604151144 0.38627779483795166 0
1675604151421 0.3907407820224762 0
1675604151715 0.3876080811023712 0
1675604151995 0.38964638113975525 0
1675604152336 0.38206538558006287 0
1675604152665 0.38394230604171753 0
1675604152953 0.3884415328502655 0
1675604153236 0.3905981183052063 0
1675604153564 0.3833107650279999 0
1675604153868 0.3853861093521118 0
1675604154176 0.38513797521591187 0
1675604154458 0.38916146755218506 0
1675604154730 0.39163145422935486 0
1675604155022 0.3879193663597107 0
1675604155303 0.38973522186279297 0
1675604155576 0.3906051218509674 0
1675604155896 0.38543957471847534 0
1675604156217 0.380794495344162 0
1675604156509 0.38612425327301025 0
1675604156807 0.3844137191772461 0
1675604157088 0.38621917366981506 0
1675604157374 0.389726847410202 0
1675604157637 0.39228934049606323 0
1675604157969 0.3812156319618225 0
1675604158266 0.385650098323822 0
1675604158527 0.3929974138736725 0
1675604158799 0.3906491696834564 0
1675604159085 0.38858646154403687 0
1675604159365 0.38971757888793945 0
1675604159638 0.3907318711280823 0
1675604159915 0.3871101438999176 0
1675604160218 0.38281741738319397 0
1675604160502 0.38796305656433105 0
1675604160813 0.38552960753440857 0
1675604161089 0.39033442735671997 0
1675604161396 0.3854551613330841 0
1675604161649 0.3946053087711334 0
1675604161930 0.3889581859111786 0
1675604162208 0.3893528878688812 0
1675604162465 0.39369940757751465 0
1675604162713 0.39358773827552795 0
1675604162974 0.3897262513637543 0
1675604163243 0.38873252272605896 0
1675604163545 0.3860783576965332 0
1675604163850 0.3861052989959717 0
1675604164133 0.3880023956298828 0
1675604164416 0.38704729080200195 0
1675604164685 0.3864416480064392 0
1675604164971 0.38789692521095276 0
1675604166863 0.3897346556186676 0
1675604167126 0.39263829588890076 0
1675604167446 0.3825974762439728 0
1675604167716 0.3910408020019531 0
1675604167990 0.39062950015068054 0
1675604168313 0.3809313476085663 0
1675604168613 0.38579031825065613 0
1675604168905 0.38801220059394836 0
1675604169198 0.38653263449668884 0
1675604169481 0.3895687758922577 0
1675604169766 0.38849732279777527 0
1675604170021 0.3940170407295227 0
1675604170309 0.38691768050193787 0
1675604170576 0.39171695709228516 0
1675604170871 0.3861636519432068 0
1675604171168 0.38565751910209656 0
1675604171448 0.3877384662628174 0
1675604171709 0.3904453217983246 0
1675604172011 0.3848123848438263 0
1675604172295 0.3898507058620453 0
1675604172548 0.39309877157211304 0
1675604172824 0.39017024636268616 0
1675604173113 0.38811251521110535 0
1675604173395 0.3884844183921814 0
1675604173680 0.3881465494632721 0
1675604173983 0.38413766026496887 0
1675604174291 0.38396283984184265 0
1675604174586 0.38638776540756226 0
1675604174855 0.3914385139942169 0
1675604175140 0.3880898952484131 0
1675604175403 0.3916195333003998 0
1675604175703 0.38796567916870117 0
1675604175995 0.38752612471580505 0
1675604176283 0.3876742422580719 0
1675604176561 0.38899192214012146 0
1675604176854 0.3876769542694092 0
1675604177143 0.3868351876735687 0
1675604177449 0.3825700283050537 0
1675604177762 0.3839634358882904 0
1675604178013 0.39220643043518066 0
1675604178303 0.38190141320228577 0
1675604178595 0.385549932718277 0
1675604178873 0.3882441818714142 0
1675604179151 0.38754385709762573 0
1675604179446 0.3852953314781189 0
1675604179736 0.3867405652999878 0
1675604180034 0.3858436644077301 0
1675604180329 0.3864140510559082 0
1675604180614 0.387002557516098 0
1675604180909 0.38667383790016174 0
1675604181180 0.3907727599143982 0
1675604181457 0.3887626826763153 0
1675604181755 0.3848720192909241 0
1675604182048 0.3858361840248108 0
1675604182346 0.3849574625492096 0
1675604182607 0.3904745876789093 0
1675604182903 0.3846048414707184 0
1675604183186 0.3890582323074341 0
1675604183446 0.39028289914131165 0
1675604183723 0.3891884982585907 0
1675604184009 0.387683242559433 0
1675604184274 0.391284316778183 0
1675604184567 0.3855389356613159 0
1675604184847 0.3876901865005493 0
1675604185116 0.39112553000450134 0
1675604185406 0.3876935839653015 0
1675604185669 0.39104506373405457 0
1675604185957 0.38559794425964355 0
1675604186249 0.3862799406051636 0
1675604186529 0.3890105187892914 0
1675604186811 0.38825759291648865 0
1675604187100 0.38610541820526123 0
1675604187387 0.38751649856567383 0
1675604187680 0.38557448983192444 0
1675604187950 0.38898319005966187 0
1675604188245 0.3856680989265442 0
1675604188564 0.3821014165878296 0
1675604188843 0.3890075087547302 0
1675604189115 0.38936880230903625 0
1675604189402 0.3865191340446472 0
1675604189731 0.3807281255722046 0
1675604190007 0.38923126459121704 0
1675604190321 0.3828132748603821 0
1675604190594 0.3894283175468445 0
1675604190854 0.3907254934310913 0
1675604191156 0.38396286964416504 0
1675604191400 0.3941570520401001 0
1675604191691 0.3842064440250397 0
1675604192024 0.38014769554138184 0
1675604192314 0.3844784200191498 0
1675604192571 0.39227738976478577 0
1675604192876 0.3824593126773834 0
1675604193183 0.3841509521007538 0
1675604193511 0.3777833878993988 0
1675604193809 0.3854290246963501 0
1675604194085 0.3872930407524109 0
1675604194378 0.38534799218177795 0
1675604194656 0.3885338008403778 0
1675604194946 0.3858909606933594 0
1675604195198 0.3935202360153198 0
1675604195483 0.38885876536369324 0
1675604195732 0.39278367161750793 0
1675604196005 0.38891735672950745 0
1675604196290 0.387442409992218 0
1675604196574 0.38529172539711 0
1675604196840 0.39089033007621765 0
1675604197124 0.3896123170852661 0
1675604197443 0.384236603975296 0
1675604197745 0.38363033533096313 0
1675604198073 0.38036462664604187 0
1675604198373 0.3837167024612427 0
1675604198654 0.38669735193252563 0
1675604198944 0.38571760058403015 0
1675604199233 0.3864276707172394 0
1675604199518 0.38753774762153625 0
1675604199821 0.38294658064842224 0
1675604200094 0.3876449465751648 0
1675604200384 0.38535767793655396 0
1675604200694 0.38259193301200867 0
1675604200975 0.3872504234313965 0
1675604201252 0.38838738203048706 0
1675604201557 0.3837311565876007 0
1675604201902 0.37738239765167236 0
1675604202185 0.38644543290138245 0
1675604202472 0.3845800757408142 0
1675604202741 0.3863956928253174 0
1675604203040 0.3837694227695465 0
1675604203362 0.37991562485694885 0
1675604203680 0.3808712959289551 0
1675604203964 0.38701337575912476 0
1675604204224 0.3908030688762665 0
1675604204487 0.39007624983787537 0
1675604204784 0.385117769241333 0
1675604205091 0.3820233643054962 0
1675604205395 0.38304951786994934 0
1675604205677 0.38785991072654724 0
1675604205951 0.387342244386673 0
1675604206216 0.38729989528656006 0
1675604206535 0.37947919964790344 0
1675604206808 0.38724443316459656 0
1675604207117 0.3810950517654419 0
1675604207411 0.38370636105537415 0
1675604207679 0.3866969645023346 0
1675604207951 0.38644474744796753 0
1675604208233 0.38564619421958923 0
1675604208536 0.38394761085510254 0
1675604208844 0.3826389014720917 0
1675604209133 0.3855973184108734 0
1675604209417 0.38651978969573975 0
1675604209695 0.38680586218833923 0
1675604209999 0.3840399384498596 0
1675604210262 0.3898492455482483 0
1675604210553 0.38542672991752625 0
1675604210831 0.38797497749328613 0
1675604211143 0.38101473450660706 0
1675604211465 0.38116997480392456 0
1675604211741 0.38697293400764465 0
1675604213615 0.38878580927848816 0
1675604213887 0.38634049892425537 0
1675604214220 0.37785038352012634 0
1675604214495 0.3875002861022949 0
1675604214811 0.37995871901512146 0
1675604215075 0.3895784318447113 0
1675604215380 0.3809182345867157 0
1675604215690 0.3794924020767212 0
1675604215972 0.3871861398220062 0
1675604216260 0.38512951135635376 0
1675604216547 0.38496628403663635 0
1675604216848 0.3827042877674103 0
1675604217110 0.38785994052886963 0
1675604217406 0.38378825783729553 0
1675604217708 0.38224560022354126 0
1675604218005 0.38409873843193054 0
1675604218309 0.38380420207977295 0
1675604218603 0.38192471861839294 0
1675604218906 0.38381877541542053 0
1675604219225 0.3821467161178589 0
1675604219523 0.38408762216567993 0
1675604219798 0.38503915071487427 0
1675604220073 0.3862365484237671 0
1675604220337 0.3899175822734833 0
1675604220623 0.38582712411880493 0
1675604220911 0.3841674029827118 0
1675604221177 0.38716521859169006 0
1675604221446 0.3856361210346222 0
1675604221712 0.3894035220146179 0
1675604222023 0.3803979158401489 0
1675604222357 0.3785395920276642 0
1675604222653 0.38335952162742615 0
1675604222965 0.3808693289756775 0
1675604223243 0.38608989119529724 0
1675604223524 0.38566046953201294 0
1675604223789 0.38885238766670227 0
1675604224078 0.3845619261264801 0
1675604224374 0.3833030164241791 0
1675604224674 0.383482426404953 0
1675604224966 0.3846382796764374 0
1675604225297 0.3775193691253662 0
1675604225600 0.3809394836425781 0
1675604225859 0.3893572986125946 0
1675604226162 0.3844298720359802 0
1675604226440 0.38654303550720215 0
1675604226709 0.3885076344013214 0
1675604227005 0.38267937302589417 0
1675604227280 0.38572072982788086 0
1675604227577 0.38377243280410767 0
1675604227846 0.3866414725780487 0
1675604228107 0.38842254877090454 0
1675604228404 0.38328075408935547 0
1675604228674 0.3854128122329712 0
1675604228944 0.38798972964286804 0
1675604229202 0.38996532559394836 0
1675604229510 0.37980395555496216 0
1675604229770 0.38889363408088684 0
1675604230067 0.3817293345928192 0
1675604230360 0.3835168182849884 0
1675604230633 0.38774383068084717 0
1675604230919 0.38429272174835205 0
1675604231203 0.38493987917900085 0
1675604231504 0.38518309593200684 0
1675604231790 0.38423413038253784 0
1675604232066 0.38686618208885193 0
1675604232346 0.3852025866508484 0
1675604232619 0.3860073685646057 0
1675604232890 0.387423038482666 0
1675604233174 0.38223427534103394 0
1675604233460 0.38311445713043213 0
1675604233741 0.38441306352615356 0
1675604233988 0.3909004032611847 0
1675604234248 0.38802310824394226 0
1675604234572 0.38193267583847046 0
1675604234861 0.38353562355041504 0
1675604235142 0.38462033867836 0
1675604235435 0.3851895034313202 0
1675604235714 0.3862314522266388 0
1675604236041 0.3771860897541046 0
1675604236321 0.38615870475769043 0
1675604236602 0.3849961757659912 0
1675604236915 0.38099417090415955 0
1675604237230 0.37873855233192444 0
1675604237498 0.3890204131603241 0
1675604237810 0.38032835721969604 0
1675604238108 0.3831768035888672 0
1675604238392 0.3852049708366394 0
1675604238710 0.378679484128952 0
1675604239011 0.3818781077861786 0
1675604239325 0.3792116940021515 0
1675604239628 0.38131675124168396 0
1675604239928 0.3819383680820465 0
1675604240242 0.37982699275016785 0
1675604240545 0.3842634856700897 0
1675604240874 0.3775405287742615 0
1675604241162 0.382943719625473 0
1675604241445 0.38231682777404785 0
1675604241761 0.3778669834136963 0
1675604242060 0.38296839594841003 0
1675604242343 0.3842737376689911 0
1675604242625 0.3863491714000702 0
1675604242933 0.38091322779655457 0
1675604243206 0.38702458143234253 0
1675604243510 0.3814411163330078 0
1675604243772 0.3901826739311218 0
1675604244072 0.3814904987812042 0
1675604244365 0.3832225501537323 0
1675604244672 0.380541056394577 0
1675604244967 0.3830079138278961 0
1675604245258 0.38330894708633423 0
1675604245554 0.3819415867328644 0
1675604245865 0.38028502464294434 0
1675604246153 0.3835945129394531 0
1675604246440 0.38392144441604614 0
1675604246714 0.3857361078262329 0
1675604246972 0.3869035243988037 0
1675604247253 0.3836546540260315 0
1675604247556 0.3838379681110382 0
1675604247854 0.38194140791893005 0
1675604248118 0.38772305846214294 0
1675604248418 0.38114604353904724 0
1675604248710 0.38472315669059753 0
1675604248992 0.3840404152870178 0
1675604249264 0.3865823447704315 0
1675604249552 0.3840636909008026 0
1675604249836 0.38476866483688354 0
1675604250145 0.379316508769989 0
1675604250431 0.38365426659584045 0
1675604250713 0.38599857687950134 0
1675604251037 0.3789770305156708 0
1675604251336 0.38264331221580505 0
1675604251608 0.38672009110450745 0
1675604251913 0.38006022572517395 0
1675604252174 0.3866064250469208 0
1675604252473 0.38151273131370544 0
1675604252757 0.38324040174484253 0
1675604253023 0.387711763381958 0
1675604253331 0.37985897064208984 0
1675604253611 0.38226598501205444 0
1675604253886 0.3857358396053314 0
1675604254166 0.3832181990146637 0
1675604254442 0.38587555289268494 0
1675604254730 0.3846168518066406 0
1675604254999 0.38519567251205444 0
1675604255295 0.38362276554107666 0
1675604255573 0.38664060831069946 0
1675604255875 0.38304755091667175 0
1675604256162 0.38541001081466675 0
1675604256427 0.38860198855400085 0
1675604256698 0.38648226857185364 0
1675604256986 0.38509324193000793 0
1675604257276 0.38362792134284973 0
1675604257562 0.3829057216644287 0
1675604257836 0.3836289644241333 0
1675604258091 0.3884795010089874 0
1675604258350 0.38502171635627747 0
1675604258638 0.38336870074272156 0
1675604260585 0.38189002871513367 0
1675604260874 0.38518863916397095 0
1675604261154 0.3844996690750122 0
1675604261492 0.3737756013870239 0
1675604261761 0.38595637679100037 0
1675604262037 0.3855701684951782 0
1675604262338 0.3812764585018158 0
1675604262607 0.3865138292312622 0
1675604262912 0.38039031624794006 0
1675604263218 0.37974512577056885 0
1675604263513 0.38278669118881226 0
1675604263848 0.3763812780380249 0
1675604264133 0.38447049260139465 0
1675604264395 0.3881532549858093 0
1675604264698 0.38194331526756287 0
1675604264985 0.3836594820022583 0
1675604265259 0.387767493724823 0
1675604265582 0.3810127377510071 0
1675604265863 0.3835132420063019 0
1675604266136 0.38517382740974426 0
1675604266439 0.38139739632606506 0
1675604266709 0.38489004969596863 0
1675604266992 0.382009893655777 0
1675604267265 0.38229623436927795 0
1675604267601 0.3801828622817993 0
1675604267937 0.3762989342212677 0
1675604268238 0.38120028376579285 0
1675604268534 0.38044705986976624 0
1675604268818 0.38360434770584106 0
1675604269076 0.3876497745513916 0
1675604269336 0.38827988505363464 0
1675604269611 0.3834373950958252 0
1675604269896 0.38434794545173645 0
1675604270166 0.38635843992233276 0
1675604270450 0.3846036493778229 0
1675604270746 0.38168850541114807 0
1675604271049 0.38040098547935486 0
1675604271309 0.3886854946613312 0
1675604271606 0.38099831342697144 0
1675604271873 0.3869052231311798 0
1675604272168 0.3809410631656647 0
1675604272486 0.376801997423172 0
1675604272765 0.3847624659538269 0
1675604273056 0.3818625211715698 0
1675604273346 0.3820730745792389 0
1675604273677 0.37437009811401367 0
1675604273932 0.38722750544548035 0
1675604274185 0.3852505683898926 0
1675604274445 0.38643279671669006 0
1675604274750 0.3834157884120941 0
1675604275019 0.381180077791214 0
1675604275308 0.38273856043815613 0
1675604275608 0.38009145855903625 0
1675604275897 0.3826867938041687 0
1675604276173 0.38522985577583313 0
1675604276433 0.38647642731666565 0
1675604276719 0.3836967647075653 0
1675604277037 0.3767608404159546 0
1675604277307 0.38603901863098145 0
1675604277603 0.38322243094444275 0
1675604277873 0.3841550350189209 0
1675604278142 0.38400787115097046 0
1675604278445 0.3802950382232666 0
1675604278734 0.3823438286781311 0
1675604279017 0.38425126671791077 0
1675604279268 0.38706162571907043 0
1675604279573 0.37987303733825684 0
1675604279908 0.3739275634288788 0
1675604280175 0.38580676913261414 0
1675604280455 0.3844749629497528 0
1675604280755 0.38057777285575867 0
1675604281053 0.3796047866344452 0
1675604281333 0.3849956691265106 0
1675604281654 0.3762350380420685 0
1675604281965 0.37858882546424866 0
1675604282273 0.37859460711479187 0
1675604282558 0.38110169768333435 0
1675604282855 0.38087132573127747 0
1675604283132 0.38274452090263367 0
1675604283418 0.38398274779319763 0
1675604283706 0.3817119598388672 0
1675604283979 0.385428249835968 0
1675604284238 0.38791951537132263 0
1675604284540 0.3807690441608429 0
1675604284820 0.3847414553165436 0
1675604285096 0.38419753313064575 0
1675604285409 0.3781501054763794 0
1675604285697 0.3816935122013092 0
1675604285987 0.38371896743774414 0
1675604286302 0.37824350595474243 0
1675604286598 0.38250434398651123 0
1675604286908 0.37732619047164917 0
1675604287216 0.37792351841926575 0
1675604287479 0.38869720697402954 0
1675604287776 0.38242682814598083 0
1675604288063 0.3848678469657898 0
1675604288393 0.3762752413749695 0
1675604288683 0.3824983537197113 0
1675604288981 0.38272467255592346 0
1675604289269 0.38353222608566284 0
1675604289565 0.3814157545566559 0
1675604289848 0.3836418092250824 0
1675604290140 0.3815555274486542 0
1675604290411 0.3828955888748169 0
1675604290697 0.38333284854888916 0
1675604291013 0.37765926122665405 0
1675604291297 0.38368064165115356 0
1675604291597 0.38066086173057556 0
1675604291882 0.38314080238342285 0
1675604292174 0.38159140944480896 0
1675604292463 0.3825452923774719 0
1675604292788 0.3773483335971832 0
1675604293055 0.38723406195640564 0
1675604293374 0.37850984930992126 0
1675604293720 0.37403348088264465 0
1675604293994 0.3858642578125 0
1675604294296 0.3796398341655731 0
1675604294582 0.3832624554634094 0
1675604294930 0.3711301386356354 0
1675604295220 0.38216009736061096 0
1675604295519 0.38292011618614197 0
1675604295801 0.3838411867618561 0
1675604296081 0.3824616074562073 0
1675604296330 0.3868902027606964 0
1675604296606 0.3825313448905945 0
1675604296867 0.3851260542869568 0
1675604297181 0.3766491711139679 0
1675604297448 0.38540399074554443 0
1675604297738 0.3800111711025238 0
1675604298033 0.3789955675601959 0
1675604298354 0.3742261528968811 0
1675604298648 0.38057413697242737 0
1675604298928 0.3842622637748718 0
1675604299226 0.38172876834869385 0
1675604299525 0.37945491075515747 0
1675604299794 0.38555967807769775 0
1675604300082 0.38147860765457153 0
1675604300392 0.38040444254875183 0
1675604300659 0.38298913836479187 0
1675604300916 0.3876795768737793 0
1675604301206 0.38053232431411743 0
1675604301504 0.38043901324272156 0
1675604301841 0.3745228350162506 0
1675604302117 0.38057130575180054 0
1675604302433 0.37329375743865967 0
1675604302701 0.3840496242046356 0
1675604302992 0.379955917596817 0
1675604303290 0.3797836899757385 0
1675604303594 0.37903156876564026 0
1675604303853 0.3874772787094116 0
1675604304125 0.38499215245246887 0
1675604304417 0.37665218114852905 0
1675604304675 0.38303741812705994 0
1675604304936 0.38655996322631836 0
1675604305211 0.382860004901886 0
1675604305509 0.3788394629955292 0
1675604305772 0.38606494665145874 0
