1675460900736 0.7262459397315979 0
1675460900975 0.7163794636726379 0
1675460901236 0.7107387781143188 0
1675460901441 0.7103505730628967 0
1675460901658 0.7047668695449829 0
1675460901909 0.6966052651405334 0
1675460902221 0.6894852519035339 0
1675460902566 0.6815215349197388 0
1675460902824 0.682232677936554 0
1675460903074 0.6780482530593872 0
1675460903288 0.6777424216270447 0
1675460903480 0.6720690727233887 0
1675460903716 0.6661798357963562 0
1675460903955 0.6602063179016113 0
1675460904229 0.6554186940193176 0
1675460904431 0.6534029245376587 0
1675460904756 0.6460705399513245 0
1675460905022 0.6443880796432495 0
1675460905238 0.6431497931480408 0
1675460905492 0.6373741030693054 0
1675460905720 0.6318923830986023 0
1675460905978 0.6299542784690857 0
1675460906198 0.6301984786987305 0
1675460906450 0.6228716373443604 0
1675460906709 0.6198844313621521 0
1675460906937 0.6183091402053833 0
1675460907205 0.6112493276596069 0
1675460907442 0.6114547848701477 0
1675460907614 0.6098887920379639 0
1675460907889 0.6036245226860046 0
1675460908092 0.6047419309616089 0
1675460908297 0.6006902456283569 0
1675460908502 0.5995892882347107 0
1675460908702 0.594965934753418 0
1675460908931 0.5925840735435486 0
1675460909154 0.5914306640625 0
1675460909407 0.5862459540367126 0
1675460909659 0.5832306742668152 0
1675460909854 0.5823584198951721 0
1675460910088 0.5823442935943604 0
1675460910255 0.5799604058265686 0
1675460910525 0.5735697150230408 0
1675460910784 0.573876678943634 0
1675460911009 0.5708974599838257 0
1675460911227 0.5705095529556274 0
1675460911515 0.5620943307876587 0
1675460911770 0.566450834274292 0
1675460911957 0.567355215549469 0
1675460912170 0.562847375869751 0
1675460912348 0.5630561709403992 0
1675460912555 0.561890184879303 0
1675460912779 0.5561943650245667 0
1675460913050 0.553350567817688 0
1675460913287 0.5557190179824829 0
1675460913479 0.5552758574485779 0
1675460913700 0.5503737330436707 0
1675460913934 0.5492062568664551 0
1675460914219 0.5438065528869629 0
1675460914465 0.5486401915550232 0
1675460914732 0.5434896349906921 0
1675460914982 0.5419915318489075 0
1675460915200 0.5428245067596436 0
1675460915456 0.5428465008735657 0
1675460915717 0.540047824382782 0
1675460915943 0.5410341620445251 0
1675460916165 0.5420830845832825 0
1675460916398 0.5362125039100647 0
1675460916671 0.5353412628173828 0
1675460916945 0.5365743637084961 0
1675460917188 0.5322717428207397 0
1675460917403 0.533730149269104 0
1675460917650 0.5309821367263794 0
1675460917821 0.5335966944694519 0
1675460918026 0.5322830677032471 0
1675460918258 0.5264685153961182 0
1675460918488 0.5283191204071045 0
1675460918695 0.5311662554740906 0
1675460918925 0.5281039476394653 0
1675460919161 0.525396466255188 0
1675460919415 0.5227528810501099 0
1675460919694 0.5196478962898254 0
1675460919882 0.5234829783439636 0
1675460920148 0.519492506980896 0
1675460920406 0.5201241970062256 0
1675460920652 0.519113302230835 0
1675460920885 0.5199009776115417 0
1675460921097 0.5187574028968811 0
1675460921326 0.5163677334785461 0
1675460921526 0.5159794688224792 0
1675460921779 0.5153799057006836 0
1675460922079 0.5106064677238464 0
1675460922385 0.5121968984603882 0
1675460922648 0.5128837823867798 0
1675460922869 0.5203955769538879 0
1675460923146 0.5094648003578186 0
1675460923420 0.5083946585655212 0
1675460923654 0.5138425827026367 0
1675460923899 0.5116175413131714 0
1675460924138 0.5120903849601746 0
1675460924359 0.5109323859214783 0
1675460924588 0.5058979392051697 0
1675460924829 0.5076672434806824 0
1675460925046 0.5087177753448486 0
1675460925245 0.5101500749588013 0
1675460925493 0.5087885856628418 0
1675460925700 0.5063285231590271 0
1675460925894 0.5108721256256104 0
1675460926099 0.5061636567115784 0
1675460926293 0.50649094581604 0
1675460926565 0.5002477169036865 0
1675460926850 0.5009030699729919 0
1675460927098 0.5015077590942383 0
1675460927322 0.5043197870254517 0
1675460927602 0.5017398595809937 0
1675460927817 0.5032987594604492 0
1675460928059 0.4988669157028198 0
1675460928252 0.5050830245018005 0
1675460928527 0.4964089095592499 0
1675460928706 0.5028369426727295 0
1675460928915 0.501042902469635 0
1675460929119 0.5024312138557434 0
1675460929345 0.5002031922340393 0
1675460929591 0.4979245960712433 0
1675460929807 0.4992435574531555 0
1675460930063 0.493996262550354 0
1675460930312 0.4951742887496948 0
1675460930530 0.4972933530807495 0
1675460930817 0.4919985830783844 0
1675460931039 0.4988591969013214 0
1675460931286 0.49563056230545044 0
1675460931527 0.4951419532299042 0
1675460931760 0.494268536567688 0
1675460931980 0.4967728555202484 0
1675460932254 0.4931879937648773 0
1675460932466 0.4956037700176239 0
1675460932652 0.49971896409988403 0
1675460932868 0.49428418278694153 0
1675460933112 0.4931928515434265 0
1675460933378 0.49189817905426025 0
1675460933596 0.49221575260162354 0
1675460933883 0.48711010813713074 0
1675460934104 0.4931256175041199 0
1675460934331 0.49279385805130005 0
1675460934536 0.49512580037117004 0
1675460934798 0.4890120327472687 0
1675460935070 0.48871779441833496 0
1675460935299 0.4903453290462494 0
1675460935529 0.49679985642433167 0
1675460935782 0.4903635084629059 0
1675460936067 0.4874202609062195 0
1675460936306 0.4887918531894684 0
1675460936530 0.48911479115486145 0
1675460936768 0.48898905515670776 0
1675460937006 0.4871498942375183 0
1675460937196 0.49209344387054443 0
1675460937462 0.48451340198516846 0
1675460937656 0.48872965574264526 0
1675460939826 0.4859643578529358 0
1675460940053 0.48536309599876404 0
1675460940257 0.4896419942378998 0
1675460940519 0.48728927969932556 0
1675460940744 0.4878820776939392 0
1675460940962 0.4899056553840637 0
1675460941194 0.4890814423561096 0
1675460941420 0.486452579498291 0
1675460941607 0.48950573801994324 0
1675460941837 0.4849783182144165 0
1675460942068 0.48744499683380127 0
1675460942319 0.4868200719356537 0
1675460942520 0.48762497305870056 0
1675460942770 0.48427844047546387 0
1675460943048 0.48263490200042725 0
1675460943254 0.48692747950553894 0
1675460943511 0.48300155997276306 0
1675460943797 0.4790855348110199 0
1675460943993 0.4865165054798126 0
1675460944240 0.48193639516830444 0
1675460944438 0.48745158314704895 0
1675460944641 0.48630568385124207 0
1675460944901 0.48017531633377075 0
1675460945189 0.47677186131477356 0
1675460945376 0.486947625875473 0
1675460945575 0.48555099964141846 0
1675460945791 0.4869931936264038 0
1675460946079 0.4761541485786438 0
1675460946346 0.4795517325401306 0
1675460946646 0.4854314625263214 0
1675460946886 0.483913779258728 0
1675460947134 0.4829751253128052 0
1675460947397 0.4733339548110962 0
1675460947742 0.476650595664978 0
1675460947932 0.4813064932823181 0
1675460948184 0.48080700635910034 0
1675460948389 0.4851325750350952 0
1675460948678 0.4796120524406433 0
1675460948930 0.4815484583377838 0
1675460949139 0.4803638458251953 0
1675460949391 0.47565919160842896 0
1675460949663 0.47523823380470276 0
1675460949858 0.48393845558166504 0
1675460950044 0.48551738262176514 0
1675460950257 0.4843694865703583 0
1675460950555 0.47933658957481384 0
1675460950831 0.47462841868400574 0
1675460951076 0.4773221015930176 0
1675460951304 0.4792982041835785 0
1675460951498 0.4819873869419098 0
1675460951715 0.47919490933418274 0
1675460951913 0.4819466173648834 0
1675460952145 0.4794844686985016 0
1675460952424 0.4743056893348694 0
1675460952658 0.47846755385398865 0
1675460952861 0.4821102023124695 0
1675460953078 0.47910821437835693 0
1675460953335 0.4758196473121643 0
1675460953578 0.4746822714805603 0
1675460953786 0.48089078068733215 0
1675460953998 0.47804170846939087 0
1675460954231 0.4779379665851593 0
1675460954441 0.4792880117893219 0
1675460954711 0.4721282720565796 0
1675460954906 0.47689759731292725 0
1675460955104 0.48060140013694763 0
1675460955324 0.47758087515830994 0
1675460955581 0.4737902879714966 0
1675460955810 0.47665083408355713 0
1675460956075 0.4757230281829834 0
1675460956285 0.4754433333873749 0
1675460956513 0.4750184118747711 0
1675460956716 0.47722724080085754 0
1675460957000 0.4723321795463562 0
1675460957248 0.4763477146625519 0
1675460957428 0.4827512502670288 0
1675460957671 0.47397691011428833 0
1675460957903 0.4738825857639313 0
1675460958096 0.4797535240650177 0
1675460958299 0.47663554549217224 0
1675460958569 0.47357890009880066 0
1675460958865 0.46645602583885193 0
1675460959113 0.47518402338027954 0
1675460959299 0.48141804337501526 0
1675460959515 0.47455456852912903 0
1675460959763 0.4701114296913147 0
1675460959967 0.4767199456691742 0
1675460960206 0.4754334092140198 0
1675460960416 0.47554683685302734 0
1675460960672 0.47256338596343994 0
1675460960949 0.4699682295322418 0
1675460961177 0.47235700488090515 0
1675460961463 0.47026127576828003 0
1675460961658 0.47832581400871277 0
1675460961910 0.4749308228492737 0
1675460962178 0.4681799113750458 0
1675460962385 0.47489115595817566 0
1675460962618 0.471464067697525 0
1675460962820 0.47652649879455566 0
1675460963088 0.4717794358730316 0
1675460963317 0.47278836369514465 0
1675460963532 0.47271278500556946 0
1675460963840 0.4684050977230072 0
1675460964143 0.4657095670700073 0
1675460964415 0.4668797552585602 0
1675460964694 0.46901559829711914 0
1675460964898 0.47333768010139465 0
1675460965195 0.465377539396286 0
1675460965475 0.46587181091308594 0
1675460965715 0.4707568287849426 0
1675460965926 0.4755687117576599 0
1675460966167 0.4682140648365021 0
1675460966394 0.4762907326221466 0
1675460966629 0.47142770886421204 0
1675460966910 0.4672738313674927 0
1675460967137 0.4714813232421875 0
1675460967407 0.4680963158607483 0
1675460967584 0.478864461183548 0
1675460967817 0.4694332182407379 0
1675460968024 0.4728344678878784 0
1675460968288 0.4705439507961273 0
1675460968490 0.47200697660446167 0
1675460968727 0.469668447971344 0
1675460968981 0.46960127353668213 0
1675460969236 0.4691145718097687 0
1675460969484 0.4681079089641571 0
1675460969705 0.4687868356704712 0
1675460969883 0.4765106737613678 0
1675460970119 0.46918630599975586 0
1675460970374 0.4650409519672394 0
1675460970612 0.4693479537963867 0
1675460970892 0.4653846323490143 0
1675460971045 0.47959545254707336 0
1675460971265 0.46854472160339355 0
1675460971490 0.47339725494384766 0
1675460971698 0.4705143868923187 0
1675460971944 0.46939292550086975 0
1675460972181 0.4689544141292572 0
1675460972399 0.4739972651004791 0
1675460972650 0.4674796462059021 0
1675460972922 0.4641953110694885 0
1675460973144 0.47433173656463623 0
1675460973355 0.47060662508010864 0
1675460973572 0.47252535820007324 0
1675460973857 0.46459537744522095 0
1675460974178 0.4641017019748688 0
1675460974514 0.46293905377388 0
1675460974738 0.46759694814682007 0
1675460974986 0.4664175808429718 0
1675460975189 0.47179290652275085 0
1675460975394 0.4705239534378052 0
1675460975641 0.4660131633281708 0
1675460975888 0.4655953645706177 0
1675460976108 0.4707845151424408 0
1675460976354 0.4668472409248352 0
1675460976595 0.46708354353904724 0
1675460976812 0.469729483127594 0
1675460978982 0.46675360202789307 0
1675460979243 0.46618539094924927 0
1675460979515 0.4638364017009735 0
1675460979700 0.473788857460022 0
1675460979916 0.46852993965148926 0
1675460980144 0.46989738941192627 0
1675460980389 0.46711820363998413 0
1675460980589 0.4716375172138214 0
1675460980829 0.46647727489471436 0
1675460981049 0.46696457266807556 0
1675460981295 0.46634939312934875 0
1675460981595 0.4592781364917755 0
1675460981847 0.46682339906692505 0
1675460982056 0.467424601316452 0
1675460982339 0.4611521363258362 0
1675460982566 0.4695112705230713 0
1675460982836 0.4625597894191742 0
1675460983024 0.470832884311676 0
1675460983244 0.46696653962135315 0
1675460983476 0.46692246198654175 0
1675460983668 0.46959811449050903 0
1675460983898 0.46307772397994995 0
1675460984107 0.4680904150009155 0
1675460984333 0.4676203727722168 0
1675460984551 0.4672224521636963 0
1675460984796 0.4658939838409424 0
1675460985010 0.46881136298179626 0
1675460985228 0.4673954248428345 0
1675460985545 0.4578665792942047 0
1675460985747 0.46698468923568726 0
1675460985998 0.46075958013534546 0
1675460986256 0.4654654562473297 0
1675460986524 0.4610053300857544 0
1675460986765 0.4632170498371124 0
1675460987031 0.46567001938819885 0
1675460987234 0.46887311339378357 0
1675460987482 0.46341297030448914 0
1675460987725 0.46180012822151184 0
1675460987944 0.46424204111099243 0
1675460988195 0.46130675077438354 0
1675460988484 0.45927321910858154 0
1675460988689 0.46799778938293457 0
1675460988900 0.4664669334888458 0
1675460989154 0.45971131324768066 0
1675460989413 0.4612513780593872 0
1675460989628 0.46662577986717224 0
1675460989842 0.46877947449684143 0
1675460990022 0.47053301334381104 0
1675460990212 0.46821871399879456 0
1675460990436 0.4634787440299988 0
1675460990684 0.46082937717437744 0
1675460990911 0.4620651304721832 0
1675460991184 0.45801952481269836 0
1675460991499 0.4562287926673889 0
1675460991714 0.4663795232772827 0
1675460991901 0.4709503650665283 0
1675460992156 0.4654971957206726 0
1675460992368 0.4645062983036041 0
1675460992591 0.4623427391052246 0
1675460992845 0.45824816823005676 0
1675460993074 0.46311184763908386 0
1675460993332 0.4598191976547241 0
1675460993569 0.4627000391483307 0
1675460993805 0.46538254618644714 0
1675460994066 0.45813530683517456 0
1675460994279 0.4642238914966583 0
1675460994466 0.4673933982849121 0
1675460994699 0.466480553150177 0
1675460994901 0.4672645330429077 0
1675460995126 0.4630942642688751 0
1675460995321 0.4654037058353424 0
1675460995506 0.4661707282066345 0
1675460995765 0.46109864115715027 0
1675460996018 0.45973333716392517 0
1675460996265 0.46107232570648193 0
1675460996558 0.45709285140037537 0
1675460996757 0.46501967310905457 0
1675460996960 0.4672178626060486 0
1675460997167 0.4672192633152008 0
1675460997373 0.4631592333316803 0
1675460997607 0.4604142904281616 0
1675460997837 0.45852816104888916 0
1675460998048 0.46350622177124023 0
1675460998267 0.4619903564453125 0
1675460998489 0.46231839060783386 0
1675460998701 0.4639345407485962 0
1675460998919 0.46122848987579346 0
1675460999158 0.4607548713684082 0
1675460999391 0.4608696699142456 0
1675460999612 0.4647330641746521 0
1675460999841 0.4601961672306061 0
1675461000152 0.4522619843482971 0
1675461000387 0.4621593952178955 0
1675461000610 0.4641979932785034 0
1675461000849 0.4623965919017792 0
1675461001092 0.4600476622581482 0
1675461001287 0.4664449095726013 0
1675461001503 0.4621700644493103 0
1675461001695 0.465090811252594 0
1675461001893 0.46351128816604614 0
1675461002106 0.46293991804122925 0
1675461002333 0.4598071873188019 0
1675461002555 0.4636157155036926 0
1675461002869 0.45215365290641785 0
1675461003083 0.46309980750083923 0
1675461003301 0.46098753809928894 0
1675461003574 0.45656588673591614 0
1675461003802 0.4612680971622467 0
1675461004094 0.44948533177375793 0
1675461004309 0.4615767300128937 0
1675461004506 0.4635588824748993 0
1675461004763 0.45811983942985535 0
1675461005005 0.4638603925704956 0
1675461005213 0.4642682671546936 0
1675461005431 0.4619904160499573 0
1675461005636 0.4622783660888672 0
1675461005863 0.45922574400901794 0
1675461006132 0.45788419246673584 0
1675461006380 0.45878615975379944 0
1675461006634 0.4577663838863373 0
1675461006843 0.46117356419563293 0
1675461007084 0.46047621965408325 0
1675461007290 0.460943341255188 0
1675461007576 0.4549592435359955 0
1675461007856 0.4567992389202118 0
1675461008065 0.46234697103500366 0
1675461008277 0.46413514018058777 0
1675461008528 0.45609068870544434 0
1675461008766 0.45882508158683777 0
1675461008991 0.4574757218360901 0
1675461009224 0.46291619539260864 0
1675461009477 0.4567469656467438 0
1675461009636 0.46943581104278564 0
1675461009897 0.4554724097251892 0
1675461010129 0.46003633737564087 0
1675461010395 0.45541611313819885 0
1675461010676 0.4542538821697235 0
1675461010953 0.45692187547683716 0
1675461011186 0.45648497343063354 0
1675461011352 0.4690089225769043 0
1675461011606 0.4611372649669647 0
1675461011886 0.45588773488998413 0
1675461012130 0.4596133828163147 0
1675461012342 0.4589507281780243 0
1675461012525 0.4628150761127472 0
1675461012722 0.4663301706314087 0
1675461013004 0.4512708783149719 0
1675461013234 0.45971792936325073 0
1675461013481 0.46048498153686523 0
1675461013719 0.45765528082847595 0
1675461013936 0.46004462242126465 0
1675461014155 0.461774080991745 0
1675461014462 0.45022138953208923 0
1675461014749 0.44919708371162415 0
1675461015007 0.455933541059494 0
1675461015206 0.4618229866027832 0
1675461015536 0.4499892592430115 0
1675461017689 0.459842711687088 0
1675461017988 0.45495501160621643 0
1675461018187 0.464020311832428 0
1675461018450 0.45607420802116394 0
1675461018677 0.45891883969306946 0
1675461018893 0.4599136710166931 0
1675461019082 0.4662622809410095 0
1675461019372 0.45443710684776306 0
1675461019637 0.4563947319984436 0
1675461019866 0.45542269945144653 0
1675461020078 0.45805808901786804 0
1675461020333 0.4565662741661072 0
1675461020613 0.4550940692424774 0
1675461020935 0.4494825303554535 0
1675461021164 0.4584674835205078 0
1675461021406 0.4560237526893616 0
1675461021632 0.459447979927063 0
1675461021854 0.45652154088020325 0
1675461022045 0.4598829746246338 0
1675461022292 0.4557730555534363 0
1675461022505 0.45812317728996277 0
1675461022745 0.45865142345428467 0
1675461023039 0.45288845896720886 0
1675461023244 0.46375250816345215 0
1675461023471 0.4587104022502899 0
1675461023730 0.45432379841804504 0
1675461023950 0.45820188522338867 0
1675461024193 0.4557056427001953 0
1675461024432 0.45590534806251526 0
1675461024634 0.46061086654663086 0
1675461024848 0.46150147914886475 0
1675461025100 0.4544345438480377 0
1675461025325 0.4573158919811249 0
1675461025571 0.4545907974243164 0
1675461025764 0.4601022005081177 0
1675461025961 0.4634045958518982 0
1675461026230 0.4544987082481384 0
1675461026502 0.4524564743041992 0
1675461026746 0.4548572599887848 0
1675461026999 0.45350947976112366 0
1675461027224 0.4577088952064514 0
1675461027485 0.4553810954093933 0
1675461027748 0.4593529999256134 0
1675461028000 0.4497494101524353 0
1675461028270 0.45569440722465515 0
1675461028478 0.46040329337120056 0
1675461028735 0.4540654718875885 0
1675461028997 0.4529251158237457 0
1675461029217 0.4583078920841217 0
1675461029509 0.4522758424282074 0
1675461029767 0.45314741134643555 0
1675461029974 0.45969271659851074 0
1675461030213 0.4546922445297241 0
1675461030404 0.4633047878742218 0
1675461030627 0.45395535230636597 0
1675461030863 0.4555049538612366 0
1675461031078 0.4565979242324829 0
1675461031313 0.4561927020549774 0
1675461031530 0.4574072062969208 0
1675461031870 0.4457526206970215 0
1675461032148 0.4505785405635834 0
1675461032402 0.452395498752594 0
1675461032655 0.4537578523159027 0
1675461032867 0.45826858282089233 0
1675461033040 0.4626346230506897 0
1675461033283 0.45610007643699646 0
1675461033542 0.4530610740184784 0
1675461033754 0.4583682715892792 0
1675461034003 0.451736718416214 0
1675461034216 0.45889371633529663 0
1675461034471 0.4520406723022461 0
1675461034703 0.45775559544563293 0
1675461034874 0.46436357498168945 0
1675461035061 0.4623330235481262 0
1675461035328 0.449875146150589 0
1675461035532 0.45677509903907776 0
1675461035773 0.45302215218544006 0
1675461036008 0.45765221118927 0
1675461036271 0.4522099792957306 0
1675461036469 0.4576816260814667 0
1675461036722 0.45275115966796875 0
1675461036947 0.45955419540405273 0
1675461037222 0.45266813039779663 0
1675461037497 0.45133692026138306 0
1675461037698 0.4576575458049774 0
1675461037890 0.46083909273147583 0
1675461038187 0.4499188959598541 0
1675461038439 0.4556077718734741 0
1675461038722 0.4475686252117157 0
1675461038945 0.45647257566452026 0
1675461039130 0.4607050120830536 0
1675461039314 0.46149250864982605 0
1675461039550 0.45324277877807617 0
1675461039802 0.45516249537467957 0
1675461040001 0.45981618762016296 0
1675461040235 0.456113338470459 0
1675461040434 0.460051029920578 0
1675461040654 0.4561983346939087 0
1675461040908 0.453340619802475 0
1675461041196 0.4460112750530243 0
1675461041415 0.46114492416381836 0
1675461041679 0.4509224593639374 0
1675461041964 0.44877126812934875 0
1675461042193 0.4545730948448181 0
1675461042438 0.45666640996932983 0
1675461042672 0.45622965693473816 0
1675461042860 0.4612234830856323 0
1675461043120 0.4536416232585907 0
1675461043340 0.4550482928752899 0
1675461043546 0.4564937651157379 0
1675461043810 0.4517073929309845 0
1675461043997 0.46041014790534973 0
1675461044286 0.44634872674942017 0
1675461044557 0.4479512572288513 0
1675461044812 0.45145753026008606 0
1675461045097 0.4534907341003418 0
1675461045302 0.45876753330230713 0
1675461045551 0.4510154128074646 0
1675461045767 0.45620474219322205 0
1675461046044 0.4479655623435974 0
1675461046266 0.45528802275657654 0
1675461046467 0.4560965597629547 0
1675461046708 0.45450180768966675 0
1675461046937 0.4546673595905304 0
1675461047159 0.45241931080818176 0
1675461047367 0.45862874388694763 0
1675461047593 0.45364901423454285 0
1675461047802 0.4554354250431061 0
1675461048050 0.45548516511917114 0
1675461048349 0.45002639293670654 0
1675461048611 0.45403847098350525 0
1675461048890 0.447964608669281 0
1675461049115 0.45406973361968994 0
1675461049344 0.45334556698799133 0
1675461049531 0.4602968394756317 0
1675461049789 0.4532409608364105 0
1675461049980 0.4576228857040405 0
1675461050216 0.45099255442619324 0
1675461050428 0.4590282142162323 0
1675461050667 0.45134004950523376 0
1675461050945 0.4474942684173584 0
1675461051165 0.45497792959213257 0
1675461051375 0.4546259641647339 0
1675461051606 0.45453450083732605 0
1675461051824 0.45320001244544983 0
1675461052077 0.4515119791030884 0
1675461052301 0.4558727741241455 0
1675461052573 0.45249074697494507 0
1675461052866 0.4464658498764038 0
1675461053085 0.4529731571674347 0
1675461053342 0.44667813181877136 0
1675461053538 0.4592800438404083 0
1675461053747 0.456380695104599 0
1675461054015 0.4536679685115814 0
1675461054209 0.4574248790740967 0
1675461054408 0.45700088143348694 0
1675461054634 0.4529005289077759 0
1675461056841 0.44954776763916016 0
1675461057032 0.457651287317276 0
1675461057267 0.4548613429069519 0
1675461057470 0.4569770097732544 0
1675461057713 0.4491022825241089 0
1675461057924 0.45374125242233276 0
1675461058147 0.45245257019996643 0
1675461058456 0.441274493932724 0
1675461058689 0.45567548274993896 0
1675461058947 0.45245909690856934 0
1675461059164 0.45313796401023865 0
1675461059400 0.4515661299228668 0
1675461059613 0.4556421637535095 0
1675461059867 0.448589950799942 0
1675461060091 0.4540218114852905 0
1675461060307 0.4562903940677643 0
1675461060544 0.45356839895248413 0
1675461060771 0.4536457061767578 0
1675461060985 0.45740392804145813 0
1675461061233 0.45539578795433044 0
1675461061468 0.45402729511260986 0
1675461061718 0.4500553607940674 0
1675461061973 0.4513055980205536 0
1675461062230 0.4532214403152466 0
1675461062448 0.45539823174476624 0
1675461062660 0.4559352695941925 0
1675461062912 0.45243698358535767 0
1675461063149 0.4493236243724823 0
1675461063389 0.4507431983947754 0
1675461063566 0.459353506565094 0
1675461063813 0.45009860396385193 0
1675461064064 0.4526360332965851 0
1675461064266 0.4548717439174652 0
1675461064497 0.4538275897502899 0
1675461064729 0.45452001690864563 0
1675461064978 0.4521125555038452 0
1675461065218 0.45140761137008667 0
1675461065428 0.455361932516098 0
1675461065665 0.45109823346138 0
1675461065866 0.45538586378097534 0
1675461066137 0.4471573531627655 0
1675461066459 0.44729486107826233 0
1675461066682 0.45421066880226135 0
1675461066919 0.45287781953811646 0
1675461067170 0.4501228928565979 0
1675461067392 0.45313382148742676 0
1675461067645 0.44943922758102417 0
1675461067851 0.4553716480731964 0
1675461068095 0.4520697593688965 0
1675461068302 0.4552747309207916 0
1675461068531 0.45075753331184387 0
1675461068742 0.454734742641449 0
1675461068982 0.45209068059921265 0
1675461069177 0.45660170912742615 0
1675461069389 0.4549211859703064 0
1675461069633 0.451720654964447 0
1675461069825 0.4580208957195282 0
1675461070070 0.448518842458725 0
1675461070286 0.4539491832256317 0
1675461070513 0.4526536464691162 0
1675461070777 0.4487469792366028 0
1675461071038 0.4491977393627167 0
1675461071301 0.4486403465270996 0
1675461071567 0.44797804951667786 0
1675461071728 0.460740327835083 0
1675461071982 0.45230743288993835 0
1675461072201 0.45571252703666687 0
1675461072430 0.4497188627719879 0
1675461072682 0.449416846036911 0
1675461072907 0.45327848196029663 0
1675461073145 0.45253247022628784 0
1675461073409 0.44784221053123474 0
1675461073664 0.44816604256629944 0
1675461073922 0.4465651512145996 0
1675461074114 0.45664554834365845 0
1675461074327 0.4590722322463989 0
1675461074576 0.45096102356910706 0
1675461074913 0.44151872396469116 0
1675461075128 0.4564201533794403 0
1675461075400 0.4480706453323364 0
1675461075619 0.4536495506763458 0
1675461075828 0.45670434832572937 0
1675461076026 0.4615425169467926 0
1675461076289 0.4507707357406616 0
1675461076530 0.45484697818756104 0
1675461076739 0.45498359203338623 0
1675461076923 0.4598696827888489 0
1675461077170 0.4499981105327606 0
1675461077416 0.44819656014442444 0
1675461077691 0.44508427381515503 0
1675461077945 0.44748592376708984 0
1675461078214 0.44950994849205017 0
1675461078425 0.4555303156375885 0
1675461078698 0.4437391459941864 0
1675461078939 0.4526856243610382 0
1675461079184 0.44863906502723694 0
1675461079450 0.44808778166770935 0
1675461079711 0.4476621150970459 0
1675461079940 0.45067769289016724 0
1675461080154 0.4533843994140625 0
1675461080397 0.4523249566555023 0
1675461080719 0.4435194134712219 0
1675461080970 0.4541897177696228 0
1675461081206 0.4492470324039459 0
1675461081444 0.45027729868888855 0
1675461081676 0.44992050528526306 0
1675461081913 0.45269307494163513 0
1675461082125 0.45265617966651917 0
1675461082343 0.45580974221229553 0
1675461082567 0.452056884765625 0
1675461082816 0.45239973068237305 0
1675461083171 0.4396510124206543 0
1675461083441 0.4482443034648895 0
1675461083707 0.44717633724212646 0
1675461083942 0.45161086320877075 0
1675461084183 0.45080533623695374 0
1675461084401 0.4528658986091614 0
1675461084611 0.4580990970134735 0
1675461084858 0.44930312037467957 0
1675461085135 0.4478472173213959 0
1675461085459 0.4441922605037689 0
1675461085662 0.4564432203769684 0
1675461085892 0.4529189467430115 0
1675461086159 0.44948863983154297 0
1675461086398 0.4525374472141266 0
1675461086626 0.4511336386203766 0
1675461086952 0.4414694905281067 0
1675461087169 0.4533860981464386 0
1675461087372 0.4569835662841797 0
1675461087615 0.45377129316329956 0
1675461087840 0.450576514005661 0
1675461088088 0.44751831889152527 0
1675461088265 0.45691630244255066 0
1675461088559 0.4437023103237152 0
1675461088778 0.45346590876579285 0
1675461089059 0.44627976417541504 0
1675461089328 0.4501299262046814 0
1675461089615 0.4438648819923401 0
1675461089840 0.45095300674438477 0
1675461090065 0.44825080037117004 0
1675461090293 0.44900134205818176 0
1675461090577 0.4455840289592743 0
1675461090805 0.4496849775314331 0
1675461091048 0.4483839273452759 0
1675461091272 0.45369893312454224 0
1675461091517 0.4494297206401825 0
1675461091785 0.4465790092945099 0
1675461092056 0.4419092535972595 0
1675461092370 0.44106820225715637 0
1675461092624 0.4458029568195343 0
1675461092797 0.4586969017982483 0
1675461093051 0.4455447793006897 0
1675461093257 0.4517384171485901 0
1675461093468 0.45149263739585876 0
1675461093683 0.45180386304855347 0
1675461093920 0.44997692108154297 0
1675461094188 0.448554128408432 0
