1675624789614 0.6115366816520691 0
1675624789810 0.6184704303741455 0
1675624790035 0.6170480251312256 0
1675624790258 0.614967942237854 0
1675624790461 0.6168563961982727 0
1675624790705 0.6153401732444763 0
1675624790955 0.6125915050506592 0
1675624791187 0.6144024133682251 0
1675624791439 0.6128444075584412 0
1675624791673 0.6141682863235474 0
1675624791913 0.6175754070281982 0
1675624792150 0.6154274344444275 0
1675624792410 0.610439121723175 0
1675624792638 0.6184219717979431 0
1675624792894 0.615460991859436 0
1675624793140 0.6178770661354065 0
1675624793363 0.6139182448387146 0
1675624793597 0.6097569465637207 0
1675624793809 0.6149821877479553 0
1675624794047 0.612941563129425 0
1675624794254 0.620317816734314 0
1675624794507 0.6112542748451233 0
1675624794740 0.6148772239685059 0
1675624794984 0.6129122376441956 0
1675624795192 0.6204798221588135 0
1675624795450 0.6095972657203674 0
1675624795699 0.6127452850341797 0
1675624795922 0.620439350605011 0
1675624796180 0.6126471757888794 0
1675624796455 0.6107066869735718 0
1675624796688 0.6115856170654297 0
1675624796961 0.6102575659751892 0
1675624797232 0.6113116145133972 0
1675624797438 0.6178821921348572 0
1675624797651 0.6164090633392334 0
1675624797885 0.6117745041847229 0
1675624798110 0.615305483341217 0
1675624798349 0.6160399913787842 0
1675624798564 0.6154455542564392 0
1675624798766 0.6178305149078369 0
1675624798974 0.6191239356994629 0
1675624799161 0.6213641166687012 0
1675624799363 0.6181371212005615 0
1675624799546 0.6206428408622742 0
1675624799771 0.6121334433555603 0
1675624800016 0.6088435649871826 0
1675624800231 0.6159641146659851 0
1675624800480 0.6089934706687927 0
1675624800663 0.6211025714874268 0
1675624800864 0.6161760091781616 0
1675624801082 0.6118563413619995 0
1675624801286 0.6157857775688171 0
1675624801475 0.6192393898963928 0
1675624801684 0.6143121123313904 0
1675624801949 0.6145557165145874 0
1675624802208 0.6163705587387085 0
1675624802421 0.6146725416183472 0
1675624802635 0.61243736743927 0
1675624802860 0.6103293299674988 0
1675624803071 0.614478588104248 0
1675624803288 0.6120010614395142 0
1675624803496 0.6143782138824463 0
1675624803695 0.615896999835968 0
1675624803918 0.6117717623710632 0
1675624804109 0.6189316511154175 0
1675624804335 0.6129411458969116 0
1675624804543 0.6177961230278015 0
1675624804756 0.6143131852149963 0
1675624804975 0.6125625371932983 0
1675624805216 0.6080219745635986 0
1675624805440 0.6111533641815186 0
1675624805645 0.6151367425918579 0
1675624805833 0.6193064451217651 0
1675624806020 0.619304358959198 0
1675624806306 0.6096526980400085 0
1675624806504 0.6204173564910889 0
1675624806705 0.6165478825569153 0
1675624806918 0.6134936213493347 0
1675624807096 0.6219995021820068 0
1675624807296 0.6169393658638 0
1675624807499 0.6162530183792114 0
1675624807702 0.6155733466148376 0
1675624807899 0.6173052787780762 0
1675624808079 0.6212466955184937 0
1675624808288 0.6140283346176147 0
1675624808469 0.6227179169654846 0
1675624808666 0.6169325113296509 0
1675624808874 0.6145963072776794 0
1675624809080 0.614423394203186 0
1675624809283 0.6158011555671692 0
1675624809497 0.6133243441581726 0
1675624809749 0.6038374304771423 0
1675624809952 0.6160148978233337 0
1675624810194 0.606650173664093 0
1675624810397 0.6153161525726318 0
1675624810631 0.608841598033905 0
1675624810829 0.6164714097976685 0
1675624811029 0.6159956455230713 0
1675624811257 0.6109504699707031 0
1675624811474 0.6116741299629211 0
1675624811677 0.6149778962135315 0
1675624811918 0.6102576851844788 0
1675624812146 0.6138631105422974 0
1675624812342 0.6172799468040466 0
1675624812538 0.6167884469032288 0
1675624812743 0.6143094897270203 0
1675624812954 0.6136811375617981 0
1675624813190 0.6070718169212341 0
1675624813381 0.6184829473495483 0
1675624813593 0.6137334108352661 0
1675624813796 0.6156808733940125 0
1675624814010 0.6125293970108032 0
1675624814227 0.611946165561676 0
1675624814438 0.6133857369422913 0
1675624814654 0.6135713458061218 0
1675624814850 0.6164947748184204 0
1675624815102 0.6050339341163635 0
1675624815333 0.6093524098396301 0
1675624815536 0.6158550977706909 0
1675624815762 0.6093716621398926 0
1675624815970 0.6132844686508179 0
1675624816205 0.6105359792709351 0
1675624816450 0.614382803440094 0
1675624816679 0.6113511323928833 0
1675624816907 0.6101990938186646 0
1675624817092 0.6197064518928528 0
1675624817319 0.6099883913993835 0
1675624817504 0.6202631592750549 0
1675624817742 0.6083787679672241 0
1675624817931 0.619816243648529 0
1675624818125 0.6188461184501648 0
1675624818345 0.612230658531189 0
1675624818554 0.6137961149215698 0
1675624818765 0.616553008556366 0
1675624818990 0.6111368536949158 0
1675624819164 0.6233940124511719 0
1675624819395 0.6110028028488159 0
1675624819601 0.6144951581954956 0
1675624819831 0.6088461875915527 0
1675624820043 0.6141945123672485 0
1675624820238 0.6173663139343262 0
1675624820481 0.6070200800895691 0
1675624820748 0.6051545739173889 0
1675624820955 0.6154567003250122 0
1675624821191 0.6122229695320129 0
1675624821390 0.6168915629386902 0
1675624821592 0.6153280735015869 0
1675624821789 0.6167230606079102 0
1675624822035 0.6100974678993225 0
1675624822257 0.6166343092918396 0
1675624822475 0.613762378692627 0
1675624822677 0.615759015083313 0
1675624822873 0.6165887713432312 0
1675624823081 0.6129383444786072 0
1675624823286 0.6147617101669312 0
1675624823492 0.6135250329971313 0
1675624823683 0.616982638835907 0
1675624825086 0.6172928810119629 0
1675624825296 0.6140218377113342 0
1675624825500 0.6146278381347656 0
1675624825713 0.6123678088188171 0
1675624825950 0.6077166199684143 0
1675624826202 0.6091136932373047 0
1675624826453 0.6113792061805725 0
1675624826649 0.6186326146125793 0
1675624826853 0.6147727370262146 0
1675624827057 0.6143549084663391 0
1675624827256 0.615274965763092 0
1675624827443 0.6184510588645935 0
1675624827627 0.6197502613067627 0
1675624827852 0.608618438243866 0
1675624828056 0.6144981384277344 0
1675624828267 0.6128802299499512 0
1675624828474 0.6150672435760498 0
1675624828687 0.6157265901565552 0
1675624828891 0.6156890988349915 0
1675624829074 0.620222270488739 0
1675624829332 0.6010679006576538 0
1675624829540 0.6148039102554321 0
1675624829751 0.6126549243927002 0
1675624829973 0.6134231686592102 0
1675624830226 0.6152656078338623 0
1675624830438 0.6145800352096558 0
1675624830639 0.6154987215995789 0
1675624830854 0.6128104329109192 0
1675624831047 0.6174989938735962 0
1675624831316 0.601107656955719 0
1675624831557 0.6116226315498352 0
1675624831773 0.6151149868965149 0
1675624831977 0.6186918616294861 0
1675624832188 0.6183930039405823 0
1675624832411 0.6184951663017273 0
1675624832654 0.6129216551780701 0
1675624832894 0.6107216477394104 0
1675624833115 0.612185001373291 0
1675624833338 0.6124324202537537 0
1675624833563 0.609678328037262 0
1675624833768 0.6160855889320374 0
1675624833971 0.6148428320884705 0
1675624834169 0.6164491772651672 0
1675624834399 0.6124429702758789 0
1675624834603 0.6180238723754883 0
1675624834815 0.6161238551139832 0
1675624835039 0.6097289323806763 0
1675624835241 0.6141929626464844 0
1675624835482 0.605290949344635 0
1675624835700 0.6098730564117432 0
1675624835906 0.6134335994720459 0
1675624836103 0.6156564354896545 0
1675624836338 0.613276481628418 0
1675624836577 0.611847996711731 0
1675624836784 0.615714430809021 0
1675624837046 0.6049431562423706 0
1675624837258 0.6158691644668579 0
1675624837498 0.611667811870575 0
1675624837699 0.615285336971283 0
1675624837889 0.6173775792121887 0
1675624838102 0.6141827702522278 0
1675624838279 0.6208769679069519 0
1675624838478 0.6154666543006897 0
1675624838673 0.616514265537262 0
1675624838924 0.6030262112617493 0
1675624839154 0.6073757410049438 0
1675624839362 0.6126251816749573 0
1675624839561 0.6157591938972473 0
1675624839815 0.6032565236091614 0
1675624840037 0.6100510954856873 0
1675624840246 0.6127479076385498 0
1675624840464 0.6112344264984131 0
1675624840683 0.6101953983306885 0
1675624840893 0.6124441027641296 0
1675624841100 0.6154952645301819 0
1675624841308 0.61335688829422 0
1675624841514 0.6131740808486938 0
1675624841732 0.6101570725440979 0
1675624841970 0.6096560955047607 0
1675624842204 0.613278329372406 0
1675624842438 0.6074057817459106 0
1675624842648 0.6126180291175842 0
1675624842860 0.6120080947875977 0
1675624843067 0.6132941842079163 0
1675624843281 0.6113894581794739 0
1675624843500 0.6101111173629761 0
1675624843698 0.6153397560119629 0
1675624843912 0.6122989058494568 0
1675624844128 0.6112214922904968 0
1675624844349 0.6095986366271973 0
1675624844547 0.6153939962387085 0
1675624844745 0.6158074736595154 0
1675624844947 0.6150620579719543 0
1675624845170 0.6127395033836365 0
1675624845384 0.6160871386528015 0
1675624845599 0.6118708252906799 0
1675624845787 0.6175546646118164 0
1675624846002 0.6113646030426025 0
1675624846228 0.618571937084198 0
1675624846519 0.611492931842804 0
1675624846804 0.6168481111526489 0
1675624847085 0.6116916537284851 0
1675624847324 0.6141451597213745 0
1675624847541 0.6107900142669678 0
1675624847758 0.611630916595459 0
1675624847957 0.614956796169281 0
1675624848187 0.6069697737693787 0
1675624848386 0.6159102320671082 0
1675624848616 0.6077821850776672 0
1675624848827 0.612345814704895 0
1675624849052 0.6101668477058411 0
1675624849273 0.6102403402328491 0
1675624849489 0.6150096654891968 0
1675624849696 0.6138674020767212 0
1675624849914 0.6109848022460938 0
1675624850142 0.6092212796211243 0
1675624850345 0.6174874901771545 0
1675624850578 0.6106559038162231 0
1675624850830 0.6131674647331238 0
1675624851042 0.6169305443763733 0
1675624851246 0.615225613117218 0
1675624851458 0.6134259104728699 0
1675624851666 0.614335834980011 0
1675624851900 0.6117318272590637 0
1675624852141 0.6116158962249756 0
1675624852345 0.6172866225242615 0
1675624852625 0.6115937829017639 0
1675624852882 0.6173781752586365 0
1675624853148 0.611912727355957 0
1675624853371 0.6172016859054565 0
1675624853572 0.6182107925415039 0
1675624853802 0.6103611588478088 0
1675624854003 0.6170991063117981 0
1675624854250 0.6107922792434692 0
1675624854487 0.6130884885787964 0
1675624854740 0.6077088713645935 0
1675624854952 0.6139205098152161 0
1675624855185 0.6118461489677429 0
1675624855409 0.6105334162712097 0
1675624855629 0.6128291487693787 0
1675624855843 0.6129363775253296 0
1675624856040 0.6163036227226257 0
1675624856236 0.6178675293922424 0
1675624856459 0.6116431355476379 0
1675624856696 0.6079339385032654 0
1675624856909 0.6137296557426453 0
1675624857131 0.615555465221405 0
1675624857387 0.6109446287155151 0
1675624857605 0.6160913109779358 0
1675624857854 0.6090519428253174 0
1675624858052 0.6182782649993896 0
1675624858274 0.6141729950904846 0
1675624858483 0.6148520112037659 0
1675624858725 0.6080607175827026 0
1675624858910 0.6226944923400879 0
1675624859136 0.6128206253051758 0
1675624859407 0.6074575185775757 0
1675624860882 0.6097447276115417 0
1675624861120 0.6075472831726074 0
1675624861358 0.6082989573478699 0
1675624861592 0.6082451939582825 0
1675624861792 0.6157342791557312 0
1675624862028 0.6128077507019043 0
1675624862292 0.6063774228096008 0
1675624862509 0.616269052028656 0
1675624862735 0.6146373748779297 0
1675624862981 0.6123459935188293 0
1675624863260 0.6113095879554749 0
1675624863503 0.6176146268844604 0
1675624863755 0.6111025214195251 0
1675624863954 0.6171000003814697 0
1675624864175 0.6116477251052856 0
1675624864396 0.6134485006332397 0
1675624864626 0.6090354919433594 0
1675624864818 0.6174794435501099 0
1675624865031 0.6126905679702759 0
1675624865249 0.6128257513046265 0
1675624865469 0.611328125 0
1675624865679 0.6163022518157959 0
1675624865923 0.6063655018806458 0
1675624866119 0.6165856122970581 0
1675624866336 0.611549437046051 0
1675624866553 0.6111562848091125 0
1675624866754 0.6152353286743164 0
1675624867012 0.6027005314826965 0
1675624867215 0.6154657602310181 0
1675624867446 0.6191502809524536 0
1675624867695 0.6111922264099121 0
1675624867941 0.6056563258171082 0
1675624868155 0.6119257211685181 0
1675624868388 0.6082988977432251 0
1675624868606 0.6111469268798828 0
1675624868807 0.6156809329986572 0
1675624869006 0.6169503331184387 0
1675624869212 0.6139802932739258 0
1675624869423 0.6137678623199463 0
1675624869650 0.6127559542655945 0
1675624869889 0.6105310320854187 0
1675624870098 0.6183982491493225 0
1675624870312 0.6144900918006897 0
1675624870525 0.6131274700164795 0
1675624870739 0.6130542159080505 0
1675624870951 0.6125645637512207 0
1675624871182 0.6092808246612549 0
1675624871396 0.6158996820449829 0
1675624871588 0.6178997755050659 0
1675624871818 0.6094460487365723 0
1675624872107 0.6068028211593628 0
1675624872322 0.6116870641708374 0
1675624872528 0.6141095161437988 0
1675624872770 0.6064605116844177 0
1675624873002 0.6066570281982422 0
1675624873228 0.6092336773872375 0
1675624873433 0.6138063669204712 0
1675624873639 0.6146673560142517 0
1675624873828 0.6177975535392761 0
1675624874025 0.6167868971824646 0
1675624874242 0.6125411987304688 0
1675624874463 0.6105678677558899 0
1675624874660 0.6160169839859009 0
1675624874873 0.6123570203781128 0
1675624875075 0.6149958372116089 0
1675624875313 0.6063593029975891 0
1675624875568 0.6058745980262756 0
1675624875811 0.605585515499115 0
1675624876018 0.6141433715820312 0
1675624876243 0.6095342636108398 0
1675624876456 0.6125730276107788 0
1675624876665 0.6168719530105591 0
1675624876902 0.6109512448310852 0
1675624877117 0.6125221848487854 0
1675624877357 0.6106685400009155 0
1675624877586 0.6136891841888428 0
1675624877799 0.6128722429275513 0
1675624878022 0.6115722060203552 0
1675624878242 0.6109659671783447 0
1675624878460 0.6104640960693359 0
1675624878703 0.6053135395050049 0
1675624878914 0.6144959330558777 0
1675624879133 0.61090087890625 0
1675624879349 0.6128615736961365 0
1675624879567 0.6136846542358398 0
1675624879776 0.6140589118003845 0
1675624879998 0.609215259552002 0
1675624880193 0.6183397769927979 0
1675624880419 0.6101782917976379 0
1675624880636 0.611371636390686 0
1675624880851 0.6124529838562012 0
1675624881053 0.614585280418396 0
1675624881242 0.6183688044548035 0
1675624881494 0.6041104197502136 0
1675624881704 0.6143665313720703 0
1675624881924 0.6114913821220398 0
1675624882151 0.6112091541290283 0
1675624882387 0.6083346009254456 0
1675624882593 0.6119571328163147 0
1675624882797 0.6146653294563293 0
1675624882994 0.617517352104187 0
1675624883237 0.6109488010406494 0
1675624883455 0.6100035905838013 0
1675624883652 0.6164271831512451 0
1675624883840 0.6175841093063354 0
1675624884077 0.6081274747848511 0
1675624884293 0.6140260696411133 0
1675624884579 0.6162438988685608 0
1675624884922 0.6130433082580566 0
1675624885276 0.6007243990898132 0
1675624885525 0.615574836730957 0
1675624885846 0.6086612939834595 0
1675624886086 0.6116480231285095 0
1675624886319 0.611569344997406 0
1675624886618 0.6031156182289124 0
1675624886884 0.6130149364471436 0
1675624887217 0.6050252318382263 0
1675624887480 0.6139339208602905 0
1675624887694 0.617149293422699 0
1675624887940 0.6100016832351685 0
1675624888182 0.6073216795921326 0
1675624888409 0.6086927652359009 0
1675624888647 0.6130217909812927 0
1675624888880 0.6139395236968994 0
1675624889099 0.6153265833854675 0
1675624889330 0.609988272190094 0
1675624889562 0.6092945337295532 0
1675624889775 0.6126938462257385 0
1675624890019 0.6037107706069946 0
1675624890227 0.6130857467651367 0
1675624890435 0.6122539639472961 0
1675624890656 0.6098951101303101 0
1675624890873 0.6110696792602539 0
1675624891069 0.6162912249565125 0
1675624891295 0.6101919412612915 0
1675624891523 0.6088278293609619 0
1675624891718 0.6148669123649597 0
1675624891936 0.6106145977973938 0
1675624892169 0.6113784313201904 0
1675624892380 0.6112263798713684 0
1675624892579 0.6132280230522156 0
1675624892791 0.6109875440597534 0
1675624893011 0.6088736057281494 0
1675624893210 0.6136871576309204 0
1675624893412 0.6135876178741455 0
1675624893644 0.6061410307884216 0
1675624893883 0.6084920763969421 0
1675624894100 0.6110094785690308 0
1675624894309 0.6108436584472656 0
1675624894520 0.611792266368866 0
1675624894732 0.6129993796348572 0
1675624894956 0.6101521253585815 0
1675624895178 0.6152253746986389 0
1675624895392 0.6129623055458069 0
1675624895589 0.6150215268135071 0
1675624895832 0.6116986274719238 0
1675624896086 0.6097230911254883 0
1675624897547 0.6123490333557129 0
1675624897777 0.6117627620697021 0
1675624897979 0.6171010136604309 0
1675624898201 0.6115995645523071 0
1675624898394 0.6154252886772156 0
1675624898582 0.6160647869110107 0
1675624898775 0.6143844723701477 0
1675624898969 0.6145250797271729 0
1675624899205 0.6059805750846863 0
1675624899414 0.6104554533958435 0
1675624899635 0.6086375713348389 0
1675624899878 0.6051105856895447 0
1675624900100 0.6092270612716675 0
1675624900300 0.614818274974823 0
1675624900509 0.6131282448768616 0
1675624900712 0.6146175861358643 0
1675624900930 0.609322726726532 0
1675624901128 0.6133770942687988 0
1675624901337 0.6103941202163696 0
1675624901561 0.607574999332428 0
1675624901772 0.6102479696273804 0
1675624901997 0.6141789555549622 0
1675624902230 0.60748291015625 0
1675624902470 0.6052919626235962 0
1675624902698 0.6102954149246216 0
1675624902897 0.6145074367523193 0
1675624903082 0.6180127263069153 0
1675624903275 0.6152455806732178 0
1675624903450 0.6188424825668335 0
1675624903675 0.6068336963653564 0
1675624903885 0.6103574633598328 0
1675624904099 0.6107633113861084 0
1675624904321 0.6117491126060486 0
1675624904530 0.6116623282432556 0
1675624904743 0.6097155213356018 0
1675624904959 0.6099456548690796 0
1675624905151 0.6143069267272949 0
1675624905353 0.6129991412162781 0
1675624905604 0.605411946773529 0
1675624905828 0.6118344068527222 0
1675624906059 0.6120501160621643 0
1675624906282 0.6094216108322144 0
1675624906482 0.6139511466026306 0
1675624906676 0.6143260598182678 0
1675624906913 0.6050850749015808 0
1675624907111 0.6140831708908081 0
1675624907340 0.6080377697944641 0
1675624907557 0.6103271245956421 0
1675624907778 0.6093479990959167 0
1675624908012 0.6070564985275269 0
1675624908225 0.6108283400535583 0
1675624908450 0.6086671948432922 0
1675624908643 0.6145690679550171 0
1675624908867 0.608464241027832 0
1675624909073 0.6112388372421265 0
1675624909262 0.6155557632446289 0
1675624909439 0.6182673573493958 0
1675624909644 0.6112321019172668 0
1675624909849 0.611827552318573 0
1675624910053 0.6122270822525024 0
1675624910250 0.6134931445121765 0
1675624910445 0.6137359142303467 0
1675624910660 0.6094356775283813 0
1675624910874 0.6094799637794495 0
1675624911085 0.6101199388504028 0
1675624911312 0.6064025163650513 0
1675624911521 0.6102496981620789 0
1675624911711 0.6143671274185181 0
1675624911940 0.6092807650566101 0
1675624912156 0.6164747476577759 0
1675624912356 0.6136360168457031 0
1675624912573 0.6091965436935425 0
1675624912771 0.6146695613861084 0
1675624912962 0.6170815825462341 0
1675624913163 0.61256343126297 0
1675624913356 0.6154625415802002 0
1675624913560 0.6121312379837036 0
1675624913766 0.6115302443504333 0
1675624913960 0.6141462922096252 0
1675624914162 0.6147750020027161 0
1675624914387 0.6098151803016663 0
1675624914589 0.6146230697631836 0
1675624914780 0.6147987246513367 0
1675624914994 0.6086863279342651 0
1675624915213 0.6079006791114807 0
1675624915431 0.6076439023017883 0
1675624915647 0.6085835695266724 0
1675624915832 0.6156910061836243 0
1675624916033 0.6123583316802979 0
1675624916272 0.6052756905555725 0
1675624916481 0.6099206209182739 0
1675624916696 0.6125956177711487 0
1675624916927 0.6054890155792236 0
1675624917121 0.6136357188224792 0
1675624917316 0.613582193851471 0
1675624917534 0.6079469919204712 0
1675624917721 0.6148625612258911 0
1675624917933 0.6093321442604065 0
1675624918128 0.6150088310241699 0
1675624918334 0.6108371615409851 0
1675624918566 0.6063255667686462 0
1675624918763 0.6128321886062622 0
1675624919009 0.6032419204711914 0
1675624919222 0.6105877161026001 0
1675624919435 0.6097152829170227 0
1675624919646 0.6093297600746155 0
1675624919866 0.6085794568061829 0
1675624920067 0.6120705008506775 0
1675624920284 0.6120371222496033 0
1675624920519 0.6053100824356079 0
1675624920738 0.6078811883926392 0
1675624920970 0.6051284074783325 0
1675624921170 0.6123456358909607 0
1675624921394 0.6063270568847656 0
1675624921611 0.6112921237945557 0
1675624921828 0.6082797050476074 0
1675624922077 0.6066759824752808 0
1675624922274 0.6141160726547241 0
1675624922483 0.6107149720191956 0
1675624922714 0.6056188941001892 0
1675624922935 0.6084067821502686 0
1675624923179 0.6022934317588806 0
1675624923391 0.6104500889778137 0
1675624923614 0.6066945195198059 0
1675624923844 0.6067721247673035 0
1675624924044 0.6116635799407959 0
1675624924284 0.6047903299331665 0
1675624924509 0.6079085469245911 0
1675624924704 0.6132063865661621 0
1675624924936 0.6046864986419678 0
1675624925145 0.6101897358894348 0
1675624925339 0.6136084794998169 0
1675624925560 0.6124956011772156 0
1675624925778 0.6079635620117188 0
1675624926002 0.606228768825531 0
1675624926218 0.6087796092033386 0
1675624926431 0.6117072701454163 0
1675624926647 0.6084666848182678 0
1675624926848 0.6116929054260254 0
1675624927074 0.6083187460899353 0
1675624927284 0.610596239566803 0
1675624927479 0.6137275695800781 0
1675624927697 0.6119011640548706 0
1675624927894 0.6134499907493591 0
1675624928092 0.6130497455596924 0
1675624928335 0.6026010513305664 0
1675624928558 0.6068306565284729 0
1675624928766 0.6095141768455505 0
1675624928968 0.6119599938392639 0
1675624929187 0.6085792779922485 0
1675624929445 0.6016219258308411 0
1675624929653 0.6119080781936646 0
1675624929878 0.6071956157684326 0
1675624930086 0.6100592017173767 0
1675624930306 0.6091040372848511 0
1675624930522 0.6095212697982788 0
1675624930716 0.6136769652366638 0
1675624932165 0.6120608448982239 0
1675624932385 0.611039936542511 0
1675624932601 0.6088970899581909 0
1675624932807 0.6102749109268188 0
1675624933016 0.6099388599395752 0
1675624933237 0.6073684096336365 0
1675624933436 0.6127473711967468 0
1675624933685 0.6012289524078369 0
1675624933901 0.6078179478645325 0
1675624934088 0.6148934364318848 0
1675624934303 0.6083910465240479 0
1675624934490 0.6159485578536987 0
1675624934690 0.6111191511154175 0
1675624934890 0.6120354533195496 0
1675624935078 0.61472088098526 0
1675624935281 0.6115179061889648 0
1675624935517 0.6058194041252136 0
1675624935757 0.6031232476234436 0
1675624935973 0.6079906821250916 0
1675624936191 0.6111249327659607 0
1675624936425 0.6067566871643066 0
1675624936604 0.6161167621612549 0
1675624936797 0.6138191223144531 0
1675624936976 0.6168843507766724 0
1675624937168 0.6139325499534607 0
1675624937388 0.6071192026138306 0
1675624937589 0.6114194393157959 0
1675624937784 0.6131646633148193 0
1675624938030 0.6010797023773193 0
1675624938249 0.6096725463867188 0
1675624938444 0.6141887903213501 0
1675624938636 0.6139533519744873 0
1675624938830 0.6127345561981201 0
1675624939045 0.6084769368171692 0
1675624939243 0.6125961542129517 0
1675624939446 0.6115541458129883 0
1675624939672 0.6056184768676758 0
1675624939874 0.6121380925178528 0
1675624940084 0.6104677319526672 0
1675624940297 0.6085935831069946 0
1675624940542 0.6031265258789062 0
1675624940758 0.6080665588378906 0
1675624940973 0.6084911227226257 0
1675624941185 0.608540952205658 0
1675624941418 0.6037846803665161 0
1675624941611 0.6136210560798645 0
1675624941837 0.6056861877441406 0
1675624942043 0.6144909858703613 0
1675624942272 0.606963038444519 0
1675624942466 0.6131691336631775 0
1675624942685 0.6077751517295837 0
1675624942909 0.6056575179100037 0
1675624943119 0.6098057627677917 0
1675624943323 0.6102464199066162 0
1675624943518 0.6130893230438232 0
1675624943722 0.6117512583732605 0
1675624943945 0.6064329147338867 0
1675624944155 0.6115006804466248 0
1675624944378 0.6086668968200684 0
1675624944572 0.6149046421051025 0
1675624944769 0.6122808456420898 0
1675624944957 0.6152361035346985 0
1675624945199 0.602846086025238 0
1675624945410 0.6096218824386597 0
1675624945644 0.6092526912689209 0
1675624945864 0.6120063662528992 0
1675624946079 0.607606828212738 0
1675624946286 0.6111865639686584 0
1675624946527 0.6049174666404724 0
1675624946770 0.6041449308395386 0
1675624946973 0.6111437678337097 0
1675624947203 0.6044558882713318 0
1675624947433 0.6059738397598267 0
1675624947645 0.6085886359214783 0
1675624947891 0.6027575731277466 0
1675624948104 0.6086315512657166 0
1675624948305 0.6110655069351196 0
1675624948517 0.6095647215843201 0
1675624948715 0.6117774248123169 0
1675624948955 0.602601945400238 0
1675624949199 0.6030539870262146 0
1675624949400 0.610763430595398 0
1675624949602 0.6107304692268372 0
1675624949812 0.6096956729888916 0
1675624949996 0.6150389909744263 0
1675624950196 0.6129268407821655 0
1675624950369 0.6187772750854492 0
1675624950586 0.6079061627388 0
1675624950776 0.6133959293365479 0
1675624951010 0.6044692397117615 0
1675624951238 0.6053115129470825 0
1675624951441 0.6113887429237366 0
1675624951650 0.6090817451477051 0
1675624951850 0.6127980947494507 0
1675624952091 0.607157826423645 0
1675624952325 0.6083120703697205 0
1675624952547 0.6080725193023682 0
1675624952777 0.6054791808128357 0
1675624952985 0.6114153861999512 0
1675624953206 0.6119523048400879 0
1675624953393 0.6167537569999695 0
1675624953629 0.6046366095542908 0
1675624953832 0.6116815209388733 0
1675624954117 0.6094016432762146 0
1675624954349 0.604105532169342 0
1675624954551 0.610701858997345 0
1675624954759 0.6116835474967957 0
1675624954982 0.6075518727302551 0
1675624955174 0.6143502593040466 0
1675624955419 0.603971004486084 0
1675624955668 0.6077088117599487 0
1675624955881 0.6092951893806458 0
1675624956077 0.6169195175170898 0
1675624956284 0.6164141297340393 0
1675624956507 0.6085765361785889 0
1675624956710 0.611506462097168 0
1675624957050 0.5987542271614075 0
1675624957273 0.6080136895179749 0
1675624957508 0.6045335531234741 0
1675624957742 0.6033249497413635 0
1675624957957 0.6108307242393494 0
1675624958215 0.6016501784324646 0
1675624958412 0.6133208274841309 0
1675624958607 0.6132198572158813 0
1675624958854 0.6052068471908569 0
1675624959089 0.6104297637939453 0
1675624959377 0.6026638150215149 0
1675624959589 0.6120665669441223 0
1675624959822 0.6055624485015869 0
1675624960026 0.6102771162986755 0
1675624960226 0.6127176880836487 0
1675624960452 0.606758713722229 0
1675624960674 0.608248770236969 0
1675624960914 0.6030904650688171 0
1675624961114 0.612095057964325 0
1675624961311 0.6165953874588013 0
1675624961562 0.6022968292236328 0
1675624961795 0.6071318984031677 0
1675624962033 0.6057291626930237 0
1675624962234 0.6140727996826172 0
1675624962456 0.6069989800453186 0
1675624962649 0.6125809550285339 0
1675624962849 0.6109625697135925 0
1675624963052 0.6108527779579163 0
1675624963260 0.6106184124946594 0
1675624963470 0.6113523244857788 0
1675624963726 0.6115632653236389 0
1675624963988 0.6071213483810425 0
1675624964260 0.6120810508728027 0
1675624964517 0.6075221300125122 0
1675624964750 0.6086459159851074 0
1675624964977 0.6091415286064148 0
1675624965225 0.6071286201477051 0
1675624965465 0.605798602104187 0
1675624965675 0.6099607348442078 0
1675624965873 0.6116077899932861 0
1675624966081 0.60888671875 0
1675624967558 0.6066358089447021 0
1675624967765 0.6088454127311707 0
1675624967949 0.6136886477470398 0
1675624968149 0.6102426648139954 0
1675624968366 0.6069749593734741 0
1675624968595 0.6036158204078674 0
1675624968766 0.617699146270752 0
1675624968970 0.614262580871582 0
1675624969200 0.6069740653038025 0
1675624969437 0.6050921678543091 0
1675624969625 0.6159483194351196 0
1675624969853 0.6072788238525391 0
1675624970088 0.6055794358253479 0
1675624970338 0.604155957698822 0
1675624970557 0.6112670302391052 0
1675624970799 0.6083414554595947 0
1675624971037 0.6072490215301514 0
1675624971271 0.6085987091064453 0
1675624971522 0.6021101474761963 0
1675624971798 0.6104074120521545 0
1675624972021 0.6142132878303528 0
1675624972295 0.6021434664726257 0
1675624972528 0.6103489398956299 0
1675624972758 0.611533522605896 0
1675624973000 0.610271155834198 0
1675624973237 0.6089159250259399 0
1675624973445 0.6127346754074097 0
1675624973674 0.6079280376434326 0
1675624973865 0.614895224571228 0
1675624974061 0.6128652095794678 0
1675624974280 0.6136856079101562 0
1675624974528 0.6004961133003235 0
1675624974760 0.605855405330658 0
1675624974962 0.6134048104286194 0
1675624975156 0.6138933300971985 0
1675624975404 0.601822018623352 0
1675624975624 0.6129388213157654 0
1675624975894 0.5989516973495483 0
1675624976144 0.6105904579162598 0
1675624976396 0.609932541847229 0
1675624976691 0.5981745719909668 0
1675624976915 0.6132811903953552 0
1675624977159 0.6084761023521423 0
1675624977377 0.6137213110923767 0
1675624977619 0.6085465550422668 0
1675624977842 0.6140590906143188 0
1675624978086 0.608085572719574 0
1675624978346 0.6053236722946167 0
1675624978611 0.6075430512428284 0
1675624978860 0.6135650873184204 0
1675624979118 0.6091594696044922 0
1675624979368 0.6052740216255188 0
1675624979622 0.6061826944351196 0
1675624979864 0.6074263453483582 0
1675624980099 0.6091893911361694 0
1675624980395 0.6034896969795227 0
1675624980642 0.6079752445220947 0
1675624980874 0.6093327403068542 0
1675624981122 0.6074736714363098 0
1675624981414 0.611316978931427 0
1675624981670 0.6059558391571045 0
1675624981925 0.6115084290504456 0
1675624982238 0.5997618436813354 0
1675624982487 0.6113247871398926 0
1675624982792 0.5935820937156677 0
1675624983045 0.6035287976264954 0
1675624983273 0.6119964718818665 0
1675624983528 0.6047174334526062 0
1675624983774 0.6053947806358337 0
1675624984037 0.6109404563903809 0
1675624984315 0.6059595346450806 0
1675624984524 0.6127375960350037 0
1675624984728 0.6118987202644348 0
1675624984957 0.605429470539093 0
1675624985172 0.6086460947990417 0
1675624985389 0.6087023615837097 0
1675624985590 0.611099898815155 0
1675624985819 0.6048062443733215 0
1675624986025 0.6102639436721802 0
1675624986261 0.605884850025177 0
1675624986509 0.6055481433868408 0
1675624986792 0.6039988398551941 0
1675624987083 0.6040787100791931 0
1675624987341 0.6106297969818115 0
1675624987612 0.6015685200691223 0
1675624987856 0.6130385398864746 0
1675624988134 0.6060482263565063 0
1675624988341 0.6109579801559448 0
1675624988546 0.6117435097694397 0
1675624988780 0.607502818107605 0
1675624989017 0.6079580187797546 0
1675624989258 0.6078102588653564 0
1675624989529 0.6003301739692688 0
1675624989777 0.6048656702041626 0
1675624990008 0.6033747792243958 0
1675624990209 0.6116998195648193 0
1675624990412 0.6116750836372375 0
1675624990614 0.6118269562721252 0
1675624990819 0.610687255859375 0
1675624991052 0.6066339612007141 0
1675624991272 0.6069143414497375 0
1675624991488 0.6080330610275269 0
1675624991683 0.6130873560905457 0
1675624991888 0.6122502684593201 0
1675624992126 0.6091426014900208 0
1675624992339 0.6127864718437195 0
1675624992556 0.6082054972648621 0
1675624992783 0.6075418591499329 0
1675624992996 0.608585774898529 0
1675624993210 0.6081851124763489 0
1675624993435 0.6065199375152588 0
1675624993644 0.6110514402389526 0
1675624993887 0.6017709970474243 0
1675624994102 0.6086581349372864 0
1675624994333 0.6047910451889038 0
1675624994539 0.6107525825500488 0
1675624994767 0.6058302521705627 0
1675624994991 0.6073572635650635 0
1675624995198 0.6112672090530396 0
1675624995407 0.6110783815383911 0
1675624995628 0.6066089272499084 0
1675624995876 0.6008095741271973 0
1675624996079 0.6110646724700928 0
1675624996290 0.6098931431770325 0
1675624996507 0.6084169745445251 0
1675624996713 0.6113328337669373 0
1675624996930 0.608845055103302 0
1675624997138 0.6099529266357422 0
1675624997401 0.5984804630279541 0
1675624997584 0.6155619025230408 0
1675624997786 0.6120529174804688 0
1675624997991 0.612270712852478 0
1675624998198 0.6098577380180359 0
1675624998381 0.6163275837898254 0
1675624998601 0.6073703765869141 0
1675624998840 0.6031950116157532 0
1675624999085 0.6021990776062012 0
1675624999292 0.6097909808158875 0
1675624999510 0.6118709444999695 0
1675624999735 0.6081386804580688 0
1675624999958 0.6058174967765808 0
1675625000179 0.6063566207885742 0
1675625000409 0.6071856617927551 0
1675625000670 0.6035120487213135 0
1675625000894 0.6070557832717896 0
1675625001109 0.607772171497345 0
1675625001318 0.6095182299613953 0
1675625001587 0.6055393815040588 0
1675625001789 0.612544059753418 0
1675625002054 0.6011291742324829 0
1675625002266 0.6134188771247864 0
1675625002477 0.6096277236938477 0
1675625002720 0.6023726463317871 0
1675625002960 0.6025483012199402 0
1675625003173 0.6107620000839233 0
1675625003417 0.602868378162384 0
1675625003633 0.6081793308258057 0
1675625005130 0.6032933592796326 0
1675625005362 0.6081163287162781 0
1675625005610 0.604385256767273 0
1675625005869 0.6032865643501282 0
1675625006116 0.6025037169456482 0
1675625006355 0.6064618825912476 0
1675625006587 0.605134129524231 0
1675625006822 0.6052508354187012 0
1675625007017 0.6143450736999512 0
1675625007236 0.6073652505874634 0
1675625007448 0.6094150543212891 0
1675625007676 0.6106860637664795 0
1675625007891 0.610146164894104 0
1675625008074 0.6158284544944763 0
1675625008290 0.6076034307479858 0
1675625008495 0.6097270846366882 0
1675625008730 0.6024484038352966 0
1675625008938 0.6096754670143127 0
1675625009170 0.6041255593299866 0
1675625009417 0.5998213291168213 0
1675625009649 0.6083990931510925 0
1675625009907 0.5995186567306519 0
1675625010131 0.6095478534698486 0
1675625010345 0.6098100543022156 0
1675625010574 0.6050978302955627 0
1675625010812 0.6041895151138306 0
1675625011000 0.6145095229148865 0
1675625011201 0.6120124459266663 0
1675625011427 0.6065784692764282 0
1675625011656 0.6088724732398987 0
1675625011905 0.6074806451797485 0
1675625012146 0.6076818704605103 0
1675625012403 0.6020557880401611 0
1675625012597 0.6124551296234131 0
1675625012812 0.6081408262252808 0
1675625013061 0.5993295907974243 0
1675625013287 0.6047973036766052 0
1675625013498 0.6089805364608765 0
1675625013730 0.6063786149024963 0
1675625013941 0.6087258458137512 0
1675625014158 0.6062533855438232 0
1675625014363 0.611061155796051 0
1675625014575 0.6088207960128784 0
1675625014785 0.6096175909042358 0
1675625014974 0.6138067245483398 0
1675625015208 0.6033209562301636 0
1675625015428 0.6055416464805603 0
1675625015655 0.6054924726486206 0
1675625015871 0.6069332957267761 0
1675625016121 0.6012847423553467 0
1675625016346 0.6057703495025635 0
1675625016559 0.6082466840744019 0
1675625016778 0.6072081923484802 0
1675625016995 0.6075119972229004 0
1675625017236 0.6024860739707947 0
1675625017485 0.6029794216156006 0
1675625017729 0.6045573353767395 0
1675625017948 0.6081987023353577 0
1675625018179 0.6075547337532043 0
1675625018396 0.6071288585662842 0
1675625018608 0.6077618598937988 0
1675625018799 0.6129938960075378 0
1675625019023 0.6052645444869995 0
1675625019218 0.6119616031646729 0
1675625019439 0.6057147979736328 0
1675625019670 0.6037954688072205 0
1675625019880 0.6106793284416199 0
1675625020073 0.6125253438949585 0
1675625020296 0.6066144108772278 0
1675625020504 0.6096963286399841 0
1675625020722 0.6069843769073486 0
1675625020934 0.6075867414474487 0
1675625021143 0.608496367931366 0
1675625021354 0.6077951192855835 0
1675625021547 0.6123529672622681 0
1675625021764 0.6084806323051453 0
1675625022016 0.608713686466217 0
1675625022258 0.6121119260787964 0
1675625022515 0.6027081608772278 0
1675625022749 0.6052659749984741 0
1675625022968 0.6070265769958496 0
1675625023193 0.6047089099884033 0
1675625023401 0.6084542870521545 0
1675625023658 0.6065411567687988 0
1675625023877 0.6072487831115723 0
1675625024086 0.609836220741272 0
1675625024287 0.6132915616035461 0
1675625024530 0.6054845452308655 0
1675625024786 0.6006959676742554 0
1675625024993 0.6089444160461426 0
1675625025221 0.6050942540168762 0
1675625025442 0.6063146591186523 0
1675625025643 0.6109163165092468 0
1675625025860 0.6109702587127686 0
1675625026112 0.5995986461639404 0
1675625026307 0.61329585313797 0
1675625026509 0.6105313301086426 0
1675625026726 0.6062991619110107 0
1675625026948 0.6065341830253601 0
1675625027160 0.6085894107818604 0
1675625027417 0.5987135171890259 0
1675625027641 0.6054713726043701 0
1675625027860 0.607305109500885 0
1675625028058 0.6115381717681885 0
1675625028273 0.6065697073936462 0
1675625028500 0.6048980355262756 0
1675625028745 0.6000426411628723 0
1675625028948 0.6098203659057617 0
1675625029153 0.6103717684745789 0
1675625029355 0.6115639805793762 0
1675625029571 0.6073120832443237 0
1675625029775 0.6093535423278809 0
1675625030005 0.6056472063064575 0
1675625030225 0.6060228943824768 0
1675625030441 0.6081144213676453 0
1675625030641 0.6116373538970947 0
1675625030849 0.6094186305999756 0
1675625031074 0.6065014600753784 0
1675625031305 0.6038368940353394 0
1675625031532 0.6049070358276367 0
1675625031739 0.6097084283828735 0
1675625031986 0.6066377758979797 0
1675625032242 0.6041293144226074 0
1675625032500 0.5991489887237549 0
1675625032726 0.6053940057754517 0
1675625032945 0.6061005592346191 0
1675625033177 0.606938898563385 0
1675625033381 0.6107324957847595 0
1675625033599 0.6063493490219116 0
1675625033804 0.6089613437652588 0
1675625034016 0.6094716787338257 0
1675625034230 0.6071423292160034 0
1675625034432 0.6101834177970886 0
1675625034638 0.6092224717140198 0
1675625034854 0.606478750705719 0
1675625035056 0.6093392372131348 0
1675625035306 0.6014367341995239 0
1675625035551 0.6047883629798889 0
1675625035833 0.6036139130592346 0
1675625036116 0.6048293709754944 0
1675625036369 0.6046398878097534 0
1675625036579 0.6074527502059937 0
1675625036784 0.6088004112243652 0
1675625037023 0.6021878123283386 0
1675625037250 0.60966557264328 0
1675625037511 0.6007818579673767 0
1675625037732 0.60692298412323 0
1675625037929 0.6119216680526733 0
1675625038229 0.600403368473053 0
1675625038454 0.6049298644065857 0
1675625038668 0.607482373714447 0
1675625038888 0.6058914065361023 0
1675625039103 0.6069552302360535 0
1675625039344 0.6034707427024841 0
1675625039586 0.6011413335800171 0
1675625039809 0.6054379343986511 0
1675625040033 0.6029229164123535 0
1675625041532 0.610349178314209 0
1675625041812 0.603941023349762 0
1675625042096 0.6035504937171936 0
1675625042369 0.6051698923110962 0
1675625042634 0.6073845624923706 0
1675625042905 0.6060513854026794 0
1675625043207 0.5998238325119019 0
1675625043471 0.6071419715881348 0
1675625043719 0.603477954864502 0
1675625043977 0.6008875966072083 0
1675625044195 0.6096298098564148 0
1675625044409 0.6104709506034851 0
1675625044634 0.6081559658050537 0
1675625044890 0.6019870042800903 0
1675625045118 0.6081162095069885 0
1675625045337 0.6110379099845886 0
1675625045578 0.6027529835700989 0
1675625045803 0.6043384075164795 0
1675625046009 0.6087669134140015 0
1675625046224 0.608826220035553 0
1675625046444 0.6056150794029236 0
1675625046630 0.6132482886314392 0
1675625046861 0.6031259894371033 0
1675625047087 0.6040064096450806 0
1675625047298 0.6074283719062805 0
1675625047526 0.6035915613174438 0
1675625047743 0.6060419678688049 0
1675625047957 0.606381356716156 0
1675625048152 0.6118472814559937 0
1675625048345 0.6119231581687927 0
1675625048552 0.6090406179428101 0
1675625048769 0.6063224673271179 0
1675625049008 0.6027952432632446 0
1675625049282 0.5977439284324646 0
1675625049536 0.6027911901473999 0
1675625049764 0.6046149134635925 0
1675625050012 0.6016713976860046 0
1675625050249 0.6023710370063782 0
1675625050468 0.605754554271698 0
1675625050677 0.6078687906265259 0
1675625050887 0.6074454188346863 0
1675625051110 0.6040038466453552 0
1675625051377 0.6009031534194946 0
1675625051674 0.5934575200080872 0
1675625051951 0.5981612801551819 0
1675625052242 0.5985887050628662 0
1675625052472 0.6063524484634399 0
1675625052678 0.6115763187408447 0
1675625052890 0.6073765754699707 0
1675625053115 0.6037549376487732 0
1675625053314 0.6098839044570923 0
1675625053525 0.6059983968734741 0
1675625053760 0.6019322276115417 0
1675625053988 0.6029222011566162 0
1675625054241 0.5995688438415527 0
1675625054467 0.6053712368011475 0
1675625054666 0.6099318861961365 0
1675625054880 0.6064984202384949 0
1675625055109 0.60456782579422 0
1675625055327 0.6075329780578613 0
1675625055513 0.6135789155960083 0
1675625055738 0.6054567694664001 0
1675625055968 0.6030991077423096 0
1675625056220 0.6014989614486694 0
1675625056473 0.6032580733299255 0
1675625056679 0.6111401915550232 0
1675625056867 0.6121997833251953 0
1675625057097 0.6032268404960632 0
1675625057327 0.6040060520172119 0
1675625057554 0.6042418479919434 0
1675625057776 0.6028924584388733 0
1675625057984 0.6071820855140686 0
1675625058188 0.608995258808136 0
1675625058440 0.5981349349021912 0
1675625058662 0.6049919128417969 0
1675625058889 0.6040140986442566 0
1675625059099 0.6075440049171448 0
1675625059305 0.6097957491874695 0
1675625059550 0.6001685261726379 0
1675625059748 0.6101045608520508 0
1675625059974 0.6050572991371155 0
1675625060174 0.609363853931427 0
1675625060376 0.6113101243972778 0
1675625060599 0.6042840480804443 0
1675625060818 0.605778694152832 0
1675625061017 0.6103766560554504 0
1675625061259 0.6007624268531799 0
1675625061458 0.6096495985984802 0
1675625061665 0.608116090297699 0
1675625061890 0.6079584956169128 0
1675625062118 0.6056328415870667 0
1675625062353 0.6027860641479492 0
1675625062578 0.6066213846206665 0
1675625062810 0.6036970615386963 0
1675625063010 0.6090641617774963 0
1675625063214 0.6089248061180115 0
1675625063416 0.6099326610565186 0
1675625063604 0.6121513843536377 0
1675625063809 0.6094180941581726 0
1675625064048 0.6009453535079956 0
1675625064258 0.6068944334983826 0
1675625064486 0.6028501987457275 0
1675625064695 0.6068568229675293 0
1675625064884 0.6127932071685791 0
1675625065104 0.6042032241821289 0
1675625065308 0.6080909967422485 0
1675625065539 0.6048093438148499 0
1675625065735 0.6100199818611145 0
1675625065941 0.6082617044448853 0
1675625066214 0.5990846157073975 0
1675625066428 0.6116467714309692 0
1675625066642 0.607574462890625 0
1675625066838 0.6103138327598572 0
1675625067044 0.6079502701759338 0
1675625067240 0.6109650135040283 0
1675625067471 0.6017959713935852 0
1675625067690 0.6051077842712402 0
1675625067895 0.6088204979896545 0
1675625068115 0.6058394312858582 0
1675625068307 0.6114973425865173 0
1675625068508 0.6090248823165894 0
1675625068720 0.6074433922767639 0
1675625068958 0.602258563041687 0
1675625069200 0.6012195944786072 0
1675625069422 0.604573667049408 0
1675625069699 0.5930556058883667 0
1675625069919 0.6074869632720947 0
1675625070155 0.6020408272743225 0
1675625070377 0.6048160195350647 0
1675625070616 0.6001843214035034 0
1675625070867 0.6084100604057312 0
1675625071108 0.6037375926971436 0
1675625071329 0.6066572666168213 0
1675625071557 0.6037782430648804 0
1675625071760 0.6095296740531921 0
1675625071996 0.6043784022331238 0
1675625072258 0.6065855622291565 0
1675625072545 0.6023313999176025 0
1675625072790 0.6101908087730408 0
1675625073061 0.6051989197731018 0
1675625073301 0.6115089058876038 0
1675625073591 0.6016099452972412 0
1675625073858 0.6058456301689148 0
1675625074133 0.6043202877044678 0
1675625074372 0.6067294478416443 0
1675625074584 0.6061471700668335 0
1675625074808 0.6050441265106201 0
1675625075024 0.6062320470809937 0
1675625075233 0.6075162887573242 0
1675625075466 0.6003521084785461 0
1675625075701 0.6006823778152466 0
1675625075939 0.6001696586608887 0
1675625076141 0.6083087921142578 0
1675625076355 0.6055495738983154 0
1675625076578 0.6044394969940186 0
1675625076817 0.6014977693557739 0
1675625077007 0.6109958291053772 0
1675625078482 0.6021453738212585 0
1675625078715 0.6016132831573486 0
1675625078945 0.6023225784301758 0
1675625079160 0.6060417890548706 0
1675625079391 0.6026332378387451 0
1675625079610 0.6065467596054077 0
1675625079891 0.5952925682067871 0
1675625080139 0.6057270169258118 0
1675625080389 0.6029931902885437 0
1675625080713 0.5985592603683472 0
1675625081009 0.6035881042480469 0
1675625081207 0.6152269244194031 0
1675625081445 0.6048235297203064 0
1675625081701 0.6026242971420288 0
1675625081944 0.605972409248352 0
1675625082211 0.6054631471633911 0
1675625082460 0.6038766503334045 0
1675625082697 0.6051457524299622 0
1675625082945 0.6027539372444153 0
1675625083165 0.6102457046508789 0
1675625083390 0.6060455441474915 0
1675625083609 0.6044319868087769 0
1675625083843 0.6006065607070923 0
1675625084033 0.612122654914856 0
1675625084246 0.6053667664527893 0
1675625084440 0.6104333400726318 0
1675625084630 0.6122273802757263 0
1675625084855 0.6030665040016174 0
1675625085060 0.6071547865867615 0
1675625085291 0.6013619899749756 0
1675625085545 0.6025130152702332 0
1675625085749 0.6093156337738037 0
1675625085942 0.6103367805480957 0
1675625086145 0.6071848273277283 0
1675625086347 0.6083632111549377 0
1675625086548 0.6084278225898743 0
1675625086773 0.603295624256134 0
1675625087009 0.600770890712738 0
1675625087243 0.6023887991905212 0
1675625087460 0.6039170622825623 0
1675625087695 0.6002839803695679 0
1675625087921 0.6044496297836304 0
1675625088147 0.6018565893173218 0
1675625088355 0.6067227721214294 0
1675625088585 0.6018702983856201 0
1675625088821 0.6005155444145203 0
1675625089041 0.6034833788871765 0
1675625089241 0.6081320643424988 0
1675625089468 0.6054161190986633 0
1675625089673 0.6078212857246399 0
1675625089895 0.604086697101593 0
1675625090114 0.606026291847229 0
1675625090309 0.6092877388000488 0
1675625090527 0.6043293476104736 0
1675625090728 0.6081323623657227 0
1675625090939 0.6061381697654724 0
1675625091161 0.6029607653617859 0
1675625091372 0.6056851148605347 0
1675625091589 0.604767382144928 0
1675625091783 0.6100971102714539 0
1675625092014 0.6063993573188782 0
1675625092240 0.6051419377326965 0
1675625092458 0.6074205636978149 0
1675625092707 0.6021538972854614 0
1675625092928 0.6063326597213745 0
1675625093111 0.6124498844146729 0
1675625093326 0.6051334738731384 0
1675625093556 0.6026943922042847 0
1675625093756 0.6089676022529602 0
1675625093957 0.6099224090576172 0
1675625094177 0.6039247512817383 0
1675625094432 0.5994027256965637 0
1675625094641 0.606256902217865 0
1675625094871 0.6028475761413574 0
1675625095062 0.6105239987373352 0
1675625095271 0.6062502861022949 0
1675625095509 0.6000762581825256 0
1675625095744 0.5998796820640564 0
1675625095941 0.6089125871658325 0
1675625096162 0.6029919981956482 0
1675625096389 0.6020857095718384 0
1675625096600 0.6044843792915344 0
1675625096831 0.6011220216751099 0
1675625097039 0.6062481999397278 0
1675625097258 0.6038640737533569 0
1675625097484 0.6025404930114746 0
1675625097665 0.6133108735084534 0
1675625097906 0.5983183979988098 0
1675625098161 0.6018562316894531 0
1675625098383 0.604810357093811 0
1675625098610 0.6050401926040649 0
1675625098869 0.6027578115463257 0
1675625099095 0.6042672991752625 0
1675625099301 0.6067713499069214 0
1675625099517 0.6038513779640198 0
1675625099731 0.6043684482574463 0
1675625099936 0.6062748432159424 0
1675625100149 0.6040779948234558 0
1675625100375 0.6027039885520935 0
1675625100565 0.6108014583587646 0
1675625100782 0.6062094569206238 0
1675625101000 0.6074246168136597 0
1675625101248 0.6023582220077515 0
1675625101494 0.6002463698387146 0
1675625101713 0.6044352054595947 0
1675625101962 0.6008084416389465 0
1675625102195 0.6063674688339233 0
1675625102418 0.6024526953697205 0
1675625102620 0.6074422001838684 0
1675625102832 0.6045474410057068 0
1675625103062 0.6014056205749512 0
1675625103275 0.605583131313324 0
1675625103515 0.5983157753944397 0
1675625103737 0.6031548380851746 0
1675625103962 0.6026661992073059 0
1675625104180 0.6035862565040588 0
1675625104386 0.6097822785377502 0
1675625104649 0.5981307625770569 0
1675625104858 0.6058857440948486 0
1675625105084 0.6045275330543518 0
1675625105293 0.6055114269256592 0
1675625105538 0.5985814332962036 0
1675625105761 0.6027606129646301 0
1675625105992 0.6008709073066711 0
1675625106211 0.6068893671035767 0
1675625106438 0.6035052537918091 0
1675625106675 0.5991231203079224 0
1675625106881 0.6055601835250854 0
1675625107105 0.6036296486854553 0
1675625107320 0.6038437485694885 0
1675625107526 0.6059902310371399 0
1675625107723 0.6082391738891602 0
1675625107924 0.6069247722625732 0
1675625108154 0.601463794708252 0
1675625108357 0.6070277690887451 0
1675625108571 0.6049332618713379 0
1675625108782 0.6056369543075562 0
1675625109000 0.6043871641159058 0
1675625109228 0.6021791100502014 0
1675625109444 0.6037061810493469 0
1675625109679 0.6002236604690552 0
1675625109905 0.6016034483909607 0
1675625110134 0.6006097793579102 0
1675625110339 0.6068987846374512 0
1675625110568 0.6003486514091492 0
1675625110801 0.6001514196395874 0
1675625111035 0.6008877754211426 0
1675625111246 0.6048571467399597 0
1675625111475 0.6018862724304199 0
1675625111688 0.604753851890564 0
1675625111893 0.6071456074714661 0
1675625112161 0.5975310206413269 0
1675625112366 0.6080053448677063 0
1675625112593 0.6004411578178406 0
1675625112793 0.6072499752044678 0
1675625113004 0.6044489741325378 0
1675625113210 0.607748806476593 0
1675625114664 0.6052543520927429 0
1675625114890 0.603057324886322 0
1675625115107 0.6059689521789551 0
1675625115381 0.5970884561538696 0
1675625115619 0.6005074977874756 0
1675625115840 0.6031844019889832 0
1675625116046 0.6066449880599976 0
1675625116237 0.6103864908218384 0
1675625116480 0.5995317697525024 0
1675625116705 0.6018264293670654 0
1675625116894 0.610244631767273 0
1675625117104 0.6040353178977966 0
1675625117331 0.601873517036438 0
1675625117541 0.6045774817466736 0
1675625117756 0.6031018495559692 0
1675625117972 0.6038525104522705 0
1675625118218 0.5979570150375366 0
1675625118452 0.5992400646209717 0
1675625118661 0.6049519777297974 0
1675625118867 0.6067957878112793 0
1675625119090 0.6050200462341309 0
1675625119329 0.5983582735061646 0
1675625119556 0.6016346216201782 0
1675625119745 0.6090903878211975 0
1675625119971 0.6009764075279236 0
1675625120161 0.6094847917556763 0
1675625120355 0.6084617972373962 0
1675625120562 0.606047511100769 0
1675625120797 0.5997349619865417 0
1675625121022 0.6007999181747437 0
1675625121245 0.6031399965286255 0
1675625121463 0.6046321988105774 0
1675625121695 0.6007185578346252 0
1675625121935 0.5994996428489685 0
1675625122209 0.5938684940338135 0
1675625122436 0.6041300892829895 0
1675625122656 0.6035135388374329 0
1675625122866 0.604789674282074 0
1675625123085 0.6039064526557922 0
1675625123302 0.6047971248626709 0
1675625123533 0.600820004940033 0
1675625123739 0.6058225631713867 0
1675625123956 0.6037650108337402 0
1675625124184 0.6002483367919922 0
1675625124390 0.6063357591629028 0
1675625124591 0.6069054007530212 0
1675625124801 0.605006217956543 0
1675625125006 0.6057577133178711 0
1675625125224 0.6030098795890808 0
1675625125471 0.5983874201774597 0
1675625125675 0.6063282489776611 0
1675625125859 0.6108195781707764 0
1675625126104 0.597135603427887 0
1675625126317 0.6042804718017578 0
1675625126535 0.6038913726806641 0
1675625126733 0.6087586283683777 0
1675625126960 0.6020276546478271 0
1675625127167 0.6044468879699707 0
1675625127390 0.6021023988723755 0
1675625127604 0.6047697067260742 0
1675625127839 0.5979528427124023 0
1675625128045 0.6087435483932495 0
1675625128263 0.6034998893737793 0
1675625128511 0.5971632599830627 0
1675625128721 0.6038068532943726 0
1675625128933 0.605008065700531 0
1675625129155 0.6017848253250122 0
1675625129365 0.6054732203483582 0
1675625129563 0.6074092388153076 0
1675625129772 0.6046042442321777 0
1675625129986 0.6031143069267273 0
1675625130178 0.6082903146743774 0
1675625130405 0.6048635840415955 0
1675625130611 0.605819821357727 0
1675625130864 0.5972040295600891 0
1675625131092 0.600641131401062 0
1675625131286 0.6084024906158447 0
1675625131531 0.5979297161102295 0
1675625131758 0.6017083525657654 0
1675625131971 0.6054953932762146 0
1675625132214 0.6014034152030945 0
1675625132445 0.6045810580253601 0
1675625132692 0.6008489727973938 0
1675625132914 0.6067150831222534 0
1675625133140 0.6050379276275635 0
1675625133374 0.6036121845245361 0
1675625133631 0.6053205132484436 0
1675625133885 0.6054751873016357 0
1675625134154 0.5972194075584412 0
1675625134364 0.6042198538780212 0
1675625134572 0.6044031381607056 0
1675625134781 0.604913592338562 0
1675625134986 0.6059452295303345 0
1675625135199 0.6040846109390259 0
1675625135416 0.6041927933692932 0
1675625135656 0.5994141101837158 0
1675625135924 0.5945181846618652 0
1675625136177 0.5938263535499573 0
1675625136370 0.6079992055892944 0
1675625136608 0.5990455150604248 0
1675625136839 0.5999910831451416 0
1675625137055 0.6037513613700867 0
1675625137267 0.6048383116722107 0
1675625137524 0.6049382090568542 0
1675625137730 0.6081870794296265 0
1675625137945 0.6037160754203796 0
1675625138180 0.5990232229232788 0
1675625138391 0.6045386791229248 0
1675625138592 0.607650876045227 0
1675625138819 0.6028384566307068 0
1675625139050 0.5992758274078369 0
1675625139292 0.6056468486785889 0
1675625139487 0.6091188788414001 0
1675625139725 0.599669337272644 0
1675625139941 0.602940022945404 0
1675625140175 0.600776195526123 0
1675625140398 0.6044054627418518 0
1675625140640 0.6005529761314392 0
1675625140884 0.6013768911361694 0
1675625141111 0.6012300252914429 0
1675625141334 0.6019370555877686 0
1675625141542 0.606025755405426 0
1675625141766 0.6021945476531982 0
1675625142001 0.6016021966934204 0
1675625142217 0.6037414073944092 0
1675625142432 0.6028775572776794 0
1675625142656 0.6015417575836182 0
1675625142867 0.6055344343185425 0
1675625143087 0.6032650470733643 0
1675625143307 0.609573483467102 0
1675625143540 0.6012904644012451 0
1675625143747 0.6057232618331909 0
1675625143943 0.6080719232559204 0
1675625144163 0.6022116541862488 0
1675625144369 0.6058809161186218 0
1675625144575 0.6055104732513428 0
1675625144775 0.6069693565368652 0
1675625145000 0.6011702418327332 0
1675625145215 0.6033771634101868 0
1675625145423 0.6042061448097229 0
1675625145642 0.601915717124939 0
1675625145857 0.6026758551597595 0
1675625146093 0.5985772609710693 0
1675625146279 0.6100444793701172 0
1675625146487 0.6064767837524414 0
1675625146705 0.6024962067604065 0
1675625146937 0.6000440716743469 0
1675625147175 0.5970648527145386 0
1675625147373 0.6066967248916626 0
1675625147606 0.6001233458518982 0
1675625147822 0.6034042239189148 0
1675625148048 0.6007481217384338 0
1675625148245 0.6076908707618713 0
1675625148467 0.6020482778549194 0
1675625148682 0.6024340391159058 0
1675625148924 0.5968235731124878 0
1675625149143 0.6016231775283813 0
