1675416747025 0.7256160378456116 0
1675416747901 0.7166748642921448 0
1675416748799 0.7065365314483643 0
1675416749469 0.7014081478118896 0
1675416750251 0.694114625453949 0
1675416751310 0.6821864247322083 0
1675416752490 0.6758057475090027 0
1675416753186 0.6693596243858337 0
1675416754222 0.6644600629806519 0
1675416755127 0.6561654210090637 0
1675416755908 0.6485180854797363 0
1675416756570 0.6415923237800598 0
1675416757110 0.6401386260986328 0
1675416758039 0.6327864527702332 0
1675416758982 0.6267275810241699 0
1675416760025 0.6221346259117126 0
1675416761113 0.6171565055847168 0
1675416762286 0.6091918349266052 0
1675416763250 0.6065360307693481 0
1675416764140 0.6010148525238037 0
1675416765313 0.596943199634552 0
1675416765950 0.5958912372589111 0
1675416766908 0.5901446342468262 0
1675416767786 0.586012601852417 0
1675416768725 0.5813382863998413 0
1675416769714 0.578187108039856 0
1675416771014 0.5754774212837219 0
1675416771966 0.5725212693214417 0
1675416773153 0.5651871562004089 0
1675416774178 0.5588389039039612 0
1675416774811 0.5645686984062195 0
1675416775431 0.5614981651306152 0
1675416776354 0.5571228265762329 0
1675416777399 0.5552752614021301 0
1675416778673 0.5503009557723999 0
1675416779530 0.5474908351898193 0
1675416780401 0.5455610752105713 0
1675416781175 0.5400456190109253 0
1675416781625 0.5430040955543518 0
1675416782497 0.5383715033531189 0
1675416783506 0.5322639346122742 0
1675416784286 0.5328189134597778 0
1675416785419 0.5299656987190247 0
1675416786356 0.5245794653892517 0
1675416787162 0.5272017121315002 0
1675416788196 0.5270436406135559 0
1675416789274 0.522350549697876 0
1675416790109 0.5225846767425537 0
1675416790658 0.5257899165153503 0
1675416791689 0.5222641229629517 0
1675416792461 0.5202920436859131 0
1675416793356 0.5137513279914856 0
1675416794382 0.5135886073112488 0
1675416795377 0.5141550898551941 0
1675416796194 0.5175226926803589 0
1675416796633 0.5137849450111389 0
1675416797690 0.5091747641563416 0
1675416798574 0.5124691724777222 0
1675416799503 0.5090465545654297 0
1675416800390 0.5081139206886292 0
1675416801058 0.5038795471191406 0
1675416801862 0.5048364400863647 0
1675416802866 0.5004997253417969 0
1675416804019 0.5023306012153625 0
1675416804946 0.5022205710411072 0
1675416806250 0.49922871589660645 0
1675416807541 0.4985235631465912 0
1675416808266 0.5050605535507202 0
1675416809315 0.5022352337837219 0
1675416810230 0.4963259696960449 0
1675416811629 0.4955272078514099 0
1675416812802 0.4941592216491699 0
1675416814097 0.49731671810150146 0
1675416815096 0.4987204968929291 0
1675416816157 0.49426254630088806 0
1675416817055 0.4918983280658722 0
1675416817926 0.4952215552330017 0
1675416819258 0.4940268397331238 0
1675416820150 0.49273112416267395 0
1675416820933 0.49114441871643066 0
1675416821842 0.4945681393146515 0
1675416822898 0.49380993843078613 0
1675416823922 0.48650288581848145 0
1675416825042 0.4907078444957733 0
1675416826146 0.48809367418289185 0
1675416827598 0.48172956705093384 0
1675416828236 0.49167966842651367 0
1675416828966 0.49331149458885193 0
1675416829901 0.48769500851631165 0
1675416831710 0.48137640953063965 0
1675416832502 0.48838236927986145 0
1675416833533 0.4868725538253784 0
1675416834533 0.48329657316207886 0
1675416835665 0.48877623677253723 0
1675416836319 0.48434650897979736 0
1675416837412 0.4869457185268402 0
1675416838433 0.4833511710166931 0
1675416839008 0.4904511868953705 0
1675416839481 0.4828660786151886 0
1675416840030 0.48364365100860596 0
1675416841049 0.481235146522522 0
1675416842253 0.4848831593990326 0
1675416842808 0.48302632570266724 0
1675416843706 0.48216548562049866 0
1675416844429 0.4801378846168518 0
1675416845181 0.483122855424881 0
1675416846431 0.4778780937194824 0
1675416847358 0.47717711329460144 0
1675416848258 0.4761863052845001 0
1675416849243 0.4863818287849426 0
1675416850094 0.4757712185382843 0
1675416850802 0.47851312160491943 0
1675416851497 0.48511114716529846 0
1675416852638 0.48394376039505005 0
1675416853653 0.4722961187362671 0
1675416854495 0.4759713411331177 0
1675416855601 0.4760625958442688 0
1675416856778 0.47544950246810913 0
1675416857689 0.4757380485534668 0
1675416859033 0.4726639688014984 0
1675416859969 0.4741491675376892 0
1675416861219 0.48126912117004395 0
1675416861916 0.4798460602760315 0
1675416862790 0.47955748438835144 0
1675416864022 0.47592008113861084 0
1675416864985 0.4756849408149719 0
1675416865471 0.47545042634010315 0
1675416866286 0.47208207845687866 0
1675416867241 0.47602057456970215 0
1675416867994 0.47890564799308777 0
1675416868830 0.4758007228374481 0
1675416869474 0.47354012727737427 0
1675416870649 0.4789952337741852 0
1675416871387 0.47501781582832336 0
1675416871963 0.47136279940605164 0
1675416872460 0.47457513213157654 0
1675416873254 0.4730660617351532 0
1675416874024 0.47356125712394714 0
1675416874718 0.4716477394104004 0
1675416875585 0.47328564524650574 0
1675416876257 0.4701433777809143 0
1675416876928 0.4668305218219757 0
1675416878137 0.4731414020061493 0
1675416878884 0.47185018658638 0
1675416879825 0.4678293466567993 0
1675416880809 0.46722882986068726 0
1675416881767 0.46614959836006165 0
1675416882330 0.46930572390556335 0
1675416883546 0.4659295082092285 0
1675416884696 0.4653426706790924 0
1675416885874 0.4739396870136261 0
1675416886673 0.46744540333747864 0
1675416887845 0.4719007611274719 0
1675416888665 0.4656863212585449 0
1675416889650 0.4688964784145355 0
1675416890317 0.47318220138549805 0
1675416891570 0.46719542145729065 0
