1675602249557 93.50269317626953 0
1675602249788 93.65757751464844 0
1675602250101 92.02543640136719 0
1675602250395 92.51396179199219 0
1675602250671 93.18172454833984 0
1675602250986 91.79889678955078 0
1675602251279 92.77759552001953 0
1675602251561 92.92424774169922 0
1675602251846 93.01750183105469 0
1675602252132 92.97785186767578 0
1675602252444 91.59097290039062 0
1675602252708 93.43144989013672 0
1675602253010 91.81867218017578 0
1675602253281 93.55101776123047 0
1675602253552 93.45296478271484 0
1675602253835 92.957275390625 0
1675602254124 92.00183868408203 0
1675602254378 93.3472900390625 0
1675602254683 91.9150390625 0
1675602254944 93.32709503173828 0
1675602255192 93.64280700683594 0
1675602255432 93.84120178222656 0
1675602255753 91.73002624511719 0
1675602256049 92.59288024902344 0
1675602256329 92.93756103515625 0
1675602256616 92.79093933105469 0
1675602256867 94.114501953125 0
1675602257148 92.51354217529297 0
1675602257440 92.72930908203125 0
1675602257710 92.93125915527344 0
1675602258004 92.56011962890625 0
1675602258293 92.9764404296875 0
1675602258575 92.86119079589844 0
1675602258853 93.12342071533203 0
1675602259130 93.28433990478516 0
1675602259440 91.68424987792969 0
1675602259730 92.81426239013672 0
1675602259982 94.31717681884766 0
1675602260267 93.04793548583984 0
1675602260532 93.29044342041016 0
1675602260802 93.53978729248047 0
1675602261082 92.8968734741211 0
1675602261369 92.68830108642578 0
1675602261676 91.93467712402344 0
1675602261952 93.26345825195312 0
1675602262246 92.60271453857422 0
1675602262504 93.9680404663086 0
1675602262773 93.51304626464844 0
1675602263064 92.78048706054688 0
1675602263371 92.2575912475586 0
1675602263658 92.73478698730469 0
1675602263959 92.25675964355469 0
1675602264218 93.4161605834961 0
1675602264517 92.43673706054688 0
1675602264770 94.05748748779297 0
1675602265014 93.69400787353516 0
1675602265287 92.97163391113281 0
1675602265590 92.04129028320312 0
1675602265898 91.60487365722656 0
1675602266172 93.38188171386719 0
1675602266463 92.33959197998047 0
1675602266719 93.66495513916016 0
1675602267004 92.91527557373047 0
1675602267306 92.29934692382812 0
1675602267577 93.59416198730469 0
1675602267860 93.1658706665039 0
1675602268161 92.39289855957031 0
1675602268484 91.53192901611328 0
1675602268757 92.88602447509766 0
1675602269056 92.25728607177734 0
1675602269342 92.05583953857422 0
1675602269658 92.00003814697266 0
1675602269942 92.85953521728516 0
1675602270259 91.6341323852539 0
1675602270532 93.2732925415039 0
1675602270835 92.49575805664062 0
1675602271107 93.35608673095703 0
1675602271419 92.03108215332031 0
1675602271710 92.69927978515625 0
1675602271975 93.92388916015625 0
1675602272252 93.21992492675781 0
1675602272530 93.26569366455078 0
1675602272814 93.07686614990234 0
1675602273102 92.82787322998047 0
1675602273387 92.94023895263672 0
1675602273670 93.09947967529297 0
1675602273976 91.90550994873047 0
1675602274251 93.35289001464844 0
1675602274539 92.7170639038086 0
1675602274801 93.77278900146484 0
1675602275097 92.36080932617188 0
1675602275351 94.16068267822266 0
1675602275647 92.35819244384766 0
1675602275940 92.62049102783203 0
1675602276222 93.07662200927734 0
1675602276516 92.38335418701172 0
1675602276798 92.87144470214844 0
1675602277081 92.83116149902344 0
1675602277379 92.41197204589844 0
1675602277657 92.97119140625 0
1675602277912 93.29118347167969 0
1675602278243 91.49522399902344 0
1675602278519 93.25806427001953 0
1675602278789 93.52049255371094 0
1675602279045 94.13870239257812 0
1675602279332 92.92201232910156 0
1675602279659 91.3048095703125 0
1675602279931 93.37028503417969 0
1675602280212 92.82947540283203 0
1675602280487 93.13550567626953 0
1675602280744 93.2977294921875 0
1675602281061 91.90316009521484 0
1675602281334 93.35206604003906 0
1675602281600 93.70002746582031 0
1675602281881 92.93220520019531 0
1675602282147 93.77916717529297 0
1675602282433 93.05370330810547 0
1675602282728 92.67804718017578 0
1675602283028 92.72514343261719 0
1675602283316 92.9862060546875 0
1675602283609 92.96807861328125 0
1675602283877 93.76896667480469 0
1675602284198 91.69732666015625 0
1675602284454 94.34689331054688 0
1675602284759 92.52389526367188 0
1675602285077 91.80652618408203 0
1675602285386 92.10484313964844 0
1675602285656 93.157470703125 0
1675602285941 93.0842514038086 0
1675602286212 93.66497039794922 0
1675602286456 94.46272277832031 0
1675602286767 91.99148559570312 0
1675602287058 92.80885314941406 0
1675602287336 93.2626953125 0
1675602287627 92.82542419433594 0
1675602287945 91.88056945800781 0
1675602288227 93.23342895507812 0
1675602288510 93.31900024414062 0
1675602288775 93.87236022949219 0
1675602289069 92.68377685546875 0
1675602289407 91.16535186767578 0
1675602289721 92.01910400390625 0
1675602289996 93.36576080322266 0
1675602290287 93.08187866210938 0
1675602290555 93.55326080322266 0
1675602290840 93.03651428222656 0
1675602291100 94.06708526611328 0
1675602291415 91.83326721191406 0
1675602291701 92.78387451171875 0
1675602291974 93.43374633789062 0
1675602292270 92.53925323486328 0
1675602292535 93.6427230834961 0
1675602292839 92.14850616455078 0
1675602293119 92.97401428222656 0
1675602293392 93.27225494384766 0
1675602293655 93.6163101196289 0
1675602293957 91.9625473022461 0
1675602295951 91.78673553466797 0
1675602296225 93.4194107055664 0
1675602296528 92.39679718017578 0
1675602296800 93.44078826904297 0
1675602297059 93.60234069824219 0
1675602297362 92.42479705810547 0
1675602297656 92.83439636230469 0
1675602297954 92.46537017822266 0
1675602298233 93.20511627197266 0
1675602298504 93.58567810058594 0
1675602298780 93.23291015625 0
1675602299050 93.00711822509766 0
1675602299346 92.3348159790039 0
1675602299644 92.99968719482422 0
1675602299946 92.24230194091797 0
1675602300251 91.9976806640625 0
1675602300529 93.29008483886719 0
1675602300805 93.41162109375 0
1675602301083 93.3870849609375 0
1675602301382 92.37496948242188 0
1675602301648 93.68474578857422 0
1675602301953 92.07215881347656 0
1675602302220 93.75511932373047 0
1675602302497 93.26847076416016 0
1675602302782 93.21196746826172 0
1675602303099 91.958251953125 0
1675602303391 92.76266479492188 0
1675602303701 91.89081573486328 0
1675602303970 93.58192443847656 0
1675602304240 93.5792007446289 0
1675602304540 92.36004638671875 0
1675602304834 92.4861068725586 0
1675602305147 91.76329040527344 0
1675602305396 94.26431274414062 0
1675602305687 92.58197784423828 0
1675602305972 92.90504455566406 0
1675602306238 93.72663116455078 0
1675602306486 93.76399230957031 0
1675602306768 93.0301742553711 0
1675602307053 93.11419677734375 0
1675602307366 92.39812469482422 0
1675602307630 93.51020050048828 0
1675602307897 93.1935043334961 0
1675602308170 93.16504669189453 0
1675602308441 93.41902923583984 0
1675602308746 92.00408935546875 0
1675602309042 92.61125183105469 0
1675602309317 93.2159194946289 0
1675602309580 92.99430847167969 0
1675602309829 93.99060821533203 0
1675602310115 92.14073181152344 0
1675602310440 91.32528686523438 0
1675602310725 92.37362670898438 0
1675602311001 93.15930938720703 0
1675602311279 92.92343139648438 0
1675602311623 91.04693603515625 0
1675602311902 93.4410400390625 0
1675602312223 91.93574523925781 0
1675602312526 93.5212631225586 0
1675602312891 90.15093994140625 0
1675602313183 92.71981811523438 0
1675602313483 92.42689514160156 0
1675602313753 93.46434020996094 0
1675602314031 93.07506561279297 0
1675602314315 92.8807373046875 0
1675602314602 92.60834503173828 0
1675602314858 93.78278350830078 0
1675602315173 91.3572769165039 0
1675602315465 92.60355377197266 0
1675602315741 93.26460266113281 0
1675602316012 93.46251678466797 0
1675602316306 92.52388000488281 0
1675602316622 92.14180755615234 0
1675602316899 93.19664001464844 0
1675602317204 92.3138656616211 0
1675602317472 94.0951156616211 0
1675602317778 92.47367095947266 0
1675602318059 93.45490264892578 0
1675602318330 93.86598205566406 0
1675602318627 92.851318359375 0
1675602318916 92.50277709960938 0
1675602319202 92.85236358642578 0
1675602319494 92.60749053955078 0
1675602319774 93.16813659667969 0
1675602320065 92.80079650878906 0
1675602320381 91.99320983886719 0
1675602320669 92.78357696533203 0
1675602320961 92.9197998046875 0
1675602321269 92.12846374511719 0
1675602321589 92.3990478515625 0
1675602321856 93.60231018066406 0
1675602322129 93.37686157226562 0
1675602322440 91.83544921875 0
1675602322716 93.0827865600586 0
1675602322998 93.07511138916016 0
1675602323277 92.9911880493164 0
1675602323559 93.11394500732422 0
1675602323834 93.34427642822266 0
1675602324133 92.51771545410156 0
1675602324410 93.26905822753906 0
1675602324702 92.5326919555664 0
1675602324986 92.60690307617188 0
1675602325230 94.12395477294922 0
1675602325483 93.58589935302734 0
1675602325807 91.48783874511719 0
1675602326087 93.1317138671875 0
1675602326382 92.70555114746094 0
1675602326702 91.55931854248047 0
1675602326986 93.0676040649414 0
1675602327271 93.0378646850586 0
1675602327551 93.4885482788086 0
1675602327832 93.09217071533203 0
1675602328102 93.6203384399414 0
1675602328422 91.72774505615234 0
1675602328717 92.67518615722656 0
1675602329018 92.77238464355469 0
1675602329270 93.59912109375 0
1675602329563 92.77983093261719 0
1675602329840 93.2325668334961 0
1675602330140 92.39645385742188 0
1675602330440 92.71146392822266 0
1675602330719 93.27164459228516 0
1675602330979 93.98758697509766 0
1675602331276 92.37641143798828 0
1675602331578 92.58547973632812 0
1675602331858 93.24324035644531 0
1675602332148 92.70719909667969 0
1675602332447 92.58296203613281 0
1675602332754 92.28144073486328 0
1675602333026 93.59492492675781 0
1675602333292 93.80099487304688 0
1675602333570 93.26467895507812 0
1675602333863 92.81900024414062 0
1675602334141 93.31462097167969 0
1675602334425 93.1058349609375 0
1675602334695 93.57003784179688 0
1675602334945 94.39325714111328 0
1675602335228 93.06726837158203 0
1675602335503 93.22221374511719 0
1675602335772 93.67886352539062 0
1675602336046 92.90904235839844 0
1675602336307 93.19657135009766 0
1675602336585 92.8257064819336 0
1675602336858 93.38462829589844 0
1675602337165 91.89360809326172 0
1675602337464 92.85089111328125 0
1675602337779 91.58361053466797 0
1675602338020 93.78238677978516 0
1675602338286 93.47748565673828 0
1675602338551 94.10543060302734 0
1675602338841 93.08483123779297 0
1675602339147 92.40168762207031 0
1675602339454 92.49976348876953 0
1675602339778 91.47193908691406 0
1675602340073 92.7552261352539 0
1675602340389 91.76675415039062 0
1675602340677 92.48664093017578 0
1675602342677 92.00269317626953 0
1675602342965 92.73597717285156 0
1675602343248 92.92254638671875 0
1675602343527 93.27543640136719 0
1675602343818 92.1548843383789 0
1675602344102 92.29328918457031 0
1675602344395 92.52378845214844 0
1675602344670 92.9376220703125 0
1675602344962 92.75804901123047 0
1675602345237 92.78636169433594 0
1675602345541 91.75653839111328 0
1675602345785 93.7458724975586 0
1675602346090 92.57199096679688 0
1675602346389 92.80850982666016 0
1675602346703 92.00772094726562 0
1675602346982 93.35386657714844 0
1675602347251 93.7865982055664 0
1675602347523 93.51268005371094 0
1675602347789 93.77457427978516 0
1675602348080 92.83653259277344 0
1675602348420 90.92430114746094 0
1675602348713 92.55615997314453 0
1675602349023 91.99752807617188 0
1675602349313 92.46929168701172 0
1675602349596 92.86307525634766 0
1675602349903 92.24919128417969 0
1675602350216 92.43383026123047 0
1675602350476 93.54078674316406 0
1675602350744 93.76537322998047 0
1675602351029 92.9802474975586 0
1675602351356 91.49359893798828 0
1675602351655 92.54573822021484 0
1675602351929 93.41201782226562 0
1675602352247 91.9394302368164 0
1675602352514 93.70278930664062 0
1675602352812 92.7255630493164 0
1675602353124 92.02101135253906 0
1675602353425 92.56367492675781 0
1675602353761 91.18466186523438 0
1675602354047 93.09030151367188 0
1675602354344 92.52373504638672 0
1675602354625 93.01726531982422 0
1675602354910 92.53191375732422 0
1675602355204 93.07353973388672 0
1675602355504 92.53504180908203 0
1675602355805 92.6317138671875 0
1675602356087 93.24624633789062 0
1675602356363 93.41650390625 0
1675602356648 93.1428451538086 0
1675602356947 92.48552703857422 0
1675602357240 92.77628326416016 0
1675602357538 92.53501892089844 0
1675602357835 92.58837890625 0
1675602358141 92.0934829711914 0
1675602358434 92.63109588623047 0
1675602358712 93.19657897949219 0
1675602359018 91.72673034667969 0
1675602359308 92.70748901367188 0
1675602359599 92.59671020507812 0
1675602359848 94.3175048828125 0
1675602360159 91.82354736328125 0
1675602360413 93.1888656616211 0
1675602360702 92.54949951171875 0
1675602360973 93.61111450195312 0
1675602361270 92.56863403320312 0
1675602361552 93.24335479736328 0
1675602361816 93.6492919921875 0
1675602362076 93.81831359863281 0
1675602362389 91.54370880126953 0
1675602362638 93.72125244140625 0
1675602362888 93.87275695800781 0
1675602363220 91.63629913330078 0
1675602363503 93.2039566040039 0
1675602363797 92.65328979492188 0
1675602364092 92.58560180664062 0
1675602364369 93.24253845214844 0
1675602364667 92.60430908203125 0
1675602364955 92.38359069824219 0
1675602365276 91.60106658935547 0
1675602365565 92.67453002929688 0
1675602365889 91.65065002441406 0
1675602366163 93.32537841796875 0
1675602366437 93.39802551269531 0
1675602366720 93.1095962524414 0
1675602367006 92.9415054321289 0
1675602367287 93.21072387695312 0
1675602367571 92.9365005493164 0
1675602367861 92.80073547363281 0
1675602368111 94.35448455810547 0
1675602368383 93.13528442382812 0
1675602368642 93.26429748535156 0
1675602368943 91.92500305175781 0
1675602369194 93.81116485595703 0
1675602369480 93.06990051269531 0
1675602369786 92.34419250488281 0
1675602370085 92.67935180664062 0
1675602370407 91.65696716308594 0
1675602370696 92.8836669921875 0
1675602370992 92.67251586914062 0
1675602371277 93.04119873046875 0
1675602371597 91.8375244140625 0
1675602371847 94.43263244628906 0
1675602372153 92.19652557373047 0
1675602372491 91.20975494384766 0
1675602372769 93.29007720947266 0
1675602373046 93.2029800415039 0
1675602373333 92.85066223144531 0
1675602373596 93.9226303100586 0
1675602373874 93.5266342163086 0
1675602374155 93.49441528320312 0
1675602374439 93.28937530517578 0
1675602374732 92.94825744628906 0
1675602375016 93.21756744384766 0
1675602375322 92.5750503540039 0
1675602375615 92.63137817382812 0
1675602375895 93.05211639404297 0
1675602376173 93.11796569824219 0
1675602376429 93.99765014648438 0
1675602376752 91.91506958007812 0
1675602377049 92.75784301757812 0
1675602377356 92.5510025024414 0
1675602377621 93.75322723388672 0
1675602377901 93.2389907836914 0
1675602378195 93.2365493774414 0
1675602378494 92.79508209228516 0
1675602378760 94.1280517578125 0
1675602379094 91.30558013916016 0
1675602379364 93.68519592285156 0
1675602379657 92.94474029541016 0
1675602379931 92.95929718017578 0
1675602380198 92.97659301757812 0
1675602380460 93.376220703125 0
1675602380743 93.21851348876953 0
1675602381046 92.50218963623047 0
1675602381356 92.33678436279297 0
1675602381644 93.24295043945312 0
1675602381912 93.6059341430664 0
1675602382178 93.75657653808594 0
1675602382445 93.8261489868164 0
1675602382763 91.72555541992188 0
1675602383049 93.01337432861328 0
1675602383316 93.70309448242188 0
1675602383621 92.24327087402344 0
1675602383892 93.62339782714844 0
1675602384156 93.98411560058594 0
1675602384411 94.23152160644531 0
1675602384683 93.48406219482422 0
1675602384944 93.05601501464844 0
1675602385209 93.53357696533203 0
1675602385509 92.41898345947266 0
1675602385813 92.93013000488281 0
1675602386107 92.9950942993164 0
1675602386390 93.03438568115234 0
1675602386691 92.26477813720703 0
1675602386970 93.12462615966797 0
1675602387269 92.66790771484375 0
1675602387527 93.78809356689453 0
1675602389459 92.48082733154297 0
1675602389723 93.28540802001953 0
1675602389974 93.73172760009766 0
1675602390266 92.71830749511719 0
1675602390581 91.94911193847656 0
1675602390867 93.1060791015625 0
1675602391149 93.10308074951172 0
1675602391468 92.06731414794922 0
1675602391738 93.33655548095703 0
1675602392029 92.8329849243164 0
1675602392325 93.02010345458984 0
1675602392593 94.10907745361328 0
1675602392863 93.35053253173828 0
1675602393132 93.62728881835938 0
1675602393460 91.89452362060547 0
1675602393770 92.36968231201172 0
1675602394053 93.045166015625 0
1675602394322 93.4576187133789 0
1675602394641 91.9502944946289 0
1675602394925 93.1781234741211 0
1675602395208 93.17464447021484 0
1675602395537 91.68273162841797 0
1675602395808 93.65225982666016 0
1675602396109 92.48368072509766 0
1675602396409 92.51699829101562 0
1675602396694 93.15274810791016 0
1675602396959 93.72071838378906 0
1675602397218 93.98711395263672 0
1675602397515 92.80814361572266 0
1675602397770 94.22421264648438 0
1675602398043 93.28610229492188 0
1675602398342 92.39107513427734 0
1675602398609 93.48448181152344 0
1675602398882 92.96949768066406 0
1675602399157 92.32926177978516 0
1675602399451 92.76526641845703 0
1675602399719 93.5271224975586 0
1675602400035 92.16097259521484 0
1675602400357 91.5714111328125 0
1675602400654 92.63092041015625 0
1675602400963 92.03079223632812 0
1675602401267 92.68223571777344 0
1675602401590 91.92439270019531 0
1675602401906 92.1253662109375 0
1675602402161 93.46942901611328 0
1675602402443 92.69296264648438 0
1675602402717 93.19586944580078 0
1675602402996 92.60245513916016 0
1675602403243 93.88957977294922 0
1675602403513 93.35057830810547 0
1675602403781 93.90451049804688 0
1675602404063 93.37554931640625 0
1675602404374 92.22905731201172 0
1675602404720 91.06623840332031 0
1675602404998 93.51214599609375 0
1675602405298 92.66747283935547 0
1675602405613 92.07918548583984 0
1675602405931 91.68128967285156 0
1675602406222 92.56507110595703 0
1675602406515 92.77561950683594 0
1675602406802 92.7542953491211 0
1675602407087 92.94415283203125 0
1675602407364 93.42267608642578 0
1675602407654 92.90512084960938 0
1675602407926 93.64254760742188 0
1675602408204 93.4976577758789 0
1675602408507 92.40644836425781 0
1675602408782 93.5810775756836 0
1675602409041 94.25321197509766 0
1675602409329 93.01339721679688 0
1675602409616 93.0413589477539 0
1675602409900 93.21456909179688 0
1675602410189 93.23934936523438 0
1675602410449 93.36480712890625 0
1675602410749 92.58838653564453 0
1675602411065 91.7939224243164 0
1675602411373 92.09195709228516 0
1675602411640 92.89083099365234 0
1675602411906 93.4368896484375 0
1675602412168 93.5697250366211 0
1675602412460 92.75249481201172 0
1675602412738 93.14954376220703 0
1675602413061 91.67402648925781 0
1675602413365 92.21129608154297 0
1675602413646 93.098876953125 0
1675602413940 92.60271453857422 0
1675602414224 93.04138946533203 0
1675602414545 91.54878997802734 0
1675602414851 92.10359191894531 0
1675602415166 91.4527359008789 0
1675602415444 93.13835144042969 0
1675602415686 93.97599029541016 0
1675602415933 93.71009063720703 0
1675602416212 93.18507385253906 0
1675602416524 91.82843017578125 0
1675602416800 93.28223419189453 0
1675602417091 92.73895263671875 0
1675602417381 92.90837097167969 0
1675602417674 92.68177032470703 0
1675602417968 92.63236236572266 0
1675602418259 92.47676086425781 0
1675602418504 93.91842651367188 0
1675602418782 93.22858428955078 0
1675602419050 93.59481811523438 0
1675602419352 92.4815673828125 0
1675602419637 93.13078308105469 0
1675602419928 92.87237548828125 0
1675602420210 93.51614379882812 0
1675602420505 92.5736083984375 0
1675602420805 92.56068420410156 0
1675602421069 93.80351257324219 0
1675602421395 91.4833984375 0
1675602421676 92.95895385742188 0
1675602422000 91.47147369384766 0
1675602422256 94.1663818359375 0
1675602422559 92.36956787109375 0
1675602422876 92.45581817626953 0
1675602423191 92.24382781982422 0
1675602423508 91.88287353515625 0
1675602423807 92.37224578857422 0
1675602424065 94.06959533691406 0
1675602424358 92.78753662109375 0
1675602424637 93.23182678222656 0
1675602424904 93.72056579589844 0
1675602425225 91.63308715820312 0
1675602425487 93.41144561767578 0
1675602425765 93.3288345336914 0
1675602426041 93.38766479492188 0
1675602426351 91.96770477294922 0
1675602426624 93.90098571777344 0
1675602426941 91.9330825805664 0
1675602427225 93.0348892211914 0
1675602427514 92.9444580078125 0
1675602427822 92.0348892211914 0
1675602428104 93.08490753173828 0
1675602428357 94.05904388427734 0
1675602428645 93.01639556884766 0
1675602428953 92.23296356201172 0
1675602429227 93.44725799560547 0
1675602429528 92.38355255126953 0
1675602429809 93.31197357177734 0
1675602430084 93.48013305664062 0
1675602430362 93.40129089355469 0
1675602430626 93.93329620361328 0
1675602430904 93.38629913330078 0
1675602431175 93.63465118408203 0
1675602431483 92.18563842773438 0
1675602431784 92.51359558105469 0
1675602432121 91.22452545166016 0
1675602432402 93.19933319091797 0
1675602432682 93.27149200439453 0
1675602433012 91.402587890625 0
1675602433293 93.33223724365234 0
1675602433573 93.45880126953125 0
1675602433846 93.62373352050781 0
1675602434145 92.55569458007812 0
1675602434443 92.37357330322266 0
1675602436434 92.20330810546875 0
1675602436721 93.07734680175781 0
1675602437009 93.07731628417969 0
1675602437318 92.21800994873047 0
1675602437601 93.36870574951172 0
1675602437972 91.89421844482422 0
1675602438251 93.00948333740234 0
1675602438530 92.89053344726562 0
1675602438807 93.00514221191406 0
1675602439087 93.18517303466797 0
1675602439373 92.5565185546875 0
1675602439635 93.10652160644531 0
1675602439913 92.32981872558594 0
1675602440178 93.69952392578125 0
1675602440497 92.23632049560547 0
1675602440780 93.17095184326172 0
1675602441076 92.56742858886719 0
1675602441359 93.1451187133789 0
1675602441653 92.76066589355469 0
1675602441964 92.04972839355469 0
1675602442272 92.39903259277344 0
1675602442595 91.65132141113281 0
1675602442872 93.43018341064453 0
1675602443190 91.85208129882812 0
1675602443448 93.19974517822266 0
1675602443729 93.29293060302734 0
1675602444000 93.22493743896484 0
1675602444298 92.08612060546875 0
1675602444588 93.1055908203125 0
1675602444880 92.56331634521484 0
1675602445143 93.75274658203125 0
1675602445438 92.72978973388672 0
1675602445687 94.5335693359375 0
1675602445999 92.07933044433594 0
1675602446266 93.65951538085938 0
1675602446534 93.857177734375 0
1675602446826 92.85113525390625 0
1675602447135 92.27936553955078 0
1675602447418 93.2499008178711 0
1675602447698 93.25703430175781 0
1675602447982 93.09857177734375 0
1675602448274 93.05767822265625 0
1675602448595 91.76203155517578 0
1675602448905 92.43672180175781 0
1675602449187 93.17559051513672 0
1675602449471 92.96266174316406 0
1675602449784 91.87393188476562 0
1675602450092 91.5716781616211 0
1675602450400 92.1867446899414 0
1675602450672 93.68121337890625 0
1675602450946 93.51927185058594 0
1675602451212 93.74212646484375 0
1675602451505 92.8686294555664 0
1675602451786 93.12722778320312 0
1675602452069 93.09513092041016 0
1675602452385 92.02899932861328 0
1675602452676 92.74989318847656 0
1675602452950 93.5375747680664 0
1675602453256 92.4326171875 0
1675602453517 93.87891387939453 0
1675602453818 92.36543273925781 0
1675602454100 93.13848876953125 0
1675602454377 93.33274841308594 0
1675602454640 93.8931655883789 0
1675602454906 93.8718490600586 0
1675602455191 92.97650909423828 0
1675602455451 94.19900512695312 0
1675602455741 92.73604583740234 0
1675602456058 91.83062744140625 0
1675602456370 92.1189193725586 0
1675602456635 93.7635269165039 0
1675602456903 93.7205810546875 0
1675602457198 92.60623931884766 0
1675602457515 92.04597473144531 0
1675602457835 91.37019348144531 0
1675602458099 93.42253112792969 0
1675602458379 93.27558898925781 0
1675602458650 93.51932525634766 0
1675602458947 92.03865051269531 0
1675602459198 93.95445251464844 0
1675602459494 92.43348693847656 0
1675602459765 93.11307525634766 0
1675602460065 93.28633880615234 0
1675602460360 92.08889770507812 0
1675602460630 93.1095199584961 0
1675602460875 94.23854064941406 0
1675602461147 93.5776138305664 0
1675602461462 91.7684097290039 0
1675602461740 93.09523010253906 0
1675602462022 93.07052612304688 0
1675602462319 92.65716552734375 0
1675602462651 91.7474136352539 0
1675602462972 91.88383483886719 0
1675602463271 92.72589874267578 0
1675602463562 92.9515380859375 0
1675602463842 93.54838562011719 0
1675602464119 93.4800796508789 0
1675602464396 93.23168182373047 0
1675602464652 93.36922454833984 0
1675602464959 92.15350341796875 0
1675602465245 93.05284118652344 0
1675602465522 92.90129852294922 0
1675602465785 93.14888000488281 0
1675602466052 93.1166763305664 0
1675602466339 92.81564331054688 0
1675602466613 93.47286224365234 0
1675602466940 91.57649993896484 0
1675602467229 93.20105743408203 0
1675602467512 93.11719512939453 0
1675602467797 93.30723571777344 0
1675602468080 93.23179626464844 0
1675602468338 94.09481048583984 0
1675602468632 92.8038330078125 0
1675602468932 92.88345336914062 0
1675602469233 91.86573028564453 0
1675602469523 92.4871597290039 0
1675602469795 92.97000122070312 0
1675602470059 93.31082916259766 0
1675602470356 92.54121398925781 0
1675602470641 93.10250854492188 0
1675602470904 93.44026947021484 0
1675602471163 93.54864501953125 0
1675602471435 93.64178466796875 0
1675602471707 93.49412536621094 0
1675602472021 91.89786529541016 0
1675602472306 93.29943084716797 0
1675602472618 92.07469177246094 0
1675602472912 92.93804931640625 0
1675602473233 91.69002532958984 0
1675602473528 92.19947052001953 0
1675602473803 93.31716918945312 0
1675602474079 93.3830795288086 0
1675602474361 93.22470092773438 0
1675602474681 92.03877258300781 0
1675602474966 92.88277435302734 0
1675602475276 92.33694458007812 0
1675602475562 93.0984115600586 0
1675602475882 91.83728790283203 0
1675602476198 92.12734985351562 0
1675602476463 93.9984130859375 0
1675602476806 91.05731201171875 0
1675602477077 93.93636322021484 0
1675602477380 92.46245574951172 0
1675602477649 93.80011749267578 0
1675602477927 93.4620132446289 0
1675602478224 92.63189697265625 0
1675602478506 93.2286605834961 0
1675602478839 91.71578979492188 0
1675602479146 92.38328552246094 0
1675602479436 92.77909851074219 0
1675602479705 92.9332275390625 0
1675602479987 92.85490417480469 0
1675602480305 92.0495834350586 0
1675602480623 92.15390014648438 0
1675602480896 93.6560287475586 0
1675602481198 92.52025604248047 0
1675602481463 93.61814880371094 0
