1675611408954 0.3439643383026123 0
1675611409192 0.3403710722923279 0
1675611409415 0.34419071674346924 0
1675611409616 0.34685346484184265 0
1675611409824 0.34541067481040955 0
1675611410037 0.3449326157569885 0
1675611410282 0.340160071849823 0
1675611410474 0.3469007611274719 0
1675611410704 0.34266141057014465 0
1675611410919 0.3433699607849121 0
1675611411107 0.3472684919834137 0
1675611411366 0.33725506067276 0
1675611411608 0.34110891819000244 0
1675611411833 0.3417149484157562 0
1675611412074 0.3398679494857788 0
1675611412318 0.33945712447166443 0
1675611412525 0.34419941902160645 0
1675611412754 0.34021633863449097 0
1675611412966 0.34321749210357666 0
1675611413176 0.3431769013404846 0
1675611413385 0.34329861402511597 0
1675611413590 0.3438461422920227 0
1675611413809 0.34203749895095825 0
1675611414020 0.3453509211540222 0
1675611414266 0.34061282873153687 0
1675611414495 0.3401508331298828 0
1675611414720 0.3424038887023926 0
1675611414968 0.3390567898750305 0
1675611415204 0.33898961544036865 0
1675611415430 0.33943405747413635 0
1675611415631 0.344747394323349 0
1675611415858 0.3399519622325897 0
1675611416111 0.3365049660205841 0
1675611416341 0.33951181173324585 0
1675611416569 0.33906787633895874 0
1675611416788 0.3396834433078766 0
1675611417001 0.340547114610672 0
1675611417216 0.34002333879470825 0
1675611417433 0.3408098518848419 0
1675611417660 0.3391919434070587 0
1675611417855 0.3419438898563385 0
1675611418063 0.3400433361530304 0
1675611418276 0.33882206678390503 0
1675611418521 0.33662667870521545 0
1675611418763 0.33537644147872925 0
1675611418970 0.3399278521537781 0
1675611419208 0.3352765440940857 0
1675611419416 0.3384036719799042 0
1675611419628 0.3386882245540619 0
1675611419840 0.3380488157272339 0
1675611420062 0.3370358645915985 0
1675611420269 0.33952006697654724 0
1675611420479 0.33932510018348694 0
1675611420697 0.3365110754966736 0
1675611420943 0.3341183662414551 0
1675611421143 0.3387634754180908 0
1675611421340 0.33936867117881775 0
1675611421560 0.33800825476646423 0
1675611421786 0.3381185531616211 0
1675611422024 0.33677393198013306 0
1675611422258 0.33700403571128845 0
1675611422499 0.33590269088745117 0
1675611422750 0.33468881249427795 0
1675611422980 0.335645854473114 0
1675611423192 0.336895227432251 0
1675611423434 0.33540019392967224 0
1675611423670 0.33349910378456116 0
1675611423898 0.33554843068122864 0
1675611424148 0.33316755294799805 0
1675611424365 0.33509010076522827 0
1675611424561 0.337028443813324 0
1675611424787 0.33307257294654846 0
1675611425042 0.3305057883262634 0
1675611425288 0.33247917890548706 0
1675611425500 0.33438345789909363 0
1675611425746 0.3332006633281708 0
1675611426015 0.331866979598999 0
1675611426256 0.33266979455947876 0
1675611426528 0.32909104228019714 0
1675611426759 0.3321859538555145 0
1675611426974 0.33232274651527405 0
1675611427193 0.33193451166152954 0
1675611427416 0.33409929275512695 0
1675611427674 0.3282521069049835 0
1675611427885 0.3324889540672302 0
1675611428111 0.3311495780944824 0
1675611428331 0.33090540766716003 0
1675611428536 0.3318517506122589 0
1675611428743 0.3317791521549225 0
1675611428969 0.330035924911499 0
1675611429184 0.331808865070343 0
1675611429377 0.33217594027519226 0
1675611429582 0.3308073878288269 0
1675611429774 0.3323493003845215 0
1675611430000 0.328984797000885 0
1675611430225 0.3279407024383545 0
1675611430436 0.3294743299484253 0
1675611430675 0.3252534568309784 0
1675611430892 0.3281146287918091 0
1675611431099 0.32907187938690186 0
1675611431347 0.32353925704956055 0
1675611431570 0.3275224268436432 0
1675611431784 0.33001604676246643 0
1675611432018 0.32726752758026123 0
1675611432258 0.32715126872062683 0
1675611432444 0.33270853757858276 0
1675611432686 0.3245544135570526 0
1675611432903 0.32630684971809387 0
1675611433117 0.3272877037525177 0
1675611433325 0.3273731470108032 0
1675611433526 0.32802823185920715 0
1675611433756 0.32441356778144836 0
1675611433975 0.32622939348220825 0
1675611434200 0.32521796226501465 0
1675611434412 0.32532596588134766 0
1675611434630 0.3242270350456238 0
1675611434859 0.3236188590526581 0
1675611435076 0.3234005868434906 0
1675611435295 0.32304835319519043 0
1675611435518 0.32262805104255676 0
1675611435737 0.32285377383232117 0
1675611435947 0.3237006664276123 0
1675611436163 0.32185041904449463 0
1675611436389 0.32061129808425903 0
1675611436582 0.3249407410621643 0
1675611436874 0.3177013099193573 0
1675611437144 0.31874722242355347 0
1675611437387 0.3205426037311554 0
1675611437638 0.3191147446632385 0
1675611437850 0.3218229115009308 0
1675611438075 0.3188977837562561 0
1675611438289 0.32207831740379333 0
1675611438537 0.31605789065361023 0
1675611438760 0.3195337653160095 0
1675611438982 0.3174743056297302 0
1675611439200 0.31777223944664 0
1675611439433 0.31597304344177246 0
1675611439669 0.314821720123291 0
1675611439909 0.31884336471557617 0
1675611440117 0.3186905086040497 0
1675611440325 0.31665173172950745 0
1675611440556 0.31397637724876404 0
1675611440797 0.3125079870223999 0
1675611440998 0.3163616359233856 0
1675611441224 0.3132740259170532 0
1675611441457 0.3138110041618347 0
1675611441687 0.312460720539093 0
1675611441921 0.315021812915802 0
1675611442162 0.3137223720550537 0
1675611442407 0.3102397918701172 0
1675611442634 0.31339797377586365 0
1675611442885 0.31068146228790283 0
1675611443099 0.31426846981048584 0
1675611443323 0.31133174896240234 0
1675611443579 0.3062029182910919 0
1675611443802 0.3103778064250946 0
1675611444029 0.31035417318344116 0
1675611445535 0.31087958812713623 0
1675611445741 0.30925217270851135 0
1675611445942 0.30885130167007446 0
1675611446173 0.3044109046459198 0
1675611446378 0.3064676821231842 0
1675611446570 0.3077566921710968 0
1675611446755 0.30784475803375244 0
1675611446946 0.3064763844013214 0
1675611447148 0.30514055490493774 0
1675611447386 0.3015214502811432 0
1675611447645 0.297637015581131 0
1675611447837 0.30419808626174927 0
1675611448035 0.3031914234161377 0
1675611448253 0.30067259073257446 0
1675611448467 0.2996782064437866 0
1675611448701 0.29716089367866516 0
1675611448966 0.29585519433021545 0
1675611449192 0.2978300154209137 0
1675611449414 0.2988727390766144 0
1675611449647 0.2973345220088959 0
1675611449857 0.2974530756473541 0
1675611450078 0.29550495743751526 0
1675611450313 0.29365992546081543 0
1675611450552 0.29435405135154724 0
1675611450796 0.29416710138320923 0
1675611451027 0.2922022342681885 0
1675611451232 0.293098509311676 0
1675611451452 0.28982508182525635 0
1675611451671 0.28930363059043884 0
1675611451899 0.2896481454372406 0
1675611452112 0.289639413356781 0
1675611452360 0.2862342298030853 0
1675611452644 0.28400513529777527 0
1675611452873 0.2855735123157501 0
1675611453079 0.28545281291007996 0
1675611453313 0.28212571144104004 0
1675611453529 0.28269636631011963 0
1675611453801 0.2808656096458435 0
1675611454069 0.2786843776702881 0
1675611454328 0.2791096866130829 0
1675611454584 0.27761131525039673 0
1675611454834 0.27542343735694885 0
1675611455054 0.27630895376205444 0
1675611455277 0.2745308578014374 0
1675611455531 0.27148038148880005 0
1675611455743 0.27403661608695984 0
1675611455966 0.2712009847164154 0
1675611456190 0.27018487453460693 0
1675611456435 0.26772749423980713 0
1675611456659 0.2689102292060852 0
1675611456868 0.2673575282096863 0
1675611457084 0.265123575925827 0
1675611457328 0.262677937746048 0
1675611457586 0.2618598937988281 0
1675611457814 0.26016977429389954 0
1675611458080 0.25714313983917236 0
1675611458312 0.257876455783844 0
1675611458552 0.2546975910663605 0
1675611458767 0.25494009256362915 0
1675611458988 0.2530613839626312 0
1675611459215 0.2510525584220886 0
1675611459410 0.25121402740478516 0
1675611459605 0.24968864023685455 0
1675611459895 0.2444154918193817 0
1675611460171 0.24301916360855103 0
1675611460418 0.242557555437088 0
1675611460660 0.2411624640226364 0
1675611460867 0.23967435956001282 0
1675611461115 0.23661765456199646 0
1675611461385 0.2341233342885971 0
1675611461616 0.23398932814598083 0
1675611461844 0.23098506033420563 0
1675611462077 0.2293538600206375 0
1675611462321 0.22656160593032837 0
1675611462520 0.2261699140071869 0
1675611462748 0.22249065339565277 0
1675611463025 0.22006896138191223 0
1675611463289 0.21804672479629517 0
1675611463552 0.21480488777160645 0
1675611463782 0.2137564718723297 0
1675611463981 0.21250098943710327 0
1675611464227 0.2082521766424179 0
1675611464464 0.2062077820301056 0
1675611464696 0.20411205291748047 0
1675611464929 0.20202668011188507 0
1675611465138 0.19977597892284393 0
1675611465343 0.19680234789848328 0
1675611465568 0.19412130117416382 0
1675611465764 0.19184133410453796 0
1675611465970 0.18928948044776917 0
1675611466168 0.18642523884773254 0
1675611466396 0.18352240324020386 0
1675611466616 0.1808089017868042 0
1675611466850 0.17790591716766357 0
1675611467114 0.17529751360416412 0
1675611467347 0.17250476777553558 0
1675611467592 0.16942198574543 0
1675611467817 0.16652369499206543 0
1675611468031 0.16375716030597687 0
1675611468263 0.1610182821750641 0
1675611468490 0.15775668621063232 0
1675611468701 0.15430520474910736 0
1675611468936 0.15220797061920166 0
1675611469153 0.14885298907756805 0
1675611469384 0.14581528306007385 0
1675611469614 0.14228276908397675 0
1675611469867 0.13989201188087463 0
1675611470174 0.13846909999847412 0
1675611470416 0.1338030993938446 0
1675611470642 0.13084273040294647 0
1675611470870 0.12873868644237518 0
1675611471072 0.1241631805896759 0
1675611471317 0.12306247651576996 0
1675611471530 0.11829178035259247 0
1675611471754 0.11701173335313797 0
1675611471973 0.11268369853496552 0
1675611472181 0.10922782868146896 0
1675611472392 0.10656746476888657 0
1675611472598 0.10317270457744598 0
1675611472813 0.10154980421066284 0
1675611473005 0.09782108664512634 0
1675611473235 0.09674937278032303 0
1675611473477 0.09357956796884537 0
1675611473713 0.09118489176034927 0
1675611473939 0.08778589963912964 0
1675611474193 0.08482876420021057 0
1675611474469 0.08290232717990875 0
1675611474676 0.08015386760234833 0
1675611474865 0.07568960636854172 0
1675611475091 0.07509618252515793 0
1675611475329 0.07415153831243515 0
1675611475518 0.06869802623987198 0
1675611475751 0.06915247440338135 0
1675611475966 0.06549647450447083 0
1675611476181 0.06382301449775696 0
1675611476418 0.06349321454763412 0
1675611476650 0.059208016842603683 0
1675611476869 0.0576142817735672 0
1675611477077 0.05484794080257416 0
1675611477310 0.05479595437645912 0
1675611477561 0.05363744497299194 0
1675611477807 0.052003443241119385 0
1675611478040 0.04837885499000549 0
1675611478262 0.04798860102891922 0
1675611478496 0.04684489965438843 0
1675611478734 0.046205028891563416 0
1675611478961 0.04443645104765892 0
1675611479181 0.04219064489006996 0
1675611479388 0.03984697535634041 0
1675611479611 0.039495594799518585 0
1675611479844 0.03897329792380333 0
1675611480052 0.0359327606856823 0
1675611480317 0.03931659087538719 0
1675611480547 0.03561471030116081 0
1675611480757 0.033408936113119125 0
1675611480972 0.031102437525987625 0
1675611481172 0.030593499541282654 0
1675611482699 0.030151743441820145 0
1675611482902 0.028739776462316513 0
1675611483110 0.028624173253774643 0
1675611483327 0.028688888996839523 0
1675611483543 0.027798006311058998 0
1675611483757 0.026980599388480186 0
1675611483967 0.02592204324901104 0
1675611484180 0.025967882946133614 0
1675611484394 0.025427721440792084 0
1675611484605 0.023709816858172417 0
1675611484841 0.024769647046923637 0
1675611485071 0.02454426698386669 0
1675611485299 0.023685531690716743 0
1675611485525 0.021098418161273003 0
1675611485783 0.023219842463731766 0
1675611486048 0.023469315841794014 0
1675611486254 0.020452793687582016 0
1675611486495 0.02330351248383522 0
1675611486733 0.022127510979771614 0
1675611486932 0.017723174765706062 0
1675611487180 0.021082693710923195 0
1675611487397 0.01795213110744953 0
1675611487676 0.02261621318757534 0
1675611487901 0.018165627494454384 0
1675611488124 0.018983134999871254 0
1675611488334 0.016659380868077278 0
1675611488548 0.01698855310678482 0
1675611488744 0.014844822697341442 0
1675611488965 0.01660100370645523 0
1675611489226 0.018634945154190063 0
1675611489518 0.02119283936917782 0
1675611489762 0.016596708446741104 0
1675611489970 0.01327494252473116 0
1675611490199 0.016272231936454773 0
1675611490426 0.01694340631365776 0
1675611490676 0.017108391970396042 0
1675611490898 0.015178835950791836 0
1675611491107 0.01427390519529581 0
1675611491349 0.017993535846471786 0
1675611491582 0.017027009278535843 0
1675611491787 0.014194328337907791 0
1675611492008 0.015181442722678185 0
1675611492222 0.014093794859945774 0
1675611492420 0.012580578215420246 0
1675611492607 0.012055531144142151 0
1675611492831 0.01474612858146429 0
1675611493053 0.014338054694235325 0
1675611493286 0.0142056317999959 0
1675611493501 0.012631934136152267 0
1675611493760 0.014796833507716656 0
1675611493993 0.012112212367355824 0
1675611494229 0.013139460235834122 0
1675611494464 0.012687016278505325 0
1675611494739 0.013170439749956131 0
1675611494970 0.011855721473693848 0
1675611495188 0.010971082374453545 0
1675611495444 0.014166713692247868 0
1675611495662 0.011677921749651432 0
1675611495873 0.011854443699121475 0
1675611496079 0.011109158396720886 0
1675611496312 0.013026123866438866 0
1675611496568 0.015071886591613293 0
1675611496816 0.014482034370303154 0
1675611497040 0.011513435281813145 0
1675611497292 0.0140352388843894 0
1675611497530 0.010712550021708012 0
1675611497779 0.01196177490055561 0
1675611498035 0.013225462287664413 0
1675611498310 0.013211890123784542 0
1675611498556 0.013295304961502552 0
1675611498819 0.013207838870584965 0
1675611499065 0.014381245709955692 0
1675611499258 0.010038656182587147 0
1675611499468 0.011556355282664299 0
1675611499707 0.013683454133570194 0
1675611499927 0.01300926972180605 0
1675611500157 0.012579590082168579 0
1675611500344 0.009159482084214687 0
1675611500569 0.012478889897465706 0
1675611500780 0.011830721981823444 0
1675611500975 0.009868334978818893 0
1675611501193 0.012254594825208187 0
1675611501423 0.012916330248117447 0
1675611501654 0.012594100087881088 0
1675611501847 0.009383253753185272 0
1675611502042 0.00955810397863388 0
1675611502272 0.011558575555682182 0
1675611502492 0.010414413176476955 0
1675611502701 0.010754412971436977 0
1675611502909 0.010528639890253544 0
1675611503115 0.010036760941147804 0
1675611503334 0.011350534856319427 0
1675611503566 0.012974756769835949 0
1675611503798 0.012988959439098835 0
1675611504000 0.00953390821814537 0
1675611504223 0.011780951172113419 0
1675611504463 0.012457112781703472 0
1675611504678 0.010845071636140347 0
1675611504904 0.010713781230151653 0
1675611505101 0.009064211510121822 0
1675611505334 0.01224200613796711 0
1675611505547 0.011430298909544945 0
1675611505762 0.011167118325829506 0
1675611505957 0.009047836065292358 0
1675611506153 0.009208790957927704 0
1675611506370 0.009429898113012314 0
1675611506586 0.010545381344854832 0
1675611506818 0.012156556360423565 0
1675611507043 0.011255541816353798 0
1675611507281 0.011582598090171814 0
1675611507500 0.009726900607347488 0
1675611507712 0.010005165822803974 0
1675611507915 0.008887562900781631 0
1675611508158 0.01239042729139328 0
1675611508389 0.01045458298176527 0
1675611508634 0.010683727450668812 0
1675611508860 0.010909018106758595 0
1675611509054 0.00876524392515421 0
1675611509276 0.010596646927297115 0
1675611509525 0.012489252723753452 0
1675611509739 0.009130081161856651 0
1675611509964 0.010460359044373035 0
1675611510169 0.010131935589015484 0
1675611510382 0.009381268173456192 0
1675611510602 0.011503264307975769 0
1675611510835 0.010745479725301266 0
1675611511075 0.011981395073235035 0
1675611511301 0.011261578649282455 0
1675611511518 0.010552301071584225 0
1675611511767 0.011537572368979454 0
1675611511998 0.008500874973833561 0
1675611512238 0.00796404667198658 0
1675611512534 0.013371199369430542 0
1675611512773 0.011576173827052116 0
1675611512992 0.0097767049446702 0
1675611513185 0.008409503847360611 0
1675611513386 0.00959637388586998 0
1675611513628 0.012202676385641098 0
1675611513865 0.009618540294468403 0
1675611514113 0.011215425096452236 0
1675611514338 0.009476792998611927 0
1675611514562 0.010881411843001842 0
1675611514779 0.008474797010421753 0
1675611515034 0.010549236088991165 0
1675611515250 0.007684081792831421 0
1675611515501 0.009488950483500957 0
1675611515743 0.0103826355189085 0
1675611515964 0.0103123364970088 0
1675611516191 0.01153717003762722 0
1675611516435 0.010977416299283504 0
1675611516651 0.00816431175917387 0
1675611516855 0.008731704205274582 0
1675611517077 0.010244887322187424 0
1675611517299 0.011051226407289505 0
1675611517518 0.009545846842229366 0
1675611517783 0.012591446749866009 0
1675611518016 0.012041126377880573 0
1675611519498 0.012284769676625729 0
1675611519704 0.009470675140619278 0
1675611519938 0.011599637567996979 0
1675611520158 0.009162594564259052 0
1675611520389 0.010588149540126324 0
1675611520616 0.009096971713006496 0
1675611520849 0.009796060621738434 0
1675611521064 0.009069995954632759 0
1675611521294 0.010907234624028206 0
1675611521518 0.010048413649201393 0
1675611521745 0.009486072696745396 0
1675611521966 0.008289082907140255 0
1675611522174 0.009072825312614441 0
1675611522400 0.010979621671140194 0
1675611522653 0.011029455810785294 0
1675611522900 0.010798088274896145 0
1675611523122 0.010394816286861897 0
1675611523338 0.01015588827431202 0
1675611523542 0.008714568801224232 0
1675611523771 0.010272393003106117 0
1675611523997 0.010298393666744232 0
1675611524194 0.009036575444042683 0
1675611524407 0.008771703578531742 0
1675611524671 0.013719660229980946 0
1675611524870 0.008523738011717796 0
1675611525065 0.008336657658219337 0
1675611525267 0.009123096242547035 0
1675611525473 0.009842228144407272 0
1675611525702 0.0118897445499897 0
1675611525908 0.010236747562885284 0
1675611526125 0.0107305021956563 0
1675611526333 0.009487522765994072 0
1675611526536 0.008902078494429588 0
1675611526782 0.011765399016439915 0
1675611527012 0.009409353137016296 0
1675611527279 0.010589929297566414 0
1675611527493 0.00889134593307972 0
1675611527735 0.01180955395102501 0
1675611527984 0.012159031815826893 0
1675611528211 0.010833915323019028 0
1675611528465 0.01183851808309555 0
1675611528715 0.01224449835717678 0
1675611528984 0.014132518321275711 0
1675611529211 0.010644474998116493 0
1675611529416 0.008790195919573307 0
1675611529648 0.0105298962444067 0
1675611529858 0.009178717620670795 0
1675611530095 0.01256893202662468 0
1675611530329 0.010231859050691128 0
1675611530563 0.010427060537040234 0
1675611530786 0.010126194916665554 0
1675611530983 0.008162440732121468 0
1675611531191 0.009742924012243748 0
1675611531439 0.01009400375187397 0
1675611531669 0.010966550558805466 0
1675611531939 0.01161834318190813 0
1675611532149 0.009394707158207893 0
1675611532378 0.011995737440884113 0
1675611532584 0.008981187827885151 0
1675611532798 0.00985583383589983 0
1675611533023 0.009702818468213081 0
1675611533298 0.012231994420289993 0
1675611533504 0.00868774950504303 0
1675611533721 0.009734636172652245 0
1675611533965 0.012461677193641663 0
1675611534185 0.009983014315366745 0
1675611534403 0.009750508703291416 0
1675611534621 0.010535932146012783 0
1675611534839 0.0105202104896307 0
1675611535102 0.014200788922607899 0
1675611535363 0.013332056812942028 0
1675611535636 0.012544617056846619 0
1675611535852 0.010149114765226841 0
1675611536064 0.009236861951649189 0
1675611536261 0.007821052335202694 0
1675611536472 0.009116663597524166 0
1675611536713 0.012060399167239666 0
1675611536915 0.008906434290111065 0
1675611537150 0.01204744540154934 0
1675611537404 0.012437446974217892 0
1675611537601 0.006838683504611254 0
1675611537809 0.009520639665424824 0
1675611538028 0.009909183718264103 0
1675611538234 0.00903052743524313 0
1675611538443 0.009238145314157009 0
1675611538665 0.01028518471866846 0
1675611538880 0.009106844663619995 0
1675611539090 0.009241705760359764 0
1675611539299 0.009486420080065727 0
1675611539537 0.011755700223147869 0
1675611539757 0.010067085735499859 0
1675611539964 0.00887329038232565 0
1675611540187 0.010196584276854992 0
1675611540394 0.008924750611186028 0
1675611540638 0.01070238184183836 0
1675611540867 0.01056641899049282 0
1675611541103 0.01081231888383627 0
1675611541365 0.01159665361046791 0
1675611541615 0.010722918435931206 0
1675611541860 0.010589155368506908 0
1675611542091 0.01029256172478199 0
1675611542342 0.010489638894796371 0
1675611542597 0.010274143889546394 0
1675611542839 0.0109787005931139 0
1675611543045 0.009691528044641018 0
1675611543296 0.013308960013091564 0
1675611543521 0.010648518800735474 0
1675611543731 0.0089316600933671 0
1675611543938 0.008037913590669632 0
1675611544145 0.00884177628904581 0
1675611544341 0.008264648728072643 0
1675611544571 0.011780466884374619 0
1675611544824 0.013694277964532375 0
1675611545063 0.010692428797483444 0
1675611545264 0.00855429656803608 0
1675611545495 0.012703641317784786 0
1675611545705 0.010028560645878315 0
1675611545945 0.013691002503037453 0
1675611546158 0.010559027083218098 0
1675611546372 0.010583623312413692 0
1675611546600 0.01137328427284956 0
1675611546813 0.010153603740036488 0
1675611547065 0.010623105801641941 0
1675611547305 0.012545573525130749 0
1675611547518 0.008956961333751678 0
1675611547731 0.008396072313189507 0
1675611547981 0.011926935985684395 0
1675611548213 0.011463976465165615 0
1675611548424 0.008161403238773346 0
1675611548665 0.01035440806299448 0
1675611548881 0.008739817887544632 0
1675611549091 0.009679334238171577 0
1675611549342 0.010471577756106853 0
1675611549556 0.009672723710536957 0
1675611549778 0.010921185836195946 0
1675611549998 0.010260672308504581 0
1675611550209 0.009739700704813004 0
1675611550439 0.011814586818218231 0
1675611550636 0.008537123911082745 0
1675611550878 0.011332101188600063 0
1675611551072 0.008384453132748604 0
1675611551278 0.009235373698174953 0
1675611551503 0.010970968753099442 0
1675611551721 0.010564439930021763 0
1675611551958 0.010665195994079113 0
1675611552179 0.010287349112331867 0
1675611552394 0.008418576791882515 0
1675611552615 0.010072009637951851 0
1675611552830 0.010004584677517414 0
1675611553060 0.010857580229640007 0
1675611553274 0.009587985463440418 0
1675611553470 0.007613553665578365 0
1675611553704 0.009699134156107903 0
1675611553927 0.009740049950778484 0
1675611554129 0.008404080756008625 0
1675611554383 0.013982665725052357 0
1675611554613 0.011896422132849693 0
1675611556048 0.00943668931722641 0
1675611556261 0.010031867772340775 0
1675611556458 0.008342346176505089 0
1675611556650 0.008159846998751163 0
1675611556898 0.012590521015226841 0
1675611557126 0.009953021071851254 0
1675611557366 0.009739714674651623 0
1675611557626 0.009581869468092918 0
1675611557841 0.009225432761013508 0
1675611558075 0.009307535365223885 0
1675611558294 0.009220531210303307 0
1675611558517 0.009000828489661217 0
1675611558745 0.010060355067253113 0
1675611558960 0.009327845647931099 0
1675611559200 0.011745434254407883 0
1675611559408 0.008352714590728283 0
1675611559643 0.009789305739104748 0
1675611559861 0.009328763000667095 0
1675611560086 0.010229487903416157 0
1675611560307 0.010803908109664917 0
1675611560547 0.011697838082909584 0
1675611560761 0.009866149164736271 0
1675611560991 0.01073961891233921 0
1675611561196 0.008708421140909195 0
1675611561416 0.009824506007134914 0
1675611561694 0.015161138027906418 0
1675611561930 0.011083737015724182 0
1675611562138 0.009435257874429226 0
1675611562351 0.00982718076556921 0
1675611562585 0.011199858970940113 0
1675611562802 0.010123771615326405 0
1675611563099 0.014691047370433807 0
1675611563321 0.010120423510670662 0
1675611563517 0.008223671466112137 0
1675611563741 0.010751638561487198 0
1675611563940 0.008382611908018589 0
1675611564170 0.010792095214128494 0
1675611564374 0.007632289081811905 0
1675611564598 0.009922590106725693 0
1675611564795 0.008046719245612621 0
1675611565025 0.008467836305499077 0
1675611565279 0.009914151392877102 0
1675611565540 0.010198096744716167 0
1675611565755 0.008476408198475838 0
1675611565986 0.009117810055613518 0
1675611566209 0.009372886270284653 0
1675611566414 0.009029049426317215 0
1675611566645 0.011462169699370861 0
1675611566859 0.009732923470437527 0
1675611567098 0.012712408788502216 0
1675611567375 0.01240981463342905 0
1675611567632 0.00955253466963768 0
1675611567869 0.011792036704719067 0
1675611568074 0.00875619426369667 0
1675611568288 0.010016817599534988 0
1675611568557 0.01167614571750164 0
1675611568768 0.008359516970813274 0
1675611569029 0.010964456014335155 0
1675611569279 0.01071888580918312 0
1675611569532 0.011354537680745125 0
1675611569809 0.013488015159964561 0
1675611570066 0.01035070326179266 0
1675611570331 0.011304139159619808 0
1675611570582 0.010628550313413143 0
1675611570808 0.010776796378195286 0
1675611571054 0.011134114116430283 0
1675611571260 0.007199582643806934 0
1675611571525 0.011327214539051056 0
1675611571802 0.013254809193313122 0
1675611572055 0.010915017686784267 0
1675611572316 0.00963384285569191 0
1675611572597 0.0106361648067832 0
1675611572799 0.008686956949532032 0
1675611573010 0.00931924395263195 0
1675611573217 0.00941119808703661 0
1675611573440 0.010968679562211037 0
1675611573648 0.00910432729870081 0
1675611573905 0.011301626451313496 0
1675611574134 0.010929894633591175 0
1675611574361 0.010805996134877205 0
1675611574574 0.009933661669492722 0
1675611574794 0.010844947770237923 0
1675611575025 0.011973652988672256 0
1675611575261 0.011624726466834545 0
1675611575502 0.012081345543265343 0
1675611575716 0.008983244188129902 0
1675611575935 0.008733158931136131 0
1675611576159 0.009023967199027538 0
1675611576366 0.008591569028794765 0
1675611576577 0.009898781776428223 0
1675611576796 0.0096807349473238 0
1675611577007 0.009418269619345665 0
1675611577211 0.00876663438975811 0
1675611577454 0.011019643396139145 0
1675611577708 0.011784359812736511 0
1675611577929 0.009605951607227325 0
1675611578145 0.009891771711409092 0
1675611578334 0.008391935378313065 0
1675611578541 0.009381012991070747 0
1675611578768 0.010786167345941067 0
1675611578979 0.009721512906253338 0
1675611579188 0.009449884295463562 0
1675611579383 0.008845904842019081 0
1675611579596 0.010006743483245373 0
1675611579834 0.012535080313682556 0
1675611580067 0.010494141839444637 0
1675611580274 0.009684644639492035 0
1675611580501 0.011367999948561192 0
1675611580708 0.009187859483063221 0
1675611580948 0.012939919717609882 0
1675611581182 0.011180673725903034 0
1675611581410 0.011539948172867298 0
1675611581600 0.007871432229876518 0
1675611581839 0.011785568669438362 0
1675611582054 0.009494160301983356 0
1675611582284 0.009772125631570816 0
1675611582500 0.009346142411231995 0
1675611582730 0.011380868963897228 0
1675611582974 0.010129585862159729 0
1675611583191 0.008189251646399498 0
1675611583417 0.010538848116993904 0
1675611583670 0.011620941571891308 0
1675611583892 0.009815246798098087 0
1675611584119 0.010488791391253471 0
1675611584336 0.010073278099298477 0
1675611584567 0.01104310154914856 0
1675611584773 0.008675951510667801 0
1675611584985 0.010026620700955391 0
1675611585243 0.01161107886582613 0
1675611585456 0.009627950377762318 0
1675611585678 0.010336343199014664 0
1675611585915 0.011754588223993778 0
1675611586148 0.011017355136573315 0
1675611586365 0.009765978902578354 0
1675611586567 0.008684425614774227 0
1675611586810 0.011504183523356915 0
1675611587075 0.01001377310603857 0
1675611587314 0.00938892550766468 0
1675611587605 0.011565852910280228 0
1675611587841 0.011245205998420715 0
1675611588073 0.011177106760442257 0
1675611588268 0.008891820907592773 0
1675611588482 0.010698739439249039 0
1675611588691 0.009546461515128613 0
1675611588908 0.010445371270179749 0
1675611589124 0.010524358600378036 0
1675611589373 0.01320861466228962 0
1675611589600 0.010198552161455154 0
1675611589856 0.0129251005128026 0
1675611590073 0.009598737582564354 0
1675611590283 0.009866924025118351 0
1675611590501 0.009420203045010567 0
1675611590700 0.008496928960084915 0
1675611590936 0.011669512838125229 0
1675611591160 0.0108281709253788 0
1675611591358 0.00852011889219284 0
1675611591562 0.008942728862166405 0
