1675847864629 0.6855076551437378 0
1675847864660 0.6861366033554077 0
1675847864692 0.6743955016136169 0
1675847864724 0.6708135604858398 0
1675847864758 0.6467225551605225 0
1675847864787 0.6801273226737976 0
1675847864818 0.6763309240341187 0
1675847864848 0.6740110516548157 0
1675847864878 0.6766958236694336 0
1675847864907 0.6229228973388672 0
1675847864938 0.6185052394866943 0
1675847864969 0.6150771379470825 0
1675847864999 0.6353722810745239 0
1675847865027 0.6313157677650452 0
1675847865056 0.6833481192588806 0
1675847865086 0.5763635635375977 0
1675847865117 0.6767816543579102 0
1675847865146 0.5807147026062012 0
1675847865178 0.6135756969451904 0
1675847865209 0.5671215653419495 0
1675847865240 0.5183168649673462 0
1675847865270 0.607230007648468 0
1675847865303 0.5503185391426086 0
1675847865334 0.529884934425354 0
1675847865366 0.7288500666618347 0
1675847865399 0.46769997477531433 0
1675847865428 0.6030169129371643 0
1675847865457 0.739211916923523 0
1675847865487 0.5293397307395935 0
1675847865517 0.7325931191444397 0
1675847865549 0.6259007453918457 0
1675847865581 0.7173604965209961 0
1675847865614 0.560330867767334 0
1675847865645 0.7259664535522461 0
1675847865675 0.6459241509437561 0
1675847865703 0.6276664733886719 0
1675847865735 0.5190839171409607 0
1675847865770 0.496957391500473 0
1675847865800 0.6194656491279602 0
1675847865832 0.5015126466751099 0
1675847865864 0.5874221920967102 0
1675847865893 0.5977818369865417 0
1675847865927 0.47262662649154663 0
1675847865959 0.5355420708656311 0
1675847865992 0.523792028427124 0
1675847866023 0.6901090741157532 0
1675847866052 0.5870950222015381 0
1675847866085 0.4915413558483124 0
1675847866116 0.5389549732208252 0
1675847866145 0.6499873995780945 0
1675847866175 0.5945264101028442 0
1675847866205 0.5403478145599365 0
1675847866237 0.4878591299057007 0
1675847866269 0.6543318033218384 0
1675847866301 0.6700912117958069 0
1675847866332 0.7541371583938599 0
1675847866365 0.45827141404151917 0
1675847866397 0.5242072939872742 0
1675847866426 0.6392880082130432 0
1675847866456 0.751875638961792 0
1675847866488 0.5100459456443787 0
1675847866521 0.5918794274330139 0
1675847866551 0.5729672312736511 0
1675847866582 0.6699718236923218 0
1675847866615 0.4868614375591278 0
1675847866645 0.6287250518798828 0
1675847866676 0.5261198878288269 0
1675847866708 0.5240119695663452 0
1675847866737 0.7279544472694397 0
1675847866771 0.44894346594810486 0
1675847866803 0.7092329263687134 0
1675847866834 0.6729750633239746 0
1675847866866 0.5375223755836487 0
1675847866898 0.4633803367614746 0
1675847866929 0.6707317233085632 0
1675847866960 0.5055079460144043 0
1675847866991 0.6949101686477661 0
1675847867023 0.4851166903972626 0
1675847867053 0.5219969153404236 0
1675847867083 0.6487742066383362 0
1675847867115 0.4496912360191345 0
1675847867146 0.6183915734291077 0
1675847867176 0.5973979234695435 0
1675847867208 0.5055443644523621 0
1675847867238 0.5864688158035278 0
1675847867269 0.47630468010902405 0
1675847867299 0.5626345276832581 0
1675847867331 0.5416713953018188 0
1675847867362 0.47711822390556335 0
1675847867391 0.5835532546043396 0
1675847867421 0.6494590044021606 0
1675847867452 0.5941583514213562 0
1675847867482 0.5231174230575562 0
1675847867513 0.5207287073135376 0
1675847867545 0.3993777334690094 0
1675847867575 0.6143204569816589 0
1675847867607 0.43579551577568054 0
1675847867639 0.5441477298736572 0
1675847867669 0.5658859610557556 0
1675847867702 0.35031476616859436 0
1675847867734 0.4685407876968384 0
1675847867766 0.47294071316719055 0
1675847867797 0.32861238718032837 0
1675847867827 0.5495074391365051 0
1675847867858 0.37157049775123596 0
1675847867891 0.47104746103286743 0
1675847867921 0.5669857859611511 0
1675847867951 0.37252286076545715 0
1675847867983 0.36196234822273254 0
1675847868014 0.5618048310279846 0
1675847868045 0.5557435750961304 0
1675847868074 0.32161232829093933 0
1675847868102 0.48426616191864014 0
1675847868133 0.5007014274597168 0
1675847868163 0.3116767704486847 0
1675847868197 0.3028155267238617 0
1675847868226 0.40014275908470154 0
1675847868260 0.41573551297187805 0
1675847868290 0.4627651274204254 0
1675847868322 0.5201173424720764 0
1675847868354 0.4558091163635254 0
1675847868387 0.42270663380622864 0
1675847868420 0.3566390872001648 0
1675847868451 0.2564029395580292 0
1675847868483 0.4931042492389679 0
1675847868514 0.33779701590538025 0
1675847868544 0.9843834042549133 0
1675847868576 0.3433999717235565 0
1675847868608 0.4666856825351715 0
1675847868640 0.5457426309585571 0
1675847868670 0.4697249233722687 0
1675847868700 0.4535665512084961 0
1675847868732 0.24035583436489105 0
1675847868761 0.4175871014595032 0
1675847868797 0.31118789315223694 0
1675847868828 0.4863428473472595 0
1675847868857 0.43839192390441895 0
1675847868889 0.53094083070755 0
1675847868919 0.30930060148239136 0
1675847868952 0.46439290046691895 0
1675847868982 0.5487039089202881 0
1675847869018 0.37093663215637207 0
1675847869051 0.3702482581138611 0
1675847869080 0.2295089215040207 0
1675847869109 0.45458510518074036 0
1675847869138 0.41709840297698975 0
1675847869169 0.30003175139427185 0
1675847869201 0.5660465955734253 0
1675847869233 0.3054472506046295 0
1675847869262 0.26648980379104614 0
1675847869291 0.280864417552948 0
1675847869319 0.20502358675003052 0
1675847869350 0.21814899146556854 0
1675847869379 0.4456818401813507 0
1675847869408 1.0737800598144531 0
1675847869440 0.27060309052467346 0
1675847869470 0.48211169242858887 0
1675847869501 0.4619550108909607 0
1675847869530 0.25227585434913635 0
1675847869561 0.2802705466747284 0
1675847869592 0.2688373327255249 0
1675847869625 0.40650609135627747 0
1675847869655 0.5545348525047302 0
1675847869687 0.3499104976654053 0
1675847869721 0.33317047357559204 0
1675847869752 0.4518195688724518 0
1675847869785 0.3820364475250244 0
1675847869816 0.23319801688194275 0
1675847869848 0.3019212484359741 0
1675847869882 0.3145887553691864 0
1675847869913 0.39175713062286377 0
1675847869943 0.5607362985610962 0
1675847869977 0.19664356112480164 0
1675847870012 0.27282723784446716 0
1675847870041 0.1629786640405655 0
1675847870073 0.19929739832878113 0
1675847870102 0.1835193783044815 0
1675847870135 0.5753692984580994 0
1675847870167 0.3323367238044739 0
1675847870197 0.09930247068405151 0
1675847870228 0.45631980895996094 0
1675847870258 0.33653363585472107 0
1675847870289 0.3332357704639435 0
1675847870321 0.7703790068626404 0
1675847870354 0.13715364038944244 0
1675847870384 0.22575287520885468 0
1675847870414 0.6989299654960632 0
1675847870445 0.491789847612381 0
1675847870478 0.16448290646076202 0
1675847870508 0.2755327820777893 0
1675847870539 0.5182931423187256 0
1675847870570 0.06250537186861038 0
1675847870600 0.24196583032608032 0
1675847870630 0.1549365520477295 0
1675847870660 0.7948424816131592 0
1675847870689 0.5941763520240784 0
1675847870720 0.52918541431427 0
1675847870751 0.09755619615316391 0
1675847870783 0.5247296094894409 0
1675847870812 0.3125489354133606 0
1675847870842 0.5352382659912109 0
1675847870873 0.4065577983856201 0
1675847870903 0.35573166608810425 0
1675847870934 0.09636103361845016 0
1675847870972 0.3829596936702728 0
1675847871005 0.42269450426101685 0
1675847871036 0.3581782877445221 0
1675847871066 0.3070257008075714 0
1675847871096 0.1011911928653717 0
1675847871127 0.2762981057167053 0
1675847871158 0.10911942273378372 0
1675847871189 0.30701369047164917 0
1675847871220 0.25431743264198303 0
1675847871253 0.4124010503292084 0
1675847871285 0.5134108662605286 0
1675847871315 0.10556124150753021 0
1675847871348 0.46636971831321716 0
1675847871379 0.17976616322994232 0
1675847871410 0.3758724629878998 0
1675847871441 0.21545903384685516 0
1675847871472 0.45223814249038696 0
1675847871507 0.47413262724876404 0
1675847871538 0.4849380850791931 0
1675847871572 0.49019891023635864 0
1675847871604 0.18091903626918793 0
1675847871636 0.3517807424068451 0
1675847871665 0.2237028330564499 0
1675847871697 0.30297568440437317 0
1675847871727 0.6675266623497009 0
1675847871758 0.26068517565727234 0
1675847871791 0.5342957377433777 0
1675847871821 0.16918376088142395 0
1675847871854 0.4461643099784851 0
1675847871888 0.3848327398300171 0
1675847871918 0.41674599051475525 0
1675847871948 0.299145370721817 0
1675847871980 0.44380536675453186 0
1675847872011 0.08033086359500885 0
1675847872043 0.23208120465278625 0
1675847872074 0.2582925260066986 0
1675847872105 0.4144386649131775 0
1675847872134 0.8772239685058594 0
1675847872166 0.1867637187242508 0
1675847872198 0.09133146703243256 0
1675847872228 0.4262571930885315 0
1675847872258 0.1290881633758545 0
1675847872291 0.35212570428848267 0
1675847872323 0.437091201543808 0
1675847872353 0.172145277261734 0
1675847872384 0.09118446707725525 0
1675847872418 0.5743013024330139 0
1675847872450 0.47583168745040894 0
1675847872480 0.28519052267074585 0
1675847872510 1.108858585357666 0
1675847872540 0.2847563326358795 0
1675847872569 0.37789401412010193 0
1675847872600 0.44451698660850525 0
1675847872629 0.2121405154466629 0
1675847872662 0.48481589555740356 0
1675847872691 0.43749138712882996 0
1675847872722 0.11637721210718155 0
1675847872753 0.1246505156159401 0
1675847872788 0.33888301253318787 0
1675847872819 0.7279025912284851 0
1675847872848 0.11519312858581543 0
1675847872878 0.08063696324825287 0
1675847872912 0.40062224864959717 0
1675847872942 0.09351995587348938 0
1675847872975 0.15813617408275604 0
1675847873008 0.6840646862983704 0
1675847873040 0.10723790526390076 0
1675847873070 0.6965898275375366 0
1675847873099 0.5866662263870239 0
1675847873130 0.7214202880859375 0
1675847873160 0.6675428748130798 0
1675847873190 0.5617963671684265 0
1675847873220 0.6259433627128601 0
1675847873252 0.40317389369010925 0
1675847873282 0.19836775958538055 0
1675847873314 0.5610899329185486 0
1675847873344 0.30340734124183655 0
1675847873374 0.36723077297210693 0
1675847873405 0.36889880895614624 0
1675847873436 0.2654234766960144 0
1675847873467 0.5337337851524353 0
1675847873500 0.4028974771499634 0
1675847873532 0.25038230419158936 0
1675847873564 0.17322757840156555 0
1675847873594 0.09232073277235031 0
1675847873625 0.19065648317337036 0
1675847873656 0.2946995496749878 0
1675847873690 0.3104519546031952 0
1675847873722 0.17391806840896606 0
1675847873755 0.3867364823818207 0
1675847873787 0.5159162878990173 0
1675847873818 0.15032075345516205 0
1675847873847 0.15469953417778015 0
1675847873887 0.8250830769538879 0
1675847873924 0.09779996424913406 0
1675847873956 0.3055780529975891 0
1675847873991 0.3168502151966095 0
1675847874024 0.3994748294353485 0
1675847874055 0.051866449415683746 0
1675847874085 0.7453501224517822 0
1675847874116 0.4757002294063568 0
1675847874147 0.362467885017395 0
1675847874177 0.6135584115982056 0
1675847874208 0.07466650009155273 0
1675847874240 0.4752482771873474 0
1675847874271 0.2805691957473755 0
1675847874304 0.5851597785949707 0
1675847874336 0.465017706155777 0
1675847874368 0.6493921279907227 0
1675847874402 0.29526257514953613 0
1675847874436 0.2956344187259674 0
1675847874470 0.3771061301231384 0
1675847874505 0.49464741349220276 0
1675847874538 0.4627847671508789 0
1675847874575 0.6204057931900024 0
1675847874611 0.13539744913578033 0
1675847874643 0.24613527953624725 0
1675847874681 0.14349757134914398 0
1675847874714 0.32865872979164124 0
1675847874747 0.33463308215141296 0
1675847874778 0.6059088110923767 0
1675847874809 0.35603487491607666 0
1675847874838 0.11549780517816544 0
1675847874871 0.46274489164352417 0
1675847874904 0.19515861570835114 0
1675847874934 0.40658295154571533 0
1675847874967 0.34430402517318726 0
1675847874999 0.21237504482269287 0
1675847875029 0.5499197840690613 0
1675847875060 0.6599429845809937 0
1675847875091 0.21451295912265778 0
1675847875124 0.4373956322669983 0
1675847875155 0.08955052495002747 0
1675847875184 0.15384940803050995 0
1675847875214 0.8016241192817688 0
1675847875244 0.1758686602115631 0
1675847875274 0.08348103612661362 0
1675847875304 0.30696049332618713 0
1675847875335 0.5879178047180176 0
1675847875368 0.34050247073173523 0
1675847875400 0.6899498105049133 0
1675847875431 0.43617504835128784 0
1675847875462 0.059360090643167496 0
1675847875495 0.47046172618865967 0
1675847875527 0.37741291522979736 0
1675847875555 0.07547476887702942 0
1675847875586 0.5796558856964111 0
1675847875620 0.308096319437027 0
1675847875654 0.3557380139827728 0
1675847875686 0.3964862525463104 0
1675847875718 0.5467067360877991 0
1675847875749 0.2511269152164459 0
1675847875781 0.5214459300041199 0
1675847875811 0.33314236998558044 0
1675847875841 0.33069899678230286 0
1675847875873 0.44134044647216797 0
1675847875906 0.061523664742708206 0
1675847875939 0.3676917254924774 0
1675847875973 0.37480512261390686 0
1675847876007 0.41085171699523926 0
1675847876038 0.1730392873287201 0
1675847876067 0.13620319962501526 0
1675847876097 0.4391116797924042 0
1675847876128 0.14505140483379364 0
1675847876159 0.16070115566253662 0
1675847876189 0.14119283854961395 0
1675847876219 0.3645879626274109 0
1675847876253 0.19458547234535217 0
1675847876282 0.2117084115743637 0
1675847876312 0.058824323117733 0
1675847876344 0.45452430844306946 0
1675847876375 0.40299472212791443 0
1675847876410 0.45290762186050415 0
1675847876444 0.315986692905426 0
1675847876475 0.2828674912452698 0
1675847876504 0.6047177910804749 0
1675847876535 0.10712134838104248 0
1675847876567 0.6661254167556763 0
1675847876599 0.3497845232486725 0
1675847876632 0.27561089396476746 0
1675847876664 0.7009519934654236 0
1675847876695 0.2981562614440918 0
1675847876726 0.464931845664978 0
1675847876757 0.29235491156578064 0
1675847876788 0.3495456278324127 0
1675847876821 0.4025755822658539 0
1675847876856 0.39874139428138733 0
1675847876886 0.3483961820602417 0
1675847876919 0.19409164786338806 0
1675847876949 0.12415603548288345 0
1675847876983 0.09706303477287292 0
1675847877016 0.14178603887557983 0
1675847877046 0.35983598232269287 0
1675847877078 0.4839974641799927 0
1675847877108 0.10301265865564346 0
1675847877140 0.37695884704589844 0
1675847877173 0.0850689709186554 0
1675847877204 0.37016403675079346 0
1675847877236 0.38395440578460693 0
1675847877268 0.36612316966056824 0
1675847877301 0.4497489631175995 0
1675847877333 0.2746761739253998 0
1675847877364 0.13656054437160492 0
1675847877398 0.40104204416275024 0
1675847877429 0.6565525531768799 0
1675847877457 0.6610794067382812 0
1675847877485 0.350058376789093 0
1675847877515 0.28864535689353943 0
1675847877547 0.4433631896972656 0
1675847877579 0.04607705771923065 0
1675847877610 0.27635717391967773 0
1675847877639 0.3117622435092926 0
1675847877669 0.4208330810070038 0
1675847877699 0.22450534999370575 0
1675847877730 0.053293269127607346 0
1675847877763 0.12347759306430817 0
1675847877796 0.527178943157196 0
1675847877828 0.05087784305214882 0
1675847877859 0.367676705121994 0
1675847877889 0.4609467089176178 0
1675847877919 0.23285116255283356 0
1675847877949 0.5617894530296326 0
1675847877980 0.6782835125923157 0
1675847878011 0.14323188364505768 0
1675847878046 0.35627081990242004 0
1675847878078 0.07050717622041702 0
1675847878109 0.2791467010974884 0
1675847878139 0.087794229388237 0
1675847878172 0.4614311158657074 0
1675847878205 0.38600409030914307 0
1675847878237 0.4443725049495697 0
1675847878267 0.40995073318481445 0
1675847878298 0.4097781181335449 0
1675847878330 0.321105420589447 0
1675847878362 0.44498708844184875 0
1675847878395 0.4055849313735962 0
1675847878425 0.14053013920783997 0
1675847878458 0.18695127964019775 0
1675847878488 0.5827794075012207 0
1675847878519 0.34342262148857117 0
1675847878550 0.41311588883399963 0
1675847878581 0.5069581866264343 0
1675847878610 0.18732647597789764 0
1675847878642 0.523120641708374 0
1675847878672 0.1330714076757431 0
1675847878704 0.4348059892654419 0
1675847878733 0.05654101073741913 0
1675847878764 0.1516859382390976 0
1675847878794 0.17855137586593628 0
1675847878825 0.38708388805389404 0
1675847878856 0.08970020711421967 0
1675847878887 0.47611963748931885 0
1675847878918 0.12192002683877945 0
1675847878949 0.34963294863700867 0
1675847878982 0.06348057836294174 0
1675847879012 0.4536806643009186 0
1675847879042 0.20474158227443695 0
1675847879074 0.02316311188042164 0
1675847879102 0.03172547370195389 0
1675847879133 0.5821707248687744 0
1675847879164 0.29740116000175476 0
1675847879195 0.42500704526901245 0
1675847879225 0.48111334443092346 0
1675847879257 0.029226915910840034 0
1675847879287 0.11363464593887329 0
1675847879319 0.25209277868270874 0
1675847879348 0.45591577887535095 0
1675847879379 0.3201848864555359 0
1675847879410 0.2973265051841736 0
1675847879444 0.02468268945813179 0
1675847879476 0.08754715323448181 0
1675847879505 0.42573246359825134 0
1675847879535 0.4937487542629242 0
1675847879566 0.054106973111629486 0
1675847879598 0.4546945095062256 0
1675847879630 0.027038894593715668 0
1675847879662 0.06553728878498077 0
1675847879693 0.4255283772945404 0
1675847879724 0.028252698481082916 0
1675847879754 0.04841826111078262 0
1675847879784 0.20904096961021423 0
1675847879817 0.03847191855311394 0
1675847879848 0.07816660404205322 0
1675847879877 0.44091615080833435 0
1675847879907 0.4551760256290436 0
1675847879940 0.6245042085647583 0
1675847879978 0.3425515592098236 0
1675847880010 0.23066183924674988 0
1675847880043 0.035416897386312485 0
1675847880074 0.3126675486564636 0
1675847880106 0.31003955006599426 0
1675847880138 0.013347769156098366 0
1675847880170 0.06199342757463455 0
1675847880203 0.003369682701304555 0
1675847880234 0.4912060797214508 0
1675847880265 0.5009631514549255 0
1675847880298 0.3995490074157715 0
1675847880329 0.021136930212378502 0
1675847880361 0.507822573184967 0
1675847880391 0.057111866772174835 0
1675847880423 0.47538700699806213 0
1675847880454 0.35229212045669556 0
1675847880485 0.3318801820278168 0
1675847880516 0.22824512422084808 0
1675847880547 0.4006527364253998 0
1675847880578 0.010445977561175823 0
1675847880608 0.29579266905784607 0
1675847880638 0.43722525238990784 0
1675847880668 0.19390656054019928 0
1675847880702 0.20185890793800354 0
1675847880732 0.040654297918081284 0
1675847880763 0.34021997451782227 0
1675847880794 0.016217989847064018 0
1675847880824 0.5337427854537964 0
1675847880856 0.2894761264324188 0
1675847880887 0.406793475151062 0
1675847880917 0.04348112270236015 0
1675847880948 0.290124773979187 0
1675847880983 0.22863613069057465 0
1675847881014 0.287886381149292 0
1675847881046 0.1196831464767456 0
1675847881076 0.5147897601127625 0
1675847881108 0.27661770582199097 0
1675847881137 0.4103887975215912 0
1675847881168 0.15607182681560516 0
1675847881199 0.47055989503860474 0
1675847881232 0.26108235120773315 0
1675847881264 0.37745916843414307 0
1675847881297 0.3887288570404053 0
1675847881328 0.01230454258620739 0
1675847881360 0.03055896982550621 0
1675847881391 0.491674542427063 0
1675847881421 0.3741030991077423 0
1675847881451 0.5711967945098877 0
1675847881482 0.35795822739601135 0
1675847881514 0.22670042514801025 0
1675847881545 0.007865618914365768 0
1675847881576 0.030099794268608093 0
1675847881607 0.26801931858062744 0
1675847881638 0.4630466103553772 0
1675847881667 0.39526253938674927 0
1675847881696 0.21327246725559235 0
1675847881726 0.2891180217266083 0
1675847881760 0.28939199447631836 0
1675847881789 0.049828577786684036 0
1675847881822 0.031514931470155716 0
1675847881854 0.054711438715457916 0
1675847881887 0.3292924463748932 0
1675847881920 0.41506537795066833 0
1675847881952 0.42242270708084106 0
1675847881987 0.33580148220062256 0
1675847882019 0.39598166942596436 0
1675847882049 0.012451643124222755 0
1675847882078 0.06452951580286026 0
1675847882108 0.4242558479309082 0
1675847882140 0.18072764575481415 0
1675847882169 0.48170939087867737 0
1675847882199 0.01616687886416912 0
1675847882231 0.287984162569046 0
1675847882262 0.6937761306762695 0
1675847882290 0.041286058723926544 0
1675847882319 0.17467045783996582 0
1675847882350 0.313437819480896 0
1675847882381 0.04695424064993858 0
1675847882412 0.09174032509326935 0
1675847882442 0.06371814012527466 0
1675847882474 0.5166311264038086 0
1675847882503 0.05326768755912781 0
1675847882533 0.33748531341552734 0
1675847882565 0.31421592831611633 0
1675847882597 0.03488035500049591 0
1675847882630 0.15935452282428741 0
1675847882659 0.25213032960891724 0
1675847882690 0.44449764490127563 0
1675847882719 0.9395166635513306 0
1675847882751 0.01503449585288763 0
1675847882780 0.36919036507606506 0
1675847882810 0.2680046558380127 0
1675847882842 0.5106051564216614 0
1675847882873 0.45627444982528687 0
1675847882905 0.3752184212207794 0
1675847882935 0.5781617760658264 0
1675847882967 0.2042543739080429 0
1675847883002 0.5479797124862671 0
1675847883033 0.23692603409290314 0
1675847883064 0.096341572701931 0
1675847883096 0.6552862524986267 0
1675847883128 0.3865262567996979 0
1675847883161 0.43739715218544006 0
1675847883193 0.3711625933647156 0
1675847883224 0.09363244473934174 0
1675847883253 0.20945006608963013 0
1675847883282 0.40402892231941223 0
1675847883313 0.03584939241409302 0
1675847883346 0.6538063883781433 0
1675847883377 0.29062220454216003 0
1675847883410 0.4733973741531372 0
1675847883441 0.03763989359140396 0
1675847883473 0.04062533751130104 0
1675847883505 0.014454774558544159 0
1675847883536 0.42735177278518677 0
1675847883567 0.3953034579753876 0
1675847883598 0.017279459163546562 0
1675847883628 0.0841137021780014 0
1675847883657 0.02335461974143982 0
1675847883687 0.40776583552360535 0
1675847883720 0.3660598695278168 0
1675847883750 0.019610771909356117 0
1675847883780 0.41941598057746887 0
1675847883810 0.27811530232429504 0
1675847883843 0.03951398283243179 0
1675847883877 0.22280271351337433 0
1675847883908 0.4320198893547058 0
1675847883941 0.16099902987480164 0
1675847883972 0.3567841947078705 0
1675847884005 0.28661486506462097 0
1675847884035 0.5020617842674255 0
1675847884064 0.5534110069274902 0
1675847884094 0.22746212780475616 0
1675847884124 1.0407474040985107 0
1675847884154 0.6531076431274414 0
1675847884186 0.45742133259773254 0
1675847884218 0.2763252854347229 0
1675847884249 0.27526068687438965 0
1675847884284 0.3495807349681854 0
1675847884315 0.08354254812002182 0
1675847884346 0.38460448384284973 0
1675847884378 0.4563233554363251 0
1675847884409 0.40957289934158325 0
1675847884437 0.07545386999845505 0
1675847884479 0.06186288967728615 0
1675847884516 0.01915689930319786 0
1675847884547 0.3832719326019287 0
1675847884580 0.2576386630535126 0
1675847884609 0.24203422665596008 0
1675847884639 0.17223745584487915 0
1675847884669 0.04902643710374832 0
1675847884702 0.4132087230682373 0
1675847884732 0.45109888911247253 0
1675847884763 0.05401257053017616 0
1675847884796 0.40352338552474976 0
1675847884826 0.26964208483695984 0
1675847884859 0.35524260997772217 0
1675847884891 0.5535531044006348 0
1675847884922 0.385017454624176 0
1675847884953 0.13427263498306274 0
1675847884987 0.19637669622898102 0
1675847885019 0.32221299409866333 0
1675847885051 0.3100017011165619 0
1675847885080 0.1451602429151535 0
1675847885111 0.30243730545043945 0
1675847885143 0.5240935683250427 0
1675847885176 0.18430212140083313 0
1675847885206 0.320829302072525 0
1675847885237 0.5119982957839966 0
1675847885270 0.29112765192985535 0
1675847885300 0.37281668186187744 0
1675847885329 0.2614649534225464 0
1675847885361 0.63820880651474 0
1675847885390 0.38846591114997864 0
1675847885421 0.16677631437778473 0
1675847885453 0.3722750246524811 0
1675847885486 0.3211459219455719 0
1675847885517 0.24123124778270721 0
1675847885548 0.0025387045461684465 0
1675847885580 0.3338753879070282 0
1675847885611 0.21236197650432587 0
1675847885642 0.07180599123239517 0
1675847885671 0.21123704314231873 0
1675847885701 0.38392916321754456 0
1675847885731 0.11130776256322861 0
1675847885762 0.25102439522743225 0
1675847885793 0.2562693953514099 0
1675847885821 0.0064833881333470345 0
1675847885853 0.4751279056072235 0
1675847885885 0.02003198117017746 0
1675847885914 0.4810565412044525 0
1675847885943 0.16311800479888916 0
1675847885975 0.1794349104166031 0
1675847886007 0.21310168504714966 0
1675847886038 0.23966480791568756 0
1675847886071 0.29413074254989624 0
1675847886103 0.012552966363728046 0
1675847886135 0.5136855244636536 0
1675847886166 0.46673116087913513 0
1675847886194 0.14452365040779114 0
1675847886225 0.6139062643051147 0
1675847886258 0.2676025629043579 0
1675847886289 0.3569067418575287 0
1675847886319 0.29328376054763794 0
1675847886351 0.17775414884090424 0
1675847886384 0.44091466069221497 0
1675847886414 0.35598066449165344 0
1675847886447 0.007646904792636633 0
1675847886479 0.6371193528175354 0
1675847886511 0.3410775661468506 0
1675847886542 0.09622415155172348 0
1675847886572 0.04249515011906624 0
1675847886603 0.006512626074254513 0
1675847886634 0.005704338196665049 0
1675847886667 0.3987272381782532 0
1675847886696 0.5445784330368042 0
1675847886726 0.3283174932003021 0
1675847886759 0.27502790093421936 0
1675847886792 0.07644134759902954 0
1675847886824 0.30787500739097595 0
1675847886856 0.3984275758266449 0
1675847886887 0.328285813331604 0
1675847886920 0.23278939723968506 0
1675847886952 0.02409001812338829 0
1675847886986 0.016714608296751976 0
1675847887018 0.5561612248420715 0
1675847887048 0.11618630588054657 0
1675847887078 0.04301409795880318 0
1675847887109 0.48375871777534485 0
1675847887138 0.01068128366023302 0
1675847887167 0.16769561171531677 0
1675847887199 0.24843676388263702 0
1675847887230 0.32522737979888916 0
1675847887260 0.06495241075754166 0
1675847887292 0.3111565113067627 0
1675847887323 0.08630688488483429 0
1675847887356 0.2490726113319397 0
1675847887386 0.3953618109226227 0
1675847887417 0.43640848994255066 0
1675847887446 0.26426464319229126 0
1675847887475 0.008264648728072643 0
1675847887506 0.014580117538571358 0
1675847887540 0.4916366636753082 0
1675847887573 0.32165709137916565 0
1675847887602 0.36431553959846497 0
1675847887633 0.028621217235922813 0
1675847887665 0.16619861125946045 0
1675847887694 0.030059820041060448 0
1675847887724 0.3502765893936157 0
1675847887754 0.3714660704135895 0
1675847887785 0.0754704624414444 0
1675847887815 0.6239073276519775 0
1675847887844 0.5596476197242737 0
1675847887875 0.034557174891233444 0
1675847887907 0.026231011375784874 0
1675847887939 0.31132805347442627 0
1675847887977 0.32693976163864136 0
1675847888011 0.18362824618816376 0
1675847888041 0.25191164016723633 0
1675847888075 0.014087830670177937 0
1675847888106 0.2818707525730133 0
1675847888135 0.08279381692409515 0
1675847888164 0.012330322526395321 0
1675847888197 0.23401077091693878 0
1675847888227 0.41117653250694275 0
1675847888255 0.02401495724916458 0
1675847888286 0.15038283169269562 0
1675847888315 0.6178056597709656 0
1675847888344 0.009277625009417534 0
1675847888372 0.006888639181852341 0
1675847888403 0.19067232310771942 0
1675847888432 0.05671020224690437 0
1675847888462 0.144675150513649 0
1675847888492 0.17404845356941223 0
1675847888523 0.21496698260307312 0
1675847888555 0.3008306622505188 0
1675847888586 0.005681146401911974 0
1675847888615 0.21128666400909424 0
1675847888646 0.39923155307769775 0
1675847888675 2.2484195142169483e-05 0
1675847888706 0.3036195933818817 0
1675847888736 0.6810450553894043 0
1675847888768 0.2039596140384674 0
1675847888802 0.18494541943073273 0
1675847888832 0.8147821426391602 0
1675847888863 0.7388562560081482 0
1675847888895 0.33826106786727905 0
1675847888927 0.17876258492469788 0
1675847888958 0.24663861095905304 0
1675847888992 0.27674752473831177 0
1675847889024 0.012038033455610275 0
1675847889056 0.019844550639390945 0
1675847889088 0.5808612108230591 0
1675847889120 0.30016517639160156 0
1675847889149 0.11065833270549774 0
1675847889179 0.06305081397294998 0
1675847889211 0.35227105021476746 0
1675847889243 0.14047516882419586 0
1675847889275 0.21594706177711487 0
1675847889307 0.021029608324170113 0
1675847889337 0.5407744646072388 0
1675847889373 0.3297898471355438 0
1675847889406 0.1322784572839737 0
1675847889438 0.38504067063331604 0
1675847889469 0.30670255422592163 0
1675847889501 0.21883463859558105 0
1675847889531 0.14090970158576965 0
1675847889564 0.004856813233345747 0
1675847889594 0.18878915905952454 0
1675847889627 0.4298095703125 0
1675847889658 0.005759243853390217 0
1675847889690 0.3110600411891937 0
1675847889718 0.29273709654808044 0
1675847889752 0.3061106503009796 0
1675847889782 0.026252703741192818 0
1675847889814 0.31771761178970337 0
1675847889844 0.5370482802391052 0
1675847889874 0.8157164454460144 0
1675847889904 0.15798361599445343 0
1675847889936 0.21199782192707062 0
1675847889972 0.34995728731155396 0
1675847890004 0.0032293288968503475 0
1675847890034 0.0040623643435537815 0
1675847890065 0.010688927955925465 0
1675847890096 0.22057977318763733 0
1675847890126 0.006676148623228073 0
1675847890156 0.09425822645425797 0
1675847890186 0.34389060735702515 0
1675847890215 0.005823042243719101 0
1675847890245 0.006930834613740444 0
1675847890276 0.23233646154403687 0
1675847890308 0.2725447416305542 0
1675847890339 0.04177059233188629 0
1675847890369 0.0005594542599283159 0
1675847890402 0.23977409303188324 0
1675847890433 0.18629111349582672 0
1675847890465 0.2261786162853241 0
1675847890497 0.15429338812828064 0
1675847890529 0.42981499433517456 0
1675847890559 0.030892496928572655 0
1675847890591 0.6494393944740295 0
1675847890622 0.17608118057250977 0
1675847890653 0.2640513479709625 0
1675847890684 0.22105476260185242 0
1675847890712 0.009353522211313248 0
1675847890741 0.5553691983222961 0
1675847890772 0.3872375786304474 0
1675847890801 0.01258647721260786 0
1675847890833 0.239692822098732 0
1675847890862 0.02032400667667389 0
1675847890891 0.17600765824317932 0
1675847890921 0.37008747458457947 0
1675847890950 0.29998183250427246 0
1675847890983 0.17083077132701874 0
1675847891014 0.12875770032405853 0
1675847891047 0.20350219309329987 0
1675847891078 0.01956784538924694 0
1675847891107 0.00147566432133317 0
1675847891138 0.0040189847350120544 0
1675847891170 0.06797386705875397 0
1675847891203 0.16392792761325836 0
1675847891233 0.0011839631479233503 0
1675847891265 0.4135603606700897 0
1675847891296 0.004108399618417025 0
1675847891326 0.08722680062055588 0
1675847891360 0.31420424580574036 0
1675847891389 0.00021948458743281662 0
1675847891419 0.35463279485702515 0
1675847891450 0.2069273740053177 0
1675847891480 0.3053315579891205 0
1675847891511 0.7285175323486328 0
1675847891542 0.1739649474620819 0
1675847891579 0.23936182260513306 0
1675847891617 0.021605107933282852 0
1675847891650 0.011722300201654434 0
1675847891679 0.11151782423257828 0
1675847891711 0.0030211994890123606 0
1675847891740 0.5765168070793152 0
1675847891770 0.03205516189336777 0
1675847891799 0.02382836490869522 0
1675847891830 0.3321634531021118 0
1675847891861 0.16383706033229828 0
1675847891894 0.10732593387365341 0
1675847891926 0.06550345569849014 0
1675847891959 0.4341018795967102 0
1675847891992 0.00010001003101933748 0
1675847892025 0.23647339642047882 0
1675847892056 0.47181591391563416 0
1675847892088 0.3350221514701843 0
1675847892120 0.5693236589431763 0
1675847892151 0.3765827715396881 0
1675847892180 0.271613746881485 0
1675847892212 0.6606119871139526 0
1675847892243 0.27000346779823303 0
1675847892278 0.3227340579032898 0
1675847892310 0.4296559691429138 0
1675847892341 0.20834362506866455 0
1675847892370 0.30776476860046387 0
1675847892403 0.009630170650780201 0
1675847892435 0.2180546671152115 0
1675847892468 0.3274640738964081 0
1675847892499 0.03992209956049919 0
1675847892534 0.24722808599472046 0
1675847892563 0.395613431930542 0
1675847892596 0.2351706624031067 0
1675847892628 0.17658787965774536 0
1675847892660 0.2593333125114441 0
1675847892692 0.16079722344875336 0
1675847892723 0.4184170365333557 0
1675847892753 0.3724360466003418 0
1675847892783 0.4162496030330658 0
1675847892812 0.24811828136444092 0
1675847892841 0.005789994262158871 0
1675847892870 0.027051830664277077 0
1675847892899 0.005754666868597269 0
1675847892930 0.008235312066972256 0
1675847892960 0.20250079035758972 0
1675847892993 0.3302905559539795 0
1675847893025 0.5040452480316162 0
1675847893055 0.1828010380268097 0
1675847893086 0.005494380369782448 0
1675847893115 0.8750328421592712 0
1675847893145 0.29863426089286804 0
1675847893177 0.34968504309654236 0
1675847893207 0.0032392770517617464 0
1675847893237 0.004494816996157169 0
1675847893266 0.3991383910179138 0
1675847893295 0.22340723872184753 0
1675847893324 0.5391048192977905 0
1675847893353 0.37346139550209045 0
1675847893382 0.13414742052555084 0
1675847893415 0.2135334014892578 0
1675847893446 0.2833530306816101 0
1675847893476 0.2191372662782669 0
1675847893506 0.2107175588607788 0
1675847893538 0.1759829819202423 0
1675847893567 0.5617935657501221 0
1675847893598 0.0732792392373085 0
1675847893627 0.7406885027885437 0
1675847893658 0.32032954692840576 0
1675847893689 0.1574304699897766 0
1675847893718 0.04610811173915863 0
1675847893748 0.3047064244747162 0
1675847893777 0.48955515027046204 0
1675847893807 0.3322143256664276 0
1675847893838 0.4691601097583771 0
1675847893869 0.2796441912651062 0
1675847893899 0.348292738199234 0
1675847893928 0.3186962902545929 0
1675847893957 0.3727121651172638 0
1675847893988 0.27321213483810425 0
1675847894020 0.23279745876789093 0
1675847894052 0.11620523780584335 0
1675847894082 0.05721992254257202 0
1675847894112 0.2542809545993805 0
1675847894140 0.5296570062637329 0
1675847894169 0.09245188534259796 0
1675847894198 0.04798803851008415 0
1675847894229 0.2541157305240631 0
1675847894260 0.04477987438440323 0
1675847894289 0.09051092714071274 0
1675847894320 0.18708769977092743 0
1675847894351 0.40974700450897217 0
1675847894381 0.5439631938934326 0
1675847894408 0.3237206041812897 0
1675847894436 1.122180700302124 0
1675847894468 0.29205021262168884 0
1675847894500 0.18855834007263184 0
1675847894529 0.2328411042690277 0
1675847894557 0.010562226176261902 0
1675847894586 0.34443652629852295 0
1675847894618 0.23573149740695953 0
1675847894647 0.007942833937704563 0
1675847894683 0.3616994321346283 0
1675847894715 0.16061633825302124 0
1675847894745 0.20769067108631134 0
1675847894776 0.17169418931007385 0
1675847894806 0.3374362885951996 0
1675847894837 0.020199349150061607 0
1675847894868 0.19757644832134247 0
1675847894898 0.19937612116336823 0
1675847894926 0.09604755789041519 0
1675847894955 0.03307163342833519 0
1675847894987 0.2907578945159912 0
1675847895016 0.17624689638614655 0
1675847895045 0.5408251285552979 0
1675847895074 0.24068067967891693 0
1675847895103 0.053272493183612823 0
1675847895134 0.12653934955596924 0
1675847895163 0.2896486222743988 0
1675847895192 0.03068501502275467 0
1675847895225 0.3471205234527588 0
1675847895255 0.22970476746559143 0
1675847895285 0.1801714301109314 0
1675847895315 0.008581944741308689 0
1675847895347 0.22577305138111115 0
1675847895377 0.39174243807792664 0
1675847895407 0.3101232647895813 0
1675847895436 0.15789847075939178 0
1675847895466 0.0066392673179507256 0
1675847895496 0.020776910707354546 0
1675847895527 0.32917723059654236 0
1675847895557 0.4486479163169861 0
1675847895586 0.045805878937244415 0
1675847895616 0.013493853621184826 0
1675847895646 0.15897709131240845 0
1675847895675 0.667576253414154 0
1675847895706 0.15776461362838745 0
1675847895737 0.19372858107089996 0
1675847895769 0.11027207970619202 0
1675847900996 0.144854336977005 0
1675847901028 0.6289539337158203 0
1675847901059 0.0033396261278539896 0
1675847901089 0.0025378460995852947 0
1675847901120 0.21638330817222595 0
1675847901149 0.009095288813114166 0
1675847901179 0.21693336963653564 0
1675847901210 0.009962165728211403 0
1675847901241 0.00343737518414855 0
1675847901274 0.3303106129169464 0
1675847901307 0.26889312267303467 0
1675847901337 0.33194485306739807 0
1675847901370 0.18833531439304352 0
1675847901402 0.034025467932224274 0
1675847901433 0.0018183549400418997 0
1675847901464 0.35831233859062195 0
1675847901494 0.5345007181167603 0
1675847901526 0.010492528788745403 0
1675847901556 0.04661644250154495 0
1675847901586 0.13711035251617432 0
1675847901617 0.28273072838783264 0
1675847901646 0.3380005955696106 0
1675847901677 0.2692255675792694 0
1675847901708 0.0672803670167923 0
1675847901737 0.009319357573986053 0
1675847901769 0.3139781355857849 0
1675847901799 0.28175559639930725 0
1675847901830 0.0022417979780584574 0
1675847901861 0.5412757396697998 0
1675847901891 0.0038294214755296707 0
1675847901921 0.25630277395248413 0
1675847901954 0.6681951284408569 0
1675847901985 0.0031628382857888937 0
1675847902018 0.011200022883713245 0
1675847902045 0.14028576016426086 0
1675847902076 0.1419622302055359 0
1675847902107 0.3364754915237427 0
1675847902138 0.29390203952789307 0
1675847902167 0.0022715390659868717 0
1675847902200 0.22702458500862122 0
1675847902229 0.015555931255221367 0
1675847902258 0.23573389649391174 0
1675847902293 0.33073052763938904 0
1675847902325 0.17557774484157562 0
1675847902357 0.22249849140644073 0
1675847902389 0.0014997490216046572 0
1675847902420 0.18320347368717194 0
1675847902454 0.3095768988132477 0
1675847902486 0.22968217730522156 0
1675847902516 0.050491075962781906 0
1675847902545 0.011373237706720829 0
1675847902579 0.34154513478279114 0
1675847902612 0.36381030082702637 0
1675847902642 1.0212503671646118 0
1675847902674 0.20073260366916656 0
1675847902704 0.07497715950012207 0
1675847902737 0.21711185574531555 0
1675847902770 0.3093574345111847 0
1675847902803 0.14743593335151672 0
1675847902834 0.09044107049703598 0
1675847902866 0.3888949453830719 0
1675847902896 0.3373897969722748 0
1675847902927 0.14347609877586365 0
1675847902958 0.37146955728530884 0
1675847902990 0.14158371090888977 0
1675847903019 0.26648083329200745 0
1675847903051 0.19284194707870483 0
1675847903082 0.4316881597042084 0
1675847903115 0.02461850456893444 0
1675847903150 0.2231282889842987 0
1675847903181 0.4637784957885742 0
1675847903213 0.05666778236627579 0
1675847903244 0.21542692184448242 0
1675847903276 0.11310286819934845 0
1675847903308 0.026400268077850342 0
1675847903340 0.24589824676513672 0
1675847903372 0.008256778120994568 0
1675847903402 0.25210636854171753 0
1675847903433 0.1751372069120407 0
1675847903463 0.22486066818237305 0
1675847903494 0.41649940609931946 0
1675847903526 0.5050051808357239 0
1675847903558 0.01313645951449871 0
1675847903590 0.026789948344230652 0
1675847903622 0.2764139771461487 0
1675847903652 0.3131411373615265 0
1675847903683 0.19784365594387054 0
1675847903713 0.42373570799827576 0
1675847903747 0.34278494119644165 0
1675847903777 0.2842763662338257 0
1675847903807 0.5146467089653015 0
1675847903837 0.001502042985521257 0
1675847903869 0.11277258396148682 0
1675847903899 0.23162409663200378 0
1675847903930 0.2154131829738617 0
1675847903962 0.2516328990459442 0
1675847903998 0.2943870425224304 0
1675847904030 0.2905300259590149 0
1675847904062 0.16492271423339844 0
1675847904093 0.1302795559167862 0
1675847904126 0.4168446958065033 0
1675847904158 0.4084566533565521 0
1675847904187 0.039730895310640335 0
1675847904216 0.255329966545105 0
1675847904248 0.17407605051994324 0
1675847904282 0.29006850719451904 0
1675847904311 0.005563813261687756 0
1675847904342 0.0008017162908799946 0
1675847904375 0.1600504219532013 0
1675847904407 0.2867394685745239 0
1675847904439 0.3201635479927063 0
1675847904470 0.006976340431720018 0
1675847904500 0.1706690639257431 0
1675847904532 0.24235180020332336 0
1675847904565 0.07300665229558945 0
1675847904595 0.0015188829274848104 0
1675847904626 0.0021443467121571302 0
1675847904659 0.2152014821767807 0
1675847904690 0.02820720337331295 0
1675847904723 0.3700149953365326 0
1675847904753 0.004212853964418173 0
1675847904784 0.36496251821517944 0
1675847904817 0.22458070516586304 0
1675847904848 0.1013612449169159 0
1675847904878 0.12150853872299194 0
1675847904908 0.15041178464889526 0
1675847904938 0.36485764384269714 0
1675847904969 0.0018367767333984375 0
1675847905001 0.2795790433883667 0
1675847905032 0.3986458480358124 0
1675847905063 0.2695147395133972 0
1675847905094 0.2040509730577469 0
1675847905128 0.11128043383359909 0
1675847905159 0.4598431885242462 0
1675847905194 0.2603570818901062 0
1675847905226 0.15142248570919037 0
1675847905258 0.27536675333976746 0
1675847905288 0.21706463396549225 0
1675847905319 0.021307893097400665 0
1675847905348 0.2701037526130676 0
1675847905378 0.017701279371976852 0
1675847905410 0.4514206051826477 0
1675847905444 0.26246386766433716 0
1675847905473 0.011262757703661919 0
1675847905504 0.2802457809448242 0
1675847905535 0.2851761281490326 0
1675847905568 0.005791970994323492 0
1675847905599 0.040987394750118256 0
1675847905633 0.2739165723323822 0
1675847905663 0.022401537746191025 0
1675847905694 0.006865671835839748 0
1675847905725 0.002440960379317403 0
1675847905755 0.0019786751363426447 0
1675847905787 0.2838503122329712 0
1675847905818 0.9767783880233765 0
1675847905851 0.1424568146467209 0
1675847905881 0.21214906871318817 0
1675847905912 0.2537578344345093 0
1675847905942 0.005111579783260822 0
1675847905975 0.11616800725460052 0
1675847906008 0.18516765534877777 0
1675847906040 0.42945367097854614 0
1675847906072 0.31188246607780457 0
1675847906104 0.0701318234205246 0
1675847906135 0.16252636909484863 0
1675847906166 0.2094946801662445 0
1675847906199 0.18931500613689423 0
1675847906232 0.0001519545039627701 0
1675847906265 0.16162806749343872 0
1675847906299 0.3139679431915283 0
1675847906330 0.3184385895729065 0
1675847906360 0.23200690746307373 0
1675847906391 0.00681641697883606 0
1675847906424 0.17036035656929016 0
1675847906455 0.04092460125684738 0
1675847906485 0.08980764448642731 0
1675847906514 0.012546691112220287 0
1675847906544 0.49489280581474304 0
1675847906576 0.20436684787273407 0
1675847906606 0.0028104158118367195 0
1675847906638 0.22306939959526062 0
1675847906671 0.34321898221969604 0
1675847906702 0.239341601729393 0
1675847906734 0.3029707670211792 0
1675847906764 0.08302446454763412 0
1675847906796 0.009771743789315224 0
1675847906826 0.46004489064216614 0
1675847906855 0.3395225405693054 0
1675847906885 0.10410059243440628 0
1675847906913 0.012544599361717701 0
1675847906945 0.002585324924439192 0
1675847906980 0.0020348369143903255 0
1675847907016 0.18376117944717407 0
1675847907047 0.017631758004426956 0
1675847907078 0.579365074634552 0
1675847907108 0.4948493242263794 0
1675847907140 0.33583128452301025 0
1675847907170 0.002630912931635976 0
1675847907201 0.26739734411239624 0
1675847907231 0.2176709622144699 0
1675847907263 0.2148948460817337 0
1675847907294 0.19510746002197266 0
1675847907326 0.22638088464736938 0
1675847907363 0.0029470184817910194 0
1675847907406 0.3356618583202362 0
1675847907437 0.18171575665473938 0
1675847907469 0.10893472284078598 0
1675847907501 0.19204403460025787 0
1675847907531 0.01851356029510498 0
1675847907561 0.3078480362892151 0
1675847907591 0.00882713869214058 0
1675847907620 0.34636473655700684 0
1675847907654 0.22206056118011475 0
1675847907687 0.3624652624130249 0
1675847907718 0.3581008315086365 0
1675847907749 0.08261162787675858 0
1675847907782 0.21343763172626495 0
1675847907814 0.0753273069858551 0
1675847907843 0.19277739524841309 0
1675847907873 0.11053033173084259 0
1675847907906 0.216888427734375 0
1675847907940 0.26863476634025574 0
1675847907974 0.20462478697299957 0
1675847908009 0.3460178077220917 0
1675847908040 0.0012434053933247924 0
1675847908073 0.178170844912529 0
1675847908105 0.0014739814214408398 0
1675847908137 0.32467469573020935 0
1675847908167 0.427009254693985 0
1675847908197 0.2652287185192108 0
1675847908228 0.4171707034111023 0
1675847908259 0.005160981323570013 0
1675847908289 0.2316083014011383 0
1675847908323 0.3311375379562378 0
1675847908354 0.4764478802680969 0
1675847908386 0.10783717781305313 0
1675847908424 0.3259790241718292 0
1675847908464 0.00021278858184814453 0
1675847908500 0.12663312256336212 0
1675847908532 0.22378885746002197 0
1675847908565 0.21102532744407654 0
1675847908597 0.3137544095516205 0
1675847908630 0.12772420048713684 0
1675847908664 0.010777991265058517 0
1675847908696 0.21079152822494507 0
1675847908729 0.0013586350250989199 0
1675847908764 0.3359549939632416 0
1675847908800 0.3334958851337433 0
1675847908832 0.0761251226067543 0
1675847908864 0.004139704629778862 0
1675847908896 0.33934056758880615 0
1675847908926 0.18875519931316376 0
1675847908957 0.14259226620197296 0
1675847908990 0.31866905093193054 0
1675847909022 0.11223649978637695 0
1675847909057 0.13253824412822723 0
1675847909091 0.23319660127162933 0
1675847909125 0.010334091261029243 0
1675847909161 0.1488724648952484 0
1675847909192 0.12609341740608215 0
1675847909224 2.514874722692184e-05 0
1675847909254 0.00010791343083838001 0
1675847909287 0.3537953794002533 0
1675847909319 0.44892603158950806 0
1675847909352 4.25561229349114e-05 0
1675847909390 0.0014031504979357123 0
1675847909428 0.48473888635635376 0
1675847909463 0.08099044859409332 0
1675847909495 0.06138889864087105 0
1675847909526 0.6558467149734497 0
1675847909557 0.046153824776411057 0
1675847909589 0.7553427815437317 0
1675847909620 0.35510995984077454 0
1675847909653 0.5775111317634583 0
1675847909686 0.5136521458625793 0
1675847909716 0.2723587453365326 0
1675847909749 0.4572197496891022 0
1675847909786 0.2326318323612213 0
1675847909816 0.2856407165527344 0
1675847909848 0.5333831906318665 0
1675847909879 0.09439550340175629 0
1675847909913 0.36716020107269287 0
1675847909945 0.3281105160713196 0
1675847909979 0.07502436637878418 0
1675847910011 0.28404751420021057 0
1675847910045 0.3555583655834198 0
1675847910077 0.011473055928945541 0
1675847910109 0.022709405049681664 0
1675847910139 0.0012795747024938464 0
1675847910170 0.07616264373064041 0
1675847910202 0.2559090852737427 0
1675847910233 0.19521652162075043 0
1675847910265 0.008595543913543224 0
1675847910297 0.24582643806934357 0
1675847910330 0.35810863971710205 0
1675847910361 0.0065442295745015144 0
1675847910391 0.08729918301105499 0
1675847910421 0.4527958333492279 0
1675847910450 0.03801453858613968 0
1675847910480 0.13076834380626678 0
1675847910512 0.23673604428768158 0
1675847910543 0.21480587124824524 0
1675847910575 0.0014770000707358122 0
1675847910605 0.5835368633270264 0
1675847910635 0.3066363036632538 0
1675847910667 0.2599439322948456 0
1675847910700 0.5294316411018372 0
1675847910731 0.005221741273999214 0
1675847910761 0.24922172725200653 0
1675847910791 0.39682501554489136 0
1675847910824 0.34696051478385925 0
1675847910854 0.26765429973602295 0
1675847910885 0.29424068331718445 0
1675847910917 0.1548852175474167 0
1675847910948 0.004199774004518986 0
1675847910982 0.18042273819446564 0
1675847911015 0.23764783143997192 0
1675847911047 0.24179992079734802 0
1675847911078 0.6260250806808472 0
1675847911107 4.2198498704237863e-05 0
1675847911136 0.11693056672811508 0
1675847911172 0.07797098159790039 0
1675847911204 0.34326300024986267 0
1675847911235 0.25579094886779785 0
1675847911266 0.6023629903793335 0
1675847911298 0.28134864568710327 0
1675847911329 0.02820369228720665 0
1675847911361 0.37066730856895447 0
1675847911391 0.01890903152525425 0
1675847911421 0.18146726489067078 0
1675847911452 0.29494452476501465 0
1675847911484 0.13373127579689026 0
1675847911515 0.5018436312675476 0
1675847911548 0.5315515398979187 0
1675847911578 0.14086773991584778 0
1675847911611 0.3301447331905365 0
1675847911644 0.03140608221292496 0
1675847911673 0.030093442648649216 0
1675847911702 0.5176404118537903 0
1675847911731 0.0005998578271828592 0
1675847911761 0.046303197741508484 0
1675847911793 0.2713185250759125 0
1675847911825 0.5266550779342651 0
1675847911859 0.21792131662368774 0
1675847911889 0.7540531158447266 0
1675847911920 0.24571962654590607 0
1675847911952 0.004422702360898256 0
1675847911986 0.3606027066707611 0
1675847912020 0.29439496994018555 0
1675847912050 0.002205137861892581 0
1675847912080 0.3301718533039093 0
1675847912114 0.24122406542301178 0
1675847912147 0.18975916504859924 0
1675847912177 0.1626313179731369 0
1675847912207 0.40233346819877625 0
1675847912239 0.17014043033123016 0
1675847912269 0.2507425844669342 0
1675847912300 0.21564339101314545 0
1675847912330 0.2569003403186798 0
1675847912360 0.5055948495864868 0
1675847912390 0.005413972772657871 0
1675847912420 0.3092367947101593 0
1675847912449 0.17805461585521698 0
1675847912481 0.40136322379112244 0
1675847912512 0.04720675200223923 0
1675847912543 0.003594467882066965 0
1675847912575 0.32834431529045105 0
1675847912606 0.03634980320930481 0
1675847912638 0.0001792405528249219 0
1675847912669 0.08143091946840286 0
1675847912699 0.3367919623851776 0
1675847912730 0.10217942297458649 0
1675847912761 0.20537865161895752 0
1675847912791 0.14134009182453156 0
1675847912821 0.22077490389347076 0
1675847912853 0.1450667530298233 0
1675847912887 0.34631621837615967 0
1675847912921 0.29431191086769104 0
1675847912951 0.14077439904212952 0
1675847912981 0.2591226398944855 0
1675847913014 0.05357497185468674 0
1675847913044 0.47281578183174133 0
1675847913076 0.3010500967502594 0
1675847913109 0.16595953702926636 0
1675847913139 0.4618500769138336 0
1675847913172 0.49179697036743164 0
1675847913203 0.36384689807891846 0
1675847913233 0.17259247601032257 0
1675847913266 0.18876796960830688 0
1675847913298 0.12280772626399994 0
1675847913332 0.3046136796474457 0
1675847913361 0.13933391869068146 0
1675847913391 0.06625807285308838 0
1675847913422 0.00015559236635454 0
1675847913452 0.010906404815614223 0
1675847913483 0.0003858954878523946 0
1675847913515 0.20889627933502197 0
1675847913550 0.3312791585922241 0
1675847913580 0.018679488450288773 0
1675847913611 0.23918703198432922 0
1675847913642 0.02160121314227581 0
1675847913675 0.241172194480896 0
1675847913709 0.2981926202774048 0
1675847913739 0.20655587315559387 0
1675847913771 0.3096526265144348 0
1675847913801 0.21154382824897766 0
1675847913832 0.007997875101864338 0
1675847913867 0.30479907989501953 0
1675847913896 0.5789607763290405 0
1675847913925 0.10631410032510757 0
1675847913954 0.024027103558182716 0
1675847913988 0.12984421849250793 0
1675847914018 0.405781626701355 0
1675847914050 0.05339872092008591 0
1675847914081 0.2685915231704712 0
1675847914110 0.17119504511356354 0
1675847914143 0.35325685143470764 0
1675847914174 0.11336656659841537 0
1675847914204 0.0014899271773174405 0
1675847914234 0.009038515388965607 0
1675847914267 0.24848130345344543 0
1675847914297 1.3427396879706066e-05 0
1675847914327 0.24659059941768646 0
1675847914357 0.23081251978874207 0
1675847914388 0.14882172644138336 0
1675847914420 0.6652542948722839 0
1675847914451 0.3215441107749939 0
1675847914481 0.00879091490060091 0
1675847914516 0.20230615139007568 0
1675847914548 2.72594752459554e-06 0
1675847914581 0.20007745921611786 0
1675847914611 0.057679373770952225 0
1675847914644 0.34714487195014954 0
1675847914678 0.26867759227752686 0
1675847914709 0.19781236350536346 0
1675847914738 0.3726924657821655 0
1675847914771 0.27417242527008057 0
1675847914803 0.28174686431884766 0
1675847914832 0.38208597898483276 0
1675847914862 0.411210834980011 0
1675847914892 0.02146957255899906 0
1675847914922 0.10722368955612183 0
1675847914953 0.29863879084587097 0
1675847914988 0.5189942717552185 0
1675847915017 0.30260226130485535 0
1675847915047 0.46180373430252075 0
1675847915075 0.08101774007081985 0
1675847915104 0.6048949360847473 0
1675847915133 0.005377865396440029 0
1675847915167 0.34617742896080017 0
1675847915198 0.01253726240247488 0
1675847915228 0.039021123200654984 0
1675847915259 0.21983230113983154 0
1675847915292 0.35637688636779785 0
1675847915323 0.02125486359000206 0
1675847915354 0.36102232336997986 0
1675847915384 0.05045614764094353 0
1675847915417 0.11296190321445465 0
1675847915449 0.09602983295917511 0
1675847915481 0.17550408840179443 0
1675847915515 0.14499224722385406 0
1675847915545 0.13843613862991333 0
1675847915575 0.0017710271058604121 0
1675847915605 0.3881722390651703 0
1675847915635 0.1485653668642044 0
1675847915669 0.3999437391757965 0
1675847915700 0.2638165354728699 0
1675847915730 0.0016923007788136601 0
1675847915760 0.011508269235491753 0
1675847915791 0.1572255790233612 0
1675847915821 0.19748666882514954 0
1675847915853 0.21952444314956665 0
1675847915883 0.14856812357902527 0
1675847915914 0.000528668868355453 0
1675847915945 0.052098095417022705 0
1675847915977 0.2285713404417038 0
1675847916009 0.15478578209877014 0
1675847916038 0.0003698510117828846 0
1675847916068 0.3446325659751892 0
1675847916100 0.0017015946796163917 0
1675847916129 0.0018232971196994185 0
1675847916160 0.3126576244831085 0
1675847916192 0.0011434182524681091 0
1675847916222 7.072095468174666e-05 0
1675847916253 0.2584134638309479 0
1675847916284 0.007172723766416311 0
1675847916315 0.00012287117715459317 0
1675847916346 0.4147952198982239 0
1675847916377 0.26038604974746704 0
1675847916409 0.7429761290550232 0
1675847916444 0.24013954401016235 0
1675847916476 0.1118185818195343 0
1675847916506 0.009951039217412472 0
1675847916538 0.15637381374835968 0
1675847916571 0.20591896772384644 0
1675847916602 0.002825838979333639 0
1675847916632 0.018265962600708008 0
1675847916665 4.871199416811578e-05 0
1675847916694 0.2065269649028778 0
1675847916723 0.40603142976760864 0
1675847916758 0.2971835136413574 0
1675847916787 0.06718350946903229 0
1675847916819 0.3204914331436157 0
1675847916848 6.795414083171636e-05 0
1675847916881 0.36453601717948914 0
1675847916913 0.18702523410320282 0
1675847916944 0.1793990582227707 0
1675847916976 0.0949755534529686 0
1675847917007 0.23003046214580536 0
1675847917037 0.00224382895976305 0
1675847917069 0.1291983723640442 0
1675847917099 0.17222081124782562 0
1675847917130 0.10226508229970932 0
1675847917160 0.1291113644838333 0
1675847917191 0.0001227997854584828 0
1675847917223 0.2993892431259155 0
1675847917255 0.003968405537307262 0
1675847917285 0.3262191712856293 0
1675847917316 0.16825219988822937 0
1675847917347 0.34616753458976746 0
1675847917377 0.0038110283203423023 0
1675847917410 0.1989290714263916 0
1675847917443 0.19648131728172302 0
1675847917474 0.2494424432516098 0
1675847917505 0.01962563954293728 0
1675847917537 0.3554975986480713 0
1675847917571 0.15964443981647491 0
1675847917602 0.0047724563628435135 0
1675847917631 0.006485613528639078 0
1675847917661 0.23894578218460083 0
1675847917694 0.14025762677192688 0
1675847917728 0.271543949842453 0
1675847917761 0.27488312125205994 0
1675847917794 0.00027017309912480414 0
1675847917825 0.0004075545584782958 0
1675847917856 0.24528545141220093 0
1675847917888 0.5063816905021667 0
1675847917919 0.4719417095184326 0
1675847917952 0.12667937576770782 0
1675847917988 0.1642654538154602 0
1675847918022 0.0008693391573615372 0
1675847918053 0.005605502985417843 0
1675847918088 0.18072710931301117 0
1675847918119 0.315263569355011 0
1675847918148 0.25841861963272095 0
1675847918177 0.07093839347362518 0
1675847918209 0.1497599333524704 0
1675847918242 0.2890740633010864 0
1675847918270 0.14858880639076233 0
1675847918303 0.009211198426783085 0
1675847918334 0.042094822973012924 0
1675847918366 0.3267875611782074 0
1675847918399 0.410582572221756 0
1675847918430 0.34465160965919495 0
1675847918463 0.3405308723449707 0
1675847918494 0.3093589246273041 0
1675847918523 0.004202920012176037 0
1675847918553 0.011488179676234722 0
1675847918583 0.22696200013160706 0
1675847918612 0.15235678851604462 0
1675847918643 0.25794488191604614 0
1675847918673 0.001813358860090375 0
1675847918707 0.207667276263237 0
1675847918748 0.44795331358909607 0
1675847918783 0.0002442257828079164 0
1675847918815 0.11603929102420807 0
1675847918845 0.13335028290748596 0
1675847918878 0.007274901494383812 0
1675847918910 0.009481111541390419 0
1675847918941 0.009403953328728676 0
1675847918976 0.427327960729599 0
1675847919008 0.0033559396397322416 0
1675847919038 0.1935940682888031 0
1675847919069 0.24752333760261536 0
1675847919098 0.0021005389280617237 0
1675847919128 0.10824250429868698 0
1675847919160 0.12037631869316101 0
1675847919192 0.3799440562725067 0
1675847919221 0.7257460355758667 0
1675847919254 0.002315488178282976 0
1675847919285 0.16956190764904022 0
1675847919315 0.15232443809509277 0
1675847919348 0.41529157757759094 0
1675847919378 0.3327105939388275 0
1675847919407 0.2667050063610077 0
1675847919437 0.34010758996009827 0
1675847919467 0.06716503202915192 0
1675847919496 0.3238738179206848 0
1675847919527 0.1277322620153427 0
1675847919557 0.030408356338739395 0
1675847919587 0.46555912494659424 0
1675847919620 0.22460661828517914 0
1675847919653 0.3275083601474762 0
1675847919684 0.2578560411930084 0
1675847919715 0.11463186889886856 0
1675847919747 0.08900562673807144 0
1675847919777 0.24055024981498718 0
1675847919809 0.04012526944279671 0
1675847919840 0.5274224877357483 0
1675847919871 0.14800743758678436 0
1675847919902 0.28470903635025024 0
1675847919933 3.4690422126004705e-06 0
1675847919962 0.28752776980400085 0
1675847919994 0.0009516252321191132 0
1675847920024 0.3463691473007202 0
1675847920054 0.2676607370376587 0
1675847920084 0.0025719194673001766 0
1675847920115 0.010325697250664234 0
1675847920145 0.002793002175167203 0
1675847920175 0.22900311648845673 0
1675847920212 0.30722707509994507 0
1675847920243 0.0020265555940568447 0
1675847920275 0.6566752195358276 0
1675847920304 0.2189359962940216 0
1675847920333 0.0011282040504738688 0
1675847920365 0.11630259454250336 0
1675847920397 0.35989463329315186 0
1675847920434 0.13196828961372375 0
1675847920466 0.249449223279953 0
1675847920498 0.16120930016040802 0
1675847920528 0.37345370650291443 0
1675847920558 0.3329090476036072 0
1675847920591 0.13914132118225098 0
1675847920623 0.5862077474594116 0
1675847920655 0.47490862011909485 0
1675847920686 0.3646491467952728 0
1675847920717 0.3318271338939667 0
1675847920746 0.0013940496137365699 0
1675847920778 0.195636585354805 0
1675847920810 0.00619771983474493 0
1675847920840 0.3741419315338135 0
1675847920871 0.236015185713768 0
1675847920901 0.22644086182117462 0
1675847920929 0.00609250832349062 0
1675847920960 0.016115350648760796 0
1675847920995 0.010846801102161407 0
1675847921028 0.20785535871982574 0
1675847921061 0.2671518921852112 0
1675847921091 0.17602452635765076 0
1675847921123 0.13924790918827057 0
1675847921154 0.1279187798500061 0
1675847921185 0.2577614188194275 0
1675847921217 0.2634366452693939 0
1675847921248 0.004869543947279453 0
1675847921280 0.25321221351623535 0
1675847921311 0.21062834560871124 0
1675847921345 0.2777332663536072 0
1675847921377 0.2877334952354431 0
1675847921409 0.2707013785839081 0
1675847921442 0.07929259538650513 0
1675847921472 0.09678848832845688 0
1675847921504 0.11083412170410156 0
1675847921537 0.23343545198440552 0
1675847921570 0.09015306085348129 0
1675847921602 0.15895134210586548 0
1675847921632 0.31751471757888794 0
1675847921664 0.04175012558698654 0
1675847921696 0.2054014801979065 0
1675847921727 0.35718393325805664 0
1675847921759 0.15362654626369476 0
1675847921790 0.3653501272201538 0
1675847921821 0.16321924328804016 0
1675847921850 0.47064629197120667 0
1675847921881 0.23618540167808533 0
1675847921913 0.15984059870243073 0
1675847921944 0.217347651720047 0
1675847921977 0.18425926566123962 0
1675847922008 0.18539968132972717 0
1675847922040 1.1920930020892229e-08 0
1675847922075 0.2666699290275574 0
1675847922105 0.15644852817058563 0
1675847922134 0.001173190656118095 0
1675847922165 0.15444152057170868 0
1675847922196 0.20489247143268585 0
1675847922227 0.09500139951705933 0
1675847922259 0.12345019727945328 0
1675847922294 0.11941569298505783 0
1675847922326 0.02958536148071289 0
1675847922357 0.47175678610801697 0
1675847922388 0.004287803079932928 0
1675847922421 0.15840986371040344 0
1675847922451 0.11239192634820938 0
1675847922485 0.11257004737854004 0
1675847922515 0.1657274216413498 0
1675847922546 0.2055523842573166 0
1675847922579 0.22322839498519897 0
1675847922611 0.010842327028512955 0
1675847922640 0.36040258407592773 0
1675847922670 0.30115652084350586 0
1675847922700 0.10525742918252945 0
1675847922729 0.4738885462284088 0
1675847922762 0.19001011550426483 0
1675847922795 0.20030120015144348 0
1675847922827 0.20565584301948547 0
1675847922858 0.1860712766647339 0
1675847922889 0.3342399299144745 0
1675847922922 0.14311940968036652 0
1675847922954 0.00020711666729766876 0
1675847922986 0.37440210580825806 0
1675847923018 0.16652311384677887 0
1675847923050 0.0005641774623654783 0
1675847923079 0.015021159313619137 0
1675847923109 2.0579140254994854e-05 0
1675847923138 0.00537446653470397 0
1675847923169 0.4186727702617645 0
1675847923198 0.4203861355781555 0
1675847923230 0.332872211933136 0
1675847923262 0.3200310170650482 0
1675847923292 3.285683487774804e-05 0
1675847923323 0.265562504529953 0
1675847923356 0.31395289301872253 0
1675847923389 0.22367899119853973 0
1675847923420 0.24658158421516418 0
1675847923453 8.444307241006754e-06 0
1675847923483 0.0005281797493807971 0
1675847923513 0.503441333770752 0
1675847923542 2.3391574359266087e-05 0
1675847923571 0.0007869648979976773 0
1675847923601 0.5066283345222473 0
1675847923630 4.768373429442363e-08 0
1675847923659 0.14025194942951202 0
1675847923690 0.21102389693260193 0
1675847923722 0.19707730412483215 0
1675847923752 0.11317674815654755 0
1675847923781 0.1988542526960373 0
1675847923812 6.0183672758284956e-05 0
1675847923845 0.2080519050359726 0
1675847923878 0.16203054785728455 0
1675847923909 0.27631768584251404 0
1675847923943 0.24503636360168457 0
1675847923976 0.00025412507238797843 0
1675847924008 0.002991836052387953 0
1675847924040 0.39009296894073486 0
1675847924071 0.2533576488494873 0
1675847924101 0.2747551202774048 0
1675847924130 0.00028635456692427397 0
1675847924161 0.12521743774414062 0
1675847924193 0.027001848444342613 0
1675847924223 0.19320622086524963 0
1675847924256 0.2596534490585327 0
1675847924288 0.06192195415496826 0
1675847924318 0.6832464933395386 0
1675847924351 0.47838160395622253 0
1675847924380 0.0004792203544639051 0
1675847924411 0.002453672932460904 0
1675847924445 0.222328782081604 0
1675847924481 0.2684212028980255 0
1675847924512 0.075539231300354 0
1675847924543 0.17919617891311646 0
1675847924576 9.394528024131432e-05 0
1675847924608 0.17771591246128082 0
1675847924638 0.01261613517999649 0
1675847924668 0.0016599377850070596 0
1675847924700 0.17108023166656494 0
1675847924732 0.233576700091362 0
1675847924763 3.178914909085506e-08 0
1675847924794 0.11196628957986832 0
1675847924824 0.40582919120788574 0
1675847924854 0.019671134650707245 0
1675847924885 0.001422329805791378 0
1675847924916 0.13979345560073853 0
1675847924950 6.001727160764858e-05 0
1675847924983 0.10840651392936707 0
1675847925019 0.13647224009037018 0
1675847925050 0.19328667223453522 0
1675847925081 0.3015715181827545 0
1675847925111 0.00015022724983282387 0
1675847925140 0.12130039930343628 0
1675847925173 0.2953396737575531 0
1675847925202 1.9073495138854923e-07 0
1675847925231 0.22374023497104645 0
1675847925260 0.489324152469635 0
1675847925292 0.1978195756673813 0
1675847925325 0.13215646147727966 0
1675847925357 0.2259209156036377 0
1675847925391 0.2917059659957886 0
1675847925424 0.25456467270851135 0
1675847925459 0.18783466517925262 0
1675847925490 0.1907045841217041 0
1675847925519 0.13347715139389038 0
1675847925550 0.0006047968636266887 0
1675847925582 0.000911362876649946 0
1675847925614 0.3970354497432709 0
1675847925646 0.24446643888950348 0
1675847925677 3.671706963359611e-06 0
1675847925706 0.0012328883167356253 0
1675847925737 0.22939464449882507 0
1675847925768 0.10034529864788055 0
1675847925799 0.16782017052173615 0
1675847925827 0.001351509359665215 0
1675847925857 0.40488162636756897 0
1675847925891 0.3321491777896881 0
1675847925923 0.09579583257436752 0
1675847925956 0.24370284378528595 0
1675847925989 0.1648656576871872 0
1675847926021 0.19811773300170898 0
1675847926050 0.0018568390514701605 0
1675847926080 9.89010077319108e-05 0
1675847926110 0.12874342501163483 0
1675847926141 0.34287795424461365 0
1675847926172 0.0 0
1675847926202 0.3958519399166107 0
1675847926232 0.16126298904418945 0
1675847926268 0.23998446762561798 0
1675847926298 0.0017523099668323994 0
1675847926329 0.22268858551979065 0
1675847926361 0.4646064043045044 0
1675847926394 0.580968976020813 0
1675847926428 0.12860296666622162 0
1675847926459 0.1803126484155655 0
1675847926494 0.3441504240036011 0
1675847926525 0.0009022674057632685 0
1675847926555 4.425702172738966e-06 0
1675847926588 0.003710666438564658 0
1675847926620 0.1296645849943161 0
1675847926650 5.686439635610441e-06 0
1675847926682 0.023395420983433723 0
1675847926711 0.1967618316411972 0
1675847926742 2.2053730219795398e-07 0
1675847926774 3.665161057142541e-05 0
1675847926805 0.1946774125099182 0
1675847926837 0.20892183482646942 0
1675847926868 0.021956708282232285 0
1675847926901 0.0004105125553905964 0
1675847926934 0.2457469254732132 0
1675847926966 0.17185556888580322 0
1675847926998 0.15750330686569214 0
1675847927028 0.10706373304128647 0
1675847927060 0.32525625824928284 0
1675847927090 0.007495886646211147 0
1675847927121 0.6273358464241028 0
1675847927152 0.18693269789218903 0
1675847927182 0.20713074505329132 0
1675847927212 0.12802837789058685 0
1675847927243 8.845180127536878e-05 0
1675847927274 0.42652931809425354 0
1675847927307 0.3226204812526703 0
1675847927337 0.0013041839702054858 0
1675847927368 0.23334242403507233 0
1675847927399 0.0005689706886187196 0
1675847927428 0.11970639228820801 0
1675847927459 0.36060139536857605 0
1675847927491 0.20417837798595428 0
1675847927522 0.11999203264713287 0
1675847927553 0.29575544595718384 0
1675847927585 0.19112801551818848 0
1675847927616 0.013403770513832569 0
1675847927647 9.095985660678707e-06 0
1675847927679 0.00017826455587055534 0
1675847927710 0.11196118593215942 0
1675847927742 0.122492216527462 0
1675847927771 0.00019855178834404796 0
1675847927802 0.3387843370437622 0
1675847927833 0.0 0
1675847927863 0.0030976657290011644 0
1675847927900 0.25114569067955017 0
1675847927929 0.0003302469558548182 0
1675847927958 0.19343054294586182 0
1675847927988 0.1877715140581131 0
1675847928020 0.26114779710769653 0
1675847928049 0.46583884954452515 0
1675847928078 0.12226971238851547 0
1675847928108 0.23565368354320526 0
1675847928139 0.0010005582589656115 0
1675847928168 3.3328557037748396e-05 0
1675847928198 0.039098504930734634 0
1675847928230 0.0013169808080419898 0
1675847928261 0.5118988752365112 0
1675847928292 0.0022147544659674168 0
1675847928322 1.3957977898826357e-05 0
1675847928353 0.18691618740558624 0
1675847928385 0.10159303992986679 0
1675847928416 0.000683887570630759 0
1675847928447 0.0606309212744236 0
1675847928479 0.41588059067726135 0
1675847928509 5.960465898624534e-08 0
1675847928541 0.22799795866012573 0
1675847928573 0.3371099531650543 0
1675847928602 0.12903301417827606 0
1675847928632 1.0738389492034912 0
1675847928663 0.38595736026763916 0
1675847928694 0.19322894513607025 0
1675847928723 0.5028237700462341 0
1675847928752 0.2003767341375351 0
1675847928785 0.3507992923259735 0
1675847928815 0.3713618218898773 0
1675847928845 0.20571093261241913 0
1675847928878 0.46647965908050537 0
1675847928908 0.00022356092813424766 0
1675847928942 0.186935156583786 0
1675847928979 0.23155343532562256 0
1675847929011 0.06738144904375076 0
1675847929044 0.25190576910972595 0
1675847929074 0.33208781480789185 0
1675847929106 0.17285136878490448 0
1675847929139 0.010073298588395119 0
1675847929171 0.2447301745414734 0
1675847929203 0.1034437045454979 0
1675847929235 0.3856680989265442 0
1675847929268 0.32361048460006714 0
1675847929300 0.2660432457923889 0
1675847929330 0.1866954118013382 0
1675847929362 6.164132355479524e-05 0
1675847929393 0.005610517226159573 0
1675847929425 0.006360181607306004 0
1675847929456 0.007135884836316109 0
1675847929488 0.1510550081729889 0
1675847929520 0.3574869930744171 0
1675847929550 0.21533729135990143 0
1675847929583 0.1979709416627884 0
1675847929615 0.020207788795232773 0
1675847929646 0.1863681823015213 0
1675847929676 0.035750918090343475 0
1675847929707 0.43362635374069214 0
1675847929737 0.00011630251538008451 0
1675847929765 0.00366332964040339 0
1675847929796 0.25208112597465515 0
1675847929826 0.1597404181957245 0
1675847929854 0.48887157440185547 0
1675847929885 0.3806125223636627 0
1675847929918 0.056766048073768616 0
1675847929948 0.10976589471101761 0
1675847929982 0.24426616728305817 0
1675847930029 0.19846884906291962 0
1675847930071 0.20906518399715424 0
1675847930101 0.14296457171440125 0
1675847930132 0.23991139233112335 0
1675847930161 0.0032365936785936356 0
1675847930189 0.5765411853790283 0
1675847930218 0.3344530463218689 0
1675847930247 0.002642679726704955 0
1675847930277 0.010900285094976425 0
1675847930307 0.26434463262557983 0
1675847930338 0.3023390471935272 0
1675847930366 0.2129681408405304 0
1675847930396 0.4058593809604645 0
1675847930430 0.23853729665279388 0
1675847930460 0.1621471345424652 0
1675847930491 0.20961546897888184 0
1675847930522 0.3486734926700592 0
1675847930552 0.13819821178913116 0
1675847930582 0.14170248806476593 0
1675847930612 0.2130640745162964 0
1675847930644 0.04006342217326164 0
1675847930673 0.19975177943706512 0
1675847930702 0.569059431552887 0
1675847930734 0.08050950616598129 0
1675847930765 0.0797230452299118 0
1675847930795 0.18394431471824646 0
1675847930826 0.04993806034326553 0
1675847930857 0.06769434362649918 0
1675847930887 0.11049784719944 0
1675847930919 0.311452180147171 0
1675847930950 0.373798668384552 0
1675847930981 0.16574439406394958 0
1675847931010 0.45871222019195557 0
1675847931040 0.12981045246124268 0
1675847931069 0.20060713589191437 0
1675847931099 0.19323791563510895 0
1675847931129 2.3841860041784457e-08 0
1675847931158 0.24358049035072327 0
1675847931191 0.1741126924753189 0
1675847931221 0.0008788121049292386 0
1675847931257 0.31885001063346863 0
1675847931289 0.0756402462720871 0
1675847931320 0.16483549773693085 0
1675847931350 0.15799205005168915 0
1675847931379 0.2896181643009186 0
1675847931408 1.1920930020892229e-08 0
1675847931438 0.132176011800766 0
1675847931468 0.21817618608474731 0
1675847931499 0.09779779613018036 0
1675847931529 0.0005077666719444096 0
1675847931560 0.1920291781425476 0
1675847931588 0.09719913452863693 0
1675847931618 0.41028496623039246 0
1675847931650 0.15002883970737457 0
1675847931679 0.0002478020032867789 0
1675847931707 0.11565664410591125 0
1675847931737 0.218575119972229 0
1675847931767 0.025371337309479713 0
1675847931800 0.30327460169792175 0
1675847931829 0.3787749707698822 0
1675847931859 0.15633544325828552 0
1675847931888 0.005406161304563284 0
1675847931917 0.2514786124229431 0
1675847931948 0.30094650387763977 0
1675847931980 0.2635860741138458 0
1675847932013 0.09471507370471954 0
1675847932042 0.002403599675744772 0
1675847932075 1.8894755839937716e-06 0
1675847932106 0.34980568289756775 0
1675847932138 0.18004222214221954 0
1675847932168 0.0023113584611564875 0
1675847932197 0.00023356368183158338 0
1675847932228 0.15510688722133636 0
1675847932258 0.5222110152244568 0
1675847932288 0.1123080775141716 0
1675847932320 0.18671700358390808 0
1675847932352 0.11099317669868469 0
1675847937591 0.09858320653438568 0
1675847937623 0.4590638279914856 0
1675847937654 0.0003787505847867578 0
1675847937685 1.1444142273830948e-06 0
1675847937717 0.24133442342281342 0
1675847937748 0.0005934953223913908 0
1675847937779 0.1807001531124115 0
1675847937809 0.001419302076101303 0
1675847937842 8.344652968617083e-08 0
1675847937875 0.26037585735321045 0
1675847937905 0.25604623556137085 0
1675847937937 0.22204028069972992 0
1675847937970 0.14261336624622345 0
1675847938001 7.988524885149673e-05 0
1675847938032 0.0007552978349849582 0
1675847938064 0.26862144470214844 0
1675847938094 0.21563558280467987 0
1675847938123 0.002859202679246664 0
1675847938152 0.05013586953282356 0
1675847938183 0.09034662693738937 0
1675847938214 0.24658556282520294 0
1675847938244 0.3622545599937439 0
1675847938275 0.15197709202766418 0
1675847938306 0.08006531745195389 0
1675847938336 0.00014421936066355556 0
1675847938368 0.24369952082633972 0
1675847938399 0.2689914107322693 0
