1675787075035 0.6902076005935669 0
1675787075104 0.6899521946907043 0
1675787075170 0.6813209652900696 0
1675787075228 0.6763038039207458 0
1675787075286 0.6556281447410583 0
1675787075337 0.6795803904533386 0
1675787075385 0.6767888069152832 0
1675787075427 0.6766175031661987 0
1675787075479 0.6690370440483093 0
1675787075527 0.6285364627838135 0
1675787075585 0.6170347332954407 0
1675787075638 0.619735836982727 0
1675787075687 0.6487493515014648 0
1675787075737 0.6416457891464233 0
1675787075791 0.6879061460494995 0
1675787075845 0.5698390007019043 0
1675787075895 0.6710659861564636 0
1675787075946 0.584133505821228 0
1675787076002 0.6148907542228699 0
1675787076062 0.5691588521003723 0
1675787076119 0.5020889043807983 0
1675787076171 0.5906549692153931 0
1675787076222 0.5408262014389038 0
1675787076278 0.5252621173858643 0
1675787076326 0.7607284188270569 0
1675787076377 0.4425444006919861 0
1675787076426 0.6184034943580627 0
1675787076476 0.7963961362838745 0
1675787076525 0.536437451839447 0
1675787076580 0.747624933719635 0
1675787076626 0.6157397031784058 0
1675787076673 0.7532838582992554 0
1675787076718 0.5635697245597839 0
1675787076774 0.7211247682571411 0
1675787076827 0.6465874910354614 0
1675787076884 0.6365903615951538 0
1675787076944 0.5157989263534546 0
1675787077016 0.5006300806999207 0
1675787077078 0.6408054828643799 0
1675787077141 0.5125226378440857 0
1675787077200 0.6059026122093201 0
1675787077259 0.6018153429031372 0
1675787077340 0.47944366931915283 0
1675787077410 0.5609018206596375 0
1675787077476 0.5276504755020142 0
1675787077555 0.6904711127281189 0
1675787077611 0.5975914597511292 0
1675787077672 0.504113495349884 0
1675787077734 0.545996904373169 0
1675787077801 0.6143007874488831 0
1675787077866 0.6033972501754761 0
1675787077912 0.5453431606292725 0
1675787077979 0.4981468617916107 0
1675787078038 0.6619056463241577 0
1675787078095 0.6584067940711975 0
1675787078160 0.753981351852417 0
1675787078227 0.44619980454444885 0
1675787078286 0.5092753767967224 0
1675787078350 0.6647449731826782 0
1675787078417 0.697894275188446 0
1675787078475 0.5153993368148804 0
1675787078543 0.5937762260437012 0
1675787078605 0.5943742990493774 0
1675787078659 0.704448938369751 0
1675787078717 0.4872156083583832 0
1675787078770 0.6398587822914124 0
1675787078840 0.5144374370574951 0
1675787078888 0.5149617791175842 0
1675787078936 0.6554354429244995 0
1675787078982 0.43655022978782654 0
1675787079028 0.6997920274734497 0
1675787079077 0.6763828992843628 0
1675787079121 0.5382109880447388 0
1675787079168 0.46466195583343506 0
1675787079215 0.7213954329490662 0
1675787079262 0.5066115856170654 0
1675787079325 0.7158975601196289 0
1675787079394 0.48068347573280334 0
1675787079466 0.5214281678199768 0
1675787079530 0.6671468615531921 0
1675787079591 0.481827050447464 0
1675787079645 0.6134909987449646 0
1675787079695 0.6149088144302368 0
1675787079749 0.5388903021812439 0
1675787079804 0.5759773254394531 0
1675787079852 0.5200669765472412 0
1675787079898 0.5353670716285706 0
1675787079939 0.5343926548957825 0
1675787079991 0.4470778703689575 0
1675787080042 0.5348539352416992 0
1675787080104 0.6332343816757202 0
1675787080157 0.6052979826927185 0
1675787080208 0.5175977349281311 0
1675787080260 0.48554959893226624 0
1675787080316 0.42526015639305115 0
1675787080368 0.5983986854553223 0
1675787080410 0.4414374828338623 0
1675787080459 0.5676586031913757 0
1675787080508 0.5529989004135132 0
1675787080563 0.39803892374038696 0
1675787082569 0.4029473662376404 0
1675787082627 0.6957700848579407 0
1675787082679 0.4218965172767639 0
1675787082743 0.4211689531803131 0
1675787082816 0.38027259707450867 0
1675787082891 0.3963630497455597 0
1675787082984 0.4920622706413269 0
1675787083070 0.3404825031757355 0
1675787083140 0.6080729961395264 0
1675787083190 0.49040091037750244 0
1675787083241 0.5523154139518738 0
1675787083298 0.46629342436790466 0
1675787083355 0.4270496368408203 0
1675787083403 0.2615754008293152 0
1675787083458 0.31754130125045776 0
1675787083520 0.5144335627555847 0
1675787083577 0.5716163516044617 0
1675787083629 0.34516042470932007 0
1675787083688 0.21227259933948517 0
1675787083751 0.3122146725654602 0
1675787083818 0.38909465074539185 0
1675787083884 0.7712404131889343 0
1675787083937 0.40977713465690613 0
1675787083994 0.3790022134780884 0
1675787084048 0.3457027077674866 0
1675787084100 0.3941410481929779 0
1675787084153 0.6721133589744568 0
1675787084204 0.37148717045783997 0
1675787084267 0.44668662548065186 0
1675787084315 0.4906138777732849 0
1675787084367 0.5427520275115967 0
1675787084408 0.478853702545166 0
1675787084456 0.1716008335351944 0
1675787084503 0.3434982895851135 0
1675787084558 0.23243488371372223 0
1675787084601 0.35667893290519714 0
1675787084650 0.39337798953056335 0
1675787084701 0.4409218430519104 0
1675787084746 0.4805707633495331 0
1675787084806 0.5183253288269043 0
1675787084853 0.38046795129776 0
1675787084902 0.7657708525657654 0
1675787084957 0.3491706848144531 0
1675787085003 0.33394744992256165 0
1675787085046 0.36814388632774353 0
1675787085092 0.2591116726398468 0
1675787085144 0.3549519181251526 0
1675787085188 0.26983681321144104 0
1675787085234 0.4619784355163574 0
1675787085281 0.24656297266483307 0
1675787085326 0.1869189292192459 0
1675787085368 0.5303298234939575 0
1675787085417 0.3436284363269806 0
1675787085469 0.561801016330719 0
1675787085514 0.39698994159698486 0
1675787085567 0.20543281733989716 0
1675787085618 0.3308440148830414 0
1675787085680 0.4463587999343872 0
1675787085767 0.3178885579109192 0
1675787085881 0.22188639640808105 0
1675787085938 0.4629400372505188 0
1675787085988 0.4968741238117218 0
1675787086059 0.2545490860939026 0
1675787086119 0.549364447593689 0
1675787086164 0.26866719126701355 0
1675787086210 0.3445972800254822 0
1675787086270 0.2939594089984894 0
1675787086328 0.3082023859024048 0
1675787086387 0.17708881199359894 0
1675787086441 0.3951350748538971 0
1675787086506 0.43870672583580017 0
1675787086553 0.18298205733299255 0
1675787086601 0.21062779426574707 0
1675787086650 0.2686307728290558 0
1675787086707 0.23887507617473602 0
1675787086753 0.41981613636016846 0
1675787086807 0.18139907717704773 0
1675787086854 0.20240037143230438 0
1675787086903 0.37740859389305115 0
1675787086953 0.31724274158477783 0
1675787087058 0.4779796302318573 0
1675787087163 0.4104016125202179 0
1675787087231 0.08971795439720154 0
1675787087285 0.03756406158208847 0
1675787087339 0.5278266072273254 0
1675787087610 0.547534704208374 0
1675787087731 0.40381744503974915 0
1675787087794 0.5145363807678223 0
1675787087859 0.3841940462589264 0
1675787087925 0.3238123655319214 0
1675787087995 0.646233856678009 0
1675787088051 0.09421229362487793 0
1675787088107 0.13288883864879608 0
1675787088162 0.4165385961532593 0
1675787088218 0.2616966962814331 0
1675787088281 0.45910724997520447 0
1675787088337 0.2883584499359131 0
1675787088396 0.35376933217048645 0
1675787088452 0.45911112427711487 0
1675787088522 0.2894487679004669 0
1675787090456 0.22234076261520386 0
1675787090521 0.6372469067573547 0
1675787090572 0.11114592850208282 0
1675787090618 0.07818878442049026 0
1675787090666 0.3221832513809204 0
1675787090714 0.1022399514913559 0
1675787090761 0.4298885464668274 0
1675787090820 0.10387517511844635 0
1675787090870 0.1344742327928543 0
1675787090922 0.44125741720199585 0
1675787090976 0.6309866309165955 0
1675787091039 0.5103914737701416 0
1675787091092 0.2880765497684479 0
1675787091140 0.08403605967760086 0
1675787091193 0.07602528482675552 0
1675787091249 0.5814623832702637 0
1675787091299 0.6082567572593689 0
1675787091344 0.19404913485050201 0
1675787091395 0.06414465606212616 0
1675787091444 0.2620043158531189 0
1675787091512 0.36307844519615173 0
1675787091559 0.7021052241325378 0
1675787091610 0.26326608657836914 0
1675787091671 0.2040836662054062 0
1675787091735 0.0938720554113388 0
1675787091799 0.3829813599586487 0
1675787091850 0.6588597893714905 0
1675787091893 0.10617659240961075 0
1675787091952 0.5502775311470032 0
1675787092015 0.13602547347545624 0
1675787092061 0.5402669906616211 0
1675787092117 0.4366230368614197 0
1675787092177 0.054576579481363297 0
1675787092233 0.12652122974395752 0
1675787092337 0.21571697294712067 0
1675787092460 0.32068145275115967 0
1675787092534 0.28599289059638977 0
1675787092619 0.4186061918735504 0
1675787092691 0.26689279079437256 0
1675787092775 0.4102969169616699 0
1675787092852 0.125533327460289 0
1675787092927 0.4754825830459595 0
1675787093014 0.34402796626091003 0
1675787093085 0.18501681089401245 0
1675787093157 0.23754264414310455 0
1675787093226 0.11373485624790192 0
1675787093294 0.40662121772766113 0
1675787093369 0.2744862139225006 0
1675787093439 0.545258641242981 0
1675787093513 0.07448508590459824 0
1675787093586 0.06507903337478638 0
1675787093653 0.5070103406906128 0
1675787093721 0.36863383650779724 0
1675787093797 0.5915156006813049 0
1675787093874 0.4251876473426819 0
1675787093941 0.11029241979122162 0
1675787094015 0.3699719309806824 0
1675787094085 0.41546449065208435 0
1675787094142 0.3839917480945587 0
1675787094204 0.10142580419778824 0
1675787094279 0.3690567910671234 0
1675787094337 0.7123825550079346 0
1675787094389 0.3004525601863861 0
1675787094437 0.44128885865211487 0
1675787094489 0.27535519003868103 0
1675787094544 0.2994886338710785 0
1675787094591 0.3108208179473877 0
1675787094643 0.2917308807373047 0
1675787094697 0.12359573692083359 0
1675787094752 0.365797221660614 0
1675787094813 0.3538302481174469 0
1675787094866 0.14016114175319672 0
1675787094924 0.17925335466861725 0
1675787094991 0.250872939825058 0
1675787095049 0.28313860297203064 0
1675787095110 0.4175019860267639 0
1675787095168 0.12955497205257416 0
1675787095224 0.19203370809555054 0
1675787095284 0.3416275382041931 0
1675787095341 0.341864675283432 0
1675787095389 0.47756463289260864 0
1675787095452 0.43665584921836853 0
1675787095518 0.056357912719249725 0
1675787095572 0.03663742169737816 0
1675787095620 0.30451950430870056 0
1675787095672 0.5041201710700989 0
1675787095724 0.2637724280357361 0
1675787095783 0.4766944646835327 0
1675787095841 0.35855039954185486 0
1675787095896 0.280520498752594 0
1675787095941 0.5020067691802979 0
1675787095998 0.0637112557888031 0
1675787096057 0.07893617451190948 0
1675787096109 0.38946521282196045 0
1675787096164 0.2739291191101074 0
1675787096211 0.4958969056606293 0
1675787096259 0.19537116587162018 0
1675787096308 0.3227635324001312 0
1675787096356 0.49299415946006775 0
1675787096413 0.22269102931022644 0
1675787098574 0.25373005867004395 0
1675787098651 0.697275698184967 0
1675787098706 0.07093767821788788 0
1675787098754 0.04320847615599632 0
1675787098815 0.3662649393081665 0
1675787098859 0.05514436215162277 0
1675787098906 0.46282392740249634 0
1675787098955 0.09235537797212601 0
1675787099005 0.05506644397974014 0
1675787099054 0.4734697937965393 0
1675787099103 0.5532044172286987 0
1675787099166 0.487836092710495 0
1675787099214 0.31598252058029175 0
1675787099255 0.07623854279518127 0
1675787099301 0.07464566826820374 0
1675787099344 0.6409660577774048 0
1675787099391 0.6715425252914429 0
1675787099432 0.034864917397499084 0
1675787099484 0.03385750576853752 0
1675787099538 0.17397962510585785 0
1675787099621 0.39925849437713623 0
1675787099748 0.5784382820129395 0
1675787099804 0.31600847840309143 0
1675787099855 0.17309266328811646 0
1675787099903 0.08156097680330276 0
1675787099955 0.36684325337409973 0
1675787100005 0.5764924883842468 0
1675787100071 0.026826735585927963 0
1675787100124 0.4253804385662079 0
1675787100172 0.1139938086271286 0
1675787100223 0.49953120946884155 0
1675787100272 0.5287299156188965 0
1675787100326 0.006734546273946762 0
1675787100380 0.08811412006616592 0
1675787100432 0.08755821734666824 0
1675787100479 0.2370201051235199 0
1675787100531 0.28729239106178284 0
1675787100591 0.3630104959011078 0
1675787100653 0.05663252994418144 0
1675787100716 0.33594661951065063 0
1675787100893 0.07236157357692719 0
1675787100984 0.3678314685821533 0
1675787101057 0.3532065749168396 0
1675787101118 0.19554443657398224 0
1675787101178 0.268083393573761 0
1675787101240 0.004397149197757244 0
1675787101296 0.24989046156406403 0
1675787101354 0.25465044379234314 0
1675787101413 0.4517252743244171 0
1675787101457 0.14503498375415802 0
1675787101513 0.1093716025352478 0
1675787101573 0.4305652976036072 0
1675787101619 0.4048050045967102 0
1675787101671 0.5448018312454224 0
1675787101722 0.37064266204833984 0
1675787101784 0.08384988456964493 0
1675787101833 0.2973534166812897 0
1675787101881 0.3663667142391205 0
1675787101925 0.2766266167163849 0
1675787101975 0.04662724584341049 0
1675787102045 0.4402591288089752 0
1675787102111 0.4303857684135437 0
1675787102162 0.258800745010376 0
1675787102222 0.4536171555519104 0
1675787102281 0.24022401869297028 0
1675787102344 0.33329838514328003 0
1675787102403 0.3182999789714813 0
1675787102455 0.2955024540424347 0
1675787102503 0.014659118838608265 0
1675787102552 0.3368154466152191 0
1675787102604 0.48878270387649536 0
1675787102650 0.029879074543714523 0
1675787102695 0.05243315547704697 0
1675787102739 0.21452327072620392 0
1675787102791 0.07788322120904922 0
1675787102842 0.4104172885417938 0
1675787102887 0.012877210974693298 0
1675787102935 0.15970313549041748 0
1675787102982 0.34394410252571106 0
1675787103031 0.2807553708553314 0
1675787103082 0.4353836476802826 0
1675787103124 0.39686504006385803 0
1675787103173 0.0645710676908493 0
1675787103225 0.004343633074313402 0
1675787103274 0.21923935413360596 0
1675787103318 0.4712179899215698 0
1675787103365 0.26103004813194275 0
1675787103414 0.5127203464508057 0
1675787103466 0.3349507749080658 0
1675787103509 0.25043952465057373 0
1675787103553 0.48875948786735535 0
1675787103631 0.007980061694979668 0
1675787103751 0.03109588474035263 0
1675787103849 0.36078134179115295 0
1675787103908 0.24815848469734192 0
1675787103964 0.3067901134490967 0
1675787104016 0.29417964816093445 0
1675787104062 0.3188287019729614 0
1675787104106 0.38902390003204346 0
1675787104164 0.19889521598815918 0
1675787105855 0.12706105411052704 0
1675787105907 0.5960860848426819 0
1675787105970 0.03075997903943062 0
1675787106029 0.006629918236285448 0
1675787106076 0.33061715960502625 0
1675787106123 0.008576427586376667 0
1675787106169 0.2929820120334625 0
1675787106216 0.1960809975862503 0
1675787106274 0.007257166318595409 0
1675787106320 0.4898911118507385 0
1675787106373 0.5342344641685486 0
1675787106423 0.5972830057144165 0
1675787106471 0.290813148021698 0
1675787106537 0.005923285149037838 0
1675787106588 0.04445525258779526 0
1675787106649 0.4913376569747925 0
1675787106700 0.5348526239395142 0
1675787106752 0.01359887607395649 0
1675787106818 0.02722756564617157 0
1675787106866 0.1871355026960373 0
1675787106915 0.3059375286102295 0
1675787106959 0.5484947562217712 0
1675787107003 0.3739323318004608 0
1675787107075 0.1486753523349762 0
1675787107129 0.25326821208000183 0
1675787107183 0.3312073349952698 0
1675787107228 0.5952051877975464 0
1675787107269 0.03018125332891941 0
1675787107315 0.42638111114501953 0
1675787107361 0.14819055795669556 0
1675787107421 0.3854896128177643 0
1675787107469 0.40897291898727417 0
1675787107513 0.019312109798192978 0
1675787107569 0.0143967866897583 0
1675787107629 0.036319833248853683 0
1675787107678 0.27822500467300415 0
1675787107738 0.2760835587978363 0
1675787107797 0.33834123611450195 0
1675787107851 0.02924186736345291 0
1675787107900 0.3178403079509735 0
1675787107951 0.014392547309398651 0
1675787108003 0.397749125957489 0
1675787108065 0.29487863183021545 0
1675787108123 0.12174960970878601 0
1675787108174 0.26931053400039673 0
1675787108237 0.0002990342036355287 0
1675787108280 0.19388076663017273 0
1675787108324 0.30494093894958496 0
1675787108370 0.32459723949432373 0
1675787108419 0.027217241004109383 0
1675787108463 0.007214167155325413 0
1675787108509 0.3239341378211975 0
1675787108563 0.3510693907737732 0
1675787108619 0.5479589700698853 0
1675787108665 0.20936444401741028 0
1675787108712 0.005325097590684891 0
1675787108757 0.29638907313346863 0
1675787108811 0.31538164615631104 0
1675787108857 0.23959492146968842 0
1675787108964 0.0034209764562547207 0
1675787109081 0.3718124330043793 0
1675787109141 0.39766716957092285 0
1675787109198 0.21552284061908722 0
1675787109269 0.41421088576316833 0
1675787109320 0.18704670667648315 0
1675787109369 0.2054651826620102 0
1675787109425 0.24013063311576843 0
1675787109474 0.36770984530448914 0
1675787109529 0.029778292402625084 0
1675787109581 0.3369552791118622 0
1675787109622 0.28913646936416626 0
1675787109669 0.01349174976348877 0
1675787109714 0.10524018853902817 0
1675787109765 0.20909446477890015 0
1675787109815 0.051384925842285156 0
1675787109868 0.33660411834716797 0
1675787109929 0.002636525547131896 0
1675787109978 0.1514546275138855 0
1675787110025 0.26349133253097534 0
1675787110071 0.27637261152267456 0
1675787110125 0.3515678346157074 0
1675787110166 0.5013181567192078 0
1675787110212 0.0010427974630147219 0
1675787110265 0.01408550888299942 0
1675787110311 0.21526186168193817 0
1675787110365 0.4627963602542877 0
1675787110413 0.2162047177553177 0
1675787110457 0.3710416257381439 0
1675787110503 0.6233409643173218 0
1675787110549 0.2913573682308197 0
1675787110597 0.4834407866001129 0
1675787110646 0.007461098488420248 0
1675787110696 0.001739168306812644 0
1675787110743 0.2898131012916565 0
1675787110797 0.29352661967277527 0
1675787110842 0.2700905203819275 0
1675787110896 0.2520735561847687 0
1675787110947 0.19411946833133698 0
1675787110993 0.2770160138607025 0
1675787111054 0.21820877492427826 0
1675787112719 0.13148127496242523 0
1675787112772 0.5945016741752625 0
1675787112830 0.014461811631917953 0
1675787112990 0.003114207647740841 0
1675787113080 0.322931706905365 0
1675787113148 0.01588461920619011 0
1675787113220 0.2930702269077301 0
1675787113287 0.025471052154898643 0
1675787113339 0.006663543172180653 0
1675787113402 0.36522430181503296 0
1675787113465 0.47010311484336853 0
1675787113532 0.47136542201042175 0
1675787113588 0.19426795840263367 0
1675787113633 0.004757307935506105 0
1675787113682 0.03806567192077637 0
1675787113732 0.5122160911560059 0
1675787113785 0.5143783092498779 0
1675787113834 0.0004754586552735418 0
1675787113882 0.011348763480782509 0
1675787113932 0.17018689215183258 0
1675787113982 0.27079764008522034 0
1675787114029 0.5180884003639221 0
1675787114079 0.2389516830444336 0
1675787114136 0.0961129367351532 0
1675787114270 0.02842743694782257 0
1675787114374 0.3934192359447479 0
1675787114423 0.4763363301753998 0
1675787114474 4.743810131913051e-05 0
1675787114529 0.46373251080513 0
1675787114578 0.001190202310681343 0
1675787114621 0.30174311995506287 0
1675787114666 0.3205050230026245 0
1675787114712 5.172914370632498e-06 0
1675787114765 0.00694742426276207 0
1675787114818 0.08499843627214432 0
1675787114868 0.1589461863040924 0
1675787114923 0.20592248439788818 0
1675787114979 0.32550284266471863 0
1675787115032 0.002092120237648487 0
1675787115087 0.25390923023223877 0
1675787115134 0.017811814323067665 0
1675787115184 0.3322267234325409 0
1675787115236 0.3269185721874237 0
1675787115282 0.09847749024629593 0
1675787115331 0.2855282723903656 0
1675787115375 0.0017736991867423058 0
1675787115427 0.2086201161146164 0
1675787115473 0.2384154349565506 0
1675787115515 0.2903686761856079 0
1675787115569 0.02052062563598156 0
1675787115619 0.007159271277487278 0
1675787115667 0.34271109104156494 0
1675787115722 0.4179477393627167 0
1675787115770 0.5422390103340149 0
1675787115816 0.2026614248752594 0
1675787115867 0.08639483153820038 0
1675787115917 0.28246721625328064 0
1675787115963 0.26715219020843506 0
1675787116006 0.18527379631996155 0
1675787116064 0.0005488561582751572 0
1675787116115 0.29626572132110596 0
1675787116162 0.3917291760444641 0
1675787116207 0.12883934378623962 0
1675787116258 0.4416203498840332 0
1675787116312 0.17062298953533173 0
1675787116361 0.17441610991954803 0
1675787116406 0.1948845237493515 0
1675787116453 0.2803342044353485 0
1675787116500 6.520259194076061e-05 0
1675787116547 0.3733398914337158 0
1675787116597 0.48947674036026 0
1675787116645 3.56353230017703e-05 0
1675787116693 0.044082265347242355 0
1675787116738 0.16453763842582703 0
1675787116787 0.16197234392166138 0
1675787116839 0.3141072690486908 0
1675787116884 0.005682399496436119 0
1675787116931 0.2644212245941162 0
1675787116981 0.25270047783851624 0
1675787117032 0.22820724546909332 0
1675787117084 0.37898245453834534 0
1675787117129 0.3763023912906647 0
1675787117173 0.0013220524415373802 0
1675787117220 0.06330960988998413 0
1675787117265 0.22111675143241882 0
1675787117315 0.43840721249580383 0
1675787117361 0.19419024884700775 0
1675787117412 0.45332664251327515 0
1675787117462 0.2500527799129486 0
1675787117503 0.23948538303375244 0
1675787117554 0.9269951581954956 0
1675787117602 0.0028262282721698284 0
1675787117644 0.07938297837972641 0
1675787117692 0.29397207498550415 0
1675787117744 0.3262944221496582 0
1675787117793 0.2563706040382385 0
1675787117846 0.2605653405189514 0
1675787117893 0.2361566722393036 0
1675787117954 0.3770569860935211 0
1675787118001 0.16014787554740906 0
1675787119806 0.17526446282863617 0
1675787119861 0.46506744623184204 0
1675787119913 0.014219450764358044 0
1675787119957 0.0004966362030245364 0
1675787120011 0.25992128252983093 0
1675787120065 1.84305044967914e-05 0
1675787120114 0.20847928524017334 0
1675787120163 0.007875042967498302 0
1675787120205 0.11074042320251465 0
1675787120256 0.3537057340145111 0
1675787120300 0.42144230008125305 0
1675787120349 0.39038223028182983 0
1675787120398 0.17604027688503265 0
1675787120452 0.002130415989086032 0
1675787120501 0.005845488514751196 0
1675787120547 0.4494990110397339 0
1675787120592 0.4883027970790863 0
1675787120633 0.008931445889174938 0
1675787120683 0.04291533678770065 0
1675787120737 0.2090429961681366 0
1675787120789 0.2794755697250366 0
1675787120847 0.48367640376091003 0
1675787120896 0.3065692186355591 0
1675787120946 0.07987385988235474 0
1675787120992 0.0022462881170213223 0
1675787121053 0.3622872233390808 0
1675787121101 0.45138299465179443 0
1675787121150 0.0025723609142005444 0
1675787121201 0.4415789842605591 0
1675787121254 3.9101132642827e-06 0
1675787121299 0.30243030190467834 0
1675787121347 0.3102940022945404 0
1675787121399 7.961510846143938e-07 0
1675787121467 9.626366590964608e-06 0
1675787121519 0.00320546911098063 0
1675787121563 0.17041200399398804 0
1675787121616 0.20147302746772766 0
1675787121671 0.2961138188838959 0
1675787121716 0.0018942545866593719 0
1675787121768 0.2690126895904541 0
1675787121823 3.941828617826104e-05 0
1675787121864 0.25427696108818054 0
1675787121913 0.3466915786266327 0
1675787121960 0.10292711853981018 0
1675787122006 0.26040294766426086 0
1675787122053 1.5258890471159248e-06 0
1675787122101 0.1346665769815445 0
1675787122155 0.28273871541023254 0
1675787122205 0.26860311627388 0
1675787122260 0.09884236007928848 0
1675787122305 0.0007139737717807293 0
1675787122348 0.2893578112125397 0
1675787122395 0.5104895234107971 0
1675787122444 0.4239659011363983 0
1675787122485 0.3317631483078003 0
1675787122536 0.0014569906052201986 0
1675787122589 0.255950391292572 0
1675787122640 0.2782685458660126 0
1675787122695 0.19706593453884125 0
1675787122744 0.00048191664973273873 0
1675787122799 0.37809208035469055 0
1675787122847 0.5332360863685608 0
1675787122896 0.1483718752861023 0
1675787122945 0.4338124394416809 0
1675787122997 0.17895561456680298 0
1675787123046 0.21500615775585175 0
1675787123103 0.17235058546066284 0
1675787123153 0.31636571884155273 0
1675787123200 0.0023737947922199965 0
1675787123252 0.30669745802879333 0
1675787123302 0.4948801100254059 0
1675787123346 0.0012804651632905006 0
1675787123391 0.020935893058776855 0
1675787123443 0.16084322333335876 0
1675787123488 0.0018842000281438231 0
1675787123535 0.30750778317451477 0
1675787123585 2.8737360480590723e-05 0
1675787123639 0.14588867127895355 0
1675787123698 0.22973647713661194 0
1675787123754 0.15321975946426392 0
1675787123810 0.3288348615169525 0
1675787123866 0.31534621119499207 0
1675787123912 0.002165044192224741 0
1675787123966 0.007494486402720213 0
1675787124013 0.1397130936384201 0
1675787124060 0.3765083849430084 0
1675787124110 0.20442022383213043 0
1675787124162 0.3517875075340271 0
1675787124210 0.3035104274749756 0
1675787124260 0.21026450395584106 0
1675787124304 0.5102720260620117 0
1675787124351 0.0004268074408173561 0
1675787124403 0.008490756154060364 0
1675787124452 0.293027400970459 0
1675787124498 0.18531204760074615 0
1675787124545 0.2262229174375534 0
1675787124595 0.13344787061214447 0
1675787124674 0.18137900531291962 0
1675787124784 0.2529957592487335 0
1675787124880 0.132158562541008 0
1675787126603 0.0900966078042984 0
1675787126662 0.7233515381813049 0
1675787126717 0.0007269058260135353 0
1675787126770 2.0097109882044606e-05 0
1675787126820 0.23259510099887848 0
1675787126868 1.406679530191468e-06 0
1675787126931 0.19434085488319397 0
1675787126977 0.008545677177608013 0
1675787127026 0.001179291633889079 0
1675787127077 0.3219097852706909 0
1675787127132 0.35890519618988037 0
1675787127183 0.3755742609500885 0
1675787127235 0.23576393723487854 0
1675787127280 0.0021189090330153704 0
1675787127332 0.00196768157184124 0
1675787127379 0.41079676151275635 0
1675787127434 0.5266169905662537 0
1675787127485 0.0001558418443892151 0
1675787127531 0.049666840583086014 0
1675787127583 0.09908753633499146 0
1675787127632 0.2379336953163147 0
1675787127682 0.4503447711467743 0
1675787127730 0.31724056601524353 0
1675787127786 0.08003345131874084 0
1675787127844 0.006662668194621801 0
1675787127890 0.2631520628929138 0
1675787127932 0.36079561710357666 0
1675787127981 0.0003624812525231391 0
1675787128034 0.42145803570747375 0
1675787128081 2.6345417154516326e-06 0
1675787128132 0.34562718868255615 0
1675787128182 0.26351743936538696 0
1675787128231 4.219209131406387e-06 0
1675787128278 0.009609985165297985 0
1675787128333 0.025622840970754623 0
1675787128384 0.19265788793563843 0
1675787128433 0.15297825634479523 0
1675787128483 0.30211812257766724 0
1675787128530 0.00069914705818519 0
1675787128579 0.2375299632549286 0
1675787128630 0.0009080171585083008 0
1675787128682 0.2605837285518646 0
1675787128735 0.3579142391681671 0
1675787128791 0.06034460291266441 0
1675787128847 0.20991256833076477 0
1675787128897 0.0001674550585448742 0
1675787128948 0.22816133499145508 0
1675787128994 0.2180529534816742 0
1675787129047 0.268536239862442 0
1675787129098 0.0670643150806427 0
1675787129149 0.00021045772882644087 0
1675787129201 0.3222198784351349 0
1675787129254 0.3190915286540985 0
1675787129299 0.37390777468681335 0
1675787129350 0.17658653855323792 0
1675787129399 0.027196625247597694 0
1675787129450 0.2264387607574463 0
1675787129498 0.21307803690433502 0
1675787129552 0.13783568143844604 0
1675787129597 4.926205656374805e-05 0
1675787129646 0.339935302734375 0
1675787129696 0.33396968245506287 0
1675787129744 0.12537188827991486 0
1675787129797 0.28307101130485535 0
1675787129847 0.21356061100959778 0
1675787129897 0.20120690762996674 0
1675787129999 0.1625279039144516 0
1675787130102 0.45208385586738586 0
1675787130180 9.03288964764215e-05 0
1675787130236 0.283310204744339 0
1675787130303 0.28361088037490845 0
1675787130365 5.221498213359155e-06 0
1675787130416 0.009284935891628265 0
1675787130466 0.14441093802452087 0
1675787130528 0.0006630365969613194 0
1675787130572 0.2477365881204605 0
1675787130621 0.007479390595108271 0
1675787130676 0.12674850225448608 0
1675787130729 0.22034387290477753 0
1675787130777 0.14757652580738068 0
1675787130836 0.32018589973449707 0
1675787130883 0.7248395681381226 0
1675787130934 0.0009277374483644962 0
1675787130986 0.038614459335803986 0
1675787131037 0.1527831256389618 0
1675787131094 0.3907049000263214 0
1675787131139 0.15976785123348236 0
1675787131195 0.3742627799510956 0
1675787131244 0.29038479924201965 0
1675787131316 0.17546014487743378 0
1675787131379 0.4749174118041992 0
1675787131431 0.7778819799423218 0
1675787131480 0.02540111169219017 0
1675787131531 0.25940263271331787 0
1675787131582 0.20769064128398895 0
1675787131629 0.1632811278104782 0
1675787131687 0.19998788833618164 0
1675787131737 0.19842882454395294 0
1675787131794 0.37621670961380005 0
1675787131844 0.156697079539299 0
