1675961330122 0.01729167401790619 0
1675961330713 0.685312557220459 40
1675961331313 0.6714638710021973 80
1675961331988 0.6581334114074707 120
1675961332575 0.6444557666778564 160
1675961333114 0.6235583305358887 200
1675961333742 0.5869436264038086 240
1675961334306 0.6202997207641602 280
1675961334868 0.6094424247741699 320
1675961335506 0.5970495700836181 360
1675961336128 0.5970612049102784 400
1675961336827 0.5841145992279053 440
1675961337494 0.6175358772277832 480
1675961338098 0.6009634017944336 520
1675961338667 0.5853950500488281 560
1675961339180 0.6060773849487304 600
1675961339800 0.6003783702850342 640
1675961340391 0.5849699020385742 680
1675961340947 0.5940056324005127 720
1675961341568 0.6092950344085694 760
1675961342203 0.5963655471801758 800
1675961342810 0.6053171634674073 840
1675961343345 0.6136919498443604 880
1675961344045 0.5996902465820313 920
1675961344627 0.5996029853820801 960
1675961345240 0.6051540851593018 1000
1675961345987 0.6073171615600585 1040
1675961346640 0.6048568725585938 1080
1675961347208 0.601174259185791 1120
1675961347998 0.5726686000823975 1160
1675961348581 0.5996032238006592 1200
1675961349123 0.6115092754364013 1240
1675961349839 0.6107364177703858 1280
1675961350472 0.5823152542114258 1320
1675961351147 0.6041641712188721 1360
1675961351977 0.5928683757781983 1400
1675961352497 0.6072809219360351 1440
1675961353064 0.6007561206817627 1480
1675961353568 0.6026756286621093 1520
1675961354206 0.5829013347625732 1560
1675961354795 0.6071802616119385 1600
1675961355304 0.6128078937530518 1640
1675961355811 0.6153776168823242 1680
1675961356455 0.6066787719726563 1720
1675961357883 0.6074741840362549 1760
1675961358498 0.6122106552124024 1800
1675961359095 0.5988953590393067 1840
1675961359652 0.611543846130371 1880
1675961360301 0.6014795303344727 1920
1675961360901 0.6174709796905518 1960
1675961361467 0.6091068744659424 2000
1675961362125 0.581942367553711 2040
1675961362730 0.6047500133514404 2080
1675961363279 0.5980498313903808 2120
1675961363794 0.6040919780731201 2160
1675961364519 0.6031489849090577 2200
1675961365190 0.5768924713134765 2240
1675961365809 0.6036595821380615 2280
1675961366370 0.6180731296539307 2320
1675961367100 0.5902585506439209 2360
1675961367716 0.5960973262786865 2400
1675961368312 0.6057400703430176 2440
1675961368975 0.5804358005523682 2480
1675961369640 0.6149329662322998 2520
1675961370280 0.5943221569061279 2560
1675961371061 0.589412784576416 2600
1675961371745 0.5953053951263427 2640
1675961372361 0.6059845447540283 2680
1675961372975 0.6010471820831299 2720
1675961373537 0.5860834121704102 2760
1675961374134 0.5897241592407226 2800
1675961374699 0.6262723445892334 2840
1675961375268 0.6005996227264404 2880
1675961375880 0.5944650173187256 2920
1675961376446 0.597090196609497 2960
1675961377043 0.6074820518493652 3000
1675961377743 0.5941174507141114 3040
1675961378401 0.5778499126434327 3080
1675961379059 0.5902412414550782 3120
1675961379648 0.6054919242858887 3160
1675961380154 0.6065779685974121 3200
1675961380725 0.5988852977752686 3240
1675961381355 0.5917178630828858 3280
1675961382041 0.5960902690887451 3320
1675961382637 0.5924709796905517 3360
1675961383275 0.6040404796600342 3400
1675961383856 0.5870749473571777 3440
1675961384414 0.5980040073394776 3480
1675961384938 0.6040689468383789 3520
1675961385508 0.5963552474975586 3560
1675961386076 0.5958535194396972 3600
1675961387018 0.6022190570831298 3640
1675961387698 0.6048671245574951 3680
1675961388336 0.5809473514556884 3720
1675961388972 0.5862989902496338 3760
1675961389561 0.6114556789398193 3800
1675961390235 0.6070841312408447 3840
1675961390895 0.589582872390747 3880
1675961391498 0.6163088798522949 3920
1675961392129 0.6070981502532959 3960
1675961392791 0.6034743309020996 4000
1675961393401 0.5973255157470703 4040
1675961394160 0.6107947826385498 4080
1675961394870 0.5857110023498535 4120
1675961395481 0.5776757717132568 4160
1675961396036 0.6129065990447998 4200
1675961396522 0.6024219036102295 4240
1675961397135 0.5855530738830567 4280
1675961397738 0.600581169128418 4320
1675961398390 0.5887145042419434 4360
1675961399002 0.5926758766174316 4400
1675961399646 0.5854548931121826 4440
1675961400290 0.5986142635345459 4480
1675961401363 0.5846673965454101 4520
1675961402157 0.6284238338470459 4560
1675961402736 0.5891300201416015 4600
1675961403362 0.6033480167388916 4640
1675961404074 0.5809747219085694 4680
1675961404652 0.594053316116333 4720
1675961405251 0.5873420238494873 4760
1675961405802 0.5911057472229004 4800
1675961406375 0.6153131484985351 4840
1675961406999 0.5927504539489746 4880
1675961407609 0.6022459506988526 4920
1675961408356 0.6175435066223145 4960
1675961408932 0.5928686141967774 5000
1675961409582 0.5983557224273681 5040
1675961410193 0.6077774047851563 5080
1675961410770 0.6104074478149414 5120
1675961411372 0.5855883598327637 5160
1675961411935 0.6381502628326416 5200
1675961412579 0.5848489761352539 5240
1675961413171 0.6168471813201905 5280
1675961413697 0.6113316059112549 5320
1675961414233 0.6052720546722412 5360
1675961414924 0.5928828239440918 5400
1675961415429 0.6183534145355225 5440
1675961415982 0.6068718910217286 5480
1675961416836 0.5995645999908448 5520
1675961417366 0.6185977935791016 5560
1675961418154 0.5864776134490967 5600
1675961418831 0.6061177253723145 5640
1675961419484 0.5886784076690674 5680
1675961420096 0.589546012878418 5720
1675961420865 0.5882624626159668 5760
1675961421429 0.6074318885803223 5800
1675961422024 0.6215014457702637 5840
1675961422522 0.6130247592926026 5880
1675961423136 0.6117663383483887 5920
1675961423792 0.5843131065368652 5960
1675961424453 0.5918483734130859 6000
1675961425107 0.6142756462097168 6040
1675961425749 0.6088377952575683 6080
1675961426285 0.6182577610015869 6120
1675961426918 0.6042919158935547 6160
1675961427408 0.6338205337524414 6200
1675961428036 0.5978196144104004 6240
1675961428606 0.593093729019165 6280
1675961429228 0.6060674667358399 6320
1675961429831 0.5991282939910889 6360
1675961430477 0.6125591278076172 6400
1675961431188 0.5962996006011962 6440
1675961431761 0.597068977355957 6480
1675961432336 0.5964348793029786 6520
1675961432846 0.6343577861785888 6560
1675961433434 0.6092880249023438 6600
1675961433957 0.6050146579742431 6640
1675961434547 0.6033836364746094 6680
1675961435267 0.5834074497222901 6720
1675961435803 0.6017387866973877 6760
1675961436409 0.6018666744232177 6800
1675961436972 0.6064408779144287 6840
1675961437650 0.5895481109619141 6880
1675961438236 0.5973911285400391 6920
1675961438750 0.601311206817627 6960
1675961439502 0.5884043216705322 7000
1675961439995 0.6134544372558594 7040
1675961440594 0.5997241020202637 7080
1675961441121 0.5974874496459961 7120
1675961441729 0.6118547916412354 7160
1675961442343 0.5988202095031738 7200
1675961442900 0.6044098854064941 7240
1675961443600 0.583737564086914 7280
1675961444143 0.6068890571594239 7320
1675961444713 0.6093595504760743 7360
1675961445289 0.6141490459442138 7400
1675961446027 0.6055220603942871 7440
1675961446756 0.5995627403259277 7480
1675961447433 0.5866479873657227 7520
1675961448258 0.5777273654937745 7560
1675961448845 0.6092880249023438 7600
1675961449470 0.577172327041626 7640
1675961450113 0.6115161418914795 7680
1675961450809 0.5882854461669922 7720
1675961451379 0.6292569637298584 7760
1675961452073 0.6059059619903564 7800
1675961452610 0.611752986907959 7840
1675961453270 0.5833885192871093 7880
1675961453944 0.5961629390716553 7920
1675961454543 0.5887063980102539 7960
1675961455093 0.6168304443359375 8000
1675961455665 0.586833381652832 8040
1675961456327 0.5885905742645263 8080
1675961456923 0.5937148571014405 8120
1675961457463 0.5957435607910156 8160
1675961458161 0.6198729991912841 8200
1675961458801 0.5899735927581787 8240
1675961459384 0.5973097801208496 8280
1675961460008 0.608357286453247 8320
1675961460636 0.607762622833252 8360
1675961461182 0.600040054321289 8400
1675961461755 0.5984278678894043 8440
1675961462457 0.6026201248168945 8480
1675961462997 0.6090907096862793 8520
1675961463533 0.60330228805542 8560
1675961464141 0.5918758392333985 8600
1675961464703 0.6121147155761719 8640
1675961465379 0.5985909461975097 8680
1675961466203 0.6065197944641113 8720
1675961466894 0.592304277420044 8760
1675961467489 0.604246711730957 8800
1675961468089 0.6073165893554687 8840
1675961468765 0.5952046871185303 8880
1675961470153 0.6178602695465087 8920
1675961470763 0.5891207695007324 8960
1675961471328 0.6138697624206543 9000
1675961471941 0.5993636131286622 9040
1675961472556 0.6010289669036866 9080
1675961473251 0.6070207595825196 9120
1675961473841 0.5948416233062744 9160
1675961474459 0.5986738681793213 9200
1675961475015 0.5967006683349609 9240
1675961475538 0.6233471870422364 9280
1675961476054 0.6141865730285645 9320
1675961476780 0.6107215881347656 9360
1675961477355 0.5896963596343994 9400
1675961477951 0.6061684608459472 9440
1675961478729 0.60561203956604 9480
1675961479343 0.5755608081817627 9520
1675961479949 0.5908521175384521 9560
1675961480619 0.5876560688018799 9600
1675961481267 0.600096607208252 9640
1675961481862 0.6150846481323242 9680
1675961482401 0.6086205959320068 9720
1675961483072 0.6157479763031006 9760
1675961483674 0.5923144340515136 9800
1675961484296 0.5937900543212891 9840
1675961484860 0.6083253383636474 9880
1675961485458 0.6211390972137452 9920
1675961486074 0.6068309783935547 9960
1675961486695 0.6047039985656738 10000
1675961487259 0.6121618270874023 10040
1675961490602 0.5554763793945312 10080
1675961491372 0.5861233234405517 10120
1675961492056 0.5939707279205322 10160
1675961492701 0.5952092170715332 10200
1675961493283 0.5998963356018067 10240
1675961493961 0.5720867156982422 10280
1675961494519 0.6117380619049072 10320
1675961495124 0.5862421035766602 10360
1675961495832 0.597914171218872 10400
1675961496450 0.5980037212371826 10440
1675961497103 0.588814640045166 10480
1675961497672 0.6109804153442383 10520
1675961498253 0.6045576572418213 10560
1675961498845 0.5698112487792969 10600
1675961499392 0.6085227012634278 10640
1675961500142 0.5995331764221191 10680
1675961500780 0.5789052486419678 10720
1675961501383 0.594711446762085 10760
1675961502130 0.6049598693847656 10800
1675961502747 0.595698356628418 10840
1675961503322 0.6108635902404785 10880
1675961503870 0.6168681621551514 10920
1675961504499 0.5984283924102783 10960
1675961505068 0.5903923511505127 11000
1675961505653 0.6122843265533447 11040
1675961506377 0.5964031219482422 11080
1675961507033 0.6116229057312011 11120
1675961507611 0.5968897342681885 11160
1675961508386 0.5791453838348388 11200
1675961508978 0.5886411190032959 11240
1675961509597 0.6146360397338867 11280
1675961510214 0.6069297313690185 11320
1675961511204 0.5861842155456543 11360
1675961511791 0.6040637016296386 11400
1675961512546 0.5960257053375244 11440
1675961513146 0.6076666355133057 11480
1675961513749 0.598849868774414 11520
1675961514447 0.5990320682525635 11560
1675961515113 0.5830669403076172 11600
1675961515756 0.6004116535186768 11640
1675961516368 0.616273832321167 11680
1675961516976 0.615629243850708 11720
1675961517528 0.6043262481689453 11760
1675961518075 0.6086317539215088 11800
1675961518779 0.6123041152954102 11840
1675961519315 0.603725004196167 11880
1675961519933 0.6105437278747559 11920
1675961520481 0.6031560897827148 11960
1675961521007 0.6092269897460938 12000
1675961521544 0.6145009994506836 12040
1675961522194 0.5824408054351806 12080
1675961522779 0.6058669090270996 12120
1675961523316 0.5940435409545899 12160
1675961523873 0.5987557888031005 12200
1675961524387 0.6101306915283203 12240
1675961525018 0.5755983829498291 12280
1675961525554 0.600584888458252 12320
1675961526111 0.6069025039672852 12360
1675961526829 0.6024746894836426 12400
1675961527385 0.5953534603118896 12440
1675961527911 0.6158910274505616 12480
1675961528475 0.5786087989807129 12520
1675961529071 0.6148574352264404 12560
1675961529652 0.5884693145751954 12600
1675961530271 0.5825657844543457 12640
1675961530912 0.607222318649292 12680
1675961531507 0.5978844642639161 12720
1675961532168 0.6113162517547608 12760
1675961532677 0.589082908630371 12800
1675961533348 0.5863643646240234 12840
1675961533898 0.6198891639709473 12880
1675961534439 0.6065489768981933 12920
1675961535055 0.5912864208221436 12960
1675961535595 0.5978689193725586 13000
1675961536141 0.6083859443664551 13040
1675961536965 0.5951512336730957 13080
1675961537644 0.5790420532226562 13120
1675961538315 0.5853241443634033 13160
1675961538964 0.6002681255340576 13200
1675961539629 0.6055971145629883 13240
1675961540240 0.5974714279174804 13280
1675961540902 0.5935901165008545 13320
1675961541562 0.598324966430664 13360
1675961542204 0.5871575355529786 13400
1675961542729 0.6058289527893066 13440
1675961543474 0.5879527568817139 13480
1675961544144 0.5957149028778076 13520
1675961544725 0.6047057628631591 13560
1675961545292 0.5921109676361084 13600
1675961545885 0.6000602722167969 13640
1675961546449 0.6039396286010742 13680
1675961547074 0.59990553855896 13720
1675961547784 0.5948415756225586 13760
1675961548463 0.5783010959625244 13800
1675961549021 0.6088520050048828 13840
1675961549635 0.6066136837005616 13880
1675961550253 0.5938965320587158 13920
1675961550845 0.6108646392822266 13960
1675961551375 0.6117775440216064 14000
1675961552087 0.6033093929290771 14040
1675961552649 0.5963370323181152 14080
1675961553230 0.6068164348602295 14120
1675961553844 0.5960453987121582 14160
1675961554417 0.5699693202972412 14200
1675961554958 0.6074529170989991 14240
1675961555488 0.6022127628326416 14280
1675961556216 0.5835372924804687 14320
1675961556830 0.6119056701660156 14360
1675961557431 0.5829206466674804 14400
1675961558209 0.5965522766113281 14440
1675961558857 0.5796809196472168 14480
1675961559355 0.6091760158538818 14520
1675961559923 0.5722976684570312 14560
1675961560453 0.6242660522460938 14600
1675961561004 0.6012401103973388 14640
1675961561554 0.60462965965271 14680
1675961562296 0.5771970748901367 14720
1675961562927 0.5938847064971924 14760
1675961563486 0.5848461151123047 14800
1675961564074 0.5924468517303467 14840
1675961564660 0.607923173904419 14880
1675961565193 0.5971240043640137 14920
1675961565741 0.5913382053375245 14960
1675961566369 0.6274950504302979 15000
1675961567041 0.5950108051300049 15040
1675961567550 0.5872164726257324 15080
1675961568171 0.6067625045776367 15120
1675961568671 0.6206819534301757 15160
1675961569231 0.5838422775268555 15200
1675961569679 0.6252511024475098 15240
1675961570256 0.5978778839111328 15280
1675961570915 0.6125648021697998 15320
1675961571403 0.6135071277618408 15360
1675961571893 0.6103260040283203 15400
1675961572463 0.591744327545166 15440
1675961573012 0.6096763610839844 15480
1675961573500 0.6112320899963379 15520
1675961574036 0.6054872035980224 15560
1675961574656 0.6116868019104004 15600
1675961575252 0.5941859245300293 15640
1675961575797 0.600434398651123 15680
1675961576373 0.590297269821167 15720
1675961576959 0.5940752506256104 15760
1675961577603 0.5881320476531983 15800
1675961578236 0.6008622169494628 15840
1675961578825 0.6193858623504639 15880
1675961579468 0.6146617412567139 15920
1675961580071 0.6037013053894043 15960
1675961580682 0.5919322490692138 16000
1675961581250 0.5901574611663818 16040
1675961581832 0.6112654685974122 16080
1675961582393 0.6068813323974609 16120
1675961582968 0.6135941505432129 16160
1675961583505 0.6128214359283447 16200
1675961584020 0.6262199878692627 16240
1675961584594 0.6011241436004638 16280
1675961585236 0.593596363067627 16320
1675961585745 0.6123486518859863 16360
1675961586327 0.5913017272949219 16400
1675961586884 0.61795654296875 16440
1675961587545 0.5970152378082275 16480
1675961588087 0.5979999542236328 16520
1675961588608 0.597956371307373 16560
1675961589128 0.6231192111968994 16600
1675961589688 0.6159367561340332 16640
1675961590246 0.6047097206115722 16680
1675961590819 0.6044360160827636 16720
1675961591597 0.5826165199279785 16760
1675961592210 0.599354600906372 16800
1675961592715 0.5984535694122315 16840
1675961593292 0.6122227668762207 16880
1675961593911 0.5883090972900391 16920
1675961594435 0.5960144996643066 16960
1675961598577 0.6018129825592041 17000
1675961599441 0.5875557899475098 17040
1675961600101 0.6148975849151611 17080
1675961600735 0.5976583003997803 17120
1675961601326 0.5972476482391358 17160
1675961602098 0.6091027736663819 17200
1675961602699 0.6076289176940918 17240
1675961603256 0.6049086570739746 17280
1675961603974 0.5889702796936035 17320
1675961604645 0.5837830066680908 17360
1675961605329 0.6159956932067872 17400
1675961605881 0.6121221542358398 17440
1675961607253 0.6077147006988526 17480
1675961608699 0.6023364543914795 17520
1675961609285 0.5930038928985596 17560
1675961610011 0.5769999027252197 17600
1675961610615 0.6058793544769288 17640
1675961611226 0.5837613582611084 17680
1675961611824 0.6061598777770996 17720
1675961612539 0.5847713947296143 17760
1675961613003 0.6263181686401367 17800
1675961613537 0.6009010791778564 17840
1675961613987 0.6204550266265869 17880
1675961614583 0.5952764987945557 17920
1675961615162 0.5838665008544922 17960
1675961615726 0.5857645034790039 18000
1675961616317 0.6214309692382812 18040
1675961616987 0.5865394115447998 18080
1675961617619 0.579491138458252 18120
1675961618177 0.5947239875793457 18160
1675961618782 0.5993102073669434 18200
1675961619271 0.6234775066375733 18240
1675961619942 0.5887271881103515 18280
1675961620511 0.5970546245574951 18320
1675961621071 0.6024169921875 18360
1675961621586 0.6112848281860351 18400
1675961622150 0.5943814277648926 18440
1675961622756 0.5955910682678223 18480
1675961623253 0.607886266708374 18520
1675961623827 0.6052777290344238 18560
1675961624366 0.6027892112731934 18600
1675961625114 0.5851856231689453 18640
1675961625606 0.6148164749145508 18680
1675961626153 0.6004617214202881 18720
1675961626986 0.6076866626739502 18760
1675961627628 0.5895132541656494 18800
1675961628235 0.6001667022705078 18840
1675961628775 0.6122235774993896 18880
1675961629389 0.5905227661132812 18920
1675961629937 0.6191612720489502 18960
1675961630550 0.5926977157592773 19000
1675961631284 0.6086898803710937 19040
1675961631878 0.6021412372589111 19080
1675961632424 0.6048727989196777 19120
1675961633035 0.5969486236572266 19160
1675961633641 0.5968491554260253 19200
1675961634334 0.5995726108551025 19240
1675961634918 0.6006468772888184 19280
1675961635455 0.6231939315795898 19320
1675961636063 0.6100330352783203 19360
1675961636635 0.6168630599975586 19400
1675961638003 0.587987232208252 19440
1675961638549 0.6114644527435302 19480
1675961639127 0.5985589981079101 19520
1675961639732 0.5788483619689941 19560
1675961640403 0.5934742450714111 19600
1675961641031 0.5846891880035401 19640
1675961641591 0.6007240295410157 19680
1675961642175 0.6154895782470703 19720
1675961642689 0.6118957042694092 19760
1675961643262 0.6129783630371094 19800
1675961643981 0.5927908897399903 19840
1675961644606 0.5936878204345704 19880
1675961645229 0.6144537448883056 19920
1675961646110 0.6150329113006592 19960
1675961646784 0.6016922950744629 20000
1675961647341 0.6106348514556885 20040
1675961647884 0.6081480026245117 20080
1675961651837 0.4743708610534668 20120
1675961652479 0.5908764362335205 20160
1675961653040 0.592068862915039 20200
1675961653648 0.5932532787322998 20240
1675961654199 0.6024262428283691 20280
1675961654908 0.5729141712188721 20320
1675961655512 0.6045366764068604 20360
1675961656081 0.5966916561126709 20400
1675961657384 0.6027161121368408 20440
1675961658060 0.5835824012756348 20480
1675961658771 0.5987015247344971 20520
1675961659301 0.6010251045227051 20560
1675961660022 0.6108767509460449 20600
1675961660725 0.5746382713317871 20640
1675961661255 0.6031986713409424 20680
1675961661875 0.5926424980163574 20720
1675961662424 0.5836157321929931 20760
1675961663008 0.5933732032775879 20800
1675961663533 0.5995326519012452 20840
1675961664141 0.6054015159606934 20880
1675961664887 0.5983190059661865 20920
1675961665459 0.6272358417510986 20960
1675961666059 0.589346981048584 21000
1675961666598 0.6011567115783691 21040
1675961667242 0.6045187950134278 21080
1675961667921 0.5902060508728028 21120
1675961668435 0.6207338809967041 21160
1675961669055 0.6015190124511719 21200
1675961669718 0.5871284008026123 21240
1675961670415 0.5754293441772461 21280
1675961671051 0.619972038269043 21320
1675961671621 0.5985538005828858 21360
1675961672226 0.5918297290802002 21400
1675961672791 0.6023154258728027 21440
1675961673427 0.5949862480163575 21480
1675961673954 0.6058433055877686 21520
1675961674483 0.6002676963806153 21560
1675961675094 0.6027081489562989 21600
1675961675751 0.5826586723327637 21640
1675961676388 0.5914739608764649 21680
1675961676918 0.627864408493042 21720
1675961677494 0.6076607227325439 21760
1675961678054 0.6086824417114258 21800
1675961678624 0.6079086303710938 21840
1675961679268 0.6162232398986817 21880
1675961679813 0.6047018051147461 21920
1675961680401 0.6008402347564697 21960
1675961680937 0.6079461574554443 22000
1675961681680 0.6081840515136718 22040
1675961682320 0.6224619388580322 22080
1675961682931 0.582729721069336 22120
1675961683560 0.601585054397583 22160
1675961684145 0.5913509845733642 22200
1675961684717 0.6036301136016846 22240
1675961685335 0.6107047080993653 22280
1675961686043 0.5755643367767334 22320
1675961687108 0.6025773048400879 22360
1675961687919 0.5987129211425781 22400
1675961688535 0.6114904880523682 22440
1675961689188 0.5851974010467529 22480
1675961689775 0.6162980556488037 22520
1675961690490 0.5810878276824951 22560
1675961691109 0.6059439182281494 22600
1675961691725 0.6010481834411621 22640
1675961692448 0.5719554424285889 22680
1675961693018 0.6138082981109619 22720
1675961693689 0.5936776638031006 22760
1675961694379 0.6038963794708252 22800
1675961694952 0.5952725410461426 22840
1675961695609 0.5838792324066162 22880
1675961696282 0.6146061897277832 22920
1675961696896 0.6148776054382324 22960
1675961697450 0.5888476848602295 23000
1675961698100 0.6016051292419433 23040
1675961698751 0.6034841537475586 23080
1675961699313 0.6011023044586181 23120
1675961700103 0.580152940750122 23160
1675961701320 0.5870134353637695 23200
1675961701998 0.5945838451385498 23240
1675961702599 0.6062687873840332 23280
1675961703258 0.5989833831787109 23320
1675961703995 0.5896080493927002 23360
1675961704847 0.602555799484253 23400
1675961705618 0.5906030654907226 23440
1675961706543 0.6026506423950195 23480
1675961707285 0.5896475315093994 23520
1675961707978 0.5972180366516113 23560
1675961708607 0.5933577060699463 23600
1675961709249 0.5914744377136231 23640
1675961709831 0.612845516204834 23680
1675961710450 0.6012477397918701 23720
1675961711103 0.5920580863952637 23760
1675961711697 0.6070741653442383 23800
1675961712360 0.5749951839447022 23840
1675961713171 0.5967230796813965 23880
1675961713753 0.613661527633667 23920
1675961714376 0.5957676410675049 23960
1675961715004 0.611128568649292 24000
1675961715610 0.6123618125915528 24040
1675961716225 0.6006653308868408 24080
1675961717083 0.5933839321136475 24120
1675961717702 0.605441951751709 24160
1675961718389 0.6020631790161133 24200
1675961719011 0.5719574451446533 24240
1675961719603 0.5988682270050049 24280
1675961720189 0.6111808300018311 24320
1675961721018 0.5874958992004394 24360
1675961721781 0.6030489921569824 24400
1675961722409 0.5887120246887207 24440
1675961722969 0.5977538108825684 24480
1675961723672 0.575272512435913 24520
1675961724237 0.6104043960571289 24560
1675961724881 0.5762919902801513 24600
1675961725511 0.6186288833618164 24640
1675961726080 0.6033252239227295 24680
1675961726717 0.6066596508026123 24720
1675961727501 0.5735602855682373 24760
1675961728138 0.5990477085113526 24800
1675961728833 0.5788027763366699 24840
1675961729547 0.5957484245300293 24880
1675961730207 0.6016924858093262 24920
1675961730863 0.6112203121185302 24960
1675961731511 0.583818769454956 25000
1675961732187 0.6208725452423096 25040
1675961732803 0.6012705326080322 25080
1675961733417 0.5902122020721435 25120
1675961734030 0.6005735397338867 25160
1675961734526 0.6246354103088378 25200
1675961735146 0.5939199447631835 25240
1675961735742 0.6169553756713867 25280
1675961736557 0.5947851657867431 25320
1675961737161 0.6125187397003173 25360
1675961737675 0.6137593269348145 25400
1675961738299 0.6094841480255127 25440
1675961738963 0.5873377799987793 25480
1675961739549 0.608779764175415 25520
1675961740179 0.6143586158752441 25560
1675961740816 0.6022374629974365 25600
1675961741366 0.6149020195007324 25640
1675961742101 0.5994753360748291 25680
1675961742718 0.5911021709442139 25720
1675961743460 0.5997641563415528 25760
1675961744088 0.5908503532409668 25800
1675961744756 0.5934390068054199 25840
1675961745461 0.5882283210754394 25880
1675961746041 0.627711296081543 25920
1675961746657 0.6151197910308838 25960
1675961747323 0.6001269817352295 26000
1675961748036 0.5961902618408204 26040
1675961748820 0.5834149360656739 26080
1675961749413 0.6090749263763428 26120
1675961749984 0.6158603668212891 26160
1675961750699 0.6139474391937256 26200
1675961751323 0.6057934284210205 26240
1675961751884 0.6221132755279541 26280
1675961752507 0.6151169776916504 26320
1675961753148 0.5875002861022949 26360
1675961753723 0.6058173656463623 26400
1675961754437 0.5940745830535888 26440
1675961755141 0.6143784523010254 26480
1675961755764 0.6025634288787842 26520
1675961756364 0.5890400886535645 26560
1675961757003 0.603334617614746 26600
1675961757562 0.621481466293335 26640
1675961758152 0.6145340442657471 26680
1675961758760 0.6072819232940674 26720
1675961759290 0.6082333564758301 26760
1675961760015 0.5797489643096924 26800
1675961760690 0.5956927299499511 26840
1675961761256 0.6047886371612549 26880
1675961761870 0.6118317604064941 26920
1675961762524 0.5869736194610595 26960
1675961763211 0.60019850730896 27000
1675961763857 0.592582893371582 27040
1675961764535 0.5936842441558838 27080
1675961765183 0.6107749462127685 27120
1675961765915 0.6059488296508789 27160
1675961766592 0.5940744876861572 27200
1675961767376 0.6051858901977539 27240
1675961767991 0.609511423110962 27280
1675961768572 0.6072323799133301 27320
1675961769205 0.5870803833007813 27360
1675961769949 0.5787446022033691 27400
1675961770541 0.6218732833862305 27440
1675961771195 0.6003069400787353 27480
1675961771939 0.6122926712036133 27520
1675961772499 0.6058831214904785 27560
1675961773165 0.5944284439086914 27600
1675961773871 0.5811090469360352 27640
1675961774422 0.5999340057373047 27680
1675961775070 0.5790163516998291 27720
1675961775699 0.6064882278442383 27760
1675961776402 0.5925229549407959 27800
1675961777090 0.6245954513549805 27840
1675961777890 0.6023798942565918 27880
1675961778434 0.6184117794036865 27920
1675961779063 0.5968760490417481 27960
1675961779717 0.5905259132385254 28000
1675961780409 0.580712080001831 28040
1675961781332 0.6090908527374268 28080
1675961782086 0.5933698177337646 28120
1675961782765 0.5851147651672364 28160
1675961783442 0.5925236701965332 28200
1675961784221 0.5968731880187989 28240
1675961784753 0.6170646667480468 28280
1675961785410 0.5891945838928223 28320
1675961786091 0.5971975326538086 28360
1675961786702 0.6103429794311523 28400
1675961787324 0.6060121059417725 28440
1675961787885 0.599753475189209 28480
1675961788507 0.5884949684143066 28520
1675961789081 0.6076388835906983 28560
1675961789698 0.6056929111480713 28600
1675961790409 0.6118788719177246 28640
1675961791104 0.5902371406555176 28680
1675961791781 0.6022013664245606 28720
1675961792408 0.6085662841796875 28760
1675961793013 0.603126335144043 28800
1675961793635 0.597363805770874 28840
1675961794317 0.594827127456665 28880
1675961795004 0.6053672313690186 28920
1675961795633 0.5923775196075439 28960
1675961796288 0.6262648105621338 29000
1675961796997 0.5926900386810303 29040
1675961797653 0.6004218101501465 29080
1675961798322 0.6148815155029297 29120
1675961799005 0.5875410556793212 29160
1675961799673 0.6039119243621827 29200
1675961800290 0.6002054691314698 29240
1675961801039 0.5972305297851562 29280
1675961801698 0.5970751285552979 29320
1675961802284 0.6165350437164306 29360
1675961802908 0.6177339076995849 29400
1675961803465 0.6124800682067871 29440
1675961804134 0.5873116016387939 29480
1675961804776 0.6089698791503906 29520
1675961805360 0.6021236896514892 29560
1675961805972 0.5905716419219971 29600
1675961806925 0.5809841156005859 29640
1675961807473 0.5956156253814697 29680
1675961808231 0.5927777290344238 29720
1675961808921 0.6087916374206543 29760
1675961809480 0.6122839450836182 29800
1675961810073 0.6137255191802978 29840
1675961811107 0.6004596710205078 29880
1675961811936 0.5869935512542724 29920
1675961812509 0.615092658996582 29960
1675961813129 0.6148848056793212 30000
1675961813736 0.5946914196014405 30040
1675961814351 0.6171692848205567 30080
1675961814998 0.6114194393157959 30120
1675961818497 0.3959843158721924 30160
1675961819217 0.5947205066680908 30200
1675961819875 0.5925592422485352 30240
1675961820517 0.5842073917388916 30280
1675961821129 0.6058840274810791 30320
1675961821839 0.5773715496063232 30360
1675961822493 0.6003818511962891 30400
1675961823103 0.5985469818115234 30440
1675961823742 0.6039841651916504 30480
1675961824402 0.5853179931640625 30520
1675961824989 0.595705509185791 30560
1675961825852 0.5948919773101806 30600
1675961826655 0.6167614459991455 30640
1675961827321 0.577432107925415 30680
1675961827939 0.5993654251098632 30720
1675961828580 0.5963880062103272 30760
1675961829203 0.5836310863494873 30800
1675961830529 0.6015609741210938 30840
1675961831163 0.5937234878540039 30880
1675961831971 0.6032395362854004 30920
1675961832640 0.592665433883667 30960
1675961833225 0.6274734020233155 31000
1675961833917 0.5945035457611084 31040
1675961834478 0.5988186359405517 31080
1675961835093 0.6049431800842285 31120
1675961835768 0.5938499927520752 31160
1675961836396 0.6200499057769775 31200
1675961837221 0.5971046924591065 31240
1675961838011 0.5890197277069091 31280
1675961838719 0.5718379020690918 31320
1675961839301 0.6156165599822998 31360
1675961839934 0.6029104232788086 31400
1675961840695 0.6018628597259521 31440
1675961841437 0.5991410732269287 31480
1675961842225 0.5974324226379395 31520
1675961842904 0.5978819847106933 31560
1675961843528 0.6090670108795166 31600
1675961844230 0.6026337146759033 31640
1675961844903 0.5789945602416993 31680
1675961845461 0.5887752532958984 31720
1675961846054 0.6264832496643067 31760
1675961846900 0.6053081035614014 31800
1675961847506 0.6105528831481933 31840
1675961848130 0.6089000225067138 31880
1675961848722 0.614252233505249 31920
1675961849366 0.5956589698791503 31960
1675961850061 0.6047036647796631 32000
1675961850694 0.6140292644500732 32040
1675961851304 0.6032187461853027 32080
1675961851942 0.624467134475708 32120
1675961852845 0.5911884784698487 32160
1675961853602 0.6032753467559815 32200
1675961854332 0.5886353015899658 32240
1675961854967 0.6096226692199707 32280
1675961855665 0.6035559177398682 32320
1675961856426 0.5877247333526612 32360
1675961857152 0.5937371730804444 32400
1675961857740 0.6037702083587646 32440
1675961858353 0.6038023471832276 32480
1675961859163 0.5941550254821777 32520
1675961859775 0.6134609699249267 32560
1675961860417 0.5846761703491211 32600
1675961861086 0.5959258079528809 32640
1675961861715 0.605906343460083 32680
1675961862441 0.5787023544311524 32720
1675961863149 0.6038032054901123 32760
1675961863869 0.5905839920043945 32800
1675961864461 0.6151099681854248 32840
1675961865105 0.5961743831634522 32880
1675961865884 0.5794814586639404 32920
1675961866651 0.6107653141021728 32960
1675961867484 0.6229265689849853 33000
1675961868178 0.5914196968078613 33040
1675961868857 0.5902703285217286 33080
1675961869458 0.6081513404846192 33120
1675961870176 0.5937225341796875 33160
1675961870962 0.5856261253356934 33200
1675961871795 0.5860676288604736 33240
1675961872423 0.5876928806304932 33280
1675961873071 0.6139316082000732 33320
1675961873718 0.5990873336791992 33360
1675961874423 0.5858936786651612 33400
1675961875053 0.6111470222473144 33440
1675961875716 0.585875129699707 33480
1675961876287 0.5985124588012696 33520
1675961876974 0.597364854812622 33560
1675961877614 0.5911270141601562 33600
1675961878407 0.5976244449615479 33640
1675961879027 0.586734676361084 33680
1675961879601 0.611994743347168 33720
1675961880335 0.5993031978607177 33760
1675961880965 0.5984898567199707 33800
1675961881526 0.6053947925567627 33840
1675961882320 0.5800591945648194 33880
1675961882975 0.5899761199951172 33920
1675961883579 0.6134631156921386 33960
1675961884250 0.5951025485992432 34000
1675961884866 0.6144347190856934 34040
1675961885862 0.6080473899841309 34080
1675961887122 0.6031579971313477 34120
1675961887808 0.5898311614990235 34160
1675961888482 0.6056106567382813 34200
1675961889096 0.6041069507598877 34240
1675961889767 0.5812728404998779 34280
1675961890505 0.5903997421264648 34320
1675961891115 0.6082817077636719 34360
1675961891757 0.5956783771514893 34400
1675961892595 0.5962974548339843 34440
1675961893292 0.5992620468139649 34480
1675961893939 0.5928607940673828 34520
1675961894685 0.5764496326446533 34560
1675961895435 0.6023763179779053 34600
1675961896065 0.579987621307373 34640
1675961896944 0.6211395263671875 34680
1675961897545 0.5977240562438965 34720
1675961898177 0.6085488319396972 34760
1675961898951 0.5820412158966064 34800
1675961899582 0.6010071754455566 34840
1675961900308 0.5621488094329834 34880
1675961901114 0.6037026882171631 34920
1675961902062 0.600706672668457 34960
1675961902649 0.6104056358337402 35000
1675961903342 0.5769593715667725 35040
1675961903944 0.6218308448791504 35080
1675961904553 0.6005313396453857 35120
1675961905344 0.5969705581665039 35160
1675961905953 0.6022092342376709 35200
1675961906485 0.6167344093322754 35240
1675961907177 0.5955724716186523 35280
1675961907815 0.6162936687469482 35320
1675961908503 0.6001546382904053 35360
1675961909242 0.6057969570159912 35400
1675961909904 0.614477014541626 35440
1675961910520 0.613869571685791 35480
1675961911328 0.5892132759094239 35520
1675961912023 0.6054632186889648 35560
1675961912608 0.6093547344207764 35600
1675961913389 0.6069567680358887 35640
1675961913990 0.6110772132873535 35680
1675961914644 0.6005463123321533 35720
1675961915322 0.5948266983032227 35760
1675961916045 0.605736780166626 35800
1675961916690 0.592462682723999 35840
1675961917381 0.5895697593688964 35880
1675961918228 0.5834928512573242 35920
1675961918859 0.6258208274841308 35960
1675961919436 0.6143728733062744 36000
1675961920051 0.6041976928710937 36040
1675961920667 0.6039338111877441 36080
1675961921423 0.5757478713989258 36120
1675961922159 0.6111349105834961 36160
1675961922755 0.6071494579315185 36200
1675961923387 0.6144376277923584 36240
1675961924040 0.609609842300415 36280
1675961924610 0.6198628425598145 36320
1675961925238 0.6190589427947998 36360
1675961925901 0.5933695316314698 36400
1675961926544 0.6009804248809815 36440
1675961927323 0.597265100479126 36480
1675961928149 0.6078893184661865 36520
1675961928794 0.6050183773040771 36560
1675961929539 0.5929929733276367 36600
1675961930184 0.5954335689544678 36640
1675961930820 0.6202720642089844 36680
1675961931418 0.6239418983459473 36720
1675961932099 0.6013550281524658 36760
1675961932702 0.6083968639373779 36800
1675961933387 0.5874868869781494 36840
1675961934235 0.5841593742370605 36880
1675961934804 0.6146481037139893 36920
1675961935416 0.6042842388153076 36960
1675961936112 0.5892119407653809 37000
1675961936854 0.6037272930145263 37040
1675961937532 0.5932756423950195 37080
1675961938173 0.5926930427551269 37120
1675961938880 0.6056592464447021 37160
1675961939559 0.6050297737121582 37200
1675961940211 0.5981885910034179 37240
1675961940987 0.6040858268737793 37280
1675961941652 0.612883186340332 37320
1675961942307 0.6010529041290283 37360
1675961943035 0.5903884410858155 37400
1675961943785 0.576185655593872 37440
1675961944347 0.6187021255493164 37480
1675961945042 0.6073948383331299 37520
1675961945738 0.6061214923858642 37560
1675961946450 0.6184915542602539 37600
1675961947260 0.5924881935119629 37640
1675961947956 0.5805553436279297 37680
1675961948615 0.5913503646850586 37720
1675961949328 0.5884392261505127 37760
1675961950011 0.5950786113739014 37800
1675961950603 0.5983916282653808 37840
1675961951312 0.6151365280151367 37880
1675961951992 0.6134744644165039 37920
1675961952563 0.6125464916229248 37960
1675961953254 0.5973187923431397 38000
1675961953873 0.5907814025878906 38040
1675961954534 0.5799409866333007 38080
1675961955171 0.604844331741333 38120
1675961955823 0.5960447311401367 38160
1675961956555 0.589937400817871 38200
1675961957965 0.582171630859375 38240
1675961958675 0.6067729949951172 38280
1675961959343 0.610813045501709 38320
1675961960023 0.5938285827636719 38360
1675961960802 0.599864912033081 38400
1675961961552 0.6055426120758056 38440
1675961962489 0.6086124897003173 38480
1675961963173 0.5970274448394776 38520
1675961963899 0.5860962390899658 38560
1675961964537 0.6060809135437012 38600
1675961965286 0.6080532550811768 38640
1675961965941 0.6045689105987548 38680
1675961966658 0.5936475276947022 38720
1675961967285 0.6041357040405273 38760
1675961967954 0.6063475608825684 38800
1675961968579 0.6087006092071533 38840
1675961969236 0.5974911689758301 38880
1675961969962 0.5932452201843261 38920
1675961970600 0.6121901035308838 38960
1675961971288 0.5826478958129883 39000
1675961972069 0.628241777420044 39040
1675961972774 0.5920154094696045 39080
1675961973389 0.6053698062896729 39120
1675961974058 0.6072707653045655 39160
1675961974726 0.5980655670166015 39200
1675961975381 0.5991015911102295 39240
1675961976261 0.6004523754119873 39280
1675961977017 0.6035511016845703 39320
1675961977766 0.5901337623596191 39360
1675961978360 0.6147605419158936 39400
1675961978908 0.6237315177917481 39440
1675961979520 0.6040959358215332 39480
1675961980256 0.595999813079834 39520
1675961980915 0.6016921043395996 39560
1675961981559 0.603386402130127 39600
1675961982425 0.593757152557373 39640
1675961983173 0.5796660900115966 39680
1675961983804 0.5927900791168212 39720
1675961984480 0.5961813449859619 39760
1675961985094 0.608242416381836 39800
1675961985656 0.6148050785064697 39840
1675961986235 0.6150901794433594 39880
1675961987260 0.5966070175170899 39920
1675961988112 0.5949555397033691 39960
1675961988802 0.6062224864959717 40000
1675961989411 0.6169927597045899 40040
1675961990079 0.5997920036315918 40080
1675961990711 0.612032699584961 40120
1675961991332 0.6166277408599854 40160
