1675193913918 0.7742539644241333 0
1675193917696 3.6203203201293945 0
1675193917705 9.765945434570312 0
1675193917715 2.26920747756958 0
1675193917724 0.6840586066246033 0
1675193917740 4.977396011352539 0
1675193917750 15.14122486114502 0
1675193917758 17.688377380371094 0
1675193917767 25.006797790527344 0
1675193917774 34.87164306640625 0
1675193917801 31.19164276123047 0
1675193917809 35.02996826171875 0
1675193917816 34.97909164428711 0
1675193917823 35.01344299316406 0
1675193917862 33.63181686401367 0
1675193917889 34.66872024536133 0
1675193917898 34.89006042480469 0
1675193917904 34.890140533447266 0
1675193917911 34.882320404052734 0
1675193917937 34.61199188232422 0
1675193917945 34.809810638427734 0
1675193917971 34.605953216552734 0
1675193917978 34.7557487487793 0
1675193917985 34.80534362792969 0
1675193917994 34.75129318237305 0
1675193918000 34.681217193603516 0
1675193918006 34.678531646728516 0
1675193918026 34.62203598022461 0
1675193918037 34.630985260009766 0
1675193918045 34.673667907714844 0
1675193918053 34.57000732421875 0
1675193918063 34.588626861572266 0
1675193918072 34.58771514892578 0
1675193918082 34.55238342285156 0
1675193918088 34.560523986816406 0
1675193918094 34.541908264160156 0
1675193918109 34.5403938293457 0
1675193918118 34.53934860229492 0
1675193918125 34.5391960144043 0
1675193918133 34.54072189331055 0
1675193918140 34.53921890258789 0
1675193918153 34.53882598876953 0
1675193918162 34.53879928588867 0
1675193918168 34.5388069152832 0
1675193918179 34.538795471191406 0
1675193918188 34.53889846801758 0
1675193918194 34.538780212402344 0
1675193918201 34.53879165649414 0
1675193918208 34.53878402709961 0
1675193918214 34.53878402709961 0
1675193918222 34.538780212402344 0
1675193918229 34.538822174072266 0
1675193918235 34.53877639770508 0
1675193918244 34.53877639770508 0
1675193918255 34.53877639770508 0
1675193918262 34.538780212402344 0
1675193918269 34.538780212402344 0
1675193918276 34.538780212402344 0
1675193918282 34.53877639770508 0
1675193918290 34.53878402709961 0
1675193918297 34.538780212402344 0
1675193918304 34.538780212402344 0
1675193918310 34.53877639770508 0
1675193918317 34.53877639770508 0
1675193918324 34.538780212402344 0
1675193918330 34.53877639770508 0
1675193918337 34.538780212402344 0
1675193918344 34.538780212402344 0
1675193918351 34.53877639770508 0
1675193918358 34.538780212402344 0
1675193918371 34.538780212402344 0
1675193918377 34.53877639770508 0
1675193918384 34.538780212402344 0
1675193918390 34.53877639770508 0
1675193918397 34.538780212402344 0
1675193918427 34.53877639770508 0
1675193918445 34.53877639770508 0
1675193918451 34.53877639770508 0
1675193918462 34.53877639770508 0
1675193918469 34.538780212402344 0
1675193918480 34.53877639770508 0
1675193918488 34.538780212402344 0
1675193918495 34.53877639770508 0
1675193918503 34.538780212402344 0
1675193918510 34.538780212402344 0
1675193918518 34.538780212402344 0
1675193918525 34.538780212402344 0
1675193918533 34.538780212402344 0
1675193918540 34.538780212402344 0
1675193918549 34.538780212402344 0
1675193918557 34.538780212402344 0
1675193918563 34.53877639770508 0
1675193918570 34.538780212402344 0
1675193918580 34.53877639770508 0
1675193918587 34.538780212402344 0
1675193918593 34.53877639770508 0
1675193918600 34.538780212402344 0
1675193918607 34.538780212402344 0
1675193918613 34.53877639770508 0
1675193918621 34.538780212402344 0
1675193918630 34.538780212402344 0
1675193918647 34.53877639770508 0
1675193918655 34.538780212402344 0
1675193918664 34.53877639770508 0
1675193918679 34.538780212402344 0
1675193918685 34.53877639770508 0
1675193918700 34.538780212402344 0
1675193918708 34.538780212402344 0
1675193918714 34.53877639770508 0
1675193918734 34.53877639770508 0
1675193918745 34.53877639770508 0
1675193918751 34.53877639770508 0
1675193918757 34.53877639770508 0
1675193918764 34.53877639770508 0
1675193918772 34.538780212402344 0
1675193918779 34.538780212402344 0
1675193918801 34.53877639770508 0
1675193918811 34.53877639770508 0
1675193918826 34.538780212402344 0
1675193918834 34.538780212402344 0
1675193918840 34.53877639770508 0
1675193918853 34.538780212402344 0
1675193918859 34.53877639770508 0
1675193918872 34.538780212402344 0
1675193918880 34.538780212402344 0
1675193918887 34.538780212402344 0
1675193918895 34.538780212402344 0
1675193918903 34.538780212402344 0
1675193918910 34.53877639770508 0
1675193918920 34.53877639770508 0
1675193918926 34.538780212402344 0
1675193918936 34.53877639770508 0
1675193918943 34.538780212402344 0
1675193918950 34.538780212402344 0
1675193918956 34.53877639770508 0
1675193918963 34.538780212402344 0
1675193918970 34.538780212402344 0
1675193918977 34.538780212402344 0
1675193918984 34.538780212402344 0
1675193918991 34.538780212402344 0
1675193918998 34.538780212402344 0
1675193919004 34.53877639770508 0
1675193919012 34.538780212402344 0
1675193919019 34.538780212402344 0
1675193919026 34.538780212402344 0
1675193919035 34.538780212402344 0
1675193919040 34.53877639770508 0
1675193919052 34.53877639770508 0
1675193919059 34.538780212402344 0
1675193919070 34.53877639770508 0
1675193919078 34.538780212402344 0
1675193919084 34.53877639770508 0
1675193919092 34.538780212402344 0
1675193919099 34.53877639770508 0
1675193919107 34.53877639770508 0
1675193919122 34.53877639770508 0
1675193919132 34.538780212402344 0
1675193919143 34.53877639770508 0
1675193919154 34.53877639770508 0
1675193919161 34.53877639770508 0
1675193919171 34.53878402709961 0
1675193919182 34.53877639770508 0
1675193919190 34.538780212402344 0
1675193919197 34.53877639770508 0
1675193919208 34.53877639770508 0
1675193919216 34.53877639770508 0
1675193919225 34.538780212402344 0
1675193919235 34.538780212402344 0
1675193919261 34.53877639770508 0
1675193919267 34.53877639770508 0
1675193919280 34.538780212402344 0
1675193919288 34.538780212402344 0
1675193919295 34.538780212402344 0
1675193919302 34.538780212402344 0
1675193919310 34.538780212402344 0
1675193919316 34.53877639770508 0
1675193919325 34.53877639770508 0
1675193919333 34.538780212402344 0
1675193919349 34.53877639770508 0
1675193919356 34.538780212402344 0
1675193919363 34.538780212402344 0
1675193919373 34.53877639770508 0
1675193919382 34.53877639770508 0
1675193919390 34.538780212402344 0
1675193919397 34.53877639770508 0
1675193919404 34.538780212402344 0
1675193919410 34.53877639770508 0
1675193919416 34.53877639770508 0
1675193919426 34.53877639770508 0
1675193919433 34.53877639770508 0
1675193919446 34.538780212402344 0
1675193919451 34.53877639770508 0
1675193919457 34.53877639770508 0
1675193919465 34.538780212402344 0
1675193919471 34.53877639770508 0
1675193919479 34.538780212402344 0
1675193919488 34.53877639770508 0
1675193919494 34.538780212402344 0
1675193919503 34.538780212402344 0
1675193919510 34.538780212402344 0
1675193919519 34.538780212402344 0
1675193919526 34.538780212402344 0
1675193919532 34.53877639770508 0
1675193919539 34.538780212402344 0
1675193919551 34.538780212402344 0
1675193919558 34.538780212402344 0
1675193919566 34.538780212402344 0
1675193919578 34.538780212402344 0
1675193919584 34.53877639770508 0
1675193919592 34.538780212402344 0
1675193919599 34.538780212402344 0
1675193919615 34.538780212402344 0
1675193919621 34.538780212402344 0
1675193919630 34.538780212402344 0
1675193919636 34.538780212402344 0
1675193919643 34.53877639770508 0
1675193919649 34.53877639770508 0
1675193919671 34.53877639770508 0
1675193919677 34.53877639770508 0
1675193919685 34.538780212402344 0
1675193919693 34.538787841796875 0
1675193919701 34.538780212402344 0
1675193919707 34.538780212402344 0
1675193919714 34.538780212402344 0
1675193919720 34.538780212402344 0
1675193919730 34.53877639770508 0
1675193919744 34.538780212402344 0
1675193919751 34.538780212402344 0
1675193919762 34.53877639770508 0
1675193919769 34.538780212402344 0
1675193919777 34.538780212402344 0
1675193919785 34.538780212402344 0
1675193919793 34.538780212402344 0
1675193919801 34.538780212402344 0
1675193919818 34.53877639770508 0
1675193919830 34.53877639770508 0
1675193919846 34.53877639770508 0
1675193919856 34.53877639770508 0
1675193919862 34.538780212402344 0
1675193919870 34.538780212402344 0
1675193919885 34.538780212402344 0
1675193919896 34.53877639770508 0
1675193919902 34.53877639770508 0
1675193919910 34.538780212402344 0
1675193919917 34.538780212402344 0
1675193919927 34.53877639770508 0
1675193919935 34.538780212402344 0
1675193919942 34.538780212402344 0
1675193919949 34.538780212402344 0
1675193919957 34.538780212402344 0
1675193919965 34.538780212402344 0
1675193919975 34.53877639770508 0
1675193919988 34.538780212402344 0
1675193919995 34.538780212402344 0
1675193920003 34.538780212402344 0
1675193920013 34.53877639770508 0
1675193920023 34.53877639770508 0
1675193920032 34.538780212402344 0
1675193920041 34.53877639770508 0
1675193920054 34.538780212402344 0
1675193920064 34.53877639770508 0
1675193920078 34.538780212402344 0
1675193920086 34.538780212402344 0
1675193920094 34.538780212402344 0
1675193920101 34.538780212402344 0
1675193920109 34.538780212402344 0
1675193920117 34.538780212402344 0
1675193920124 34.538780212402344 0
1675193920138 34.538780212402344 0
1675193920144 34.538780212402344 0
1675193920150 34.53877639770508 0
1675193920157 34.538780212402344 0
1675193920163 34.53877639770508 0
1675193920169 34.53877639770508 0
1675193920177 34.538780212402344 0
1675193920183 34.53877639770508 0
1675193920191 34.538780212402344 0
1675193920200 34.538780212402344 0
1675193920208 34.538780212402344 0
1675193920214 34.53877639770508 0
1675193920221 34.538780212402344 0
1675193920228 34.53877639770508 0
1675193920236 34.538780212402344 0
1675193920246 34.53877639770508 0
1675193920253 34.538780212402344 0
1675193920261 34.538780212402344 0
1675193920268 34.538780212402344 0
1675193920276 34.538780212402344 0
1675193920284 34.538780212402344 0
1675193920291 34.538780212402344 0
1675193920304 34.538780212402344 0
1675193920310 34.538780212402344 0
1675193920317 34.538780212402344 0
1675193920324 34.538780212402344 0
1675193920331 34.53877639770508 0
1675193920350 34.53877639770508 0
1675193920359 34.53877639770508 0
1675193920366 34.538780212402344 0
1675193920373 34.53877639770508 0
1675193920379 34.53877639770508 0
1675193920386 34.538780212402344 0
1675193920395 34.53877639770508 0
1675193920403 34.538780212402344 0
1675193920412 34.538780212402344 0
1675193920432 34.53877639770508 0
1675193920438 34.53877639770508 0
1675193920443 34.53877639770508 0
1675193920454 34.53877639770508 0
1675193920470 34.53877639770508 0
1675193920478 34.538780212402344 0
1675193920485 34.538780212402344 0
1675193920491 34.53877639770508 0
1675193920501 34.53877639770508 0
1675193920513 34.538780212402344 0
1675193920520 34.538780212402344 0
1675193920531 34.53877639770508 0
1675193920539 34.538780212402344 0
1675193920546 34.538780212402344 0
1675193920552 34.538780212402344 0
1675193920559 34.538780212402344 0
1675193920568 34.538780212402344 0
1675193920574 34.53877639770508 0
1675193920584 34.53877639770508 0
1675193920590 34.53877639770508 0
1675193920598 34.538780212402344 0
1675193920605 34.538780212402344 0
1675193920612 34.538780212402344 0
1675193920624 34.538780212402344 0
1675193920636 34.538780212402344 0
1675193920643 34.53877639770508 0
1675193920649 34.538780212402344 0
1675193920656 34.5388298034668 0
1675193920665 34.538780212402344 0
1675193920672 34.538780212402344 0
1675193920705 34.53877639770508 0
1675193920716 34.53877639770508 0
1675193920723 34.538780212402344 0
1675193920730 34.53877639770508 0
1675193920736 34.53877639770508 0
1675193920746 34.53877639770508 0
1675193920760 34.538780212402344 0
1675193920769 34.538780212402344 0
1675193920778 34.538780212402344 0
1675193920785 34.53877639770508 0
1675193920797 34.53877639770508 0
1675193920812 34.538780212402344 0
1675193920823 34.53877639770508 0
1675193920832 34.538780212402344 0
1675193920846 34.538780212402344 0
1675193920854 34.538780212402344 0
1675193920864 34.538780212402344 0
1675193920875 34.53877639770508 0
1675193920882 34.53877639770508 0
1675193920901 34.53877639770508 0
1675193920911 34.538780212402344 0
1675193920925 34.538780212402344 0
1675193920932 34.53877639770508 0
1675193920942 34.538780212402344 0
1675193920953 34.53877639770508 0
1675193920961 34.538780212402344 0
1675193920974 34.53877639770508 0
1675193920981 34.53877639770508 0
1675193920990 34.538780212402344 0
1675193920999 34.538780212402344 0
1675193921007 34.53877639770508 0
1675193921016 34.538780212402344 0
1675193921025 34.538780212402344 0
1675193921032 34.53877639770508 0
1675193921044 34.53877639770508 0
1675193921055 34.538780212402344 0
1675193921061 34.538780212402344 0
1675193921067 34.53877639770508 0
1675193921073 34.53877639770508 0
1675193921080 34.53877639770508 0
1675193921089 34.53877639770508 0
1675193921097 34.538780212402344 0
1675193921104 34.538780212402344 0
1675193921112 34.538780212402344 0
1675193921118 34.53877639770508 0
1675193921128 34.53877639770508 0
1675193921136 34.538780212402344 0
1675193921150 34.538780212402344 0
1675193921157 34.538780212402344 0
1675193921165 34.538780212402344 0
1675193921175 34.53877639770508 0
1675193921184 34.538780212402344 0
1675193921196 34.538780212402344 0
1675193921204 34.538780212402344 0
1675193921212 34.538780212402344 0
1675193921232 34.53877639770508 0
1675193921237 34.53877639770508 0
1675193921244 34.538780212402344 0
1675193921253 34.53877639770508 0
1675193921259 34.538780212402344 0
1675193921267 34.538780212402344 0
1675193921274 34.538780212402344 0
1675193921290 34.53877639770508 0
1675193921298 34.538780212402344 0
1675193921304 34.53877639770508 0
1675193921311 34.538780212402344 0
1675193921320 34.53877639770508 0
1675193921326 34.53877639770508 0
1675193921334 34.538780212402344 0
1675193921341 34.538780212402344 0
1675193921350 34.53877639770508 0
1675193921357 34.538780212402344 0
1675193921364 34.538780212402344 0
1675193921371 34.538780212402344 0
1675193921378 34.53877639770508 0
1675193921383 34.53877639770508 0
1675193921398 34.538780212402344 0
1675193921408 34.53877639770508 0
1675193921423 34.538780212402344 0
1675193921433 34.53877639770508 0
1675193921445 34.538780212402344 0
1675193921452 34.538780212402344 0
1675193921458 34.53877639770508 0
1675193921470 34.538780212402344 0
1675193921481 34.53877639770508 0
1675193921487 34.538780212402344 0
1675193921494 34.538780212402344 0
1675193921508 34.538780212402344 0
1675193921515 34.53877639770508 0
1675193921529 34.538780212402344 0
1675193921535 34.53877639770508 0
1675193921543 34.538780212402344 0
1675193921548 34.53877639770508 0
1675193921554 34.53877639770508 0
1675193921564 34.53877639770508 0
1675193921570 34.53877639770508 0
1675193921577 34.538780212402344 0
1675193921588 34.53877639770508 0
1675193921596 34.538780212402344 0
1675193921604 34.538780212402344 0
1675193921618 34.538780212402344 0
1675193921637 34.53877639770508 0
1675193921643 34.53877639770508 0
1675193921650 34.538780212402344 0
1675193921657 34.53877639770508 0
1675193921666 34.53877639770508 0
1675193921674 34.538780212402344 0
1675193921682 34.538780212402344 0
1675193921689 34.538780212402344 0
1675193921698 34.53877639770508 0
1675193921705 34.538780212402344 0
1675193921712 34.53877639770508 0
1675193921724 34.538780212402344 0
1675193921730 34.538780212402344 0
1675193921736 34.53877639770508 0
1675193921743 34.538780212402344 0
1675193921753 34.53877639770508 0
1675193921759 34.53877639770508 0
1675193921767 34.538780212402344 0
1675193921775 34.538780212402344 0
1675193921791 34.53877639770508 0
1675193921806 34.538780212402344 0
1675193921815 34.538780212402344 0
1675193921822 34.538780212402344 0
1675193921831 34.53877639770508 0
1675193921840 34.53877639770508 0
1675193921849 34.538780212402344 0
1675193921856 34.538780212402344 0
1675193921863 34.53877639770508 0
1675193921869 34.53877639770508 0
1675193921876 34.538780212402344 0
1675193921883 34.538780212402344 0
1675193921891 34.538780212402344 0
1675193921901 34.538780212402344 0
1675193921910 34.538780212402344 0
1675193921917 34.53877639770508 0
1675193921928 34.53877639770508 0
1675193921937 34.538780212402344 0
1675193921945 34.53877639770508 0
1675193921953 34.538780212402344 0
1675193921960 34.53877639770508 0
1675193921976 34.538780212402344 0
1675193921985 34.538780212402344 0
1675193922003 34.53877639770508 0
1675193922011 34.53877639770508 0
1675193922020 34.538780212402344 0
1675193922030 34.538780212402344 0
1675193922037 34.53877639770508 0
1675193922045 34.538780212402344 0
1675193922053 34.53877639770508 0
1675193922061 34.538780212402344 0
1675193922071 34.53877639770508 0
1675193922082 34.53877639770508 0
1675193922091 34.538780212402344 0
1675193922100 34.538780212402344 0
1675193922109 34.538780212402344 0
1675193922117 34.538780212402344 0
1675193922125 34.53877639770508 0
1675193922136 34.53877639770508 0
1675193922143 34.53877639770508 0
1675193922153 34.538780212402344 0
1675193922162 34.538780212402344 0
1675193922172 34.53877639770508 0
1675193922181 34.538780212402344 0
1675193922198 34.53877639770508 0
1675193922210 34.53877639770508 0
1675193922220 34.53877639770508 0
1675193922229 34.538780212402344 0
1675193922236 34.53877639770508 0
1675193922243 34.53877639770508 0
1675193922251 34.53877639770508 0
1675193922266 34.538780212402344 0
1675193922290 34.53877639770508 0
1675193922299 34.538780212402344 0
1675193922308 34.538780212402344 0
1675193922318 34.538780212402344 0
1675193922332 34.538780212402344 0
1675193922341 34.538780212402344 0
1675193922351 34.538780212402344 0
1675193922385 34.53877639770508 0
1675193922393 34.538780212402344 0
1675193922404 34.53877639770508 0
1675193922413 34.538780212402344 0
1675193922429 34.538780212402344 0
1675193922436 34.53877639770508 0
1675193922445 34.538780212402344 0
1675193922453 34.538780212402344 0
1675193922463 34.538780212402344 0
1675193922471 34.538780212402344 0
1675193922478 34.53877639770508 0
1675193922490 34.53877639770508 0
1675193922499 34.538780212402344 0
1675193922507 34.538780212402344 0
1675193922516 34.538780212402344 0
1675193922523 34.53877639770508 0
1675193922531 34.53877639770508 0
1675193922543 34.53877639770508 0
1675193922551 34.538780212402344 0
1675193922558 34.53877639770508 0
1675193922572 34.538780212402344 0
1675193922581 34.538780212402344 0
1675193922589 34.538780212402344 0
1675193922600 34.53877639770508 0
1675193922607 34.53877639770508 0
1675193922619 34.53877639770508 0
1675193922627 34.538780212402344 0
1675193922638 34.53877639770508 0
1675193922647 34.538780212402344 0
1675193922657 34.538780212402344 0
1675193922672 34.538780212402344 0
1675193922680 34.538780212402344 0
1675193922689 34.538780212402344 0
1675193922697 34.53877639770508 0
1675193922705 34.538780212402344 0
1675193922717 34.53877639770508 0
1675193922733 34.538780212402344 0
1675193922741 34.538780212402344 0
1675193922750 34.538780212402344 0
1675193922758 34.538780212402344 0
1675193922767 34.538780212402344 0
1675193922774 34.538780212402344 0
1675193922782 34.538780212402344 0
1675193922789 34.538780212402344 0
1675193922796 34.538780212402344 0
1675193922803 34.538780212402344 0
1675193922814 34.53877639770508 0
1675193922820 34.538780212402344 0
1675193922827 34.538780212402344 0
1675193922836 34.538780212402344 0
1675193922842 34.53877639770508 0
1675193922849 34.538780212402344 0
1675193922864 34.538780212402344 0
1675193922870 34.53877639770508 0
1675193922878 34.538780212402344 0
1675193922887 34.538780212402344 0
1675193922895 34.538780212402344 0
1675193922901 34.53877639770508 0
1675193922907 34.53877639770508 0
1675193922926 34.53877639770508 0
1675193922933 34.53877639770508 0
1675193922939 34.53877639770508 0
1675193922947 34.538780212402344 0
1675193922964 34.53877639770508 0
1675193922970 34.53877639770508 0
1675193922981 34.53877639770508 0
1675193922992 34.53877639770508 0
1675193922999 34.53877639770508 0
1675193923005 34.538780212402344 0
1675193923011 34.53877639770508 0
1675193923028 34.53877639770508 0
1675193923034 34.538780212402344 0
1675193923042 34.538780212402344 0
1675193923059 34.53877639770508 0
1675193923065 34.53877639770508 0
1675193923074 34.53877639770508 0
1675193923085 34.53877639770508 0
1675193923094 34.538780212402344 0
1675193923104 34.53877639770508 0
1675193923112 34.538780212402344 0
1675193923118 34.53877639770508 0
1675193923127 34.53877639770508 0
1675193923134 34.53877639770508 0
1675193923141 34.538780212402344 0
1675193923147 34.53877639770508 0
1675193923154 34.538780212402344 0
1675193923164 34.53877639770508 0
1675193923171 34.53877639770508 0
1675193923187 34.538780212402344 0
1675193923194 34.538780212402344 0
1675193923201 34.53877639770508 0
1675193923207 34.53877639770508 0
1675193923213 34.53877639770508 0
1675193923221 34.538780212402344 0
1675193923244 34.53877639770508 0
1675193923252 34.538780212402344 0
1675193923262 34.53877639770508 0
1675193923269 34.538780212402344 0
1675193923275 34.53877639770508 0
1675193923285 34.53877639770508 0
1675193923295 34.53877639770508 0
1675193923303 34.538780212402344 0
1675193923311 34.538780212402344 0
1675193923319 34.538780212402344 0
1675193923336 34.53877639770508 0
1675193923343 34.538780212402344 0
1675193923356 34.538780212402344 0
1675193923362 34.53877639770508 0
1675193923369 34.538780212402344 0
1675193923376 34.538780212402344 0
1675193923387 34.53877639770508 0
1675193923393 34.538780212402344 0
1675193923405 34.53877639770508 0
1675193923412 34.53877639770508 0
1675193923421 34.53877639770508 0
1675193923433 34.53877639770508 0
1675193923439 34.53877639770508 0
1675193923446 34.538780212402344 0
1675193923452 34.53877639770508 0
1675193923458 34.538780212402344 0
1675193923466 34.538780212402344 0
1675193923475 34.53877639770508 0
1675193923492 34.53877639770508 0
1675193923518 34.53877639770508 0
1675193923525 34.538780212402344 0
1675193923533 34.538780212402344 0
1675193923543 34.53877639770508 0
1675193923551 34.538780212402344 0
1675193923557 34.538780212402344 0
1675193923566 34.538780212402344 0
1675193923573 34.538780212402344 0
1675193923579 34.53877639770508 0
1675193923594 34.538780212402344 0
1675193923600 34.53877639770508 0
1675193923607 34.538780212402344 0
1675193923615 34.538780212402344 0
1675193923623 34.538780212402344 0
1675193923630 34.538780212402344 0
1675193923637 34.53877639770508 0
1675193923656 34.53877639770508 0
1675193923663 34.538780212402344 0
1675193923670 34.538780212402344 0
1675193923680 34.53877639770508 0
1675193923687 34.53877639770508 0
1675193923696 34.53877639770508 0
1675193923703 34.538780212402344 0
1675193923718 34.538780212402344 0
1675193923727 34.53877639770508 0
1675193923734 34.538780212402344 0
1675193923742 34.538780212402344 0
1675193923749 34.53877639770508 0
1675193923756 34.538780212402344 0
1675193923763 34.538780212402344 0
1675193923773 34.538780212402344 0
1675193923784 34.53877639770508 0
1675193923794 34.53877639770508 0
1675193923802 34.538780212402344 0
1675193923808 34.538780212402344 0
1675193923815 34.53877639770508 0
1675193923837 34.53877639770508 0
1675193923852 34.538780212402344 0
1675193923860 34.538780212402344 0
1675193923890 34.53877639770508 0
1675193923897 34.538780212402344 0
1675193923903 34.53877639770508 0
1675193923911 34.538780212402344 0
1675193923919 34.538780212402344 0
1675193923926 34.53877639770508 0
1675193923933 34.53877639770508 0
1675193923945 34.53877639770508 0
1675193923954 34.538780212402344 0
1675193923963 34.538780212402344 0
1675193923972 34.53877639770508 0
1675193923979 34.53877639770508 0
1675193923993 34.538780212402344 0
1675193924001 34.538780212402344 0
1675193924008 34.538780212402344 0
1675193924025 34.53877639770508 0
1675193924032 34.53877639770508 0
1675193924042 34.53877639770508 0
1675193924049 34.53877639770508 0
1675193924056 34.538780212402344 0
1675193924063 34.538780212402344 0
1675193924074 34.53877639770508 0
1675193924089 34.538780212402344 0
1675193924095 34.53877639770508 0
1675193924102 34.538780212402344 0
1675193924109 34.538780212402344 0
1675193924115 34.53877639770508 0
1675193924122 34.53877639770508 0
1675193924129 34.538780212402344 0
1675193924139 34.53877639770508 0
1675193924152 34.538780212402344 0
1675193924159 34.538780212402344 0
1675193924166 34.538780212402344 0
1675193924173 34.538780212402344 0
1675193924182 34.538780212402344 0
1675193924191 34.53877639770508 0
1675193924198 34.538780212402344 0
1675193924205 34.538780212402344 0
1675193924213 34.538780212402344 0
1675193924223 34.53877639770508 0
1675193924229 34.53877639770508 0
1675193924241 34.538780212402344 0
1675193924251 34.53877639770508 0
1675193924258 34.538780212402344 0
1675193924266 34.538780212402344 0
1675193924273 34.538780212402344 0
1675193924284 34.53877639770508 0
1675193924295 34.53877639770508 0
1675193924306 34.53877639770508 0
1675193924318 34.538780212402344 0
1675193924325 34.538780212402344 0
1675193924332 34.53877639770508 0
1675193924338 34.53877639770508 0
1675193924345 34.538780212402344 0
1675193924355 34.53877639770508 0
1675193924375 34.53877639770508 0
1675193924384 34.538780212402344 0
1675193924392 34.538780212402344 0
1675193924412 34.53877639770508 0
1675193924421 34.538780212402344 0
1675193924429 34.538780212402344 0
1675193924447 34.53877639770508 0
1675193924453 34.53877639770508 0
1675193924459 34.53877639770508 0
1675193924466 34.53877639770508 0
1675193924492 34.53877639770508 0
1675193924501 34.538780212402344 0
1675193924513 34.538780212402344 0
1675193924520 34.538780212402344 0
1675193924526 34.538780212402344 0
1675193924533 34.53877639770508 0
1675193924541 34.538780212402344 0
1675193924550 34.538780212402344 0
1675193924564 34.538780212402344 0
1675193924577 34.538780212402344 0
1675193924602 34.53877639770508 0
1675193924608 34.538780212402344 0
1675193924616 34.538780212402344 0
1675193924623 34.538780212402344 0
1675193924631 34.538780212402344 0
1675193924638 34.538780212402344 0
1675193924648 34.53877639770508 0
1675193924657 34.53877639770508 0
1675193924665 34.538780212402344 0
1675193924672 34.538780212402344 0
1675193924682 34.53877639770508 0
1675193924688 34.53877639770508 0
1675193924695 34.538780212402344 0
1675193924702 34.538780212402344 0
1675193924709 34.538780212402344 0
1675193924719 34.53877639770508 0
1675193924725 34.538780212402344 0
1675193924736 34.53877639770508 0
1675193924753 34.53877639770508 0
1675193924760 34.538780212402344 0
1675193924767 34.538780212402344 0
1675193924773 34.53877639770508 0
1675193924781 34.538780212402344 0
1675193924787 34.53877639770508 0
1675193924803 34.53877639770508 0
1675193924809 34.538780212402344 0
1675193924818 34.538780212402344 0
1675193924824 34.53877639770508 0
1675193924830 34.538780212402344 0
1675193924839 34.538780212402344 0
1675193924845 34.538780212402344 0
1675193924851 34.53877639770508 0
1675193924858 34.538780212402344 0
1675193924865 34.538780212402344 0
1675193924875 34.53877639770508 0
1675193924881 34.53877639770508 0
1675193924887 34.538780212402344 0
1675193924894 34.538780212402344 0
1675193924906 34.538780212402344 0
1675193924912 34.53877639770508 0
1675193924919 34.538780212402344 0
1675193924925 34.53877639770508 0
1675193924931 34.538780212402344 0
1675193924939 34.538780212402344 0
1675193924958 34.53877639770508 0
1675193924965 34.538780212402344 0
1675193924971 34.53877639770508 0
1675193924979 34.538780212402344 0
1675193924987 34.538780212402344 0
1675193924995 34.538780212402344 0
1675193925002 34.538780212402344 0
1675193925016 34.538780212402344 0
1675193925024 34.538780212402344 0
1675193925062 34.53877639770508 0
1675193925068 34.53877639770508 0
1675193925085 34.53877639770508 0
1675193925091 34.53877639770508 0
1675193925103 34.538780212402344 0
1675193925110 34.53877639770508 0
1675193925117 34.538780212402344 0
1675193925125 34.538780212402344 0
1675193925132 34.538780212402344 0
