1674832748821 0.7310712337493896 0
1674832749280 0.7274274230003357 0
1674832749681 0.7231512069702148 0
1674832750274 0.7145258188247681 0
1674832750736 0.7149127721786499 0
1674832751206 0.7125829458236694 0
1674832751656 0.7084208130836487 0
1674832752066 0.7064009308815002 0
1674832752611 0.7006716728210449 0
1674832753096 0.6980571150779724 0
1674832753596 0.6934975981712341 0
1674832754061 0.6939504742622375 0
1674832754481 0.6912370920181274 0
1674832754936 0.6869497299194336 0
1674832755481 0.6837849020957947 0
1674832755875 0.682105302810669 0
1674832756261 0.6796776056289673 0
1674832756713 0.6752851009368896 0
1674832757161 0.6742531061172485 0
1674832757596 0.6721664667129517 0
1674832758001 0.6687385439872742 0
1674832758523 0.6659564971923828 0
1674832758983 0.6616608500480652 0
1674832759436 0.6576930284500122 0
1674832759851 0.6586484313011169 0
1674832760416 0.6511367559432983 0
1674832760821 0.6510323286056519 0
1674832761211 0.6476212739944458 0
1674832761742 0.6430254578590393 0
1674832762161 0.6400460004806519 0
1674832762591 0.6383232474327087 0
1674832763016 0.6356527209281921 0
1674832763506 0.6327837705612183 0
1674832763941 0.6289585828781128 0
1674832764411 0.6249035596847534 0
1674832764882 0.6238231658935547 0
1674832765241 0.6229417324066162 0
1674832765581 0.6189024448394775 0
1674832766091 0.6153088212013245 0
1674832766511 0.6154477000236511 0
1674832766911 0.609783947467804 0
1674832767406 0.6064347624778748 0
1674832767976 0.6014189720153809 0
1674832768436 0.6047658920288086 0
1674832768886 0.6002708673477173 0
1674832769366 0.5961604714393616 0
1674832769921 0.5954329371452332 0
1674832770426 0.5925788283348083 0
1674832771010 0.5921289324760437 0
1674832771501 0.5884917378425598 0
1674832771921 0.5880002379417419 0
1674832772411 0.5835912823677063 0
1674832772876 0.5848959684371948 0
1674832773381 0.5810920000076294 0
1674832773746 0.582480251789093 0
1674832774304 0.5746296644210815 0
1674832774681 0.5794999003410339 0
1674832775176 0.5727667808532715 0
1674832775581 0.5715810656547546 0
1674832776007 0.5720757246017456 0
1674832776509 0.569759726524353 0
1674832777047 0.5630027055740356 0
1674832777491 0.5657986998558044 0
1674832778221 0.5623741149902344 0
1674832778860 0.5618154406547546 0
1674832779226 0.5645859241485596 0
1674832779740 0.5581241250038147 0
1674832780201 0.5609687566757202 0
1674832780656 0.5584073066711426 0
1674832781146 0.5529266595840454 0
1674832781566 0.5543912649154663 0
1674832781961 0.552783191204071 0
1674832782411 0.5514005422592163 0
1674832782961 0.5475260615348816 0
1674832783361 0.5491068363189697 0
1674832783756 0.5504996180534363 0
1674832784230 0.5455434322357178 0
1674832784656 0.5439664125442505 0
1674832785056 0.5438353419303894 0
1674832785666 0.5385786294937134 0
1674832786201 0.5391426086425781 0
1674832786586 0.5396190881729126 0
1674832786991 0.5422101616859436 0
1674832787396 0.5428839325904846 0
1674832787891 0.5379564166069031 0
1674832788351 0.5387483835220337 0
1674832788746 0.5369041562080383 0
1674832789196 0.5353682041168213 0
1674832789561 0.5374704599380493 0
1674832789986 0.5314483642578125 0
1674832790406 0.532620370388031 0
1674832790906 0.5279645919799805 0
1674832791361 0.5303827524185181 0
1674832791846 0.5281689167022705 0
1674832792266 0.5307138562202454 0
1674832792696 0.5292576551437378 0
1674832793191 0.5293335914611816 0
1674832793626 0.525957465171814 0
1674832794141 0.5271265506744385 0
1674832794604 0.5282374024391174 0
1674832795036 0.5303736925125122 0
1674832795501 0.5272290706634521 0
1674832795857 0.5304492712020874 0
1674832796532 0.5213578343391418 0
1674832796978 0.5228991508483887 0
1674832797408 0.5267614126205444 0
1674832797932 0.5201183557510376 0
1674832798401 0.5183315277099609 0
1674832798923 0.5204718708992004 0
1674832799392 0.522800624370575 0
1674832799881 0.5181652307510376 0
1674832800491 0.5166419148445129 0
1674832800957 0.5203627347946167 0
1674832801440 0.5176699757575989 0
1674832802019 0.5171251893043518 0
1674832802572 0.5168163180351257 0
1674832803446 0.5133199095726013 0
1674832804143 0.5176774263381958 0
1674832804871 0.5146819949150085 0
1674832805451 0.510728657245636 0
1674832805941 0.5126570463180542 0
1674832807176 0.5115545988082886 0
1674832807839 0.511826753616333 0
1674832808716 0.5122207403182983 0
1674832809041 0.5190232992172241 0
1674832809593 0.5125723481178284 0
1674832810644 0.5069191455841064 0
1674832811255 0.5118147730827332 0
1674832811802 0.5118958950042725 0
1674832812211 0.5123305916786194 0
1674832812741 0.5088616013526917 0
1674832813251 0.512069582939148 0
1674832813704 0.5109139680862427 0
1674832814280 0.5121985673904419 0
1674832814910 0.5058478116989136 0
1674832815471 0.5082510113716125 0
1674832816107 0.5032137632369995 0
1674832816643 0.5095893144607544 0
1674832817344 0.5096258521080017 0
1674832817700 0.5087552070617676 0
1674832827620 0.5070767402648926 0
1674832828190 0.5049982070922852 0
1674832828807 0.5031458139419556 0
1674832829321 0.5003456473350525 0
1674832829875 0.5023390650749207 0
1674832830295 0.5082988739013672 0
1674832830947 0.5014412999153137 0
1674832831422 0.5041953921318054 0
1674832831953 0.504134476184845 0
1674832832367 0.5047574639320374 0
1674832832891 0.5008743405342102 0
1674832833396 0.5018932223320007 0
1674832833856 0.5034775733947754 0
1674832834431 0.4982343912124634 0
1674832835030 0.4986514747142792 0
1674832835640 0.4959821105003357 0
1674832836152 0.5038291811943054 0
1674832836675 0.504497766494751 0
1674832837196 0.49957865476608276 0
1674832837711 0.5016467571258545 0
1674832838211 0.5002784132957458 0
1674832838736 0.4981377422809601 0
1674832839185 0.5024048686027527 0
1674832839796 0.49645546078681946 0
1674832840421 0.4958895444869995 0
1674832840995 0.49526163935661316 0
1674832841616 0.49857282638549805 0
1674832842111 0.499844491481781 0
1674832842624 0.4947400689125061 0
1674832843166 0.494840145111084 0
1674832843587 0.49922704696655273 0
1674832844051 0.4953440725803375 0
1674832844481 0.4987807273864746 0
1674832844902 0.4972129166126251 0
1674832845390 0.4933719336986542 0
1674832845819 0.4964645802974701 0
1674832846341 0.49119067192077637 0
1674832846796 0.49539920687675476 0
1674832847276 0.49160099029541016 0
1674832847782 0.49287793040275574 0
1674832848346 0.48966100811958313 0
1674832848676 0.49788594245910645 0
1674832849113 0.4942421615123749 0
1674832849621 0.49153152108192444 0
1674832850151 0.48843011260032654 0
1674832850723 0.4945932626724243 0
1674832851225 0.4938114285469055 0
1674832851716 0.49395084381103516 0
1674832852201 0.4928726851940155 0
1674832852668 0.49080023169517517 0
1674832853166 0.4956851005554199 0
1674832853973 0.49067002534866333 0
1674832854471 0.49355217814445496 0
1674832855436 0.49539095163345337 0
1674832856078 0.48539999127388 0
1674832856618 0.49120253324508667 0
1674832857132 0.4931788444519043 0
1674832857617 0.4888448119163513 0
1674832858426 0.4847182333469391 0
1674832859000 0.48921680450439453 0
1674832859601 0.4913996160030365 0
1674832860091 0.4903676211833954 0
1674832860729 0.49067777395248413 0
1674832861421 0.486709862947464 0
1674832862275 0.49070003628730774 0
1674832863091 0.4922391176223755 0
1674832863840 0.4818088412284851 0
1674832864456 0.4867534041404724 0
1674832864877 0.491371750831604 0
1674832865311 0.4895460307598114 0
1674832865843 0.493269145488739 0
1674832866270 0.49199292063713074 0
1674832867281 0.48911309242248535 0
1674832867916 0.4891987442970276 0
1674832868819 0.4814441204071045 0
1674832869581 0.4849437177181244 0
1674832870043 0.4872739613056183 0
1674832870576 0.48395875096321106 0
1674832871031 0.48814716935157776 0
1674832871571 0.48615166544914246 0
1674832872361 0.4814577102661133 0
1674832873056 0.4832436144351959 0
1674832873676 0.48197847604751587 0
1674832874201 0.48169535398483276 0
1674832874643 0.48769766092300415 0
1674832875171 0.4832625687122345 0
1674832875517 0.48969951272010803 0
1674832875891 0.49254110455513 0
1674832876673 0.478436678647995 0
1674832877156 0.4846648573875427 0
1674832877671 0.49059295654296875 0
1674832878214 0.48670974373817444 0
1674832878897 0.4822821319103241 0
1674832879442 0.4882744550704956 0
1674832879931 0.4860498011112213 0
1674832880567 0.48226943612098694 0
1674832881088 0.4819672405719757 0
1674832881487 0.48601141571998596 0
1674832881991 0.4824793040752411 0
1674832882502 0.4849238097667694 0
1674832883167 0.48047706484794617 0
1674832883647 0.4832428991794586 0
1674832884289 0.4775722026824951 0
1674832884711 0.48215237259864807 0
1674832885231 0.4772765338420868 0
1674832885641 0.48308438062667847 0
1674832886401 0.4734819233417511 0
1674832886936 0.4793909788131714 0
1674832887351 0.48493558168411255 0
1674832887931 0.48036783933639526 0
1674832888391 0.48151689767837524 0
1674832889069 0.4793607294559479 0
1674832889666 0.48230481147766113 0
1674832890151 0.48244038224220276 0
1674832890581 0.4807455241680145 0
1674832891042 0.4810318052768707 0
1674832891486 0.4791777431964874 0
1674832892106 0.47589579224586487 0
1674832892521 0.4847397208213806 0
1674832893071 0.47220566868782043 0
1674832893606 0.47619500756263733 0
1674832894081 0.4775000214576721 0
1674832894716 0.47318223118782043 0
1674832895151 0.47811341285705566 0
1674832895681 0.4787665009498596 0
1674832896341 0.4753269553184509 0
1674832896698 0.48551297187805176 0
1674832897151 0.4773158133029938 0
1674832897604 0.47827744483947754 0
1674832898136 0.47668036818504333 0
1674832898564 0.47665783762931824 0
1674832899037 0.4803730547428131 0
1674832899571 0.47207504510879517 0
1674832900091 0.47715309262275696 0
1674832900541 0.4796459376811981 0
1674832901023 0.4758531153202057 0
1674832901411 0.4791222810745239 0
1674832901926 0.4722001850605011 0
1674832902396 0.47686687111854553 0
1674832902621 0.4788949191570282 0
1674832911881 0.47854188084602356 0
1674832912741 0.4749583899974823 0
1674832913261 0.476579874753952 0
1674832913731 0.4723457098007202 0
1674832914331 0.4700870215892792 0
1674832914776 0.47863736748695374 0
1674832915196 0.4789094924926758 0
1674832915615 0.4770642817020416 0
1674832916118 0.4753357470035553 0
1674832916566 0.47448182106018066 0
1674832916981 0.47862616181373596 0
1674832917511 0.47252157330513 0
1674832918071 0.4761046767234802 0
1674832918511 0.4762241542339325 0
1674832918956 0.4768509268760681 0
1674832919476 0.4700469374656677 0
1674832919911 0.4743245542049408 0
1674832920697 0.47493210434913635 0
1674832921631 0.47491535544395447 0
1674832922459 0.47797438502311707 0
1674832923663 0.47424522042274475 0
1674832924636 0.47662264108657837 0
1674832924971 0.48103082180023193 0
1674832925384 0.4772016704082489 0
1674832925861 0.47411221265792847 0
1674832926411 0.47242316603660583 0
1674832927093 0.4720165431499481 0
1674832927546 0.4743052124977112 0
1674832928006 0.4749625623226166 0
1674832928501 0.47523120045661926 0
1674832929411 0.47208237648010254 0
1674832929931 0.47478747367858887 0
1674832930346 0.47518593072891235 0
1674832930786 0.4719228148460388 0
1674832931211 0.47317710518836975 0
1674832932123 0.4742348790168762 0
1674832933040 0.4724651277065277 0
1674832933983 0.4718135893344879 0
1674832934687 0.4733699560165405 0
1674832935171 0.4737396240234375 0
1674832935696 0.47373032569885254 0
1674832936181 0.47545647621154785 0
1674832936741 0.4731060564517975 0
1674832937476 0.4742843210697174 0
1674832938545 0.47257718443870544 0
1674832939261 0.47235608100891113 0
1674832939751 0.4694046378135681 0
1674832940271 0.4722265601158142 0
1674832940706 0.4720170199871063 0
1674832941091 0.4758080840110779 0
1674832941596 0.47201523184776306 0
1674832942081 0.469124436378479 0
1674832942731 0.47373339533805847 0
1674832943141 0.47145283222198486 0
1674832943526 0.4764617383480072 0
1674832943991 0.4690275192260742 0
1674832944436 0.4720783233642578 0
1674832944921 0.4725008010864258 0
1674832945471 0.4676532447338104 0
1674832946021 0.46822667121887207 0
1674832946581 0.4671548902988434 0
1674832947021 0.47303181886672974 0
1674832947463 0.47182631492614746 0
1674832947891 0.46876025199890137 0
1674832948236 0.4780874252319336 0
1674832948736 0.46935439109802246 0
1674832949101 0.4772781729698181 0
1674832949537 0.47105059027671814 0
1674832950041 0.46359822154045105 0
1674832950581 0.4681004583835602 0
1674832950950 0.4759945273399353 0
1674832951401 0.47106432914733887 0
1674832952381 0.47481706738471985 0
1674832952961 0.46807020902633667 0
1674832953581 0.46815741062164307 0
1674832954344 0.473183274269104 0
1674832955423 0.4666220545768738 0
1674832956039 0.46737825870513916 0
1674832956751 0.47099441289901733 0
1674832957396 0.4684339165687561 0
1674832957926 0.4683986306190491 0
1674832958351 0.4718351364135742 0
1674832958781 0.4708608388900757 0
1674832959331 0.4705618619918823 0
1674832959841 0.4711454212665558 0
1674832960873 0.4696863889694214 0
1674832961441 0.46523818373680115 0
1674832962409 0.46960726380348206 0
1674832963078 0.46941086649894714 0
1674832963706 0.46388718485832214 0
1674832964533 0.4664858877658844 0
1674832965171 0.46529319882392883 0
1674832965816 0.4678288996219635 0
1674832966402 0.4658285081386566 0
1674832966816 0.4713917374610901 0
1674832967284 0.46759676933288574 0
1674832967946 0.467223584651947 0
1674832968406 0.4699450135231018 0
1674832969081 0.4717922508716583 0
1674832969744 0.46363693475723267 0
1674832970596 0.46732062101364136 0
1674832971170 0.4686428904533386 0
1674832971604 0.4723964333534241 0
1674832972071 0.46926000714302063 0
1674832973391 0.46303603053092957 0
1674832973828 0.4717264473438263 0
1674832974331 0.46637842059135437 0
1674832974726 0.46893736720085144 0
1674832975231 0.46557387709617615 0
1674832975691 0.4709966480731964 0
1674832976191 0.46269646286964417 0
1674832976611 0.4662814140319824 0
1674832977051 0.4665418267250061 0
1674832977491 0.4700554609298706 0
1674832977911 0.4682563543319702 0
1674832978374 0.46899861097335815 0
1674832979190 0.4711693525314331 0
1674832979725 0.4695746600627899 0
1674832980179 0.46688130497932434 0
1674832980671 0.4709363579750061 0
1674832981216 0.46683043241500854 0
1674832981681 0.46840324997901917 0
1674832982436 0.4633215367794037 0
1674832982973 0.46214860677719116 0
1674832983381 0.47413718700408936 0
1674832983861 0.46844983100891113 0
1674832984341 0.4654300808906555 0
1674832984786 0.4658688008785248 0
1674832985196 0.472032755613327 0
1674832985671 0.46808743476867676 0
1674832986113 0.467678427696228 0
1674832986681 0.4654548466205597 0
1674832987111 0.4652120769023895 0
1674832987701 0.4587409198284149 0
1674832988129 0.46745580434799194 0
1674832988591 0.46529439091682434 0
1674832989081 0.4605058431625366 0
1674832989556 0.4644978940486908 0
1674832990165 0.4609334170818329 0
1674832990452 0.4705546200275421 0
1674832999148 0.46308642625808716 0
1674832999639 0.4622921049594879 0
1674833000346 0.4537279009819031 0
1674833000816 0.4648714065551758 0
1674833001306 0.4671323895454407 0
1674833001721 0.46950650215148926 0
1674833002106 0.4682128131389618 0
1674833002681 0.46865910291671753 0
1674833003101 0.47090983390808105 0
1674833003714 0.4627266526222229 0
1674833004056 0.47435763478279114 0
1674833004561 0.46099165081977844 0
1674833004936 0.46853962540626526 0
1674833005371 0.46472910046577454 0
1674833005831 0.4660501480102539 0
1674833006481 0.46642470359802246 0
1674833007136 0.4656715989112854 0
1674833007771 0.46527454257011414 0
1674833008672 0.4643941819667816 0
1674833009287 0.46345844864845276 0
1674833009896 0.4649761915206909 0
1674833010406 0.4631941616535187 0
1674833010939 0.4619031548500061 0
1674833011471 0.46038562059402466 0
1674833011856 0.4707970917224884 0
1674833012436 0.4598579704761505 0
1674833012911 0.4641302525997162 0
1674833013441 0.4570236802101135 0
1674833013831 0.47082194685935974 0
1674833014271 0.4658392369747162 0
1674833014715 0.46467840671539307 0
1674833015156 0.46495696902275085 0
1674833015571 0.4657978117465973 0
1674833015951 0.46951326727867126 0
1674833016406 0.4693657159805298 0
1674833016931 0.46212807297706604 0
1674833017431 0.45911335945129395 0
1674833017894 0.4627446234226227 0
1674833018335 0.46492254734039307 0
1674833018746 0.4657469689846039 0
1674833019216 0.4653354585170746 0
1674833019769 0.46111953258514404 0
1674833020421 0.4618089497089386 0
1674833020991 0.46287429332733154 0
1674833021797 0.4562572240829468 0
1674833022513 0.4585135877132416 0
1674833022998 0.4638742506504059 0
1674833023521 0.4612935781478882 0
1674833024235 0.45804810523986816 0
1674833024686 0.464542955160141 0
1674833025152 0.46563997864723206 0
1674833025501 0.4735516607761383 0
1674833026091 0.45683783292770386 0
1674833026581 0.4608105719089508 0
1674833027041 0.4650397300720215 0
1674833027481 0.46304789185523987 0
1674833027911 0.4639868140220642 0
1674833028261 0.4704970419406891 0
1674833028616 0.46783873438835144 0
1674833029196 0.45978280901908875 0
1674833029761 0.4561174809932709 0
1674833030231 0.46306413412094116 0
1674833030686 0.46001559495925903 0
1674833031110 0.46277642250061035 0
1674833031822 0.4621327817440033 0
1674833032398 0.46702826023101807 0
1674833033066 0.4618499279022217 0
1674833033531 0.470608115196228 0
1674833034748 0.4621768295764923 0
1674833035766 0.46176058053970337 0
1674833036243 0.46625155210494995 0
1674833036730 0.4616609811782837 0
1674833037231 0.4669426679611206 0
1674833037681 0.46373143792152405 0
1674833038141 0.4608038663864136 0
1674833038531 0.4657135605812073 0
1674833038903 0.46416395902633667 0
1674833039336 0.46374863386154175 0
1674833039786 0.4618537127971649 0
1674833040176 0.467099666595459 0
1674833040779 0.4611961245536804 0
1674833041284 0.4636397361755371 0
1674833041671 0.46651121973991394 0
1674833042226 0.46609023213386536 0
1674833042876 0.45779281854629517 0
1674833043451 0.4616505205631256 0
1674833043976 0.45541301369667053 0
1674833044441 0.4619227349758148 0
1674833044831 0.46524056792259216 0
1674833045266 0.46552279591560364 0
1674833045621 0.46527785062789917 0
1674833045991 0.4662371277809143 0
1674833046403 0.4641207456588745 0
1674833046781 0.4635295271873474 0
1674833047196 0.4645697772502899 0
1674833047681 0.4579576849937439 0
1674833048101 0.4673007130622864 0
1674833048591 0.4560756981372833 0
1674833049026 0.4643732011318207 0
1674833049376 0.46877098083496094 0
1674833049891 0.4597755968570709 0
1674833050321 0.4649052023887634 0
1674833050776 0.4620280861854553 0
1674833051241 0.460480272769928 0
1674833051686 0.46301740407943726 0
1674833052181 0.46266594529151917 0
1674833052556 0.4646454453468323 0
1674833053051 0.4593106508255005 0
1674833053551 0.4634723663330078 0
1674833054021 0.4591768682003021 0
1674833054518 0.4574068486690521 0
1674833055064 0.4562884569168091 0
1674833055516 0.4634638726711273 0
1674833056041 0.4548032581806183 0
1674833056546 0.4589998126029968 0
1674833056962 0.4626190960407257 0
1674833057486 0.45720237493515015 0
1674833057935 0.4584185779094696 0
1674833058561 0.4519680440425873 0
1674833058986 0.4673316776752472 0
1674833059651 0.45857495069503784 0
1674833060145 0.4624849557876587 0
1674833060561 0.4657137095928192 0
1674833061021 0.45713895559310913 0
1674833061541 0.4575861990451813 0
1674833062041 0.4558694660663605 0
1674833062506 0.4604162573814392 0
1674833062986 0.4586595296859741 0
1674833063406 0.46189936995506287 0
1674833063811 0.4624686539173126 0
1674833064241 0.4581010043621063 0
1674833064701 0.46105414628982544 0
1674833065161 0.459900438785553 0
1674833065590 0.46505051851272583 0
1674833066076 0.4599158763885498 0
1674833066656 0.4530145823955536 0
1674833067061 0.4623156785964966 0
1674833067611 0.4585583508014679 0
1674833068081 0.45810139179229736 0
1674833068371 0.4591110646724701 0
1674833076731 0.4517222046852112 0
1674833077276 0.46120429039001465 0
1674833077756 0.4586876630783081 0
1674833078381 0.45513787865638733 0
1674833078871 0.46116888523101807 0
1674833079345 0.4539353549480438 0
1674833079776 0.4618160128593445 0
1674833080394 0.4544459283351898 0
1674833080859 0.46194857358932495 0
1674833081341 0.4580657184123993 0
1674833081813 0.4637819826602936 0
1674833082246 0.4633409380912781 0
1674833082688 0.4633353352546692 0
1674833083141 0.4604145586490631 0
1674833083641 0.4589442014694214 0
1674833084232 0.4573189914226532 0
1674833084737 0.4595329463481903 0
1674833085319 0.45645785331726074 0
1674833085845 0.45812731981277466 0
1674833086320 0.4625147581100464 0
1674833086746 0.4609883427619934 0
1674833087201 0.4578586220741272 0
1674833087651 0.4593520760536194 0
1674833088101 0.46093326807022095 0
1674833088616 0.45645344257354736 0
1674833089006 0.46356669068336487 0
1674833089381 0.4621087908744812 0
1674833089791 0.4573594629764557 0
1674833090281 0.45589399337768555 0
1674833090711 0.45841628313064575 0
1674833091386 0.4557785987854004 0
1674833091958 0.4624694883823395 0
1674833092517 0.45734161138534546 0
1674833093080 0.4570462107658386 0
1674833093618 0.45278170704841614 0
1674833094081 0.46447429060935974 0
1674833094495 0.4639091193675995 0
1674833095121 0.45041531324386597 0
1674833095711 0.4573145806789398 0
1674833096539 0.45364609360694885 0
1674833097077 0.46035102009773254 0
1674833097677 0.46525469422340393 0
1674833098237 0.4613231122493744 0
1674833098829 0.45991143584251404 0
1674833099404 0.4544180929660797 0
1674833099967 0.45691242814064026 0
1674833100530 0.45550021529197693 0
1674833101153 0.45755913853645325 0
1674833101643 0.45411837100982666 0
1674833102204 0.45733946561813354 0
1674833102750 0.45834606885910034 0
1674833103398 0.4543563425540924 0
1674833103936 0.45980554819107056 0
1674833104490 0.46358752250671387 0
1674833104952 0.46301424503326416 0
1674833105765 0.45171594619750977 0
1674833106317 0.46458178758621216 0
1674833106881 0.45915836095809937 0
1674833107488 0.45609283447265625 0
1674833108121 0.4575903117656708 0
1674833108701 0.46222513914108276 0
1674833109546 0.4549250900745392 0
1674833109921 0.4611211121082306 0
1674833110691 0.45739755034446716 0
1674833111381 0.4594969153404236 0
1674833112001 0.4556291997432709 0
1674833112708 0.45988011360168457 0
1674833113226 0.454129159450531 0
1674833113646 0.4605976939201355 0
1674833114031 0.4656376242637634 0
1674833114501 0.46184042096138 0
1674833114901 0.45969530940055847 0
1674833115321 0.4612780809402466 0
1674833115746 0.45772284269332886 0
1674833116121 0.4674392342567444 0
1674833116661 0.45132696628570557 0
1674833117206 0.45507219433784485 0
1674833117614 0.46058905124664307 0
1674833118071 0.4567232131958008 0
1674833118546 0.4598154127597809 0
1674833118947 0.45944342017173767 0
1674833119526 0.452303946018219 0
1674833120106 0.45582059025764465 0
1674833120516 0.4592548906803131 0
1674833121021 0.4546456038951874 0
1674833121606 0.4551815986633301 0
1674833122026 0.45922255516052246 0
1674833122591 0.4495288133621216 0
1674833123174 0.4572960138320923 0
1674833123591 0.45615166425704956 0
1674833123916 0.46587464213371277 0
1674833124376 0.45752713084220886 0
1674833124871 0.45419710874557495 0
1674833125386 0.4495362639427185 0
1674833125806 0.46192577481269836 0
1674833126291 0.45282843708992004 0
1674833126801 0.4541918933391571 0
1674833127301 0.4573105275630951 0
1674833127776 0.4575994312763214 0
1674833128314 0.4576280415058136 0
1674833128779 0.46241745352745056 0
1674833129699 0.4615093171596527 0
1674833130883 0.4589841663837433 0
1674833132486 0.45016005635261536 0
1674833133722 0.45331376791000366 0
1674833134804 0.4554314613342285 0
1674833136034 0.4528372585773468 0
1674833136667 0.45509010553359985 0
1674833137323 0.45440492033958435 0
1674833138433 0.45370712876319885 0
1674833139519 0.46089017391204834 0
1674833140131 0.4550265967845917 0
1674833140551 0.46251803636550903 0
1674833141226 0.4502562880516052 0
1674833141855 0.4560842514038086 0
1674833142852 0.45427826046943665 0
1674833143745 0.4618111252784729 0
1674833144839 0.45936036109924316 0
1674833145606 0.44992631673812866 0
1674833146177 0.45170000195503235 0
1674833146591 0.45752978324890137 0
1674833147155 0.45303207635879517 0
1674833147637 0.45756950974464417 0
1674833148294 0.45242539048194885 0
1674833148951 0.45038214325904846 0
1674833149600 0.45355528593063354 0
1674833150486 0.45353683829307556 0
1674833150924 0.4575071930885315 0
1674833151391 0.46083998680114746 0
1674833151983 0.46309545636177063 0
1674833152522 0.46008896827697754 0
1674833153012 0.4579419493675232 0
1674833153508 0.4574882388114929 0
1674833154268 0.46030423045158386 0
1674833154908 0.4589001536369324 0
1674833155352 0.4569101929664612 0
1674833155760 0.461126446723938 0
1674833156351 0.4517819583415985 0
1674833156824 0.4529934227466583 0
1674833157176 0.44658660888671875 0
1674833167384 0.45514464378356934 0
1674833168166 0.45609626173973083 0
1674833168644 0.4564816653728485 0
1674833169261 0.45711153745651245 0
1674833169924 0.4537716209888458 0
1674833170428 0.4561293125152588 0
1674833170931 0.45401740074157715 0
1674833171331 0.4588811695575714 0
1674833171858 0.4534783959388733 0
1674833172380 0.45150795578956604 0
1674833173198 0.4516867399215698 0
1674833173711 0.4565281569957733 0
1674833174256 0.45794981718063354 0
1674833174789 0.44871798157691956 0
1674833175561 0.45478692650794983 0
1674833176251 0.4529553949832916 0
1674833176744 0.45395025610923767 0
1674833177233 0.4544791579246521 0
1674833177757 0.4510359764099121 0
1674833178257 0.45225274562835693 0
1674833178738 0.45538708567619324 0
1674833179267 0.4563726782798767 0
1674833179764 0.45892533659935 0
1674833180225 0.45605212450027466 0
1674833180712 0.45244908332824707 0
1674833181213 0.4542270302772522 0
1674833181718 0.46064406633377075 0
1674833182143 0.45400911569595337 0
1674833182536 0.46005696058273315 0
1674833183117 0.4532017707824707 0
1674833183781 0.4482070505619049 0
1674833184358 0.4532146453857422 0
1674833184881 0.44849663972854614 0
1674833185444 0.4487592875957489 0
1674833185877 0.45524919033050537 0
1674833186437 0.452833890914917 0
1674833186997 0.45365145802497864 0
1674833187564 0.4504651427268982 0
1674833187997 0.4562752842903137 0
1674833188580 0.4502461552619934 0
1674833189401 0.45574334263801575 0
1674833190346 0.45467689633369446 0
1674833190798 0.459445059299469 0
1674833191324 0.4552823603153229 0
1674833192085 0.46180209517478943 0
1674833192731 0.45886826515197754 0
1674833193405 0.4602196514606476 0
1674833194226 0.45967379212379456 0
1674833195835 0.45073357224464417 0
1674833197372 0.45384857058525085 0
1674833198132 0.45402446389198303 0
1674833198749 0.4499346911907196 0
1674833199348 0.4528219997882843 0
1674833200057 0.45097628235816956 0
1674833200466 0.45903292298316956 0
1674833200910 0.45899587869644165 0
1674833201425 0.4520827531814575 0
1674833201817 0.45567843317985535 0
1674833202387 0.4476854205131531 0
1674833202798 0.45691490173339844 0
1674833203376 0.4512499272823334 0
1674833203977 0.4449227452278137 0
1674833204495 0.4536357820034027 0
1674833204906 0.4580076336860657 0
1674833205493 0.4534914195537567 0
1674833205971 0.45407843589782715 0
1674833206545 0.4536890387535095 0
1674833206962 0.4606250822544098 0
1674833207400 0.45794183015823364 0
1674833208058 0.44463425874710083 0
1674833208515 0.454007089138031 0
1674833209061 0.4536244571208954 0
1674833209529 0.4564942419528961 0
1674833210028 0.4564807116985321 0
1674833210544 0.45326370000839233 0
1674833211074 0.451627641916275 0
1674833211559 0.45550915598869324 0
1674833212078 0.4539331793785095 0
1674833212700 0.44831669330596924 0
1674833213543 0.4533887505531311 0
1674833214906 0.45586204528808594 0
1674833215742 0.45589104294776917 0
1674833216370 0.45804253220558167 0
1674833217202 0.4540666937828064 0
1674833217916 0.45327234268188477 0
1674833218483 0.45074665546417236 0
1674833219010 0.4505614638328552 0
1674833219660 0.4482097923755646 0
1674833220146 0.4548596739768982 0
1674833220494 0.46355998516082764 0
1674833220904 0.4570235311985016 0
1674833221407 0.4499007761478424 0
1674833221885 0.45285922288894653 0
1674833222480 0.45227763056755066 0
1674833222945 0.45562443137168884 0
1674833223384 0.4572521150112152 0
1674833223847 0.4521368443965912 0
1674833224431 0.45322299003601074 0
1674833224891 0.45748311281204224 0
1674833225428 0.4531668424606323 0
1674833226356 0.4512503445148468 0
1674833226896 0.45371267199516296 0
1674833227341 0.45733582973480225 0
1674833227821 0.45183926820755005 0
1674833228191 0.45979073643684387 0
1674833228699 0.45288464426994324 0
1674833229431 0.4448508024215698 0
1674833230051 0.4491857886314392 0
1674833230540 0.4533306062221527 0
1674833231136 0.448425829410553 0
1674833231740 0.4487287998199463 0
1674833232188 0.457211971282959 0
1674833232634 0.45366939902305603 0
1674833233116 0.44881176948547363 0
1674833233541 0.4540805518627167 0
1674833233941 0.45441609621047974 0
1674833234526 0.4485834836959839 0
1674833235051 0.4558403193950653 0
1674833235466 0.4569532573223114 0
1674833235980 0.44887658953666687 0
1674833236421 0.4537602961063385 0
1674833236861 0.4542982280254364 0
1674833237401 0.4455723762512207 0
1674833237781 0.4566960632801056 0
1674833238412 0.44775155186653137 0
1674833239011 0.4473576545715332 0
1674833239640 0.44788771867752075 0
1674833240226 0.4473263621330261 0
1674833240707 0.449773907661438 0
1674833241151 0.45270466804504395 0
1674833241533 0.4587939381599426 0
1674833241957 0.45496758818626404 0
1674833242561 0.44432884454727173 0
1674833243086 0.4458286762237549 0
1674833243561 0.4524981379508972 0
1674833243916 0.46016019582748413 0
1674833244411 0.45152223110198975 0
1674833245031 0.44637757539749146 0
1674833245541 0.44998466968536377 0
1674833245814 0.45171767473220825 0
1674833254762 0.4549592137336731 0
1674833255247 0.45290887355804443 0
1674833255909 0.4526544213294983 0
1674833256638 0.4525723457336426 0
1674833257092 0.45473045110702515 0
1674833257577 0.4508056342601776 0
1674833258224 0.44232088327407837 0
1674833258795 0.44769757986068726 0
1674833259313 0.44658297300338745 0
1674833259730 0.45560702681541443 0
1674833260136 0.4567393660545349 0
1674833260619 0.4526236951351166 0
1674833261010 0.4553149342536926 0
1674833261541 0.45173245668411255 0
1674833261995 0.4550362229347229 0
1674833262389 0.45745882391929626 0
1674833262821 0.4555160105228424 0
1674833263501 0.4431215524673462 0
1674833264073 0.4491712152957916 0
1674833264589 0.4511420428752899 0
1674833264971 0.4569641053676605 0
1674833265401 0.4577328860759735 0
1674833265902 0.44980770349502563 0
1674833266481 0.4455455541610718 0
1674833266905 0.45454585552215576 0
1674833267491 0.4438820481300354 0
1674833267981 0.45666733384132385 0
1674833268421 0.45264995098114014 0
1674833269021 0.4435965418815613 0
1674833269491 0.4520135223865509 0
1674833269926 0.456251859664917 0
1674833270376 0.4529260993003845 0
1674833270998 0.44519808888435364 0
1674833271691 0.4433137774467468 0
1674833272216 0.45160290598869324 0
1674833272686 0.45396342873573303 0
1674833273141 0.454743891954422 0
1674833273651 0.4487834870815277 0
1674833274191 0.44663864374160767 0
1674833274561 0.45992520451545715 0
1674833275011 0.4493326246738434 0
1674833275531 0.4510159492492676 0
1674833275971 0.45199069380760193 0
1674833276471 0.4512145519256592 0
1674833276936 0.44981786608695984 0
1674833277471 0.4496738910675049 0
1674833277886 0.4536108374595642 0
1674833278361 0.4490233063697815 0
1674833278806 0.4513600468635559 0
1674833279261 0.45436233282089233 0
1674833279671 0.451250284910202 0
1674833280177 0.4500223696231842 0
1674833280614 0.4511350393295288 0
1674833281153 0.44712740182876587 0
1674833281586 0.45087921619415283 0
1674833281964 0.45770779252052307 0
1674833282629 0.4466646611690521 0
1674833283171 0.44776803255081177 0
1674833283692 0.4454880654811859 0
1674833284267 0.4485110938549042 0
1674833284696 0.4565788507461548 0
1674833285111 0.4589436650276184 0
1674833285501 0.4553493857383728 0
1674833285906 0.4580867290496826 0
1674833286406 0.44689813256263733 0
1674833286812 0.45675259828567505 0
1674833287287 0.44915446639060974 0
1674833287816 0.4494442641735077 0
1674833288361 0.44537901878356934 0
1674833288831 0.44959527254104614 0
1674833289296 0.4526565968990326 0
1674833289726 0.4539128839969635 0
1674833290196 0.4554651081562042 0
1674833290671 0.4536573588848114 0
1674833291142 0.4546937942504883 0
1674833291654 0.4482106566429138 0
1674833292088 0.4515218138694763 0
1674833292474 0.45613327622413635 0
1674833292960 0.4491204023361206 0
1674833293449 0.44970792531967163 0
1674833294049 0.44396159052848816 0
1674833294478 0.4544609785079956 0
1674833295029 0.4467785656452179 0
1674833295601 0.44674432277679443 0
1674833296126 0.4488939642906189 0
1674833296611 0.4498545229434967 0
1674833297142 0.4505011737346649 0
1674833297611 0.4536479711532593 0
1674833298003 0.4561937153339386 0
1674833298446 0.4515935480594635 0
1674833298997 0.4486710727214813 0
1674833299651 0.45688170194625854 0
1674833300258 0.451463520526886 0
1674833300689 0.4502744674682617 0
1674833301186 0.4490073323249817 0
1674833301634 0.45284393429756165 0
1674833302081 0.4530608654022217 0
1674833302501 0.45309433341026306 0
1674833303008 0.44828519225120544 0
1674833303635 0.4468788206577301 0
1674833304131 0.4473174512386322 0
1674833304623 0.44900619983673096 0
1674833305130 0.4504817724227905 0
1674833305785 0.44246047735214233 0
1674833306181 0.454541951417923 0
1674833306561 0.4552598297595978 0
1674833307129 0.4500977694988251 0
1674833307624 0.4488188326358795 0
1674833308231 0.4418094754219055 0
1674833308726 0.4454582929611206 0
1674833309211 0.448635995388031 0
1674833309676 0.4524840712547302 0
1674833310101 0.4525808095932007 0
1674833310551 0.4508925974369049 0
1674833310997 0.4501655697822571 0
1674833311510 0.4482438862323761 0
1674833311941 0.44847068190574646 0
1674833312339 0.45515260100364685 0
1674833312911 0.45339858531951904 0
1674833313486 0.442819744348526 0
1674833313981 0.44886860251426697 0
1674833314479 0.448736310005188 0
1674833314971 0.45303595066070557 0
1674833315491 0.4496630132198334 0
1674833315940 0.4489455223083496 0
1674833316396 0.4499317705631256 0
1674833316861 0.45265671610832214 0
1674833317286 0.4547201991081238 0
1674833317816 0.44957855343818665 0
1674833318286 0.44925761222839355 0
1674833318855 0.44405898451805115 0
1674833319361 0.44694140553474426 0
1674833319801 0.45131102204322815 0
1674833320286 0.44732463359832764 0
1674833320831 0.4453276991844177 0
1674833321281 0.4510665237903595 0
1674833321791 0.4481959342956543 0
1674833322346 0.4452511966228485 0
1674833322841 0.4497101604938507 0
1674833323091 0.4503498673439026 0
1674833331854 0.4471761882305145 0
1674833332323 0.44695717096328735 0
1674833332776 0.4500284194946289 0
1674833333386 0.4389263987541199 0
1674833333955 0.4412846565246582 0
1674833334568 0.4433857500553131 0
1674833335023 0.4508526027202606 0
1674833335605 0.4451412856578827 0
1674833336108 0.4483058750629425 0
1674833336600 0.4509733319282532 0
1674833336977 0.45426318049430847 0
1674833337537 0.44863390922546387 0
1674833337959 0.4541662633419037 0
1674833338558 0.44360628724098206 0
1674833339118 0.445950448513031 0
1674833339702 0.44800856709480286 0
1674833340104 0.4555700719356537 0
1674833340596 0.4473607838153839 0
1674833341029 0.4529707729816437 0
1674833341558 0.44341737031936646 0
1674833342132 0.4426364600658417 0
1674833342696 0.4475577175617218 0
1674833343131 0.45002731680870056 0
1674833343610 0.4518671929836273 0
1674833344135 0.4514530301094055 0
1674833344635 0.4509604275226593 0
1674833345117 0.4485023319721222 0
1674833345623 0.45144298672676086 0
1674833346152 0.44443249702453613 0
1674833346663 0.4476375877857208 0
1674833347066 0.45358261466026306 0
1674833347583 0.4430372416973114 0
1674833348007 0.45341938734054565 0
1674833348608 0.4463857114315033 0
1674833349182 0.44521066546440125 0
1674833349734 0.4466097950935364 0
1674833350273 0.4469657838344574 0
1674833350741 0.4489486813545227 0
1674833351248 0.44884562492370605 0
1674833351763 0.44726285338401794 0
1674833352224 0.45289677381515503 0
1674833352772 0.4472971558570862 0
1674833353201 0.44985002279281616 0
1674833353771 0.44372883439064026 0
1674833354161 0.45176219940185547 0
1674833354576 0.451608806848526 0
1674833354966 0.45180317759513855 0
1674833355391 0.44974207878112793 0
1674833355867 0.44785967469215393 0
1674833356346 0.45058271288871765 0
1674833356776 0.44942551851272583 0
1674833357245 0.44760558009147644 0
1674833357721 0.4481528103351593 0
1674833358295 0.44380736351013184 0
1674833358741 0.45210206508636475 0
1674833359306 0.4456184506416321 0
1674833359721 0.44630932807922363 0
1674833360251 0.44823595881462097 0
1674833360796 0.44530004262924194 0
1674833361161 0.4577174782752991 0
1674833361616 0.4473428726196289 0
1674833362101 0.4493383765220642 0
1674833362544 0.4477350413799286 0
1674833363011 0.44751107692718506 0
1674833363396 0.45361605286598206 0
1674833363881 0.4478502869606018 0
1674833364263 0.4510268270969391 0
1674833364746 0.44391629099845886 0
1674833365251 0.4506591856479645 0
1674833365712 0.44090718030929565 0
1674833366111 0.4543931782245636 0
1674833366631 0.44679081439971924 0
1674833367121 0.44780731201171875 0
1674833367601 0.44706109166145325 0
1674833368021 0.44905343651771545 0
1674833368431 0.4543294310569763 0
1674833368931 0.4471796452999115 0
1674833369441 0.4440949857234955 0
1674833369816 0.4543328583240509 0
1674833370356 0.4449310004711151 0
1674833370776 0.45471346378326416 0
1674833371206 0.44992247223854065 0
1674833371616 0.4481733441352844 0
1674833372022 0.4489438235759735 0
1674833372511 0.4524519145488739 0
1674833372941 0.4516775906085968 0
1674833373471 0.4531523287296295 0
1674833373901 0.45042961835861206 0
1674833374271 0.45515352487564087 0
1674833374856 0.4455837607383728 0
1674833375256 0.4540766179561615 0
1674833375716 0.4494496285915375 0
1674833376181 0.4484827220439911 0
1674833376551 0.45101556181907654 0
1674833376986 0.4477609694004059 0
1674833377381 0.4498124122619629 0
1674833377776 0.45269668102264404 0
1674833378201 0.4532770812511444 0
1674833378671 0.44693753123283386 0
1674833379071 0.4524158537387848 0
1674833379631 0.4422766864299774 0
1674833380101 0.4464293122291565 0
1674833380560 0.4475114345550537 0
1674833380956 0.45262646675109863 0
1674833381402 0.4519177973270416 0
1674833381831 0.4557846486568451 0
1674833382336 0.4438435733318329 0
1674833382804 0.4456307590007782 0
1674833383231 0.45169833302497864 0
1674833383746 0.4430156648159027 0
1674833384161 0.44942471385002136 0
1674833384607 0.45028746128082275 0
1674833385146 0.44112086296081543 0
1674833385601 0.4474395215511322 0
1674833385941 0.4575049877166748 0
1674833386456 0.4426887631416321 0
1674833386931 0.45118585228919983 0
1674833387391 0.449648380279541 0
1674833387886 0.4525893032550812 0
1674833388365 0.4506795108318329 0
1674833388913 0.443345844745636 0
1674833389371 0.4488286077976227 0
1674833389741 0.45473891496658325 0
1674833390226 0.44549039006233215 0
1674833390661 0.45292583107948303 0
1674833391131 0.4492722451686859 0
1674833391611 0.45024028420448303 0
1674833392126 0.4485933482646942 0
1674833392585 0.44806352257728577 0
1674833392991 0.4504154324531555 0
1674833393521 0.44246092438697815 0
1674833393961 0.4491443634033203 0
1674833394646 0.45466622710227966 0
1674833395171 0.45241203904151917 0
1674833395581 0.44669878482818604 0
1674833396021 0.44858109951019287 0
1674833396451 0.44654345512390137 0
1674833396843 0.4490278363227844 0
1674833397381 0.441705584526062 0
1674833397641 0.44929930567741394 0
