1675511509707 0.7299298048019409 0
1675511509833 0.7200024127960205 0
1675511509944 0.7098952531814575 0
1675511510067 0.6961987018585205 0
1675511510168 0.6885023713111877 0
1675511510319 0.6742042899131775 0
1675511510448 0.6652583479881287 0
1675511510574 0.65840083360672 0
1675511510701 0.6507133841514587 0
1675511510810 0.640358567237854 0
1675511510907 0.6375019550323486 0
1675511511023 0.6283077001571655 0
1675511511154 0.6176416277885437 0
1675511511297 0.6141416430473328 0
1675511511410 0.6107463240623474 0
1675511511545 0.6020451784133911 0
1675511511672 0.5963461399078369 0
1675511511808 0.5940325856208801 0
1675511511918 0.5901231169700623 0
1675511512050 0.5841489434242249 0
1675511512196 0.5774873495101929 0
1675511512320 0.5764697790145874 0
1675511512430 0.5761876702308655 0
1675511512533 0.5737573504447937 0
1675511512643 0.5667141675949097 0
1675511512773 0.5654153227806091 0
1675511512894 0.5627778172492981 0
1675511513037 0.5588067173957825 0
1675511513160 0.5575088858604431 0
1675511513281 0.5545216202735901 0
1675511513410 0.5481700897216797 0
1675511513531 0.5481185913085938 0
1675511513677 0.543582558631897 0
1675511513786 0.5448543429374695 0
1675511513933 0.5370693206787109 0
1675511514073 0.5380620956420898 0
1675511514204 0.5342541933059692 0
1675511514341 0.5348709225654602 0
1675511514487 0.529840886592865 0
1675511514603 0.5324249267578125 0
1675511514734 0.5297303795814514 0
1675511514880 0.524975061416626 0
1675511515016 0.5268144011497498 0
1675511515154 0.5215228199958801 0
1675511515279 0.5219963192939758 0
1675511515417 0.5192285776138306 0
1675511515540 0.5178055763244629 0
1675511515682 0.5134928226470947 0
1675511515820 0.513787031173706 0
1675511515957 0.5168915390968323 0
1675511516063 0.5158448219299316 0
1675511516176 0.5140674114227295 0
1675511516302 0.5110556483268738 0
1675511516426 0.5104360580444336 0
1675511516547 0.5082299113273621 0
1675511516664 0.5091201663017273 0
1675511516774 0.5086135268211365 0
1675511516902 0.508966863155365 0
1675511517003 0.5100268721580505 0
1675511517119 0.504121720790863 0
1675511517252 0.5023683309555054 0
1675511517360 0.5042626261711121 0
1675511517478 0.503538191318512 0
1675511517602 0.5014891028404236 0
1675511517723 0.5013535618782043 0
1675511517825 0.5024399757385254 0
1675511517945 0.4989469647407532 0
1675511518083 0.49334266781806946 0
1675511518208 0.4960483908653259 0
1675511518316 0.4990220367908478 0
1675511518451 0.4934960603713989 0
1675511518574 0.4926774203777313 0
1675511518710 0.4919264316558838 0
1675511518848 0.48960983753204346 0
1675511518972 0.4935110807418823 0
1675511519080 0.49469447135925293 0
1675511519225 0.49060875177383423 0
1675511519367 0.48793092370033264 0
1675511519488 0.48981666564941406 0
1675511519601 0.49245524406433105 0
1675511519721 0.49032360315322876 0
1675511519822 0.49137377738952637 0
1675511519947 0.49111130833625793 0
1675511520089 0.48437437415122986 0
1675511520195 0.4902653098106384 0
1675511520328 0.4882991313934326 0
1675511520461 0.48383355140686035 0
1675511520594 0.4854852557182312 0
1675511520700 0.4872726500034332 0
1675511520832 0.48196667432785034 0
1675511520963 0.48345696926116943 0
1675511521058 0.4878562390804291 0
1675511521174 0.48577290773391724 0
1675511521311 0.47959285974502563 0
1675511521457 0.48092836141586304 0
1675511521571 0.4859306216239929 0
1675511521717 0.47780418395996094 0
1675511521821 0.4843430817127228 0
1675511521955 0.4827326238155365 0
1675511522097 0.48103800415992737 0
1675511522222 0.48040565848350525 0
1675511522334 0.483568012714386 0
1675511522433 0.4834846556186676 0
1675511522541 0.47932320833206177 0
1675511522668 0.4755084812641144 0
1675511522782 0.4801693558692932 0
1675511522905 0.4808090627193451 0
1675511523017 0.48088309168815613 0
1675511523122 0.4776950478553772 0
1675511523245 0.4806111752986908 0
1675511523375 0.4776514172554016 0
1675511523532 0.4748779237270355 0
1675511523649 0.4776049256324768 0
1675511523757 0.4802752733230591 0
1675511523884 0.4772539436817169 0
1675511524008 0.4774966835975647 0
1675511524124 0.477830171585083 0
1675511524250 0.47580310702323914 0
1675511524364 0.47721388936042786 0
1675511524477 0.47568899393081665 0
1675511524599 0.4753723740577698 0
1675511524721 0.47719329595565796 0
1675511524853 0.47362440824508667 0
1675511524969 0.47328442335128784 0
1675511525080 0.47800174355506897 0
1675511525220 0.4709935784339905 0
1675511525343 0.4734593629837036 0
1675511525442 0.47781455516815186 0
1675511525566 0.4732292890548706 0
1675511525673 0.4776212275028229 0
1675511525808 0.4702269434928894 0
1675511525908 0.47587600350379944 0
1675511526021 0.4765433967113495 0
1675511526149 0.4727357029914856 0
1675511526301 0.4699324369430542 0
1675511526422 0.47382715344429016 0
1675511526532 0.4762994945049286 0
1675511526677 0.4719946086406708 0
1675511526808 0.4727497696876526 0
1675511526920 0.4728502333164215 0
1675511527050 0.46973007917404175 0
1675511527172 0.4713132977485657 0
1675511527301 0.4713703691959381 0
1675511527455 0.4669366478919983 0
1675511527585 0.47086700797080994 0
1675511527695 0.4722643196582794 0
1675511527819 0.4705570638179779 0
1675511527907 0.4793024957180023 0
1675511528030 0.47007080912590027 0
1675511528158 0.46752211451530457 0
1675511528290 0.46834415197372437 0
1675511528410 0.4697797894477844 0
1675511528537 0.47155171632766724 0
1675511528645 0.47219908237457275 0
1675511528767 0.4665604829788208 0
1675511528907 0.46733859181404114 0
1675511529025 0.4713650345802307 0
