1675624545330 0.6149426102638245 0
1675624545555 0.5366260409355164 0
1675624545758 0.4494088590145111 0
1675624545959 0.2636605501174927 0
1675624546143 0.09911634773015976 0
1675624546333 0.3801441490650177 0
1675624546529 0.23828820884227753 0
1675624546736 0.0810665711760521 0
1675624546955 0.025070063769817352 0
1675624547181 0.021665537729859352 0
1675624547401 0.022967129945755005 0
1675624547597 0.01896551065146923 0
1675624547788 0.017740704119205475 0
1675624547988 0.019225092604756355 0
1675624548202 0.022424066439270973 0
1675624548401 0.019126951694488525 0
1675624548587 0.01650002971291542 0
1675624548796 0.02036568522453308 0
1675624548989 0.017612164840102196 0
1675624549185 0.0172817911952734 0
1675624549383 0.018766971305012703 0
1675624549569 0.017461400479078293 0
1675624549777 0.02088800258934498 0
1675624549963 0.01656026765704155 0
1675624550154 0.017826246097683907 0
1675624550365 0.02032989263534546 0
1675624550598 0.025317542254924774 0
1675624550796 0.018280290067195892 0
1675624551013 0.023877477273344994 0
1675624551244 0.024623673409223557 0
1675624551451 0.018863392993807793 0
1675624551654 0.01895415410399437 0
1675624551853 0.015240363776683807 0
1675624552064 0.020723523572087288 0
1675624552251 0.016807010397315025 0
1675624552450 0.01932167448103428 0
1675624552647 0.01818469539284706 0
1675624552834 0.016848238185048103 0
1675624553082 0.02774273417890072 0
1675624553291 0.02087981067597866 0
1675624553506 0.020685555413365364 0
1675624553702 0.01729699596762657 0
1675624553914 0.019617076963186264 0
1675624554121 0.019401440396904945 0
1675624554332 0.021001044660806656 0
1675624554503 0.01467333734035492 0
1675624554715 0.021111389622092247 0
1675624554947 0.02436050958931446 0
1675624555171 0.023023825138807297 0
1675624555380 0.019803257659077644 0
1675624555587 0.01864181086421013 0
1675624555783 0.017679488286376 0
1675624555973 0.016644330695271492 0
1675624556174 0.018791263923048973 0
1675624556359 0.016581710427999496 0
1675624556594 0.025150543078780174 0
1675624556771 0.015651622787117958 0
1675624556960 0.017034227028489113 0
1675624557173 0.021826256066560745 0
1675624557394 0.022977696731686592 0
1675624557637 0.021978769451379776 0
1675624557861 0.021673239767551422 0
1675624558061 0.01883036643266678 0
1675624558286 0.023745201528072357 0
1675624558497 0.02143675647675991 0
1675624558704 0.02086685597896576 0
1675624558907 0.01617184467613697 0
1675624559107 0.019033929333090782 0
1675624559306 0.019899137318134308 0
1675624559515 0.019887279719114304 0
1675624559696 0.014788906089961529 0
1675624559908 0.020067065954208374 0
1675624560142 0.020784862339496613 0
1675624560384 0.022561090067029 0
1675624560621 0.020203789696097374 0
1675624560835 0.017981357872486115 0
1675624561025 0.016763435676693916 0
1675624561265 0.023387813940644264 0
1675624561487 0.020727306604385376 0
1675624561722 0.021501392126083374 0
1675624561937 0.019388681277632713 0
1675624562142 0.01824256032705307 0
1675624562358 0.02086544968187809 0
1675624562598 0.02463066577911377 0
1675624562819 0.019469227641820908 0
