1675864755444 0.0173727348446846 0
1675864756109 0.6485867500305176 40
1675864756750 1.2236351013183593 80
1675864757443 0.626495361328125 120
1675864758133 0.6619881629943848 160
1675864758773 0.6692935466766358 200
1675864759410 0.6692756652832031 240
1675864760060 0.672513771057129 280
1675864760705 0.6678083896636963 320
1675864761349 0.6607726573944092 360
1675864761975 0.6512585639953613 400
1675864762612 0.6283876419067382 440
1675864763262 0.6246131896972656 480
1675864763905 0.6051169395446777 520
1675864764570 0.5871173858642578 560
1675864765208 0.6035675048828125 600
1675864765853 0.5996080875396729 640
1675864766513 0.5903516292572022 680
1675864767130 0.5969690799713134 720
1675864767803 0.6095970630645752 760
1675864768422 0.5982600212097168 800
1675864769044 0.6089113235473633 840
1675864769667 0.6133557319641113 880
1675864770331 0.5988370895385742 920
1675864770972 0.5999249458312989 960
1675864771640 0.6046939373016358 1000
1675864772308 0.6082895755767822 1040
1675864772973 0.6057324886322022 1080
1675864773646 0.599305248260498 1120
1675864774318 0.5715729713439941 1160
1675864775022 0.5969531536102295 1200
1675864775699 0.6132027626037597 1240
1675864776449 0.6135645866394043 1280
1675864777141 0.5784678936004639 1320
1675864777822 0.6092612743377686 1360
1675864778497 0.598630142211914 1400
1675864779183 0.6098364353179931 1440
1675864779856 0.6008376121520996 1480
1675864780537 0.6019554615020752 1520
1675864781170 0.5860126495361329 1560
1675864781844 0.6119070529937745 1600
1675864782502 0.6158383369445801 1640
1675864783131 0.6152949810028077 1680
1675864783763 0.6048503875732422 1720
