1675976073089 0.017130139470100402 0
1675976074527 0.6643749237060547 40
1675976076053 0.625111722946167 80
1675976077743 0.6315037250518799 120
1675976080430 0.606674337387085 160
1675976082173 0.618349552154541 200
1675976084096 0.6092829704284668 240
1675976085661 0.6225758075714112 280
1675976087334 0.607793140411377 320
1675976088996 0.5955700397491455 360
1675976090481 0.6023075580596924 400
1675976092199 0.5857836723327636 440
1675976094044 0.6337227344512939 480
1675976095720 0.5977524757385254 520
1675976097300 0.5798680305480957 560
1675976098619 0.6031187534332275 600
1675976100188 0.5992927074432373 640
1675976101947 0.5883214950561524 680
1675976103597 0.5963260173797608 720
1675976105116 0.6060712814331055 760
1675976106800 0.5973990440368653 800
1675976108826 0.6061791896820068 840
1675976110366 0.6142488479614258 880
1675976111793 0.6007232666015625 920
1675976113227 0.5996912956237793 960
1675976114915 0.602249002456665 1000
1675976116495 0.6075221061706543 1040
1675976118062 0.603935718536377 1080
1675976119538 0.5995899677276612 1120
1675976121461 0.5701101303100586 1160
1675976124481 0.5981759548187255 1200
1675976126525 0.6103101253509522 1240
1675976128552 0.6122807025909424 1280
1675976130530 0.58124680519104 1320
1675976131999 0.60334792137146 1360
1675976133417 0.5947108268737793 1400
1675976135016 0.6074551582336426 1440
1675976136442 0.6020014762878418 1480
1675976137931 0.6031306266784668 1520
1675976139544 0.5816555500030518 1560
1675976140947 0.6093852996826172 1600
1675976142397 0.6135373115539551 1640
1675976143940 0.6162928104400635 1680
1675976145661 0.6074619293212891 1720
1675976147290 0.6058440208435059 1760
1675976148929 0.6131219387054443 1800
1675976150835 0.5964707851409912 1840
1675976152403 0.6129273414611817 1880
1675976153964 0.601519775390625 1920
1675976155370 0.6178009510040283 1960
1675976156967 0.6087855339050293 2000
1675976159046 0.5808444499969483 2040
1675976160602 0.6024538516998291 2080
1675976162140 0.5927938461303711 2120
1675976163668 0.5984577178955078 2160
1675976165222 0.5910886764526367 2200
1675976166964 0.5493874073028564 2240
1675976169178 0.5594528198242188 2280
1675976170743 0.5356351852416992 2320
1675976172394 0.4485910415649414 2360
1675976173945 0.468265438079834 2400
1675976175397 0.44466028213500974 2440
1675976176973 0.4129044055938721 2480
1675976178523 0.42032861709594727 2520
1675976180459 0.4037641525268555 2560
1675976182591 0.3297520637512207 2600
1675976184250 0.3431817293167114 2640
1675976185545 0.39364089965820315 2680
1675976188952 0.35163097381591796 2720
1675976191409 0.3417414426803589 2760
1675976193161 0.3788320302963257 2800
1675976194491 0.3498442888259888 2840
1675976195928 0.34135563373565675 2880
1675976197417 0.34571921825408936 2920
1675976199623 0.32920897006988525 2960
1675976201078 0.3225400924682617 3000
1675976202599 0.32976560592651366 3040
1675976204351 0.36347784996032717 3080
1675976205883 0.3851219892501831 3120
1675976207408 0.29496357440948484 3160
1675976209026 0.3074378490447998 3200
1675976210422 0.28522095680236814 3240
1675976212133 0.3530765771865845 3280
1675976213776 0.3033603668212891 3320
1675976216245 0.3396250486373901 3360
1675976217676 0.3391907215118408 3400
1675976219322 0.24037139415740966 3440
1675976221017 0.3151793718338013 3480
1675976222513 0.3092288255691528 3520
1675976224082 0.2612225294113159 3560
1675976225615 0.27046689987182615 3600
1675976227107 0.33323192596435547 3640
1675976229163 0.21603469848632811 3680
1675976231049 0.27602949142456057 3720
1675976232609 0.3127324342727661 3760
1675976234065 0.301528263092041 3800
1675976235590 0.30002264976501464 3840
1675976237089 0.2995412826538086 3880
1675976238537 0.26586594581604006 3920
1675976240088 0.3127575874328613 3960
1675976241604 0.2787879228591919 4000
1675976243099 0.28599569797515867 4040
1675976245159 0.2887851715087891 4080
1675976246753 0.2941107749938965 4120
1675976248363 0.28314158916473386 4160
1675976249638 0.24985644817352295 4200
1675976251036 0.2840560436248779 4240
1675976252657 0.2928855180740356 4280
1675976254055 0.2554604530334473 4320
1675976255567 0.2039768934249878 4360
1675976256909 0.278779411315918 4400
1675976259092 0.29473161697387695 4440
1675976260943 0.23179664611816406 4480
1675976262696 0.25522685050964355 4520
1675976264320 0.28586649894714355 4560
1675976265921 0.3086589813232422 4600
1675976267460 0.2766676902770996 4640
1675976269237 0.24159409999847412 4680
1675976271129 0.30303206443786623 4720
1675976272825 0.27118990421295164 4760
1675976275460 0.22429251670837402 4800
1675976277147 0.2492429256439209 4840
1675976278601 0.24345550537109376 4880
1675976280010 0.19825013875961303 4920
1675976281329 0.22126915454864501 4960
1675976283235 0.25042846202850344 5000
1675976284868 0.2341235637664795 5040
1675976286253 0.22804181575775145 5080
1675976287749 0.2622573137283325 5120
1675976289662 0.2562538146972656 5160
1675976291062 0.1816841721534729 5200
1675976292849 0.28416297435760496 5240
1675976294237 0.21353428363800048 5280
1675976295612 0.30046370029449465 5320
1675976297019 0.24176511764526368 5360
1675976298591 0.258807897567749 5400
1675976300244 0.19623854160308837 5440
1675976301663 0.28436009883880614 5480
1675976303220 0.24626452922821046 5520
1675976305514 0.2662409067153931 5560
1675976307197 0.23363475799560546 5600
1675976308655 0.26210675239562986 5640
1675976310275 0.21043648719787597 5680
1675976311860 0.2836242914199829 5720
1675976314248 0.23137221336364747 5760
1675976315960 0.1861805200576782 5800
1675976317298 0.28734331130981444 5840
1675976318838 0.23585360050201415 5880
1675976320306 0.25973150730133054 5920
1675976322325 0.3070546865463257 5960
1675976324388 0.2479948043823242 6000
1675976326211 0.24291112422943115 6040
1675976329035 0.1971096873283386 6080
1675976330790 0.16452364921569823 6120
1675976332232 0.19386696815490723 6160
1675976333561 0.21676344871520997 6200
1675976335909 0.1783306121826172 6240
1675976337719 0.18719110488891602 6280
1675976339507 0.2350543975830078 6320
1675976341228 0.23958494663238525 6360
1675976343122 0.3016445398330688 6400
1675976344739 0.17751799821853637 6440
1675976346393 0.18829325437545777 6480
1675976347840 0.20313036441802979 6520
1675976349167 0.265575647354126 6560
1675976350644 0.23481736183166504 6600
1675976352108 0.18084527254104615 6640
1675976353432 0.20676782131195068 6680
1675976355044 0.23622484207153321 6720
1675976356696 0.2061676025390625 6760
1675976358222 0.20571682453155518 6800
1675976359725 0.20086724758148194 6840
1675976361262 0.173289692401886 6880
1675976362760 0.1896488308906555 6920
1675976364296 0.18423441648483277 6960
1675976365839 0.17762925624847412 7000
1675976367226 0.19169800281524657 7040
1675976368887 0.23613369464874268 7080
1675976370357 0.19272202253341675 7120
1675976371804 0.19856311082839967 7160
1675976373351 0.20976655483245848 7200
1675976374701 0.16071866750717162 7240
1675976376283 0.1784811019897461 7280
1675976377747 0.18159935474395753 7320
1675976379321 0.17279376983642578 7360
1675976380765 0.150809645652771 7400
1675976382494 0.2105875253677368 7440
1675976383898 0.15455198287963867 7480
1675976385549 0.18775813579559325 7520
1675976387193 0.23598639965057372 7560
1675976388831 0.1852613568305969 7600
1675976390652 0.21427993774414061 7640
1675976392509 0.15782335996627808 7680
1675976394250 0.18141289949417114 7720
1675976395529 0.15690537691116332 7760
1675976397033 0.17797781229019166 7800
1675976398346 0.13768932819366456 7840
1675976400007 0.21229009628295897 7880
1675976401478 0.17397915124893187 7920
1675976403334 0.17308998107910156 7960
1675976404659 0.1475622534751892 8000
1675976407083 0.2264683723449707 8040
1675976408604 0.18496299982070924 8080
1675976410759 0.14409271478652955 8120
1675976414342 0.16781871318817138 8160
1675976416047 0.09920806884765625 8200
1675976417712 0.1428093433380127 8240
1675976419266 0.16669669151306152 8280
1675976420663 0.16678491830825806 8320
1675976422198 0.1460538387298584 8360
1675976423680 0.18195382356643677 8400
1675976425372 0.1595471143722534 8440
1675976426901 0.15646650791168212 8480
1675976428974 0.14461967945098878 8520
1675976430761 0.14857443571090698 8560
1675976433567 0.1695820212364197 8600
1675976435166 0.16974745988845824 8640
1675976436671 0.17657493352890014 8680
1675976438392 0.12968829870224 8720
1675976439976 0.1481265664100647 8760
1675976441923 0.13278065919876098 8800
1675976443722 0.18214070796966553 8840
1675976445355 0.15597635507583618 8880
1675976447047 0.12328840494155884 8920
1675976449009 0.13432035446166993 8960
1675976450871 0.1726367712020874 9000
1675976452529 0.16244969367980958 9040
1675976454079 0.15580077171325685 9080
1675976455818 0.12385952472686768 9120
1675976458136 0.16355968713760377 9160
1675976460526 0.14777220487594606 9200
1675976462714 0.18622169494628907 9240
1675976464288 0.10278983116149902 9280
1675976465984 0.16171619892120362 9320
1675976467916 0.14214304685592652 9360
1675976470459 0.1600620150566101 9400
1675976473976 0.16279250383377075 9440
1675976475700 0.13723722696304322 9480
1675976477655 0.17142741680145263 9520
1675976479238 0.14864872694015502 9560
1675976480713 0.17484363317489623 9600
1675976482273 0.15340421199798585 9640
1675976483636 0.12281135320663453 9680
1675976484992 0.1671897292137146 9720
1675976486416 0.12811390161514283 9760
1675976488002 0.16776119470596312 9800
1675976489544 0.1857935070991516 9840
1675976490833 0.113055419921875 9880
1675976492280 0.1626490354537964 9920
1675976493732 0.14459431171417236 9960
1675976495126 0.18654744625091552 10000
1675976496486 0.1447482228279114 10040
1675976502785 0.1204655647277832 10080
1675976504430 0.14214893579483032 10120
1675976505975 0.14246983528137208 10160
1675976507522 0.14773763418197633 10200
1675976508990 0.13159141540527344 10240
1675976510628 0.16680738925933838 10280
1675976511940 0.15741690397262573 10320
1675976513456 0.15348721742630006 10360
1675976515115 0.19429726600646974 10400
1675976516810 0.14824622869491577 10440
1675976518635 0.16315438747406005 10480
1675976520006 0.15354992151260377 10520
1675976521742 0.1306694746017456 10560
1675976523626 0.15474393367767333 10600
1675976525016 0.1320672392845154 10640
1675976526698 0.15387815237045288 10680
1675976528308 0.15471802949905394 10720
1675976529778 0.1449202060699463 10760
1675976531252 0.1329245924949646 10800
1675976532695 0.14041706323623657 10840
1675976534037 0.12978005409240723 10880
1675976535432 0.12695462703704835 10920
1675976536928 0.15442476272583008 10960
1675976538415 0.16531455516815186 11000
1675976540121 0.12800627946853638 11040
1675976541521 0.15472743511199952 11080
1675976543039 0.1420718789100647 11120
1675976544890 0.1383422613143921 11160
1675976546913 0.14855555295944214 11200
1675976548843 0.1307201623916626 11240
1675976551182 0.12011499404907226 11280
1675976553109 0.1727109432220459 11320
1675976555099 0.1489543318748474 11360
1675976557232 0.09896836280822754 11400
1675976559172 0.08703084588050843 11440
1675976560665 0.12087595462799072 11480
1675976562562 0.17230377197265626 11520
1675976564217 0.16320477724075316 11560
1675976565772 0.14179811477661133 11600
1675976567445 0.12878153324127198 11640
1675976569855 0.13847951889038085 11680
1675976571368 0.14081205129623414 11720
1675976573555 0.16104506254196166 11760
1675976575448 0.12432968616485596 11800
1675976576810 0.1251448392868042 11840
1675976580191 0.13397108316421508 11880
1675976585039 0.13159520626068116 11920
1675976588283 0.11049412488937378 11960
1675976590311 0.13071086406707763 12000
1675976592659 0.11330633163452149 12040
1675976594678 0.1376601815223694 12080
1675976596191 0.15658968687057495 12120
1675976598263 0.12397915124893188 12160
1675976600290 0.15824376344680785 12200
1675976601750 0.12069950103759766 12240
1675976603821 0.13235976696014404 12280
1675976605374 0.14253898859024047 12320
1675976607063 0.12618600130081176 12360
1675976608812 0.12417886257171631 12400
1675976610589 0.12573009729385376 12440
1675976612731 0.12490344047546387 12480
1675976614546 0.12686965465545655 12520
1675976616213 0.09806824326515198 12560
1675976617783 0.11442593336105347 12600
1675976619582 0.10488570928573608 12640
1675976621029 0.10391345024108886 12680
1675976622862 0.1197200059890747 12720
1675976624712 0.12379261255264282 12760
1675976626970 0.13136966228485109 12800
1675976630194 0.16159729957580565 12840
1675976631658 0.1231127142906189 12880
1675976633211 0.13020490407943724 12920
1675976634777 0.13962680101394653 12960
1675976636307 0.12746133804321289 13000
1675976637806 0.11996467113494873 13040
1675976639315 0.11389278173446656 13080
1675976641167 0.14746613502502443 13120
1675976643080 0.12673498392105104 13160
1675976644604 0.09481020569801331 13200
1675976646287 0.10340416431427002 13240
1675976647703 0.10678915977478028 13280
1675976649721 0.13546825647354127 13320
1675976651535 0.12538814544677734 13360
1675976653386 0.1302007555961609 13400
1675976654846 0.11834306716918945 13440
1675976656776 0.11580432653427124 13480
1675976659184 0.11854034662246704 13520
1675976660639 0.13678466081619262 13560
1675976662289 0.11394976377487183 13600
1675976663840 0.0978822112083435 13640
1675976665459 0.13308998346328735 13680
1675976667166 0.08893203139305114 13720
1675976669022 0.07669204473495483 13760
1675976670661 0.12687788009643555 13800
1675976672324 0.0894934892654419 13840
1675976674185 0.11906626224517822 13880
1675976675836 0.09449768662452698 13920
1675976677361 0.09316664934158325 13960
1675976678841 0.13795610666275024 14000
1675976680214 0.10540567636489868 14040
1675976681843 0.09595655202865601 14080
1675976683442 0.11592497825622558 14120
1675976684866 0.1118195652961731 14160
1675976686619 0.11945421695709228 14200
1675976688321 0.12583287954330444 14240
1675976689707 0.0923875093460083 14280
1675976691297 0.11483504772186279 14320
1675976692919 0.07786580920219421 14360
1675976694478 0.0967243492603302 14400
1675976695972 0.10750517845153809 14440
1675976697744 0.121769380569458 14480
1675976699119 0.09816892147064209 14520
1675976700739 0.10353268384933471 14560
1675976702321 0.08867313861846923 14600
1675976703689 0.1601319670677185 14640
1675976705224 0.11635550260543823 14680
1675976707153 0.10226974487304688 14720
1675976708837 0.13386982679367065 14760
1675976710396 0.1275975823402405 14800
1675976712058 0.11614707708358765 14840
1675976713744 0.11964654922485352 14880
1675976715381 0.0815057635307312 14920
1675976716784 0.09633432030677795 14960
1675976717829 0.08380146622657776 15000
1675976718931 0.07665466070175171 15040
1675976720032 0.09059368371963501 15080
1675976721127 0.09641143083572387 15120
1675976722149 0.08104379177093506 15160
1675976723412 0.11859468221664429 15200
1675976724394 0.07121637463569641 15240
1675976725525 0.08100749254226684 15280
1675976726535 0.09740096926689149 15320
1675976727579 0.10474050045013428 15360
1675976728586 0.07760270237922669 15400
1675976729770 0.09596249461174011 15440
1675976730807 0.08010287284851074 15480
1675976731857 0.09619813561439514 15520
1675976733063 0.11363034248352051 15560
1675976734107 0.10133299827575684 15600
1675976735282 0.1203410267829895 15640
1675976736442 0.07660844326019287 15680
1675976737634 0.09830994009971619 15720
1675976738756 0.09704242944717408 15760
1675976740039 0.0990947127342224 15800
1675976741272 0.08026117086410522 15840
1675976742279 0.11071591377258301 15880
1675976743226 0.09172342419624328 15920
1675976744287 0.10469534397125244 15960
1675976745434 0.1465129852294922 16000
1675976746570 0.10442179441452026 16040
1675976747686 0.09432782530784607 16080
1675976748779 0.09053010940551758 16120
1675976749808 0.06958920359611512 16160
1675976750924 0.12776777744293213 16200
1675976751936 0.08261993527412415 16240
1675976753072 0.0828055739402771 16280
1675976754176 0.09498746991157532 16320
1675976755287 0.12854866981506347 16360
1675976756531 0.11086821556091309 16400
1675976757584 0.10601025819778442 16440
1675976758697 0.08583563566207886 16480
1675976759821 0.10262794494628906 16520
1675976760907 0.09357743859291076 16560
1675976761945 0.10389624834060669 16600
1675976763076 0.15615094900131227 16640
1675976764160 0.10163050889968872 16680
1675976765183 0.10149083137512208 16720
1675976766368 0.15776376724243163 16760
1675976767475 0.11641439199447631 16800
1675976768520 0.10161552429199219 16840
1675976769597 0.10075072050094605 16880
1675976770777 0.09332661628723145 16920
1675976771899 0.0862449824810028 16960
1675976772988 0.08888774514198303 17000
1675976774186 0.11274231672286987 17040
1675976775180 0.10962048768997193 17080
1675976776413 0.097868412733078 17120
1675976777533 0.06958003640174866 17160
1675976778616 0.09670675992965698 17200
1675976779691 0.10435678958892822 17240
1675976780742 0.07404905557632446 17280
1675976781776 0.08814864158630371 17320
1675976783142 0.09915656447410584 17360
1675976784156 0.09621074795722961 17400
1675976785273 0.08470582962036133 17440
1675976786451 0.10480877161026 17480
1675976787548 0.07669674158096314 17520
1675976788660 0.07324759364128113 17560
1675976789959 0.12686424255371093 17600
1675976791062 0.10474324226379395 17640
1675976792279 0.08721819519996643 17680
1675976793461 0.09306554198265075 17720
1675976794578 0.10764403343200683 17760
1675976795562 0.08483171463012695 17800
1675976796772 0.07631648778915405 17840
1675976797761 0.05812753438949585 17880
1675976798812 0.10532664060592652 17920
1675976800176 0.08477036952972412 17960
1675976801298 0.10812128782272339 18000
1675976802281 0.06601812839508056 18040
1675976803320 0.10885021686553956 18080
1675976804452 0.10391312837600708 18120
1675976805544 0.07597652077674866 18160
1675976806602 0.09857750535011292 18200
1675976807569 0.06381210684776306 18240
1675976808767 0.06947494745254516 18280
1675976809709 0.08961861729621887 18320
1675976810618 0.12080631256103516 18360
1675976811500 0.08054798245429992 18400
1675976812439 0.08071009516716003 18440
1675976813360 0.07076396942138671 18480
1675976814276 0.08113271594047547 18520
1675976815197 0.08366150259971619 18560
1675976816140 0.07664767503738404 18600
1675976817162 0.08468648791313171 18640
1675976818035 0.09299213886260986 18680
1675976818947 0.10058205127716065 18720
1675976819915 0.06638946533203124 18760
1675976820905 0.08035133481025696 18800
1675976821903 0.07659649848937988 18840
1675976822867 0.09194464087486268 18880
1675976823862 0.0834710955619812 18920
1675976824728 0.09238250851631165 18960
1675976825664 0.06965150833129882 19000
1675976826645 0.08738461136817932 19040
1675976827610 0.08422626256942749 19080
1675976828589 0.08103548884391784 19120
1675976829684 0.10347491502761841 19160
1675976830663 0.09947025775909424 19200
1675976831701 0.06656283140182495 19240
1675976832759 0.08279891014099121 19280
1675976833790 0.058523207902908325 19320
1675976834751 0.08289999961853027 19360
1675976835704 0.06668556928634643 19400
1675976836778 0.08574970960617065 19440
1675976837803 0.08896234631538391 19480
1675976838890 0.08124078512191772 19520
1675976839842 0.0910571813583374 19560
1675976840834 0.07805365920066834 19600
1675976841852 0.07755451798439025 19640
1675976842877 0.08672093152999878 19680
1675976843855 0.051208341121673585 19720
1675976844734 0.10468524694442749 19760
1675976845618 0.05749170184135437 19800
1675976846564 0.08828843832015991 19840
1675976847538 0.1146289587020874 19880
1675976848481 0.05768470168113708 19920
1675976849424 0.09314738512039185 19960
1675976850406 0.07405696511268615 20000
1675976851299 0.20888969898223878 20040
1675976852310 0.10125393867492676 20080
1675976855784 0.07482107877731323 20120
1675976856773 0.0932211697101593 20160
1675976857708 0.0806173861026764 20200
1675976858721 0.08441068530082703 20240
1675976859638 0.07850109338760376 20280
1675976860675 0.10760574340820313 20320
1675976861587 0.0800686776638031 20360
1675976862602 0.10243926048278809 20400
1675976863596 0.12535151243209838 20440
1675976864587 0.10078033208847045 20480
1675976865572 0.06974349617958069 20520
1675976866533 0.10646690130233764 20560
1675976867551 0.08410099148750305 20600
1675976868685 0.07951089143753051 20640
1675976869573 0.08309370875358582 20680
1675976870587 0.10033625364303589 20720
1675976871541 0.08573480248451233 20760
1675976872497 0.08197190165519715 20800
1675976873488 0.09224276542663574 20840
1675976874408 0.08211432099342346 20880
1675976875389 0.08688457012176513 20920
1675976876260 0.06437397003173828 20960
1675976877222 0.10027289390563965 21000
1675976878135 0.10084468126296997 21040
1675976879076 0.08357855081558227 21080
1675976880066 0.07692086100578308 21120
1675976880926 0.08409505486488342 21160
1675976881965 0.08448936343193054 21200
1675976883184 0.10315517187118531 21240
1675976884223 0.08679286241531373 21280
1675976885179 0.0762668251991272 21320
1675976886194 0.0698131799697876 21360
1675976887198 0.07794607877731323 21400
1675976888159 0.05600762963294983 21440
1675976889193 0.06583217382431031 21480
1675976890173 0.06789445877075195 21520
1675976891197 0.07937528491020203 21560
1675976892151 0.07894976735115052 21600
1675976893142 0.08073435425758362 21640
1675976894036 0.07938727736473083 21680
1675976894897 0.09215858578681946 21720
1675976895816 0.0781907320022583 21760
1675976896783 0.13104803562164308 21800
1675976897887 0.08998222947120667 21840
1675976898799 0.07783733010292053 21880
1675976899743 0.09438796043395996 21920
1675976900709 0.09300018548965454 21960
1675976901636 0.06953272819519044 22000
1675976902557 0.06921297311782837 22040
1675976903486 0.08052976727485657 22080
1675976904551 0.09185789823532105 22120
1675976905521 0.09779070019721985 22160
1675976906511 0.10707173347473145 22200
1675976907446 0.09006955623626708 22240
1675976908440 0.08573387861251831 22280
1675976909524 0.08806257247924805 22320
1675976910535 0.09630703330039977 22360
1675976911471 0.09290425181388855 22400
1675976912459 0.09649487137794495 22440
1675976913540 0.09002668261528016 22480
1675976914407 0.11205811500549316 22520
1675976915364 0.09265611171722413 22560
1675976916342 0.06893684267997742 22600
1675976917286 0.08086703419685363 22640
1675976918390 0.11169245243072509 22680
1675976919258 0.06846580505371094 22720
1675976920253 0.07607038021087646 22760
1675976921195 0.0516954243183136 22800
1675976922145 0.06960340142250061 22840
1675976923204 0.08563690185546875 22880
1675976924148 0.09401682019233704 22920
1675976925050 0.05144481658935547 22960
1675976926052 0.09079191684722901 23000
1675976927059 0.0852789044380188 23040
1675976928079 0.09631613492965699 23080
1675976929021 0.06720933318138123 23120
1675976930178 0.07880790829658509 23160
1675976931135 0.07769031524658203 23200
1675976932115 0.06227194666862488 23240
1675976933034 0.0628033459186554 23280
1675976933938 0.055910348892211914 23320
1675976934949 0.07411585450172424 23360
1675976935864 0.06089299321174622 23400
1675976936843 0.08542417883872985 23440
1675976937782 0.09241212606430053 23480
1675976938782 0.08598218560218811 23520
1675976939754 0.08681628704071045 23560
1675976940687 0.07472434639930725 23600
1675976941665 0.0845016062259674 23640
1675976942690 0.05618726015090943 23680
1675976943653 0.10212887525558471 23720
1675976944643 0.08875305056571961 23760
1675976945529 0.04862383008003235 23800
1675976946616 0.0903405487537384 23840
1675976947565 0.07359915971755981 23880
1675976948612 0.08111703991889954 23920
1675976949552 0.0691045105457306 23960
1675976950472 0.07082456350326538 24000
1675976951493 0.09093084931373596 24040
1675976952430 0.09387402534484864 24080
1675976953392 0.06455565094947815 24120
1675976954398 0.06302499175071716 24160
1675976955353 0.0761171281337738 24200
1675976956464 0.10357460975646973 24240
1675976957545 0.07270872592926025 24280
1675976958606 0.072950679063797 24320
1675976959627 0.08381773233413696 24360
1675976960572 0.05932748317718506 24400
1675976961556 0.061613231897354126 24440
1675976962564 0.07273824810981751 24480
1675976963639 0.08551067113876343 24520
1675976964604 0.05281449556350708 24560
1675976965650 0.07068158388137817 24600
1675976966596 0.06540653705596924 24640
1675976967565 0.11667490005493164 24680
1675976968486 0.08758348226547241 24720
1675976969597 0.09849623441696168 24760
1675976970569 0.10039616823196411 24800
1675976971753 0.0995229184627533 24840
1675976972890 0.07553198337554931 24880
1675976973847 0.08507744669914245 24920
1675976974781 0.06459434628486634 24960
1675976975760 0.08150350451469421 25000
1675976976603 0.06775980591773986 25040
1675976977553 0.07518714070320129 25080
1675976978575 0.052489984035491946 25120
1675976979518 0.06122933626174927 25160
1675976980337 0.0693904459476471 25200
1675976981319 0.09995063543319702 25240
1675976982311 0.06427072286605835 25280
1675976983332 0.08290015459060669 25320
1675976984264 0.0698215663433075 25360
1675976985113 0.06846210956573487 25400
1675976986004 0.07863735556602477 25440
1675976987106 0.07985833287239075 25480
1675976988096 0.056751865148544314 25520
1675976988990 0.09459301829338074 25560
1675976989941 0.0775519847869873 25600
1675976990890 0.0650225818157196 25640
1675976991865 0.0773579478263855 25680
1675976992891 0.061251872777938844 25720
1675976993861 0.06162047982215881 25760
1675976994857 0.0752444326877594 25800
1675976995878 0.05940177440643311 25840
1675976996935 0.0890946090221405 25880
1675976997810 0.06577662229537964 25920
1675976998702 0.08389590978622437 25960
1675976999618 0.07937387824058532 26000
1675977000580 0.12544360160827636 26040
1675977001699 0.0747444748878479 26080
1675977002765 0.07263408899307251 26120
1675977003674 0.06264176368713378 26160
1675977004605 0.048439452052116395 26200
1675977005561 0.08477290868759155 26240
1675977006451 0.058079648017883304 26280
1675977007425 0.07156768441200256 26320
1675977008433 0.07277936339378357 26360
1675977009370 0.07554771304130554 26400
1675977010378 0.10542573928833007 26440
1675977011319 0.08397260308265686 26480
1675977012281 0.08169317245483398 26520
1675977013228 0.07013917565345765 26560
1675977014181 0.0714985489845276 26600
1675977015037 0.07718952298164368 26640
1675977015969 0.08328853249549865 26680
1675977016958 0.07072757482528687 26720
1675977017947 0.0562023401260376 26760
1675977019074 0.08768264055252076 26800
1675977020100 0.07272877693176269 26840
1675977021083 0.06249342560768127 26880
1675977021985 0.06530917286872864 26920
1675977023069 0.0638308584690094 26960
1675977023997 0.047456249594688416 27000
1675977025017 0.10107370615005493 27040
1675977026041 0.10316815376281738 27080
1675977026934 0.06679407954216003 27120
1675977027932 0.08558092713356018 27160
1675977028879 0.06205152273178101 27200
1675977029810 0.0897284984588623 27240
1675977030781 0.08758553862571716 27280
1675977031762 0.07518390417099 27320
1675977032875 0.08327983617782593 27360
1675977033929 0.09085559248924255 27400
1675977034829 0.05436951518058777 27440
1675977035782 0.05149340629577637 27480
1675977036774 0.09175633192062378 27520
1675977037692 0.07313866019248963 27560
1675977038666 0.05900343656539917 27600
1675977039696 0.09070932865142822 27640
1675977040689 0.08893143534660339 27680
1675977041728 0.07236138582229615 27720
1675977042734 0.05369498729705811 27760
1675977043674 0.07728437185287476 27800
1675977044528 0.07068498134613037 27840
1675977045500 0.061143523454666136 27880
1675977046449 0.05712675452232361 27920
1675977047484 0.06866855025291443 27960
1675977048591 0.06458751559257507 28000
1675977049601 0.07385841608047486 28040
1675977050524 0.056194251775741576 28080
1675977051535 0.10211768150329589 28120
1675977052670 0.08570740818977356 28160
1675977053697 0.05772151350975037 28200
1675977054790 0.0643974244594574 28240
1675977055673 0.05257783532142639 28280
1675977056670 0.0496534526348114 28320
1675977057633 0.07150186896324158 28360
1675977058558 0.09501474499702453 28400
1675977059477 0.05721334218978882 28440
1675977060387 0.06306194067001343 28480
1675977061413 0.06106382608413696 28520
1675977062438 0.06052409410476685 28560
1675977063427 0.05005003809928894 28600
1675977064416 0.06366330981254578 28640
1675977065475 0.05426610708236694 28680
1675977066402 0.07749606966972351 28720
1675977067330 0.075823312997818 28760
1675977068330 0.05023389458656311 28800
1675977069368 0.06327086687088013 28840
1675977070435 0.06944385170936584 28880
1675977071535 0.07161901593208313 28920
1675977072567 0.059133279323577884 28960
1675977073458 0.2579870939254761 29000
1675977074494 0.05334978699684143 29040
1675977075544 0.06783270239830017 29080
1675977076602 0.06006338596343994 29120
1675977077824 0.052757227420806886 29160
1675977078866 0.07976471185684204 29200
1675977079844 0.08373519778251648 29240
1675977080972 0.05356723666191101 29280
1675977081962 0.07128461003303528 29320
1675977082974 0.06145889163017273 29360
1675977083903 0.05545557141304016 29400
1675977084856 0.06953145861625672 29440
1675977085928 0.06448410153388977 29480
1675977086854 0.08308625221252441 29520
1675977087901 0.07841582894325257 29560
1675977088810 0.06078042984008789 29600
1675977089793 0.06336482763290405 29640
1675977090693 0.07335174083709717 29680
1675977091814 0.08217295408248901 29720
1675977092865 0.038896960020065305 29760
1675977093875 0.07127112150192261 29800
1675977094937 0.053126609325408934 29840
1675977096105 0.09101391434669495 29880
1675977097274 0.08352664113044739 29920
1675977098272 0.054282158613204956 29960
1675977099251 0.0979777455329895 30000
1675977100532 0.0672715961933136 30040
1675977101672 0.06663448810577392 30080
1675977102720 0.09822020530700684 30120
1675977106244 0.03662222623825073 30160
1675977107212 0.06347944140434265 30200
1675977108174 0.06253672838211059 30240
1675977109158 0.07046079635620117 30280
1675977110064 0.05691159963607788 30320
1675977111052 0.0870297908782959 30360
1675977112068 0.06691601872444153 30400
1675977113099 0.08396553993225098 30440
1675977114026 0.09724478721618653 30480
1675977115000 0.06679797768592835 30520
1675977115958 0.05673428773880005 30560
1675977116922 0.08093011379241943 30600
1675977117799 0.059587162733078 30640
1675977118777 0.05908379554748535 30680
1675977119648 0.057961010932922365 30720
1675977120564 0.08697895407676696 30760
1675977121491 0.07401789426803589 30800
1675977122385 0.0794783890247345 30840
1675977123447 0.08308294415473938 30880
1675977124382 0.07723689675331116 30920
1675977125336 0.06695194244384765 30960
1675977126269 0.06304956674575805 31000
1675977127335 0.0735723614692688 31040
1675977128404 0.09996823072433472 31080
1675977129440 0.06693719029426574 31120
1675977130390 0.06966854929924012 31160
1675977131211 0.05457906723022461 31200
1675977132203 0.06543290615081787 31240
1675977133249 0.07802583575248719 31280
1675977134309 0.07678194046020508 31320
1675977135203 0.08414334654808045 31360
1675977136178 0.05858035683631897 31400
1675977137115 0.06768794059753418 31440
1675977138348 0.05000147223472595 31480
1675977139362 0.06423003673553467 31520
1675977140301 0.049306821823120114 31560
1675977141226 0.07059954404830933 31600
1675977142224 0.06007049679756164 31640
1675977143315 0.06172216534614563 31680
1675977144219 0.07069864869117737 31720
1675977145034 0.07786884903907776 31760
1675977145933 0.06821898221969605 31800
1675977146797 0.09211827516555786 31840
1675977147788 0.06010347008705139 31880
1675977148823 0.06378998160362244 31920
1675977149729 0.06104291677474975 31960
1675977150643 0.12560681104660035 32000
1675977151532 0.04804004728794098 32040
1675977152468 0.08342379927635193 32080
1675977153347 0.07424428462982177 32120
1675977154343 0.06673744320869446 32160
1675977155275 0.10003883838653564 32200
1675977156256 0.08126558661460877 32240
1675977157243 0.05852590799331665 32280
1675977158288 0.06172834038734436 32320
1675977159289 0.09314612746238708 32360
1675977160255 0.0650550127029419 32400
1675977161172 0.08307899236679077 32440
1675977162106 0.06966671943664551 32480
1675977163124 0.08196929097175598 32520
1675977163964 0.07801578044891358 32560
1675977164875 0.08450948596000671 32600
1675977165910 0.057427620887756346 32640
1675977166799 0.08431686162948608 32680
1675977167854 0.06924987435340882 32720
1675977168836 0.053838711977005 32760
1675977169814 0.054445433616638186 32800
1675977170693 0.0425714910030365 32840
1675977171681 0.050332486629486084 32880
1675977172870 0.0711065948009491 32920
1675977173856 0.06771055459976197 32960
1675977174741 0.054578518867492674 33000
1675977175682 0.07822753190994262 33040
1675977176669 0.08211513757705688 33080
1675977177625 0.07712976932525635 33120
1675977178630 0.062221485376358035 33160
1675977179693 0.0630125105381012 33200
1675977180629 0.07707804441452026 33240
1675977181612 0.057037854194641115 33280
1675977182518 0.058458107709884646 33320
1675977183420 0.05843917727470398 33360
1675977184409 0.08260833621025085 33400
1675977185271 0.06810073852539063 33440
1675977186244 0.07569839358329773 33480
1675977187285 0.06999793648719788 33520
1675977188334 0.06469328999519348 33560
1675977189332 0.07638993859291077 33600
1675977190287 0.07558685541152954 33640
1675977191261 0.09529346823692322 33680
1675977192169 0.043427768349647525 33720
1675977193128 0.08565476536750793 33760
1675977194037 0.0723061203956604 33800
1675977194990 0.04599263072013855 33840
1675977196077 0.07050439119338989 33880
1675977197050 0.06395289897918702 33920
1675977198030 0.08946027159690857 33960
1675977198985 0.06540705561637879 34000
1675977199841 0.07046759128570557 34040
1675977200708 0.07117250561714172 34080
1675977201642 0.08981385827064514 34120
1675977202735 0.05240844488143921 34160
1675977203816 0.06538735628128052 34200
1675977204807 0.05187622308731079 34240
1675977205878 0.10290305614471436 34280
1675977206805 0.06934943795204163 34320
1675977207674 0.061128896474838254 34360
1675977208632 0.0845938503742218 34400
1675977209578 0.05859329104423523 34440
1675977210482 0.04950634241104126 34480
1675977211427 0.0605693519115448 34520
1675977212582 0.091551274061203 34560
1675977213610 0.054108673334121705 34600
1675977214614 0.07169865369796753 34640
1675977215473 0.049089962244033815 34680
1675977216499 0.10146508216857911 34720
1675977217512 0.08600881099700927 34760
1675977218682 0.07914108037948608 34800
1675977219571 0.08160164952278137 34840
1675977220637 0.1006173849105835 34880
1675977221596 0.051625233888626096 34920
1675977222693 0.07776610851287842 34960
1675977223600 0.08035721778869628 35000
1675977224621 0.06860761046409607 35040
1675977225470 0.06369896531105042 35080
1675977226475 0.04436195194721222 35120
1675977227423 0.057410943508148196 35160
1675977228390 0.06907906532287597 35200
1675977229258 0.06934711337089539 35240
1675977230241 0.0754596471786499 35280
1675977231164 0.07143689393997192 35320
1675977232366 0.06113221049308777 35360
1675977233354 0.0762553334236145 35400
1675977234230 0.059770715236663816 35440
1675977235122 0.06156849265098572 35480
1675977236134 0.08533630967140197 35520
1675977237069 0.05548766255378723 35560
1675977237975 0.06054223775863647 35600
1675977238951 0.0758333683013916 35640
1675977239830 0.051686322689056395 35680
1675977240782 0.07546912431716919 35720
1675977241756 0.057302427291870114 35760
1675977242703 0.06085310578346252 35800
1675977243716 0.0781436800956726 35840
1675977244735 0.05416513681411743 35880
1675977245929 0.06342354416847229 35920
1675977246852 0.07507286071777344 35960
1675977247838 0.06889203190803528 36000
1675977248723 0.06770915389060975 36040
1675977249654 0.1060909390449524 36080
1675977250671 0.07625845670700074 36120
1675977251524 0.07702269554138183 36160
1675977252501 0.06570522785186768 36200
1675977253470 0.05127025246620178 36240
1675977254401 0.06427101492881775 36280
1675977255267 0.0474902480840683 36320
1675977256189 0.08089005351066589 36360
1675977257130 0.05800726413726807 36400
1675977258051 0.06086331605911255 36440
1675977259039 0.07323269844055176 36480
1675977259953 0.07841212153434754 36520
1675977260859 0.07379947900772095 36560
1675977261859 0.05474207997322082 36600
1675977262861 0.06495249271392822 36640
1675977263745 0.06798202395439149 36680
1675977264600 0.06891000270843506 36720
1675977265476 0.07024099826812744 36760
1675977266369 0.05976626873016357 36800
1675977267355 0.07378429770469666 36840
1675977268398 0.07026339769363403 36880
1675977269262 0.05493316650390625 36920
1675977270159 0.0630665123462677 36960
1675977271085 0.06141731739044189 37000
1675977271976 0.04983799457550049 37040
1675977272944 0.058800339698791504 37080
1675977273945 0.08705942034721374 37120
1675977274851 0.05592949390411377 37160
1675977275776 0.07990177869796752 37200
1675977276813 0.048849964141845705 37240
1675977277927 0.06476094126701355 37280
1675977279101 0.07818353176116943 37320
1675977280134 0.054147380590438846 37360
1675977281135 0.08274669647216797 37400
1675977282280 0.07722465395927429 37440
1675977283310 0.06034536957740784 37480
1675977284230 0.04385047852993011 37520
1675977285259 0.08756998181343079 37560
1675977286097 0.04918315708637237 37600
1675977287086 0.06840574145317077 37640
1675977288171 0.08376487493515014 37680
1675977289142 0.06911985874176026 37720
1675977290137 0.07388191223144532 37760
1675977291237 0.04989805221557617 37800
1675977292322 0.06195973753929138 37840
1675977293447 0.08226714134216309 37880
1675977294547 0.05278792381286621 37920
1675977295539 0.055474644899368285 37960
1675977296591 0.060322505235671994 38000
1675977297667 0.06276763081550599 38040
1675977298710 0.07499762773513793 38080
1675977299659 0.05853878259658814 38120
1675977300751 0.08285709023475647 38160
1675977301756 0.07291480302810668 38200
1675977302776 0.06464583277702332 38240
1675977303766 0.06550846099853516 38280
1675977304625 0.05207938551902771 38320
1675977305634 0.048669645190238954 38360
1675977306720 0.07026315927505493 38400
1675977307813 0.08576024770736694 38440
1675977308748 0.0546992301940918 38480
1675977309661 0.0682615339756012 38520
1675977310728 0.056204569339752194 38560
1675977311783 0.052969586849212644 38600
1675977312770 0.06324424147605896 38640
1675977313862 0.0566972553730011 38680
1675977314919 0.039928770065307616 38720
1675977315808 0.08560760617256165 38760
1675977316767 0.0660965621471405 38800
1675977317676 0.050315648317337036 38840
1675977318723 0.06166267991065979 38880
1675977319749 0.0715169906616211 38920
1675977320677 0.07531680464744568 38960
1675977321784 0.06968697905540466 39000
1675977322836 0.06229534149169922 39040
1675977323945 0.056150931119918826 39080
1675977325116 0.06743155717849732 39120
1675977326101 0.05715645551681518 39160
1675977327068 0.05813677310943603 39200
1675977328120 0.07425076961517334 39240
1675977329082 0.09174784421920776 39280
1675977330110 0.05409781932830811 39320
1675977331193 0.057363539934158325 39360
1675977332083 0.06622769832611083 39400
1675977332978 0.052147066593170165 39440
1675977333959 0.06327593326568604 39480
1675977334927 0.05451823472976684 39520
1675977335870 0.0677735149860382 39560
1675977336913 0.06794049739837646 39600
1675977337778 0.0807287037372589 39640
1675977338850 0.05666540265083313 39680
1675977339724 0.07901007533073426 39720
1675977340775 0.06989566683769226 39760
1675977341740 0.043944329023361206 39800
1675977342652 0.06948364973068237 39840
1675977343570 0.0523316502571106 39880
1675977344543 0.06879972219467163 39920
1675977345580 0.07832413911819458 39960
1675977346533 0.06110788583755493 40000
1675977347478 0.09383325576782227 40040
1675977348574 0.06417734026908875 40080
1675977349481 0.06745741367340088 40120
1675977350429 0.09478915333747864 40160
