1675280723997 0.7283870577812195 0
1675280724253 0.7234185338020325 0
1675280724492 0.7170730233192444 0
1675280724711 0.7107604742050171 0
1675280724943 0.701758623123169 0
1675280725171 0.6970928907394409 0
1675280725406 0.6889837384223938 0
1675280725657 0.6825820803642273 0
1675280725883 0.6747238636016846 0
1675280726095 0.6705436110496521 0
1675280726323 0.6656000018119812 0
1675280726567 0.6560430526733398 0
1675280726836 0.6510023474693298 0
1675280727064 0.645662248134613 0
1675280727260 0.6420830488204956 0
1675280727529 0.6338983178138733 0
1675280727741 0.6324136257171631 0
1675280727992 0.6251929998397827 0
1675280728290 0.6186740398406982 0
1675280728526 0.6164180636405945 0
1675280728739 0.6127170324325562 0
1675280729007 0.6063272953033447 0
1675280729237 0.6023390293121338 0
1675280729459 0.5971757769584656 0
1675280729668 0.5944444537162781 0
1675280729936 0.5893319845199585 0
1675280730126 0.5884832739830017 0
1675280730376 0.5841490626335144 0
1675280730585 0.5806187391281128 0
1675280730763 0.5820843577384949 0
1675280730989 0.5730929374694824 0
1675280731209 0.5716844201087952 0
1675280731431 0.5677101612091064 0
1675280731633 0.5651355981826782 0
1675280731849 0.5636162757873535 0
1675280732056 0.5616554021835327 0
1675280732254 0.5597888231277466 0
1675280732482 0.5554285049438477 0
1675280732702 0.5550627708435059 0
1675280732961 0.5486072301864624 0
1675280733170 0.5481728911399841 0
1675280733412 0.5441854596138 0
1675280733658 0.5427492260932922 0
1675280733876 0.540283739566803 0
1675280734182 0.5346401333808899 0
1675280734382 0.5407282710075378 0
1675280734646 0.534370481967926 0
1675280734863 0.5357397198677063 0
1675280735077 0.5345351099967957 0
1675280735342 0.5250954627990723 0
1675280735623 0.5259277820587158 0
1675280735802 0.5318553447723389 0
1675280736011 0.5282124280929565 0
1675280736220 0.5283491611480713 0
1675280736432 0.528599202632904 0
1675280736710 0.5236964225769043 0
1675280736948 0.5210223197937012 0
1675280737175 0.5233016610145569 0
1675280737452 0.5171395540237427 0
1675280737694 0.5199867486953735 0
1675280737923 0.5210198760032654 0
1675280738142 0.517030656337738 0
1675280738387 0.5145431160926819 0
1675280738621 0.5146234035491943 0
1675280738865 0.513952910900116 0
1675280739085 0.5166226029396057 0
1675280739314 0.5123533010482788 0
1675280739545 0.5102586150169373 0
1675280739829 0.5080469250679016 0
1675280740062 0.512152910232544 0
1675280740263 0.5102183818817139 0
1675280740455 0.5114936828613281 0
1675280740737 0.506070077419281 0
1675280740976 0.5096741318702698 0
1675280741237 0.5076550841331482 0
1675280741512 0.500167965888977 0
1675280741766 0.5043478608131409 0
1675280741966 0.5082259178161621 0
1675280742170 0.506716787815094 0
1675280742358 0.5074948668479919 0
1675280742596 0.5024281740188599 0
1675280742787 0.5029003620147705 0
1675280743025 0.5040138363838196 0
1675280743212 0.505528450012207 0
1675280743456 0.5016025900840759 0
1675280743697 0.5011110901832581 0
1675280743887 0.5017783045768738 0
1675280744128 0.49731266498565674 0
1675280744362 0.49836206436157227 0
1675280744598 0.4981617033481598 0
1675280744828 0.5002217292785645 0
1675280745041 0.49696892499923706 0
1675280745282 0.4960436224937439 0
1675280745540 0.49348199367523193 0
1675280745798 0.50002521276474 0
1675280746065 0.49513494968414307 0
1675280746280 0.49685269594192505 0
1675280746502 0.49924343824386597 0
1675280746767 0.49446552991867065 0
1675280746973 0.49524983763694763 0
1675280747187 0.49596449732780457 0
1675280747417 0.4911815822124481 0
1675280747637 0.49483534693717957 0
1675280747906 0.4924483299255371 0
1675280748102 0.49570000171661377 0
1675280748326 0.49172767996788025 0
1675280748579 0.4923385679721832 0
1675280748779 0.49555304646492004 0
1675280749028 0.4903807044029236 0
1675280749229 0.49310919642448425 0
1675280749450 0.4916398227214813 0
1675280749711 0.48884227871894836 0
1675280749940 0.48651358485221863 0
1675280750126 0.4922921359539032 0
1675280750431 0.4876914322376251 0
1675280750612 0.49213874340057373 0
1675280750818 0.4909318685531616 0
1675280751056 0.4905253052711487 0
1675280751335 0.48833605647087097 0
1675280751530 0.4930497109889984 0
1675280751804 0.4830746054649353 0
1675280752016 0.48820289969444275 0
1675280752284 0.4857208728790283 0
1675280752484 0.49123603105545044 0
1675280752739 0.4874008297920227 0
1675280752978 0.48534461855888367 0
1675280753171 0.4904256761074066 0
1675280753396 0.4853209853172302 0
1675280753635 0.48353931307792664 0
1675280753843 0.4872712194919586 0
1675280754100 0.482056200504303 0
1675280754308 0.4876503646373749 0
1675280754556 0.4850873351097107 0
1675280754779 0.487637996673584 0
1675280754988 0.4877035319805145 0
1675280755209 0.4834895730018616 0
1675280755447 0.4856978952884674 0
1675280755635 0.4859159588813782 0
1675280755865 0.4850948452949524 0
1675280756086 0.48400411009788513 0
1675280756328 0.48482632637023926 0
1675280756513 0.4868726134300232 0
1675280756746 0.48040449619293213 0
1675280757011 0.47795775532722473 0
1675280757227 0.48615092039108276 0
1675280757496 0.4803047478199005 0
1675280757730 0.4841212332248688 0
1675280757954 0.4799083173274994 0
1675280758227 0.4771626889705658 0
1675280758455 0.4824560880661011 0
1675280758646 0.485625684261322 0
1675280758942 0.47672221064567566 0
1675280759131 0.48529887199401855 0
1675280759390 0.47892341017723083 0
1675280759631 0.47725775837898254 0
1675280759856 0.4830201268196106 0
1675280760048 0.48464658856391907 0
