1675875301195 0.2516048848628998 0
1675875301270 0.25145334005355835 0
1675875301347 0.2512440085411072 0
1675875301422 0.2509141266345978 0
1675875301496 0.2505418062210083 0
1675875301570 0.2501615285873413 0
1675875301643 0.2507574260234833 0
1675875301716 0.2506186068058014 0
1675875301789 0.24984706938266754 0
1675875301862 0.24968034029006958 0
1675875301935 0.24983038008213043 0
1675875302008 0.24914398789405823 0
1675875302080 0.24920056760311127 0
1675875302155 0.24936571717262268 0
1675875302229 0.24872134625911713 0
1675875302303 0.24852485954761505 0
1675875302380 0.24880027770996094 0
1675875302453 0.2481195330619812 0
1675875302528 0.24854324758052826 0
1675875302601 0.24809402227401733 0
1675875302674 0.24791908264160156 0
1675875302748 0.24730557203292847 0
1675875302823 0.247191920876503 0
1675875302896 0.2471710592508316 0
1675875302974 0.24757452309131622 0
1675875303048 0.24685467779636383 0
1675875303122 0.24640896916389465 0
1675875303196 0.24628712236881256 0
1675875303264 0.2462693303823471 0
1675875303432 0.24586960673332214 0
1675875303505 0.2461051493883133 0
1675875303577 0.24592351913452148 0
1675875303651 0.24602185189723969 0
1675875303723 0.24548260867595673 0
1675875303795 0.24555917084217072 0
1675875303867 0.24497604370117188 0
1675875303940 0.2453182190656662 0
1675875304012 0.2442476749420166 0
1675875304085 0.2438061684370041 0
1675875304158 0.24490907788276672 0
1675875304230 0.24303238093852997 0
1675875304304 0.24466829001903534 0
1675875304378 0.24393817782402039 0
1675875304451 0.24338842928409576 0
1675875304523 0.24332575500011444 0
1675875304595 0.24218414723873138 0
1675875304667 0.2432936728000641 0
1675875304739 0.24233341217041016 0
1675875304813 0.24300065636634827 0
1675875304886 0.24328525364398956 0
1675875304959 0.24226492643356323 0
1675875305032 0.24191565811634064 0
1675875305105 0.2430371642112732 0
1675875305178 0.24067634344100952 0
1675875305252 0.24144697189331055 0
1675875305325 0.24125166237354279 0
1675875305398 0.24004894495010376 0
1675875305466 0.2425486445426941 0
1675875305638 0.24078549444675446 0
1675875305713 0.24229219555854797 0
1675875305787 0.2406037598848343 0
1675875305860 0.24144016206264496 0
1675875305933 0.23967133462429047 0
1675875306009 0.23857903480529785 0
1675875306085 0.23980961740016937 0
1675875306160 0.23857416212558746 0
1675875306235 0.24057599902153015 0
1675875306310 0.24034765362739563 0
1675875306385 0.23931454122066498 0
1675875306456 0.23802749812602997 0
1675875306531 0.23966065049171448 0
1675875306604 0.23714037239551544 0
1675875306679 0.23954907059669495 0
1675875306753 0.23737306892871857 0
1675875306827 0.23886436223983765 0
1675875306900 0.2387554943561554 0
1675875306977 0.23805207014083862 0
1675875307049 0.2365046590566635 0
1675875307126 0.23836448788642883 0
1675875307200 0.23605315387248993 0
1675875307274 0.23690767586231232 0
1675875307347 0.23707281053066254 0
1675875307420 0.2357308715581894 0
1675875307493 0.23605088889598846 0
1675875307567 0.23690494894981384 0
1675875307644 0.2380085587501526 0
1675875307716 0.23743733763694763 0
1675875307878 0.23545117676258087 0
1675875307951 0.23516879975795746 0
1675875308024 0.23498934507369995 0
1675875308096 0.23486651480197906 0
1675875308168 0.23420017957687378 0
1675875308241 0.23694244027137756 0
1675875308314 0.23446917533874512 0
1675875308391 0.23386648297309875 0
1675875308471 0.23510953783988953 0
1675875308550 0.23514018952846527 0
1675875308629 0.23440365493297577 0
1675875308709 0.23459894955158234 0
1675875308789 0.2357778400182724 0
1675875308869 0.23302426934242249 0
1675875308948 0.23323923349380493 0
1675875309027 0.2368098646402359 0
1675875309107 0.23488451540470123 0
1675875309186 0.23280932009220123 0
1675875309266 0.23532357811927795 0
1675875309345 0.23381152749061584 0
1675875309426 0.23181557655334473 0
1675875309507 0.23078280687332153 0
1675875309588 0.23278382420539856 0
1675875309667 0.23207159340381622 0
1675875309747 0.2349696159362793 0
1675875309827 0.23244212567806244 0
1675875309907 0.22914229333400726 0
1675875309986 0.22907467186450958 0
1675875310059 0.23051263391971588 0
1675875310235 0.23163773119449615 0
1675875310315 0.2296987622976303 0
1675875310394 0.2301732450723648 0
1675875310474 0.2320140153169632 0
1675875310555 0.2326860874891281 0
1675875310635 0.23361189663410187 0
1675875310715 0.22942543029785156 0
1675875310794 0.22699788212776184 0
1675875310873 0.23084375262260437 0
1675875310952 0.22984318435192108 0
1675875311032 0.23115533590316772 0
1675875311110 0.23487278819084167 0
1675875311191 0.2262142151594162 0
1675875311269 0.22969798743724823 0
1675875311349 0.22710202634334564 0
1675875311427 0.2279440313577652 0
1675875311507 0.22838623821735382 0
1675875311588 0.23003463447093964 0
1675875311666 0.2239251732826233 0
1675875311747 0.22629661858081818 0
1675875311827 0.22861096262931824 0
1675875311906 0.22724801301956177 0
1675875311986 0.2272421270608902 0
1675875312063 0.22765927016735077 0
1675875312137 0.22540715336799622 0
1675875312211 0.22655829787254333 0
1675875312284 0.22996287047863007 0
1675875312360 0.228318989276886 0
1675875312435 0.22934456169605255 0
1675875312612 0.22464022040367126 0
1675875312692 0.22888031601905823 0
1675875312766 0.22590981423854828 0
1675875312839 0.22717857360839844 0
1675875312917 0.22327986359596252 0
1675875312996 0.22724701464176178 0
1675875313076 0.22138525545597076 0
1675875313155 0.22704550623893738 0
1675875313237 0.22782863676548004 0
1675875313316 0.22324439883232117 0
1675875313397 0.23014917969703674 0
1675875313476 0.2286514788866043 0
1675875313558 0.22360190749168396 0
1675875313638 0.22685503959655762 0
1675875313719 0.2242848426103592 0
1675875313798 0.22447027266025543 0
1675875313878 0.22168174386024475 0
1675875313957 0.22571413218975067 0
1675875314037 0.22018401324748993 0
1675875314116 0.22364862263202667 0
1675875314197 0.22588078677654266 0
1675875314276 0.22255977988243103 0
1675875314356 0.2228931039571762 0
1675875314436 0.2193189114332199 0
1675875314516 0.22306999564170837 0
1675875314596 0.22463193535804749 0
1675875314675 0.2215413898229599 0
1675875314755 0.2201799601316452 0
1675875314827 0.2230066955089569 0
1675875315001 0.22276102006435394 0
1675875315081 0.22442689538002014 0
1675875315163 0.22074756026268005 0
1675875315245 0.22140981256961823 0
1675875315327 0.2198294699192047 0
1675875315408 0.22405464947223663 0
1675875315487 0.2219451367855072 0
1675875315566 0.21802034974098206 0
1675875315646 0.21974334120750427 0
1675875315725 0.2203810065984726 0
1675875315804 0.2181493490934372 0
1675875315883 0.21764907240867615 0
1675875315962 0.21878381073474884 0
1675875316041 0.22335629165172577 0
1675875316121 0.21943174302577972 0
1675875316200 0.22155188024044037 0
1675875316280 0.21526053547859192 0
1675875316359 0.22008012235164642 0
1675875316438 0.21969158947467804 0
1675875316517 0.21804335713386536 0
1675875316597 0.21709094941616058 0
1675875316677 0.21759161353111267 0
1675875316757 0.22326654195785522 0
1675875316837 0.21853120625019073 0
1675875316918 0.21620386838912964 0
1675875316997 0.22153635323047638 0
1675875317078 0.2221849411725998 0
1675875317158 0.21695849299430847 0
1675875317231 0.2177806943655014 0
1675875317417 0.2210133969783783 0
1675875317497 0.21698977053165436 0
1675875317578 0.21345458924770355 0
1675875317658 0.225597083568573 0
1675875317738 0.21944960951805115 0
1675875317818 0.21528558433055878 0
1675875317898 0.2154313027858734 0
1675875317977 0.21732385456562042 0
1675875318057 0.21347904205322266 0
1675875318138 0.22053755819797516 0
1675875318218 0.21794390678405762 0
1675875318298 0.21513955295085907 0
1675875318378 0.2183476835489273 0
1675875318459 0.21729007363319397 0
1675875318548 0.21319539844989777 0
1675875318629 0.21879276633262634 0
1675875318709 0.21434703469276428 0
1675875318789 0.20707933604717255 0
1675875318869 0.212416872382164 0
1675875318949 0.21288152039051056 0
1675875319030 0.21064847707748413 0
1675875319110 0.21446117758750916 0
1675875319191 0.21505232155323029 0
1675875319271 0.21413995325565338 0
1675875319351 0.21661649644374847 0
1675875319431 0.21476736664772034 0
1675875319511 0.2117926925420761 0
1675875319591 0.21570450067520142 0
1675875319664 0.2045906037092209 0
1675875319840 0.21063102781772614 0
1675875319920 0.21573592722415924 0
1675875320000 0.21164460480213165 0
1675875320081 0.21817979216575623 0
1675875320161 0.21051552891731262 0
1675875320242 0.21705013513565063 0
1675875320324 0.21362000703811646 0
1675875320405 0.21375080943107605 0
1675875320486 0.21369414031505585 0
1675875320567 0.20590712130069733 0
1675875320648 0.21587088704109192 0
1675875320728 0.21340881288051605 0
1675875320808 0.21356579661369324 0
1675875320888 0.21280387043952942 0
1675875320969 0.21223296225070953 0
1675875321050 0.21210305392742157 0
1675875321131 0.20442892611026764 0
1675875321212 0.21152563393115997 0
1675875321293 0.2019823044538498 0
1675875321373 0.21141618490219116 0
1675875321454 0.2055673748254776 0
1675875321534 0.20395897328853607 0
1675875321614 0.20392848551273346 0
1675875321695 0.21077591180801392 0
1675875321776 0.21191327273845673 0
1675875321856 0.21134601533412933 0
1675875321936 0.21089789271354675 0
1675875322016 0.2050846666097641 0
1675875322089 0.2106444537639618 0
1675875322266 0.20415301620960236 0
1675875322346 0.2101108878850937 0
1675875322425 0.2127404808998108 0
1675875322505 0.21038003265857697 0
1675875322585 0.20524922013282776 0
1675875322665 0.21623595058918 0
1675875322745 0.20545831322669983 0
1675875322826 0.21658940613269806 0
1675875322906 0.19998784363269806 0
1675875322986 0.21193146705627441 0
1675875323067 0.2047164887189865 0
1675875323147 0.20807936787605286 0
1675875323228 0.20346757769584656 0
1675875323308 0.20798349380493164 0
1675875323388 0.20922398567199707 0
1675875323468 0.19749902188777924 0
1675875323548 0.20387211441993713 0
1675875323629 0.20394323766231537 0
1675875323709 0.20865130424499512 0
1675875323789 0.2066762000322342 0
1675875323869 0.20708702504634857 0
1675875323949 0.20298334956169128 0
1675875324029 0.1991031914949417 0
1675875324110 0.20640793442726135 0
1675875324190 0.20399145781993866 0
1675875324270 0.20714835822582245 0
1675875324351 0.2058621048927307 0
1675875324431 0.2020808309316635 0
1675875324504 0.20250152051448822 0
1675875324695 0.20803117752075195 0
1675875324775 0.2050366997718811 0
1675875324855 0.1965983808040619 0
1675875324935 0.20125959813594818 0
1675875325015 0.20757263898849487 0
1675875325095 0.20377999544143677 0
1675875325175 0.20456136763095856 0
1675875325255 0.20096825063228607 0
1675875325335 0.19402901828289032 0
1675875325415 0.1970117688179016 0
1675875325496 0.20924590528011322 0
1675875325576 0.2060551643371582 0
1675875325656 0.19760610163211823 0
1675875325736 0.2017023116350174 0
1675875325816 0.2050665020942688 0
1675875325896 0.1967851221561432 0
1675875325976 0.20838171243667603 0
1675875326056 0.1951039731502533 0
1675875326136 0.19984784722328186 0
1675875326216 0.19264578819274902 0
1675875326296 0.20781993865966797 0
1675875326369 0.20058807730674744 0
1675875326442 0.20754872262477875 0
1675875326514 0.19938118755817413 0
1675875326588 0.20128841698169708 0
1675875326658 0.1988646239042282 0
1675875326731 0.20491792261600494 0
1675875326802 0.201357901096344 0
1675875326867 0.20473788678646088 0
1675875327028 0.20312656462192535 0
1675875327099 0.20082849264144897 0
1675875327171 0.19233720004558563 0
1675875327241 0.19947881996631622 0
1675875327314 0.1919308453798294 0
1675875327386 0.19887447357177734 0
1675875327458 0.20147891342639923 0
1675875327529 0.2030566781759262 0
1675875327601 0.1999463587999344 0
1675875327673 0.2039983719587326 0
1675875327745 0.19715744256973267 0
1675875327818 0.2029273808002472 0
1675875327889 0.19347071647644043 0
1675875327961 0.2006511241197586 0
1675875328032 0.19415760040283203 0
1675875328104 0.1991165578365326 0
1675875328176 0.19573545455932617 0
1675875328248 0.19053544104099274 0
1675875328321 0.19263634085655212 0
1675875328392 0.18845124542713165 0
1675875328464 0.1970323771238327 0
1675875328534 0.18670915067195892 0
1675875328611 0.20385880768299103 0
1675875328692 0.20174376666545868 0
1675875328772 0.20068731904029846 0
1675875328853 0.20333479344844818 0
1675875328933 0.19182127714157104 0
1675875329013 0.20027317106723785 0
1675875329086 0.19880326092243195 0
1675875329263 0.19518797099590302 0
1675875329341 0.18791040778160095 0
1675875329419 0.18917259573936462 0
1675875329499 0.19785039126873016 0
1675875329578 0.19272591173648834 0
1675875329656 0.18615776300430298 0
1675875329735 0.18948562443256378 0
1675875329812 0.1949368268251419 0
1675875329891 0.19925828278064728 0
1675875329970 0.18504932522773743 0
1675875330045 0.19384339451789856 0
1675875330118 0.20206788182258606 0
1675875330198 0.1871647834777832 0
1675875330269 0.18915750086307526 0
1675875330342 0.19522932171821594 0
1675875330413 0.20048685371875763 0
1675875330486 0.19809065759181976 0
1675875330557 0.19950909912586212 0
1675875330632 0.1932440847158432 0
1675875330703 0.19220371544361115 0
1675875330779 0.20552892982959747 0
1675875330859 0.19768477976322174 0
1675875330940 0.19910894334316254 0
1675875331021 0.18981614708900452 0
1675875331102 0.1912357062101364 0
1675875331183 0.1891249269247055 0
1675875331263 0.1867884248495102 0
1675875331345 0.1960952877998352 0
1675875331419 0.1917596012353897 0
1675875331597 0.19554594159126282 0
1675875331677 0.19080844521522522 0
1675875331757 0.1960592418909073 0
1675875331837 0.18453291058540344 0
1675875331918 0.19200719892978668 0
1675875331999 0.189115509390831 0
1675875332080 0.1886022835969925 0
1675875332160 0.19514703750610352 0
1675875332241 0.1972084939479828 0
1675875332320 0.1973308026790619 0
1675875332401 0.19572566449642181 0
1675875332482 0.1986788958311081 0
1675875332563 0.1913098692893982 0
1675875332644 0.19384218752384186 0
1675875332725 0.18423756957054138 0
1675875332805 0.1836981475353241 0
1675875332886 0.18562549352645874 0
1675875332967 0.18049615621566772 0
1675875333048 0.1986367255449295 0
1675875333129 0.19756454229354858 0
1675875333211 0.18772253394126892 0
1675875333292 0.19515611231327057 0
1675875333374 0.18918924033641815 0
1675875333455 0.17385445535182953 0
1675875333536 0.18623971939086914 0
1675875333617 0.18419280648231506 0
1675875333698 0.18470004200935364 0
1675875333779 0.18297509849071503 0
1675875333854 0.1848888099193573 0
1675875334034 0.1880999207496643 0
1675875334116 0.1840842366218567 0
1675875334198 0.19033224880695343 0
1675875334280 0.18609485030174255 0
1675875334362 0.18340928852558136 0
1675875334443 0.17771081626415253 0
1675875334524 0.19532044231891632 0
1675875334605 0.1924310326576233 0
1675875334687 0.18207350373268127 0
1675875334769 0.1924677938222885 0
1675875334851 0.19084754586219788 0
1675875334931 0.1946554332971573 0
1675875335013 0.18537625670433044 0
1675875335094 0.18176402151584625 0
1675875335176 0.18274280428886414 0
1675875335257 0.19029580056667328 0
1675875335338 0.1900026798248291 0
1675875335418 0.18946465849876404 0
1675875335508 0.17082135379314423 0
1675875335590 0.1865691989660263 0
1675875335671 0.18517908453941345 0
1675875335752 0.18878692388534546 0
1675875335833 0.17683455348014832 0
1675875335914 0.1873435527086258 0
1675875335995 0.1783144325017929 0
1675875336076 0.17586535215377808 0
1675875336157 0.19569164514541626 0
1675875336235 0.18935394287109375 0
1675875336306 0.19416633248329163 0
1675875336482 0.18774862587451935 0
1675875336561 0.17981365323066711 0
1675875336641 0.1892343908548355 0
1675875336721 0.16804011166095734 0
1675875336801 0.17270097136497498 0
1675875336880 0.20056810975074768 0
1675875336959 0.20000050961971283 0
1675875337037 0.17971886694431305 0
1675875337116 0.18474744260311127 0
1675875337195 0.17954443395137787 0
1675875337273 0.17387597262859344 0
1675875337351 0.17600077390670776 0
1675875337430 0.18317651748657227 0
1675875337508 0.18855950236320496 0
1675875337587 0.1779605597257614 0
1675875337665 0.20043468475341797 0
1675875337744 0.1790032833814621 0
1675875337824 0.17758242785930634 0
1675875337904 0.18888239562511444 0
1675875337984 0.1840078979730606 0
1675875338064 0.17158803343772888 0
1675875338144 0.18440495431423187 0
1675875338225 0.1887889802455902 0
1675875338304 0.18222762644290924 0
1675875338384 0.17464369535446167 0
1675875338464 0.18285156786441803 0
1675875338544 0.1873386800289154 0
1675875338624 0.18703030049800873 0
1675875338698 0.18568582832813263 0
1675875338873 0.17555572092533112 0
1675875338952 0.19560043513774872 0
1675875339030 0.18984761834144592 0
1675875339109 0.1831183135509491 0
1675875339189 0.18092425167560577 0
1675875339268 0.1883411705493927 0
1675875339347 0.17822524905204773 0
1675875339427 0.17652322351932526 0
1675875339508 0.17942236363887787 0
1675875339588 0.1763298213481903 0
1675875339667 0.15973231196403503 0
1675875339745 0.1823662966489792 0
1675875339823 0.1756034642457962 0
1675875339901 0.18875311315059662 0
1675875339979 0.18806001543998718 0
1675875340058 0.1857311874628067 0
1675875340136 0.18312211334705353 0
1675875340214 0.18457312881946564 0
1675875340293 0.1799747794866562 0
1675875340371 0.1777828335762024 0
1675875340451 0.177182137966156 0
1675875340529 0.1803409606218338 0
1675875340607 0.17881201207637787 0
1675875340688 0.185614675283432 0
1675875340768 0.1743858903646469 0
1675875340848 0.17075467109680176 0
1675875340928 0.17898893356323242 0
1675875341007 0.1769285947084427 0
1675875341079 0.18695779144763947 0
1675875341254 0.17422357201576233 0
1675875341333 0.173810675740242 0
1675875341412 0.17719563841819763 0
1675875341491 0.17356838285923004 0
1675875341570 0.17758435010910034 0
1675875341649 0.1724134385585785 0
1675875341728 0.18267367780208588 0
1675875341807 0.1794910430908203 0
1675875341886 0.17680354416370392 0
1675875341964 0.19250039756298065 0
1675875342043 0.17122983932495117 0
1675875342121 0.19656437635421753 0
1675875342200 0.16590967774391174 0
1675875342278 0.17013627290725708 0
1675875342356 0.16963578760623932 0
1675875342434 0.1972387731075287 0
1675875342513 0.1752558797597885 0
1675875342592 0.17759601771831512 0
1675875342671 0.18633686006069183 0
1675875342751 0.17365311086177826 0
1675875342831 0.1799629032611847 0
1675875342914 0.18348130583763123 0
1675875342993 0.18280960619449615 0
1675875343071 0.18007196485996246 0
1675875343149 0.17144417762756348 0
1675875343226 0.18552348017692566 0
1675875343305 0.17354783415794373 0
1675875343383 0.16988606750965118 0
1675875343455 0.1843324601650238 0
1675875343631 0.16538940370082855 0
1675875343711 0.17858195304870605 0
1675875343791 0.2010229229927063 0
1675875343871 0.160618856549263 0
1675875343951 0.18033632636070251 0
1675875344031 0.17475385963916779 0
1675875344111 0.17234818637371063 0
1675875344189 0.18628020584583282 0
1675875344268 0.18103671073913574 0
1675875344346 0.17536480724811554 0
1675875344426 0.1813661754131317 0
1675875344506 0.18603864312171936 0
1675875344584 0.18490317463874817 0
1675875344662 0.17834711074829102 0
1675875344741 0.161777526140213 0
1675875344821 0.17549683153629303 0
1675875344902 0.17141778767108917 0
1675875344982 0.16756191849708557 0
1675875345060 0.15973491966724396 0
1675875345140 0.17770114541053772 0
1675875345220 0.18118220567703247 0
1675875345300 0.17723298072814941 0
1675875345379 0.1778549998998642 0
1675875345458 0.18195205926895142 0
1675875345537 0.17054955661296844 0
1675875345618 0.1864027976989746 0
1675875345696 0.19208110868930817 0
1675875345775 0.16496311128139496 0
1675875345847 0.16772262752056122 0
1675875346022 0.18189308047294617 0
1675875346102 0.17691166698932648 0
1675875346180 0.18208150565624237 0
1675875346258 0.16709256172180176 0
1675875346336 0.17802764475345612 0
1675875346414 0.1700783222913742 0
1675875346492 0.16288384795188904 0
1675875346570 0.163290336728096 0
1675875346649 0.1559884399175644 0
1675875346728 0.16137242317199707 0
1675875346807 0.19014635682106018 0
1675875346887 0.18920524418354034 0
1675875346967 0.1907886117696762 0
1675875347045 0.1779206246137619 0
1675875347125 0.1660114973783493 0
1675875347204 0.18180346488952637 0
1675875347283 0.16831524670124054 0
1675875347362 0.1746665984392166 0
1675875347441 0.1770603209733963 0
1675875347520 0.1787978559732437 0
1675875347600 0.19415363669395447 0
1675875347679 0.17495982348918915 0
1675875347759 0.14982452988624573 0
1675875347838 0.1793363392353058 0
1675875347918 0.16896924376487732 0
1675875347997 0.19201096892356873 0
1675875348077 0.17144456505775452 0
1675875348164 0.16063536703586578 0
1675875348236 0.19651198387145996 0
1675875348412 0.16512003540992737 0
1675875348492 0.17223958671092987 0
1675875348572 0.18687306344509125 0
1675875348651 0.18134169280529022 0
1675875348730 0.17680145800113678 0
1675875348808 0.16550026834011078 0
1675875348888 0.1726280152797699 0
1675875348966 0.1766406148672104 0
1675875349046 0.1752544492483139 0
1675875349125 0.17214585840702057 0
1675875349205 0.17610237002372742 0
1675875349284 0.17891140282154083 0
1675875349364 0.17733974754810333 0
1675875349443 0.17774906754493713 0
1675875349522 0.17904768884181976 0
1675875349605 0.18378199636936188 0
1675875349686 0.18538698554039001 0
1675875349766 0.18324613571166992 0
1675875349846 0.1909625381231308 0
1675875349926 0.1569865345954895 0
1675875350005 0.16638217866420746 0
1675875350084 0.15852852165699005 0
1675875350164 0.1680038422346115 0
1675875350242 0.17573384940624237 0
1675875350321 0.15907590091228485 0
1675875350400 0.16778557002544403 0
1675875350480 0.1752370148897171 0
1675875350560 0.16639955341815948 0
1675875350632 0.17538650333881378 0
1675875350807 0.17079733312129974 0
1675875350886 0.16445855796337128 0
1675875350964 0.17574207484722137 0
1675875351043 0.1873508244752884 0
1675875351122 0.17068277299404144 0
1675875351201 0.15908785164356232 0
1675875351280 0.17989645898342133 0
1675875351358 0.16234324872493744 0
1675875351437 0.16528385877609253 0
1675875351516 0.18455907702445984 0
1675875351596 0.17136862874031067 0
1675875351675 0.1678311675786972 0
1675875351754 0.18265968561172485 0
1675875351833 0.17639398574829102 0
1675875351913 0.176504448056221 0
1675875351991 0.16437768936157227 0
1675875352069 0.18492718040943146 0
1675875352147 0.18258298933506012 0
1675875352226 0.19057367742061615 0
1675875352304 0.16704365611076355 0
1675875352383 0.16906596720218658 0
1675875352464 0.1747802048921585 0
1675875352544 0.18290910124778748 0
1675875352622 0.1630759835243225 0
1675875352701 0.1812688410282135 0
1675875352780 0.17356286942958832 0
1675875352860 0.17528437077999115 0
1675875352939 0.14696691930294037 0
1675875353011 0.16929525136947632 0
1675875353182 0.16261106729507446 0
1675875353260 0.16509024798870087 0
1675875353339 0.16327343881130219 0
1675875353418 0.15590375661849976 0
1675875353497 0.15692950785160065 0
1675875353575 0.16965770721435547 0
1675875353654 0.17325332760810852 0
1675875353732 0.17551416158676147 0
1675875353811 0.19293956458568573 0
1675875353889 0.1620297133922577 0
1675875353968 0.18263870477676392 0
1675875354047 0.16791637241840363 0
1675875354127 0.1698129028081894 0
1675875354206 0.17982643842697144 0
1675875354285 0.17431479692459106 0
1675875354364 0.17930497229099274 0
1675875354442 0.18280507624149323 0
1675875354521 0.17470017075538635 0
1675875354600 0.18153239786624908 0
1675875354685 0.16887594759464264 0
1675875354764 0.16833606362342834 0
1675875354843 0.1770452857017517 0
1675875354923 0.1729198843240738 0
1675875355001 0.18534722924232483 0
1675875355080 0.1837579756975174 0
1675875355159 0.1777583211660385 0
1675875355238 0.18457606434822083 0
1675875355317 0.16217540204524994 0
1675875355389 0.14798465371131897 0
1675875355559 0.1651768684387207 0
1675875355632 0.19241681694984436 0
1675875355705 0.17390823364257812 0
1675875355779 0.17352011799812317 0
1675875355852 0.1753847897052765 0
1675875355925 0.1811448037624359 0
1675875355998 0.18117624521255493 0
1675875356071 0.16651283204555511 0
1675875356144 0.1808634102344513 0
1675875356216 0.1695965975522995 0
1675875356289 0.18022626638412476 0
1675875356365 0.1722908914089203 0
1675875356438 0.1867685616016388 0
1675875356510 0.15739692747592926 0
1675875356583 0.17159102857112885 0
1675875356655 0.16510578989982605 0
1675875356733 0.18686765432357788 0
1675875356807 0.17804653942584991 0
1675875356881 0.14843279123306274 0
1675875356954 0.16663560271263123 0
1675875357026 0.16612982749938965 0
1675875357100 0.16099964082241058 0
1675875357174 0.15258727967739105 0
1675875357246 0.17668136954307556 0
1675875357318 0.18283605575561523 0
1675875357390 0.18116694688796997 0
1675875357462 0.16021013259887695 0
1675875357535 0.17077705264091492 0
1675875357602 0.16211405396461487 0
1675875357768 0.1624518781900406 0
1675875357841 0.17012806236743927 0
1675875357914 0.1584894210100174 0
1675875357987 0.1900079846382141 0
1675875358061 0.16588334739208221 0
1675875358134 0.16462863981723785 0
1675875358208 0.18209972977638245 0
1675875358281 0.17809118330478668 0
1675875358355 0.17393085360527039 0
1675875358428 0.16085131466388702 0
1675875358500 0.17539049685001373 0
1675875358573 0.17707189917564392 0
1675875358645 0.17669793963432312 0
1675875358719 0.15058866143226624 0
1675875358792 0.18563763797283173 0
1675875358867 0.18021734058856964 0
1675875358946 0.1703866571187973 0
1675875359018 0.1763041764497757 0
1675875359093 0.1509198248386383 0
1675875359165 0.19666408002376556 0
1675875359238 0.17978917062282562 0
1675875359310 0.17266498506069183 0
1675875359383 0.17799334228038788 0
1675875359455 0.16428788006305695 0
1675875359527 0.1726521998643875 0
1675875359608 0.16119109094142914 0
1675875359687 0.15634559094905853 0
1675875359767 0.18367138504981995 0
1675875359839 0.16081775724887848 0
1675875360021 0.16908782720565796 0
1675875360101 0.1770518571138382 0
1675875360181 0.15309356153011322 0
1675875360261 0.18719331920146942 0
1675875360341 0.18652833998203278 0
1675875360421 0.17579896748065948 0
1675875360500 0.13861320912837982 0
1675875360579 0.17014820873737335 0
1675875360659 0.17796938121318817 0
1675875360738 0.15183286368846893 0
1675875360818 0.1598138064146042 0
1675875360897 0.16927669942378998 0
1675875360977 0.16750383377075195 0
1675875361056 0.15760423243045807 0
1675875361135 0.1596248298883438 0
1675875361215 0.1675615906715393 0
1675875361294 0.15614110231399536 0
1675875361373 0.19250471889972687 0
1675875361453 0.17827610671520233 0
1675875361532 0.17057354748249054 0
1675875361612 0.1973879486322403 0
1675875361691 0.17706365883350372 0
1675875361770 0.16437874734401703 0
1675875361848 0.19058440625667572 0
1675875361928 0.18267680704593658 0
1675875362006 0.17471733689308167 0
1675875362085 0.15631182491779327 0
1675875362163 0.18601080775260925 0
1675875362235 0.17479658126831055 0
1675875362409 0.18102805316448212 0
1675875362489 0.18647950887680054 0
1675875362567 0.16130928695201874 0
1675875362646 0.1570391058921814 0
1675875362725 0.18386729061603546 0
1675875362804 0.1595199555158615 0
1675875362883 0.16845585405826569 0
1675875362963 0.170613631606102 0
1675875363042 0.17402178049087524 0
1675875363120 0.15967553853988647 0
1675875363200 0.1746087372303009 0
1675875363280 0.16707287728786469 0
1675875363361 0.16396641731262207 0
1675875363441 0.18080125749111176 0
1675875363520 0.1654321551322937 0
1675875363599 0.17099405825138092 0
1675875363678 0.18052193522453308 0
1675875363758 0.17886634171009064 0
1675875363837 0.16440123319625854 0
1675875363915 0.1707611083984375 0
1675875363993 0.16783234477043152 0
1675875364075 0.15612903237342834 0
1675875364151 0.1866472214460373 0
1675875364224 0.1702968329191208 0
1675875364296 0.18237408995628357 0
1675875364368 0.17362385988235474 0
1675875364439 0.17030183970928192 0
1675875364509 0.1661059707403183 0
1675875364574 0.1710437387228012 0
1675875364737 0.18798242509365082 0
1675875364812 0.16052569448947906 0
1675875364885 0.17672808468341827 0
1675875364963 0.1695139855146408 0
1675875365041 0.1853034794330597 0
1675875365119 0.16386815905570984 0
1675875365196 0.16745208203792572 0
1675875365273 0.16779667139053345 0
1675875365352 0.16291426122188568 0
1675875365428 0.1758594810962677 0
1675875365513 0.1507527381181717 0
1675875365590 0.18213492631912231 0
1675875365667 0.15518887341022491 0
1675875365744 0.17483405768871307 0
1675875365823 0.1903931051492691 0
1675875365902 0.1818576157093048 0
1675875365979 0.15662632882595062 0
1675875366057 0.17682640254497528 0
1675875366135 0.19022753834724426 0
1675875366212 0.16115576028823853 0
1675875366290 0.17040808498859406 0
1675875366367 0.17882174253463745 0
1675875366444 0.17590999603271484 0
1675875366521 0.1608268767595291 0
1675875366598 0.16838151216506958 0
1675875366672 0.16650062799453735 0
1675875366743 0.16377681493759155 0
1675875366814 0.17814984917640686 0
1675875366879 0.15689601004123688 0
1675875367042 0.16019216179847717 0
1675875367114 0.16292336583137512 0
1675875367187 0.1596532166004181 0
1675875367258 0.1502210795879364 0
1675875367331 0.1629379838705063 0
1675875367403 0.1703464239835739 0
1675875367475 0.1751180738210678 0
1675875367546 0.17504355311393738 0
1675875367618 0.18307705223560333 0
1675875367690 0.19038419425487518 0
1675875367761 0.16385096311569214 0
1675875367832 0.16725397109985352 0
1675875367904 0.17300193011760712 0
1675875367976 0.18303604423999786 0
1675875368048 0.17151713371276855 0
1675875368120 0.16639593243598938 0
1675875368192 0.17772479355335236 0
1675875368263 0.17474667727947235 0
1675875368335 0.1885879933834076 0
1675875368406 0.17933359742164612 0
1675875368476 0.17583903670310974 0
1675875368547 0.16668827831745148 0
1675875368618 0.17247773706912994 0
1675875368690 0.169496089220047 0
1675875368761 0.15808644890785217 0
1675875368833 0.18798528611660004 0
1675875368905 0.16663607954978943 0
1675875368976 0.1468137800693512 0
1675875369042 0.17800182104110718 0
1675875369205 0.1696624606847763 0
1675875369276 0.18122372031211853 0
1675875369351 0.16344375908374786 0
1675875369422 0.1593652367591858 0
1675875369498 0.16504612565040588 0
1675875369578 0.17181037366390228 0
1675875369659 0.1752251535654068 0
1675875369732 0.18106704950332642 0
1675875369805 0.16053909063339233 0
1675875369876 0.16299943625926971 0
1675875369949 0.18647728860378265 0
1675875370021 0.17119194567203522 0
1675875370093 0.1585415005683899 0
1675875370164 0.17017300426959991 0
1675875370236 0.1671045869588852 0
1675875370309 0.17884992063045502 0
1675875370382 0.17337007820606232 0
1675875370454 0.17476512491703033 0
1675875370526 0.166372612118721 0
1675875370597 0.16072425246238708 0
1675875370669 0.159159854054451 0
1675875370741 0.18277911841869354 0
1675875370813 0.18697386980056763 0
1675875370884 0.18441396951675415 0
1675875370957 0.15693186223506927 0
1675875371032 0.15872539579868317 0
1675875371112 0.15562483668327332 0
1675875371190 0.19656969606876373 0
1675875371262 0.17548471689224243 0
1675875371441 0.17372998595237732 0
1675875371520 0.1818072646856308 0
1675875371598 0.15604554116725922 0
1675875371678 0.16920442879199982 0
1675875371757 0.15039202570915222 0
1675875371835 0.17207390069961548 0
1675875371914 0.1867244690656662 0
1675875371993 0.17518243193626404 0
1675875372072 0.19500884413719177 0
1675875372149 0.1543847769498825 0
1675875372227 0.17140458524227142 0
1675875372304 0.17832113802433014 0
1675875372383 0.1811417043209076 0
1675875372461 0.1581117957830429 0
1675875372542 0.15718983113765717 0
1675875372619 0.15265187621116638 0
1675875372697 0.1584959179162979 0
1675875372775 0.18534120917320251 0
1675875372853 0.18688291311264038 0
1675875372932 0.18924298882484436 0
1675875373011 0.17688502371311188 0
1675875373091 0.1600378453731537 0
1675875373169 0.16649840772151947 0
1675875373250 0.1767282485961914 0
1675875373328 0.1690436750650406 0
1675875373407 0.151389017701149 0
1675875373487 0.16943052411079407 0
1675875373566 0.17424871027469635 0
1675875373638 0.17528453469276428 0
1675875373809 0.1514812856912613 0
1675875373887 0.1614876538515091 0
1675875373965 0.16821497678756714 0
1675875374043 0.1964215338230133 0
1675875374120 0.17087700963020325 0
1675875374197 0.1770724654197693 0
1675875374274 0.16144275665283203 0
1675875374351 0.16024817526340485 0
1675875374428 0.16744443774223328 0
1675875374505 0.1795230358839035 0
1675875374583 0.18735173344612122 0
1675875374661 0.17943480610847473 0
1675875374739 0.1833314299583435 0
1675875374816 0.18686597049236298 0
1675875374894 0.18563853204250336 0
1675875374971 0.1651809811592102 0
1675875375048 0.15566490590572357 0
1675875375126 0.1519949734210968 0
1675875375203 0.17334842681884766 0
1675875375281 0.17817892134189606 0
1675875375359 0.17015716433525085 0
1675875375436 0.15035247802734375 0
1675875375515 0.16438643634319305 0
1675875375592 0.18198725581169128 0
1675875375669 0.1650349348783493 0
1675875375747 0.1779586523771286 0
1675875375825 0.1701025813817978 0
1675875375901 0.16986408829689026 0
1675875375971 0.15800896286964417 0
1675875376142 0.18001869320869446 0
1675875376220 0.15497331321239471 0
1675875376298 0.17656676471233368 0
1675875376376 0.18130722641944885 0
1675875376454 0.15471549332141876 0
1675875376532 0.17536099255084991 0
1675875376609 0.1441868394613266 0
1675875376686 0.16327807307243347 0
1675875376764 0.15951813757419586 0
1675875376842 0.1707657128572464 0
1675875376921 0.16988882422447205 0
1675875377001 0.16345161199569702 0
1675875377079 0.17072005569934845 0
1675875377161 0.17000125348567963 0
1675875377239 0.18854519724845886 0
1675875377317 0.19311025738716125 0
1675875377395 0.1630840003490448 0
1675875377472 0.1708645522594452 0
1675875377549 0.17796850204467773 0
1675875377627 0.16829507052898407 0
1675875377704 0.15020380914211273 0
1675875377782 0.18254819512367249 0
1675875377860 0.1758756935596466 0
1675875377937 0.17897182703018188 0
1675875378015 0.17478366196155548 0
1675875378092 0.15944521129131317 0
1675875378170 0.18372724950313568 0
1675875378248 0.17391425371170044 0
1675875378319 0.17413045465946198 0
1675875378492 0.18157385289669037 0
1675875378578 0.145847886800766 0
1675875378657 0.18418104946613312 0
1675875378735 0.1729041039943695 0
1675875378814 0.15163405239582062 0
1675875378893 0.18972793221473694 0
1675875378972 0.1632538139820099 0
1675875379052 0.1765892058610916 0
1675875379133 0.1658005565404892 0
1675875379213 0.18820221722126007 0
1675875379293 0.18928144872188568 0
1675875379373 0.17921152710914612 0
1675875379454 0.17736247181892395 0
1675875379534 0.16317827999591827 0
1675875379615 0.1589241325855255 0
1675875379710 0.15718050301074982 0
1675875379787 0.1550128012895584 0
1675875379864 0.14739684760570526 0
1675875379941 0.16791267693042755 0
1675875380018 0.18620716035366058 0
1675875380095 0.19152148067951202 0
1675875380173 0.19497990608215332 0
1675875380251 0.16181404888629913 0
1675875380337 0.1750122606754303 0
1675875380419 0.17738240957260132 0
1675875380498 0.15897363424301147 0
1675875380577 0.1554449051618576 0
1675875380656 0.1679854691028595 0
1675875380728 0.16350091993808746 0
1675875380911 0.18418751657009125 0
1675875380990 0.22128595411777496 0
1675875381070 0.16943174600601196 0
1675875381151 0.14526034891605377 0
1675875381232 0.17898990213871002 0
1675875381313 0.15990906953811646 0
1675875381394 0.1765328049659729 0
1675875381473 0.1750456690788269 0
1675875381552 0.16671843826770782 0
1675875381631 0.16522090137004852 0
1675875381710 0.16361559927463531 0
1675875381789 0.16667267680168152 0
1675875381869 0.18555131554603577 0
1675875381949 0.17778101563453674 0
1675875382028 0.20167484879493713 0
1675875382108 0.18303416669368744 0
1675875382188 0.15141548216342926 0
1675875382266 0.16685476899147034 0
1675875382343 0.14596009254455566 0
1675875382415 0.1431528925895691 0
1675875382488 0.15062780678272247 0
1675875382560 0.1901257187128067 0
1675875382634 0.18332085013389587 0
1675875382707 0.15413372218608856 0
1675875382781 0.1820366233587265 0
1675875382854 0.17796967923641205 0
1675875382928 0.15284286439418793 0
1675875383001 0.1580556482076645 0
1675875383068 0.17108586430549622 0
1675875383236 0.1726684421300888 0
1675875383313 0.18962165713310242 0
1675875383393 0.16254116594791412 0
1675875383471 0.17147289216518402 0
1675875383550 0.16758611798286438 0
1675875383629 0.16195763647556305 0
1675875383708 0.17019008100032806 0
1675875383786 0.157188281416893 0
1675875383864 0.1798105239868164 0
1675875383942 0.18410779535770416 0
1675875384020 0.16612717509269714 0
1675875384099 0.15712039172649384 0
1675875384178 0.16126476228237152 0
1675875384256 0.16824592649936676 0
1675875384336 0.17212295532226562 0
1675875384414 0.1688804030418396 0
1675875384493 0.16806308925151825 0
1675875384571 0.1403801441192627 0
1675875384650 0.15087904036045074 0
1675875384729 0.1645977795124054 0
1675875384808 0.17997702956199646 0
1675875384887 0.1936173290014267 0
1675875384967 0.17173446714878082 0
1675875385045 0.16083206236362457 0
1675875385125 0.17084388434886932 0
1675875385206 0.16610264778137207 0
1675875385286 0.20303969085216522 0
1675875385364 0.19861799478530884 0
1675875385435 0.16784612834453583 0
1675875385608 0.1788288801908493 0
1675875385686 0.16092689335346222 0
1675875385764 0.17668117582798004 0
1675875385843 0.18209637701511383 0
1675875385922 0.17016468942165375 0
1675875385997 0.18851739168167114 0
1675875386070 0.1683441549539566 0
1675875386141 0.16579098999500275 0
1675875386213 0.1382773518562317 0
1675875386285 0.1746712625026703 0
1675875386356 0.16680222749710083 0
1675875386428 0.19010333716869354 0
1675875386499 0.15068356692790985 0
1675875386571 0.17892251908779144 0
1675875386643 0.16398335993289948 0
1675875386714 0.16942967474460602 0
1675875386791 0.16638977825641632 0
1675875386869 0.1699201762676239 0
1675875386948 0.14579160511493683 0
1675875387026 0.16061171889305115 0
1675875387105 0.1622573882341385 0
1675875387183 0.16160912811756134 0
1675875387263 0.1643400937318802 0
1675875387344 0.19076034426689148 0
1675875387423 0.17993967235088348 0
1675875387501 0.18820367753505707 0
1675875387579 0.18059556186199188 0
1675875387657 0.18045811355113983 0
1675875387729 0.17259012162685394 0
1675875387904 0.1669165939092636 0
1675875387983 0.16716226935386658 0
1675875388062 0.1724224090576172 0
1675875388141 0.16449569165706635 0
1675875388221 0.19840772449970245 0
1675875388299 0.16972927749156952 0
1675875388375 0.15894129872322083 0
1675875388447 0.17897601425647736 0
1675875388519 0.18709897994995117 0
1675875388592 0.16693076491355896 0
1675875388664 0.20087911188602448 0
1675875388735 0.1647852510213852 0
1675875388808 0.14831222593784332 0
1675875388882 0.18052421510219574 0
1675875388954 0.1825421005487442 0
1675875389026 0.17586323618888855 0
1675875389101 0.17249464988708496 0
1675875389174 0.14717410504817963 0
1675875389250 0.16423149406909943 0
1675875389324 0.1653769463300705 0
1675875389396 0.15510272979736328 0
1675875389468 0.18799811601638794 0
1675875389542 0.17144663631916046 0
1675875389615 0.15875683724880219 0
1675875389688 0.1745755970478058 0
1675875389761 0.1701541692018509 0
1675875389833 0.14517205953598022 0
1675875389906 0.17107179760932922 0
1675875389973 0.18098127841949463 0
