1675280087627 0.7299149632453918 0
1675280087891 0.7212300896644592 0
1675280088094 0.7158709764480591 0
1675280088327 0.705060601234436 0
1675280088612 0.6935974359512329 0
1675280088830 0.6882894039154053 0
1675280089057 0.6816909313201904 0
1675280089327 0.6711161732673645 0
1675280089641 0.6617621779441833 0
1675280089869 0.6599836349487305 0
1675280090082 0.6543729901313782 0
1675280090352 0.6452734470367432 0
1675280090628 0.6347829699516296 0
1675280090877 0.634161651134491 0
1675280091097 0.6304836869239807 0
1675280091307 0.6241195797920227 0
1675280091541 0.617060124874115 0
1675280091816 0.6118986010551453 0
1675280092061 0.6058685779571533 0
1675280092325 0.602954626083374 0
1675280092610 0.595867395401001 0
1675280092869 0.5974177122116089 0
1675280093127 0.5905287861824036 0
1675280093359 0.5872251391410828 0
1675280093591 0.5832165479660034 0
1675280093813 0.5770092606544495 0
1675280094043 0.5789854526519775 0
1675280094298 0.5731446743011475 0
1675280094500 0.570953369140625 0
1675280094759 0.562901496887207 0
1675280095002 0.5633615255355835 0
1675280095252 0.5587807893753052 0
1675280095507 0.555670440196991 0
1675280095750 0.5588490962982178 0
1675280095984 0.5548236966133118 0
1675280096246 0.5499730110168457 0
1675280096440 0.5536642670631409 0
1675280096668 0.5468375086784363 0
1675280096870 0.5449398756027222 0
1675280097128 0.5432540774345398 0
1675280097347 0.5441023707389832 0
1675280097600 0.536087691783905 0
1675280097793 0.5392450094223022 0
1675280098104 0.5329186916351318 0
1675280098335 0.5376667380332947 0
1675280098563 0.5335433483123779 0
1675280098819 0.5277250409126282 0
1675280099074 0.5289607048034668 0
1675280099332 0.5269961357116699 0
1675280099565 0.5276777744293213 0
1675280099844 0.5264431238174438 0
1675280100143 0.521071195602417 0
1675280100414 0.5201779007911682 0
1675280100736 0.5201264023780823 0
1675280100956 0.5187935829162598 0
1675280101192 0.5208169221878052 0
1675280101408 0.5235517024993896 0
1675280101652 0.5178735852241516 0
1675280101908 0.515439510345459 0
