1675606378383 0.47357597947120667 0
1675606378597 0.4758908748626709 0
1675606378828 0.47635841369628906 0
1675606379089 0.4748936593532562 0
1675606379345 0.47011998295783997 0
1675606379558 0.475786030292511 0
1675606379765 0.47704946994781494 0
1675606379976 0.4757547676563263 0
1675606380176 0.4778725802898407 0
1675606380377 0.47687840461730957 0
1675606380585 0.4760402739048004 0
1675606380791 0.47609660029411316 0
1675606381009 0.4732082188129425 0
1675606381228 0.47346508502960205 0
1675606381429 0.47650840878486633 0
1675606381667 0.47060179710388184 0
1675606381895 0.471088707447052 0
1675606382131 0.4693946838378906 0
1675606382363 0.47102516889572144 0
1675606382593 0.4718751609325409 0
1675606382826 0.47043919563293457 0
1675606383055 0.4692978858947754 0
1675606383283 0.4713766872882843 0
1675606383526 0.4701586961746216 0
1675606383747 0.4707719087600708 0
1675606383949 0.4741024971008301 0
1675606384166 0.4714287519454956 0
1675606384401 0.4685922861099243 0
1675606384612 0.4727741777896881 0
1675606384822 0.4716295301914215 0
1675606385040 0.4694204330444336 0
1675606385253 0.46963533759117126 0
1675606385468 0.4707835018634796 0
1675606385678 0.47386306524276733 0
1675606385867 0.47424495220184326 0
1675606386058 0.4737222194671631 0
1675606386297 0.4647333323955536 0
1675606386517 0.46741238236427307 0
1675606386720 0.4709603488445282 0
1675606386918 0.4715442955493927 0
1675606387143 0.4673101007938385 0
1675606387414 0.46028804779052734 0
1675606387627 0.46828117966651917 0
1675606387831 0.4701157808303833 0
1675606388085 0.45971280336380005 0
1675606388299 0.4695194661617279 0
1675606388507 0.46878287196159363 0
1675606388727 0.46668940782546997 0
1675606388955 0.46428459882736206 0
1675606389153 0.47008344531059265 0
1675606389370 0.4653802514076233 0
1675606389587 0.46538934111595154 0
1675606389817 0.4646507203578949 0
1675606390022 0.46737951040267944 0
1675606390237 0.4645910859107971 0
1675606390437 0.46784713864326477 0
1675606390636 0.4673474133014679 0
1675606390873 0.46007040143013 0
1675606391076 0.4668918550014496 0
1675606391290 0.4639682471752167 0
1675606391548 0.4559158384799957 0
1675606391749 0.4685449004173279 0
1675606391940 0.46859249472618103 0
1675606392167 0.4626288414001465 0
1675606392393 0.46087393164634705 0
1675606392599 0.46409091353416443 0
1675606392798 0.46488964557647705 0
1675606393006 0.4635316729545593 0
1675606393221 0.46119028329849243 0
1675606393467 0.45855292677879333 0
1675606393696 0.46225613355636597 0
1675606393975 0.4549080729484558 0
1675606394185 0.463447630405426 0
1675606394401 0.46055150032043457 0
1675606394583 0.4663880169391632 0
1675606394774 0.46368658542633057 0
1675606394988 0.45926061272621155 0
1675606395230 0.45372292399406433 0
1675606395448 0.4576289653778076 0
1675606395662 0.45761168003082275 0
1675606395884 0.4582463800907135 0
1675606396124 0.4541877508163452 0
1675606396353 0.45577332377433777 0
1675606396570 0.4566441476345062 0
1675606396761 0.46200236678123474 0
1675606396993 0.4537307620048523 0
1675606397200 0.4579765498638153 0
1675606397457 0.45662224292755127 0
1675606397684 0.45521968603134155 0
1675606397894 0.4560830295085907 0
1675606398114 0.45432642102241516 0
1675606398336 0.4535001516342163 0
1675606398533 0.45824915170669556 0
1675606398745 0.45467880368232727 0
1675606398983 0.45015138387680054 0
1675606399199 0.4535615146160126 0
1675606399441 0.44829046726226807 0
1675606399677 0.4489337205886841 0
1675606399914 0.44821879267692566 0
1675606400149 0.4487150013446808 0
1675606400356 0.4528254270553589 0
1675606400577 0.4506310224533081 0
1675606400796 0.45074886083602905 0
1675606401017 0.44942590594291687 0
1675606401226 0.45103180408477783 0
1675606401431 0.4516429007053375 0
1675606401649 0.44945523142814636 0
1675606401905 0.4443618953227997 0
1675606402108 0.45140913128852844 0
1675606402292 0.45395416021347046 0
1675606402504 0.4481961727142334 0
1675606402717 0.44765573740005493 0
1675606402908 0.4513775110244751 0
1675606403102 0.450045645236969 0
1675606403311 0.44711458683013916 0
1675606403553 0.44399428367614746 0
1675606403784 0.4430721700191498 0
1675606404007 0.44275176525115967 0
1675606404215 0.44485509395599365 0
1675606404473 0.4389238953590393 0
1675606404661 0.4480569660663605 0
1675606404901 0.4422042667865753 0
1675606405105 0.44340890645980835 0
1675606405303 0.44447770714759827 0
1675606405531 0.4374798536300659 0
1675606405741 0.4402185082435608 0
1675606405964 0.44103845953941345 0
1675606406166 0.44264551997184753 0
1675606406410 0.4335118532180786 0
1675606406616 0.4387095272541046 0
1675606406821 0.43843042850494385 0
1675606407076 0.4304901957511902 0
1675606407298 0.4357563555240631 0
1675606407527 0.4340156018733978 0
1675606407751 0.43233880400657654 0
1675606407964 0.43495815992355347 0
1675606408181 0.4325495958328247 0
1675606408429 0.42949405312538147 0
1675606408640 0.43501216173171997 0
1675606408845 0.43473130464553833 0
1675606409075 0.4303712248802185 0
1675606409333 0.4244072139263153 0
1675606409533 0.4316931664943695 0
1675606409741 0.42874884605407715 0
1675606409952 0.42736178636550903 0
1675606410184 0.42311733961105347 0
1675606410406 0.42459797859191895 0
1675606410654 0.4207388460636139 0
1675606410872 0.4228651821613312 0
1675606411073 0.42405322194099426 0
1675606411305 0.4189855754375458 0
1675606411536 0.41994452476501465 0
1675606411758 0.4198659658432007 0
1675606411975 0.4179929196834564 0
1675606412197 0.41770321130752563 0
1675606412405 0.4174186587333679 0
1675606412634 0.4134756326675415 0
1675606414038 0.4161224961280823 0
1675606414254 0.4147879481315613 0
1675606414495 0.409304141998291 0
1675606414715 0.41054314374923706 0
1675606414944 0.40784046053886414 0
1675606415155 0.40890106558799744 0
1675606415425 0.4033234119415283 0
1675606415678 0.4018053114414215 0
1675606415873 0.40752342343330383 0
1675606416126 0.40061649680137634 0
1675606416336 0.4031952917575836 0
1675606416582 0.39605796337127686 0
1675606416787 0.4007783830165863 0
1675606416980 0.40072017908096313 0
1675606417172 0.3994497060775757 0
1675606417406 0.3947242796421051 0
1675606417610 0.39551112055778503 0
1675606417815 0.3928975760936737 0
1675606418068 0.3850405514240265 0
1675606418301 0.38647717237472534 0
1675606418515 0.3869328498840332 0
1675606418697 0.388001412153244 0
1675606418903 0.38272181153297424 0
1675606419128 0.37932682037353516 0
1675606419349 0.3776519298553467 0
1675606419579 0.374681293964386 0
1675606419788 0.3749716579914093 0
1675606420025 0.36999672651290894 0
1675606420242 0.3705139458179474 0
1675606420483 0.3651490807533264 0
1675606420670 0.36860182881355286 0
1675606420868 0.36475902795791626 0
1675606421076 0.36084213852882385 0
1675606421286 0.3588622808456421 0
1675606421496 0.35586318373680115 0
1675606421727 0.3511675298213959 0
1675606421928 0.3515484631061554 0
1675606422127 0.34891197085380554 0
1675606422365 0.34357914328575134 0
1675606422600 0.34049975872039795 0
1675606422834 0.33744439482688904 0
1675606423050 0.33589887619018555 0
1675606423254 0.3340790271759033 0
1675606423499 0.32878944277763367 0
1675606423743 0.3257102966308594 0
1675606423977 0.32343176007270813 0
1675606424219 0.31878411769866943 0
1675606424417 0.3177964389324188 0
1675606424652 0.31130075454711914 0
1675606424842 0.3103792369365692 0
1675606425057 0.30593886971473694 0
1675606425279 0.30250829458236694 0
1675606425474 0.299042284488678 0
1675606425666 0.2952505648136139 0
1675606425906 0.28946730494499207 0
1675606426116 0.28613194823265076 0
1675606426319 0.28196412324905396 0
1675606426539 0.27735644578933716 0
1675606426764 0.2726890444755554 0
1675606427010 0.267684668302536 0
1675606427240 0.26453697681427 0
1675606427494 0.25926467776298523 0
1675606427753 0.2549729645252228 0
1675606427964 0.2506307363510132 0
1675606428213 0.24587209522724152 0
1675606428415 0.24092158675193787 0
1675606428675 0.23648686707019806 0
1675606428895 0.23178605735301971 0
1675606429126 0.2268896996974945 0
1675606429369 0.22273261845111847 0
1675606429581 0.21701408922672272 0
1675606429835 0.2135152816772461 0
1675606430061 0.20760095119476318 0
1675606430257 0.20063599944114685 0
1675606430464 0.19663266837596893 0
1675606430713 0.19405291974544525 0
1675606430945 0.18704649806022644 0
1675606431145 0.18048234283924103 0
1675606431341 0.17510008811950684 0
1675606431564 0.1718999594449997 0
1675606431779 0.16593676805496216 0
1675606431990 0.16104811429977417 0
1675606432196 0.1542876809835434 0
1675606432395 0.14916469156742096 0
1675606432646 0.14751464128494263 0
1675606432886 0.1440296471118927 0
1675606433077 0.1346103996038437 0
1675606433284 0.13198557496070862 0
1675606433506 0.12724770605564117 0
1675606433735 0.12440326064825058 0
1675606433964 0.12160569429397583 0
1675606434202 0.11633121967315674 0
1675606434402 0.1097022145986557 0
1675606434617 0.10700388997793198 0
1675606434856 0.10698957741260529 0
1675606435040 0.0960422232747078 0
1675606435266 0.09593216329813004 0
1675606435502 0.09652881324291229 0
1675606435700 0.08610260486602783 0
1675606435924 0.08683396875858307 0
1675606436140 0.0819050595164299 0
1675606436360 0.08095841109752655 0
1675606436592 0.07809752225875854 0
1675606436794 0.07278751581907272 0
1675606437003 0.07102911919355392 0
1675606437197 0.06529100239276886 0
1675606437435 0.06842116266489029 0
1675606437644 0.06300226598978043 0
1675606437850 0.060063231736421585 0
1675606438090 0.06324253976345062 0
1675606438305 0.05819474160671234 0
1675606438560 0.05552572384476662 0
1675606438810 0.056093160063028336 0
1675606439069 0.05439245328307152 0
1675606439283 0.050707705318927765 0
1675606439542 0.05394144728779793 0
1675606439755 0.047221068292856216 0
1675606439978 0.048593807965517044 0
1675606440208 0.0468837134540081 0
1675606440433 0.04621345177292824 0
1675606440655 0.04170374199748039 0
1675606440860 0.04041790962219238 0
1675606441077 0.04133488982915878 0
1675606441291 0.040160633623600006 0
1675606441538 0.044530004262924194 0
1675606441751 0.03782273828983307 0
1675606441985 0.04244542121887207 0
1675606442197 0.03624315187335014 0
1675606442429 0.03919454663991928 0
1675606442650 0.036270901560783386 0
1675606442857 0.03345368430018425 0
1675606443059 0.032478053122758865 0
1675606443269 0.032815296202898026 0
1675606443492 0.03523147851228714 0
1675606443697 0.03125244379043579 0
1675606443893 0.03097620978951454 0
1675606444113 0.03308038413524628 0
1675606444326 0.030843473970890045 0
1675606444556 0.03397082909941673 0
1675606444799 0.033945921808481216 0
1675606445013 0.030474655330181122 0
1675606445224 0.029340406879782677 0
1675606445448 0.03210300952196121 0
1675606445698 0.034237079322338104 0
1675606445919 0.02923070453107357 0
1675606446131 0.027576444670557976 0
1675606446348 0.029050571843981743 0
1675606446535 0.02355726808309555 0
1675606446753 0.028552694246172905 0
1675606446967 0.02779080905020237 0
1675606447167 0.025436613708734512 0
1675606447408 0.030520310625433922 0
1675606447626 0.025012856349349022 0
1675606447852 0.026516104117035866 0
1675606448050 0.02321895770728588 0
1675606448253 0.025011412799358368 0
1675606448487 0.028797321021556854 0
1675606449974 0.029226554557681084 0
1675606450211 0.028140781447291374 0
1675606450467 0.0317140631377697 0
1675606450673 0.023281248286366463 0
1675606450885 0.0251761507242918 0
1675606451108 0.02656504698097706 0
1675606451365 0.030933726578950882 0
1675606451619 0.032367441803216934 0
1675606451835 0.02479630336165428 0
1675606452058 0.026849176734685898 0
1675606452281 0.025471430271863937 0
1675606452502 0.025107374414801598 0
1675606452721 0.0249750055372715 0
1675606452939 0.023049689829349518 0
1675606453184 0.026428161188960075 0
1675606453437 0.027153432369232178 0
1675606453706 0.024343840777873993 0
1675606453972 0.02309601753950119 0
1675606454200 0.022045601159334183 0
1675606454448 0.025725509971380234 0
1675606454670 0.02383601665496826 0
1675606454924 0.02712177112698555 0
1675606455185 0.026619968935847282 0
1675606455416 0.023400740697979927 0
1675606455666 0.024860678240656853 0
1675606455925 0.025706538930535316 0
1675606456170 0.02479851432144642 0
1675606456438 0.028691785410046577 0
1675606456660 0.021180350333452225 0
1675606456933 0.029591361060738564 0
1675606457167 0.022244885563850403 0
1675606457388 0.02194914035499096 0
1675606457638 0.02394426055252552 0
1675606457859 0.02081351727247238 0
1675606458099 0.023205390200018883 0
1675606458323 0.023119842633605003 0
1675606458583 0.0265390332788229 0
1675606458826 0.024823253974318504 0
1675606459053 0.02070554718375206 0
1675606459290 0.02438437193632126 0
1675606459521 0.02223893813788891 0
1675606459745 0.02077946439385414 0
1675606459985 0.022771062329411507 0
1675606460234 0.020389223471283913 0
1675606460488 0.02476576529443264 0
1675606460752 0.027369223535060883 0
1675606461027 0.029188495129346848 0
1675606461306 0.03021889366209507 0
1675606461561 0.026179194450378418 0
1675606461792 0.021062618121504784 0
1675606462030 0.02275465615093708 0
1675606462281 0.02344050072133541 0
1675606462510 0.019711460918188095 0
1675606462775 0.026421669870615005 0
1675606463023 0.02255588211119175 0
1675606463267 0.02250532992184162 0
1675606463485 0.01961887627840042 0
1675606463737 0.023747380822896957 0
1675606464011 0.027906589210033417 0
1675606464291 0.02930556610226631 0
1675606464522 0.025418391451239586 0
1675606464743 0.02346610277891159 0
1675606464950 0.021521879360079765 0
1675606465159 0.021647922694683075 0
1675606465365 0.021632082760334015 0
1675606465585 0.02382403425872326 0
1675606465796 0.021258767694234848 0
1675606466018 0.025248121470212936 0
1675606466232 0.021964561194181442 0
1675606466462 0.024951191619038582 0
1675606466675 0.022439779713749886 0
1675606466879 0.019211653620004654 0
1675606467107 0.02305985428392887 0
1675606467302 0.018112823367118835 0
1675606467538 0.02525254525244236 0
1675606467756 0.02329203113913536 0
1675606467978 0.024260321632027626 0
1675606468198 0.0233699269592762 0
1675606468431 0.025148652493953705 0
1675606468672 0.023032933473587036 0
1675606468907 0.023107342422008514 0
1675606469135 0.020371796563267708 0
1675606469379 0.02385188266634941 0
1675606469590 0.020683450624346733 0
1675606469815 0.025552920997142792 0
1675606470025 0.023174162954092026 0
1675606470250 0.02205156721174717 0
1675606470466 0.020997559651732445 0
1675606470692 0.02389240637421608 0
1675606470898 0.02148396149277687 0
1675606471105 0.020629774779081345 0
1675606471356 0.02640409767627716 0
1675606471567 0.02157547138631344 0
1675606471791 0.02293534204363823 0
1675606472008 0.0221729539334774 0
1675606472212 0.02166871540248394 0
1675606472438 0.022572966292500496 0
1675606472645 0.02164454199373722 0
1675606472854 0.02135099284350872 0
1675606473090 0.02640177123248577 0
1675606473294 0.020570332184433937 0
1675606473507 0.021554088220000267 0
1675606473717 0.02212003991007805 0
1675606473916 0.019611671566963196 0
1675606474136 0.023750677704811096 0
1675606474380 0.026459481567144394 0
1675606474591 0.0216654222458601 0
1675606474829 0.026936905458569527 0
1675606475037 0.021327637135982513 0
1675606475250 0.02211710251867771 0
1675606475476 0.021918900310993195 0
1675606475695 0.021953804418444633 0
1675606475899 0.020647894591093063 0
1675606476117 0.023155970498919487 0
1675606476326 0.021379461511969566 0
1675606476532 0.020544102415442467 0
1675606476757 0.024718372151255608 0
1675606476996 0.027153436094522476 0
1675606477199 0.020305493846535683 0
1675606477471 0.02621239610016346 0
1675606477692 0.02180950529873371 0
1675606477915 0.023081189021468163 0
1675606478131 0.022926734760403633 0
1675606478371 0.024860840290784836 0
1675606478621 0.028987502679228783 0
1675606478861 0.026507515460252762 0
1675606479085 0.02407527156174183 0
1675606479298 0.02264842949807644 0
1675606479517 0.023167017847299576 0
1675606479739 0.023294225335121155 0
1675606479973 0.02637535333633423 0
1675606480194 0.023396465927362442 0
1675606480407 0.0221725981682539 0
1675606480620 0.022079648450016975 0
1675606480841 0.021352987736463547 0
1675606481052 0.0215326938778162 0
1675606481259 0.02068214677274227 0
1675606481466 0.02104461006820202 0
1675606481686 0.023475512862205505 0
1675606481903 0.02225649356842041 0
1675606482116 0.021167609840631485 0
1675606482311 0.019520435482263565 0
1675606482528 0.020520268008112907 0
1675606482750 0.023374026641249657 0
1675606482969 0.024405689910054207 0
1675606483179 0.021421901881694794 0
1675606483388 0.021058227866888046 0
1675606483609 0.021596403792500496 0
1675606483835 0.020756052806973457 0
1675606484070 0.02126195654273033 0
1675606484345 0.030604714527726173 0
1675606484569 0.02401556447148323 0
1675606484769 0.01929296925663948 0
1675606484984 0.022999392822384834 0
1675606485222 0.025908704847097397 0
1675606485415 0.018386058509349823 0
1675606485612 0.018564263358712196 0
1675606487095 0.026482174172997475 0
1675606487306 0.0204330924898386 0
1675606487523 0.023429429158568382 0
1675606487773 0.026437846943736076 0
1675606487974 0.02089361473917961 0
1675606488187 0.02100237086415291 0
1675606488399 0.021196981891989708 0
1675606488624 0.024509938433766365 0
1675606488841 0.02255445159971714 0
1675606489055 0.02031088061630726 0
1675606489289 0.025614600628614426 0
1675606489498 0.021246224641799927 0
1675606489693 0.018519792705774307 0
1675606489936 0.02876909449696541 0
1675606490173 0.026647360995411873 0
1675606490378 0.02115253172814846 0
1675606490609 0.024007055908441544 0
1675606490815 0.02075132541358471 0
1675606491033 0.02110031433403492 0
1675606491235 0.02055601216852665 0
1675606491438 0.020098207518458366 0
1675606491647 0.021434593945741653 0
1675606491874 0.0254167839884758 0
1675606492082 0.02104192227125168 0
1675606492321 0.02640044130384922 0
1675606492543 0.023619160056114197 0
1675606492793 0.02792595885694027 0
1675606493017 0.023862261325120926 0
1675606493222 0.021427612751722336 0
1675606493427 0.021230874583125114 0
1675606493618 0.018490776419639587 0
1675606493825 0.021577579900622368 0
1675606494051 0.02488970197737217 0
1675606494298 0.027190381661057472 0
1675606494505 0.02058432623744011 0
1675606494734 0.02202409692108631 0
1675606494959 0.024923259392380714 0
1675606495170 0.021847739815711975 0
1675606495354 0.017607130110263824 0
1675606495557 0.019895872101187706 0
1675606495820 0.029023103415966034 0
1675606496024 0.01890852116048336 0
1675606496257 0.025608813390135765 0
1675606496460 0.02102804370224476 0
1675606496687 0.02387329563498497 0
1675606496876 0.017665229737758636 0
1675606497094 0.02184278704226017 0
1675606497316 0.022705622017383575 0
1675606497549 0.025527428835630417 0
1675606497759 0.020636722445487976 0
1675606497966 0.021008392795920372 0
1675606498186 0.023111913353204727 0
1675606498424 0.02355724573135376 0
1675606498658 0.02158055081963539 0
1675606498891 0.02102111279964447 0
1675606499142 0.024450678378343582 0
1675606499357 0.021843016147613525 0
1675606499568 0.021451393142342567 0
1675606499803 0.025684330612421036 0
1675606500017 0.022410953417420387 0
1675606500224 0.021124962717294693 0
1675606500419 0.01851697824895382 0
1675606500628 0.0210551917552948 0
1675606500849 0.022887559607625008 0
1675606501097 0.026221422478556633 0
1675606501334 0.02534254640340805 0
1675606501575 0.025620179250836372 0
1675606501814 0.02649519219994545 0
1675606502074 0.03111172653734684 0
1675606502322 0.02867256850004196 0
1675606502558 0.025828300043940544 0
1675606502755 0.019216245040297508 0
1675606502974 0.023073803633451462 0
1675606503175 0.019662903621792793 0
1675606503399 0.024515386670827866 0
1675606503622 0.02342626266181469 0
1675606503840 0.022727034986019135 0
1675606504037 0.019029881805181503 0
1675606504256 0.02326197735965252 0
1675606504466 0.021844863891601562 0
1675606504676 0.02083735354244709 0
1675606504926 0.02773621492087841 0
1675606505141 0.022804511711001396 0
1675606505349 0.021147865802049637 0
1675606505556 0.021106047555804253 0
1675606505757 0.01985117979347706 0
1675606505977 0.022600317373871803 0
1675606506199 0.021499820053577423 0
1675606506414 0.02316889725625515 0
1675606506632 0.02243388444185257 0
1675606506852 0.022822296246886253 0
1675606507081 0.025077277794480324 0
1675606507290 0.020890798419713974 0
1675606507536 0.022261202335357666 0
1675606507811 0.02816854417324066 0
1675606508031 0.021938228979706764 0
1675606508240 0.021323908120393753 0
1675606508482 0.02697720378637314 0
1675606508702 0.020844683051109314 0
1675606508932 0.025674395263195038 0
1675606509141 0.021738843992352486 0
1675606509340 0.019050035625696182 0
1675606509547 0.020135652273893356 0
1675606509770 0.02284596487879753 0
1675606509971 0.01992863044142723 0
1675606510154 0.01690635271370411 0
1675606510381 0.02421407215297222 0
1675606510597 0.02305985987186432 0
1675606510806 0.020587392151355743 0
1675606511016 0.021265121176838875 0
1675606511245 0.024427225813269615 0
1675606511470 0.0238532442599535 0
1675606511670 0.02099579945206642 0
1675606511908 0.024794645607471466 0
1675606512134 0.020550116896629333 0
1675606512372 0.024729322642087936 0
1675606512602 0.02500953897833824 0
1675606512803 0.01935509592294693 0
1675606513045 0.026428300887346268 0
1675606513263 0.02237425558269024 0
1675606513454 0.016980931162834167 0
1675606513695 0.02314654365181923 0
1675606513937 0.023138966411352158 0
1675606514215 0.02899821847677231 0
1675606514461 0.02435874566435814 0
1675606514677 0.02356548234820366 0
1675606514915 0.025562889873981476 0
1675606515162 0.027850765734910965 0
1675606515384 0.023325040936470032 0
1675606515580 0.01929606683552265 0
1675606515808 0.02511761523783207 0
1675606516027 0.022208604961633682 0
1675606516253 0.023988870903849602 0
1675606516472 0.022563759237527847 0
1675606516682 0.02136707305908203 0
1675606516913 0.024079397320747375 0
1675606517138 0.02342205122113228 0
1675606517361 0.022253330796957016 0
1675606517610 0.027055514976382256 0
1675606517834 0.025313984602689743 0
1675606518052 0.0224500373005867 0
1675606518275 0.022487511858344078 0
1675606518519 0.025115517899394035 0
1675606518753 0.024630649015307426 0
1675606518955 0.02115219458937645 0
1675606519182 0.02405722625553608 0
1675606519392 0.022304346784949303 0
1675606519611 0.023363592103123665 0
1675606519853 0.026807626709342003 0
1675606520057 0.020233413204550743 0
1675606520269 0.021810118108987808 0
1675606520480 0.021893324330449104 0
1675606520702 0.02314474806189537 0
1675606520954 0.024693822488188744 0
1675606521172 0.022843942046165466 0
1675606521392 0.02200383134186268 0
1675606521611 0.023416826501488686 0
1675606523104 0.023632250726222992 0
1675606523315 0.022260157391428947 0
1675606523583 0.02713499218225479 0
1675606523791 0.021397190168499947 0
1675606524004 0.021946486085653305 0
1675606524214 0.020776625722646713 0
1675606524438 0.023290658369660378 0
1675606524678 0.026917457580566406 0
1675606524894 0.02231946960091591 0
1675606525159 0.031440164893865585 0
1675606525364 0.021128544583916664 0
1675606525601 0.02567848190665245 0
1675606525816 0.02262839302420616 0
1675606526058 0.025421051308512688 0
1675606526271 0.021867796778678894 0
1675606526486 0.022280531004071236 0
1675606526719 0.025695519521832466 0
1675606526953 0.025397446006536484 0
1675606527172 0.023365847766399384 0
1675606527415 0.025281749665737152 0
1675606527606 0.017145490273833275 0
1675606527848 0.025161558762192726 0
1675606528057 0.021340766921639442 0
1675606528281 0.022075748071074486 0
1675606528520 0.024819370359182358 0
1675606528769 0.023109856992959976 0
1675606529009 0.02393111027777195 0
1675606529289 0.02266404964029789 0
1675606529529 0.02601143904030323 0
1675606529721 0.01845141500234604 0
1675606529930 0.021514393389225006 0
1675606530146 0.021864470094442368 0
1675606530384 0.02452383190393448 0
1675606530594 0.021398372948169708 0
1675606530796 0.01914535090327263 0
1675606531024 0.02581064961850643 0
1675606531244 0.022774560377001762 0
1675606531457 0.022230425849556923 0
1675606531719 0.02820545993745327 0
1675606531947 0.02501581609249115 0
1675606532158 0.020544210448861122 0
1675606532377 0.022728828713297844 0
1675606532602 0.024196822196245193 0
1675606532836 0.024334078654646873 0
1675606533074 0.024993544444441795 0
1675606533295 0.023632310330867767 0
1675606533506 0.022256433963775635 0
1675606533742 0.025605211034417152 0
1675606533958 0.022282607853412628 0
1675606534204 0.027578873559832573 0
1675606534439 0.02588547393679619 0
1675606534660 0.023291323333978653 0
1675606534900 0.026640890166163445 0
1675606535112 0.021895447745919228 0
1675606535327 0.02165810763835907 0
1675606535525 0.019901882857084274 0
1675606535752 0.024078035727143288 0
1675606535997 0.026600033044815063 0
1675606536207 0.021763108670711517 0
1675606536418 0.020994484424591064 0
1675606536619 0.019886961206793785 0
1675606536834 0.02226460538804531 0
1675606537028 0.018947800621390343 0
1675606537232 0.019146891310811043 0
1675606537451 0.021739626303315163 0
1675606537657 0.02049550600349903 0
1675606537899 0.026232223957777023 0
1675606538106 0.02027745731174946 0
1675606538308 0.020030856132507324 0
1675606538517 0.020649781450629234 0
1675606538708 0.017957869917154312 0
1675606538924 0.021797196939587593 0
1675606539133 0.02098158746957779 0
1675606539329 0.01879969611763954 0
1675606539569 0.025867650285363197 0
1675606539787 0.022885246202349663 0
1675606540012 0.023378826677799225 0
1675606540213 0.01956641674041748 0
1675606540424 0.02146672084927559 0
1675606540651 0.024525728076696396 0
1675606540919 0.030148880556225777 0
1675606541123 0.01999124325811863 0
1675606541340 0.022315407171845436 0
1675606541569 0.023454265668988228 0
1675606541772 0.019916396588087082 0
1675606542010 0.02623993158340454 0
1675606542235 0.02468128129839897 0
1675606542455 0.023241298273205757 0
1675606542703 0.026822656393051147 0
1675606542947 0.026541128754615784 0
1675606543148 0.020126773044466972 0
1675606543355 0.020588461309671402 0
1675606543623 0.026762276887893677 0
1675606543857 0.020645644515752792 0
1675606544103 0.01925988495349884 0
1675606544297 0.018598968163132668 0
1675606544550 0.024450242519378662 0
1675606544768 0.022672249004244804 0
1675606544986 0.02362685091793537 0
1675606545209 0.023299096152186394 0
1675606545418 0.021350475028157234 0
1675606545629 0.021411260589957237 0
1675606545861 0.024493061006069183 0
1675606546080 0.02270319312810898 0
1675606546293 0.022386783733963966 0
1675606546486 0.01946975477039814 0
1675606546727 0.026372410356998444 0
1675606546921 0.01866183802485466 0
1675606547131 0.020719381049275398 0
1675606547347 0.020261408761143684 0
1675606547557 0.02058209665119648 0
1675606547778 0.023821000009775162 0
1675606548018 0.026036174967885017 0
1675606548275 0.028498906642198563 0
1675606548488 0.0209089033305645 0
1675606548719 0.022964442148804665 0
1675606548927 0.02004523016512394 0
1675606549185 0.022906655445694923 0
1675606549402 0.021901089698076248 0
1675606549626 0.022618958726525307 0
1675606549861 0.024498630315065384 0
1675606550059 0.01942257210612297 0
1675606550276 0.022738998755812645 0
1675606550493 0.021384578198194504 0
1675606550717 0.02413947880268097 0
1675606550950 0.02400284819304943 0
1675606551174 0.024381503462791443 0
1675606551473 0.034390728920698166 0
1675606551685 0.02189631387591362 0
1675606551889 0.020390985533595085 0
1675606552102 0.01930244266986847 0
1675606552306 0.019540628418326378 0
1675606552540 0.021364277228713036 0
1675606552765 0.02195974811911583 0
1675606553019 0.026141034439206123 0
1675606553244 0.022180454805493355 0
1675606553455 0.021581709384918213 0
1675606553690 0.02541462518274784 0
1675606553927 0.025883588939905167 0
1675606554150 0.024529630318284035 0
1675606554349 0.019381515681743622 0
1675606554578 0.023031629621982574 0
1675606554764 0.0171571746468544 0
1675606554974 0.01984935812652111 0
1675606555187 0.021757278591394424 0
1675606555414 0.025137057527899742 0
1675606555611 0.0193936750292778 0
1675606555790 0.015592552721500397 0
1675606556009 0.021935157477855682 0
1675606556273 0.029622377827763557 0
1675606556531 0.02932160347700119 0
1675606556736 0.020375661551952362 0
1675606556941 0.020389374345541 0
1675606557155 0.022038286551833153 0
1675606557384 0.02247178740799427 0
1675606557599 0.021153049543499947 0
1675606557829 0.025609062984585762 0
