1675981247947 0.017179465293884276 0
1675981248051 0.6818322658538818 40
1675981248126 0.6747196674346924 80
1675981248182 0.6677849769592286 120
1675981248240 0.6604022026062012 160
1675981248296 0.6504226684570312 200
1675981248361 0.6327666759490966 240
1675981248419 0.6331964492797851 280
1675981248480 0.6150435924530029 320
1675981248544 0.6012796878814697 360
1675981248635 0.5898435592651368 400
1675981248708 0.5665988922119141 440
1675981248765 0.5834372520446778 480
1675981248833 0.5582594871520996 520
1675981248898 0.5359821319580078 560
1675981248983 0.5683726310729981 600
1675981249049 0.5597140789031982 640
1675981249110 0.5423069477081299 680
1675981249189 0.5467799186706543 720
1675981249248 0.5547364711761474 760
1675981249304 0.5380362033843994 800
1675981249390 0.5373777389526367 840
1675981249454 0.5408717155456543 880
1675981249571 0.5254788398742676 920
1675981249633 0.5285263538360596 960
1675981249688 0.5208535671234131 1000
1675981249749 0.5228400707244873 1040
1675981249803 0.5244814395904541 1080
1675981249863 0.5082087039947509 1120
1675981249924 0.47871689796447753 1160
1675981249979 0.502595329284668 1200
1675981250040 0.5032138347625732 1240
1675981250096 0.5068617820739746 1280
1675981250151 0.4760162353515625 1320
1675981250205 0.4729592323303223 1360
1675981250257 0.45920705795288086 1400
1675981250312 0.47521448135375977 1440
1675981250366 0.4682117462158203 1480
1675981250419 0.4662928581237793 1520
1675981250476 0.4284146785736084 1560
1675981250535 0.46285171508789064 1600
1675981250587 0.46474852561950686 1640
1675981250643 0.4273677349090576 1680
1675981250697 0.4441344738006592 1720
1675981250758 0.42697458267211913 1760
1675981250819 0.42618765830993655 1800
1675981250885 0.40120601654052734 1840
1675981250939 0.41212778091430663 1880
1675981250997 0.38802642822265626 1920
1675981251049 0.3770550966262817 1960
1675981251106 0.3558453321456909 2000
1675981251165 0.3623933792114258 2040
1675981251233 0.40437984466552734 2080
1675981251285 0.3368865728378296 2120
1675981251340 0.3491488218307495 2160
1675981251404 0.33847362995147706 2200
1675981251466 0.3307894945144653 2240
1675981251534 0.36122851371765136 2280
1675981251591 0.32574565410614015 2320
1675981251702 0.31507995128631594 2360
1675981251799 0.32016122341156006 2400
1675981251858 0.3169281244277954 2440
1675981251912 0.33492217063903806 2480
1675981251965 0.2859277009963989 2520
1675981252025 0.30606937408447266 2560
1675981252084 0.2474964141845703 2600
1675981252136 0.31218392848968507 2640
1675981252199 0.27108352184295653 2680
1675981252255 0.24006218910217286 2720
1675981252313 0.3061896562576294 2760
1675981252371 0.34479560852050783 2800
1675981252433 0.26247854232788087 2840
1675981252489 0.31124637126922605 2880
1675981252550 0.3081162929534912 2920
1675981252605 0.29835364818572996 2960
1675981252669 0.2798206090927124 3000
1675981252728 0.2920315980911255 3040
1675981252788 0.304536771774292 3080
1675981252844 0.30576267242431643 3120
1675981252918 0.2419372320175171 3160
1675981253010 0.2576017379760742 3200
1675981253107 0.24128270149230957 3240
1675981253170 0.29337759017944337 3280
1675981253255 0.2639626502990723 3320
1675981253319 0.3013561725616455 3360
1675981253379 0.3032037019729614 3400
1675981253462 0.2388990879058838 3440
1675981253552 0.29640817642211914 3480
1675981253629 0.28504343032836915 3520
1675981253685 0.23678357601165773 3560
1675981253740 0.22695744037628174 3600
1675981253800 0.2582180261611938 3640
1675981253864 0.21266345977783202 3680
1675981253925 0.22923605442047118 3720
1675981253980 0.2934962272644043 3760
1675981254036 0.23841578960418702 3800
1675981254089 0.24656813144683837 3840
1675981254143 0.24218430519104003 3880
1675981254196 0.2232443332672119 3920
1675981254258 0.29104435443878174 3960
1675981254314 0.23911819458007813 4000
1675981254375 0.24095697402954103 4040
1675981254431 0.23286566734313965 4080
1675981254494 0.26944770812988283 4120
1675981254550 0.2614216089248657 4160
1675981254649 0.21157667636871338 4200
1675981254741 0.2572807312011719 4240
1675981254800 0.24724974632263183 4280
1675981254882 0.21764812469482422 4320
1675981254937 0.18386170864105225 4360
1675981254993 0.23245549201965332 4400
1675981255048 0.22393524646759033 4440
1675981255103 0.20096220970153808 4480
1675981255158 0.1928354024887085 4520
1675981255216 0.24248793125152587 4560
1675981255270 0.2803435087203979 4600
1675981255328 0.21207947731018068 4640
1675981255387 0.20076515674591064 4680
1675981255447 0.2369063138961792 4720
1675981255503 0.2084059715270996 4760
1675981255604 0.18981634378433226 4800
1675981255666 0.1968515396118164 4840
1675981255722 0.17667653560638427 4880
1675981255780 0.15233324766159057 4920
1675981255869 0.17893279790878297 4960
1675981255920 0.1844603419303894 5000
1675981255993 0.17812446355819703 5040
1675981256063 0.16945858001708985 5080
1675981256118 0.19820630550384521 5120
1675981256178 0.22512633800506593 5160
1675981256229 0.13162726163864136 5200
1675981256287 0.20973169803619385 5240
1675981256343 0.1685038447380066 5280
1675981256397 0.2002173662185669 5320
1675981256452 0.17783974409103392 5360
1675981256509 0.19365609884262086 5400
1675981256591 0.14293192625045775 5440
1675981256650 0.21237499713897706 5480
1675981256707 0.18874610662460328 5520
1675981256793 0.18339345455169678 5560
1675981256871 0.18600226640701295 5600
1675981256937 0.19593209028244019 5640
1675981256999 0.14469043016433716 5680
1675981257051 0.21297879219055177 5720
1675981257126 0.16799275875091552 5760
1675981257196 0.14235583543777466 5800
1675981257282 0.2137049436569214 5840
1675981257410 0.15506917238235474 5880
1675981257506 0.2043147325515747 5920
1675981257607 0.23134024143218995 5960
1675981257694 0.18201127052307128 6000
1675981257785 0.18659743070602416 6040
1675981257878 0.1529775857925415 6080
1675981257985 0.12613497972488402 6120
1675981258077 0.15745246410369873 6160
1675981258167 0.15424368381500245 6200
1675981258256 0.1372453451156616 6240
1675981258345 0.16632224321365358 6280
1675981258432 0.20725958347320556 6320
1675981258534 0.18495346307754518 6360
1675981258592 0.20075349807739257 6400
1675981258651 0.14148461818695068 6440
1675981258742 0.1565474271774292 6480
1675981258833 0.16347478628158568 6520
1675981258907 0.21035571098327638 6560
1675981259037 0.16910918951034545 6600
1675981259132 0.14113643169403076 6640
1675981259213 0.1786051869392395 6680
1675981259276 0.18859001398086547 6720
1675981259330 0.1697773218154907 6760
1675981259395 0.16107666492462158 6800
1675981259447 0.1474589467048645 6840
1675981259509 0.14798011779785156 6880
1675981259583 0.14269856214523316 6920
1675981259644 0.15147809982299804 6960
1675981259703 0.16323498487472535 7000
1675981259766 0.1538441300392151 7040
1675981259827 0.171541166305542 7080
1675981259889 0.1390653133392334 7120
1675981259946 0.18539037704467773 7160
1675981260012 0.16819252967834472 7200
1675981260066 0.13690067529678346 7240
1675981260128 0.12701557874679564 7280
1675981260188 0.15273855924606322 7320
1675981260242 0.13666989803314208 7360
1675981260294 0.11795039176940918 7400
1675981260353 0.17521374225616454 7440
1675981260410 0.12397556304931641 7480
1675981260481 0.1594391345977783 7520
1675981260540 0.21288111209869384 7560
1675981260597 0.1677593469619751 7600
1675981260655 0.16248686313629152 7640
1675981260715 0.13228111267089843 7680
1675981260773 0.1684627890586853 7720
1675981260825 0.13993533849716186 7760
1675981260885 0.14609581232070923 7800
1675981260943 0.11430492401123046 7840
1675981260997 0.17141374349594116 7880
1675981261066 0.14401899576187133 7920
1675981261125 0.16245447397232055 7960
1675981261181 0.13083168268203735 8000
1675981261239 0.18710215091705323 8040
1675981261297 0.18254796266555787 8080
1675981261361 0.12637537717819214 8120
1675981261423 0.15859003067016603 8160
1675981261536 0.09422389268875123 8200
1675981261610 0.14919477701187134 8240
1675981261718 0.15341591835021973 8280
1675981261808 0.15291234254837036 8320
1675981261872 0.1276863694190979 8360
1675981261930 0.16682969331741332 8400
1675981261985 0.13317679166793822 8440
1675981262042 0.11499005556106567 8480
1675981262100 0.14716746807098388 8520
1675981262164 0.12812694311141967 8560
1675981262237 0.1472302794456482 8600
1675981262304 0.17783963680267334 8640
1675981262358 0.15317127704620362 8680
1675981262411 0.1129792332649231 8720
1675981262473 0.12761051654815675 8760
1675981262531 0.1366950273513794 8800
1675981262588 0.14562445878982544 8840
1675981262654 0.15594711303710937 8880
1675981262718 0.12812472581863404 8920
1675981262774 0.10905041694641113 8960
1675981262834 0.13340561389923095 9000
1675981262894 0.15851895809173583 9040
1675981262961 0.15782723426818848 9080
1675981263064 0.13720513582229615 9120
1675981263137 0.13967010974884034 9160
1675981263313 0.10495195388793946 9200
1675981263376 0.16030590534210204 9240
1675981263440 0.10031999349594116 9280
1675981263500 0.1470380187034607 9320
1675981263591 0.13265432119369508 9360
1675981263669 0.1431376576423645 9400
1675981263723 0.14551817178726195 9440
1675981263777 0.11092629432678222 9480
1675981263842 0.14298052787780763 9520
1675981263900 0.13465579748153686 9560
1675981263958 0.13633791208267212 9600
1675981264019 0.13387136459350585 9640
1675981264077 0.11044992208480835 9680
1675981264131 0.14052788019180298 9720
1675981264187 0.10019458532333374 9760
1675981264244 0.1749146819114685 9800
1675981264312 0.1778325080871582 9840
1675981264375 0.11588380336761475 9880
1675981264432 0.14865213632583618 9920
1675981264490 0.1319788932800293 9960
1675981264542 0.18283063173294067 10000
1675981264618 0.14678587913513183 10040
1675981265076 0.09458972811698914 10080
1675981265169 0.15175340175628663 10120
1675981265219 0.1191450834274292 10160
1675981265278 0.1357942581176758 10200
1675981265335 0.13374569416046142 10240
1675981265395 0.138124680519104 10280
1675981265448 0.15268028974533082 10320
1675981265507 0.13387269973754884 10360
1675981265558 0.193519926071167 10400
1675981265616 0.11658022403717042 10440
1675981265675 0.1219598650932312 10480
1675981265733 0.13875508308410645 10520
1675981265789 0.11780229806900025 10560
1675981265877 0.14022388458251953 10600
1675981265942 0.12984312772750856 10640
1675981266072 0.14829859733581544 10680
1675981266139 0.14765496253967286 10720
1675981266194 0.15661929845809935 10760
1675981266250 0.12297059297561645 10800
1675981266309 0.15708402395248414 10840
1675981266371 0.11573059558868408 10880
1675981266427 0.0987016201019287 10920
1675981266489 0.1593894362449646 10960
1675981266557 0.1683344841003418 11000
1675981266628 0.11913561820983887 11040
1675981266691 0.13643057346343995 11080
1675981266800 0.11191540956497192 11120
1675981266869 0.14121280908584594 11160
1675981266927 0.15868735313415527 11200
1675981266992 0.10491169691085815 11240
1675981267047 0.1153334140777588 11280
1675981267107 0.12915656566619874 11320
1675981267161 0.13053390979766846 11360
1675981267245 0.08975638151168823 11400
1675981267303 0.0853052020072937 11440
1675981267362 0.10290544033050537 11480
1675981267419 0.1578693389892578 11520
1675981267475 0.14382315874099733 11560
1675981267533 0.10996997356414795 11600
1675981267585 0.1270345687866211 11640
1675981267639 0.12975209951400757 11680
1675981267690 0.1158146858215332 11720
1675981267748 0.15624706745147704 11760
1675981267812 0.09783867001533508 11800
1675981267875 0.10953761339187622 11840
1675981267951 0.11376327276229858 11880
1675981268017 0.1462942123413086 11920
1675981268082 0.09356432557106018 11960
1675981268149 0.12580208778381347 12000
1675981268206 0.10190482139587402 12040
1675981268264 0.14541627168655397 12080
1675981268324 0.1469947576522827 12120
1675981268381 0.11681463718414306 12160
1675981268441 0.1290606141090393 12200
1675981268514 0.11394342184066772 12240
1675981268576 0.12341895103454589 12280
1675981268681 0.15335164070129395 12320
1675981268735 0.11995160579681396 12360
1675981268798 0.10688612461090088 12400
1675981268854 0.105018150806427 12440
1675981268977 0.1245891809463501 12480
1675981269060 0.125265371799469 12520
1675981269126 0.11176601648330689 12560
1675981269200 0.11963131427764892 12600
1675981269276 0.11011251211166381 12640
1675981269338 0.09250239729881286 12680
1675981269417 0.11180042028427124 12720
1675981269482 0.06481322646141052 12760
1675981269582 0.11005678176879882 12800
1675981269647 0.13776061534881592 12840
1675981269704 0.1150388240814209 12880
1675981269786 0.1045525074005127 12920
1675981269840 0.1069253921508789 12960
1675981269898 0.10220047235488891 13000
1675981269956 0.14267261028289796 13040
1675981270012 0.10105834007263184 13080
1675981270069 0.11929490566253662 13120
1675981270124 0.13759552240371703 13160
1675981270178 0.085878187417984 13200
1675981270234 0.09555684328079224 13240
1675981270286 0.08701483011245728 13280
1675981270348 0.121576988697052 13320
1675981270412 0.10458920001983643 13360
1675981270466 0.120669686794281 13400
1675981270520 0.11219542026519776 13440
1675981270575 0.10264647006988525 13480
1675981270635 0.12049819231033325 13520
1675981270687 0.12332386970520019 13560
1675981270746 0.11502503156661988 13600
1675981270800 0.07255980372428894 13640
1675981270857 0.12904577255249022 13680
1675981270910 0.08589337468147278 13720
1675981270969 0.07829279899597168 13760
1675981271029 0.11426986455917358 13800
1675981271081 0.08307842016220093 13840
1675981271137 0.11715492010116577 13880
1675981271196 0.09939862489700317 13920
1675981271261 0.10108394622802734 13960
1675981271317 0.12435837984085082 14000
1675981271421 0.10208209753036498 14040
1675981271570 0.10524355173110962 14080
1675981271654 0.08804075121879577 14120
1675981271713 0.11258554458618164 14160
1675981271778 0.13732268810272216 14200
1675981271839 0.11058807373046875 14240
1675981271898 0.11065723896026611 14280
1675981271959 0.11839460134506226 14320
1675981272024 0.06818553209304809 14360
1675981272084 0.10015947818756103 14400
1675981272156 0.08969237208366394 14440
1675981272230 0.10732083320617676 14480
1675981272327 0.09001996517181396 14520
1675981272419 0.1055977463722229 14560
1675981272509 0.09390600323677063 14600
1675981272592 0.15617952346801758 14640
1675981272691 0.12211157083511352 14680
1675981272753 0.08694509863853454 14720
1675981272845 0.11398736238479615 14760
1675981272940 0.09822367429733277 14800
1675981273018 0.09321876168251038 14840
1675981273187 0.10930894613265991 14880
1675981273250 0.0823681652545929 14920
1675981273341 0.09839503169059753 14960
1675981273407 0.08646034598350524 15000
1675981273476 0.08049118518829346 15040
1675981273641 0.07908250689506531 15080
1675981273695 0.09447823762893677 15120
1675981273801 0.07903127670288086 15160
1675981273862 0.1320739507675171 15200
1675981273918 0.07721222043037415 15240
1675981273978 0.08997305631637573 15280
1675981274039 0.08664291501045226 15320
1675981274099 0.10116928815841675 15360
1675981274154 0.08518314957618714 15400
1675981274215 0.10618710517883301 15440
1675981274272 0.0795753002166748 15480
1675981274330 0.1140406608581543 15520
1675981274407 0.10020503997802735 15560
1675981274465 0.12192877531051635 15600
1675981274525 0.10344142913818359 15640
1675981274602 0.08689489960670471 15680
1675981274662 0.09219668507575988 15720
1675981274756 0.10262475013732911 15760
1675981274821 0.091573828458786 15800
1675981274893 0.08034881353378295 15840
1675981274959 0.10070323944091797 15880
1675981275023 0.09061200022697449 15920
1675981275090 0.10665411949157715 15960
1675981275161 0.13330039978027344 16000
1675981275248 0.10450156927108764 16040
1675981275319 0.0932600200176239 16080
1675981275389 0.08243361115455627 16120
1675981275445 0.05310661196708679 16160
1675981275507 0.10877391099929809 16200
1675981275561 0.08065013289451599 16240
1675981275622 0.07938437461853028 16280
1675981275677 0.08188259005546569 16320
1675981275733 0.10633465051651 16360
1675981275788 0.09487659335136414 16400
1675981275869 0.10721514225006104 16440
1675981275946 0.0855467975139618 16480
1675981276015 0.0944475769996643 16520
1675981276078 0.07470002174377441 16560
1675981276144 0.10201070308685303 16600
1675981276215 0.08838319778442383 16640
1675981276286 0.09124287962913513 16680
1675981276350 0.0825135886669159 16720
1675981276424 0.12824995517730714 16760
1675981276480 0.08759132027626038 16800
1675981276537 0.079163658618927 16840
1675981276602 0.07701036930084229 16880
1675981276666 0.09189964532852173 16920
1675981276753 0.06177746057510376 16960
1675981276828 0.0817959487438202 17000
1675981276895 0.08726783990859985 17040
1675981276951 0.08978779315948486 17080
1675981277014 0.09692866802215576 17120
1675981277071 0.07185964584350586 17160
1675981277127 0.08320578336715698 17200
1675981277186 0.09557663202285767 17240
1675981277244 0.07721413969993592 17280
1675981277300 0.06706404685974121 17320
1675981277365 0.09197753667831421 17360
1675981277421 0.07340600490570068 17400
1675981277489 0.06993350982666016 17440
1675981277552 0.11649383306503296 17480
1675981277609 0.06134459376335144 17520
1675981277664 0.06807100772857666 17560
1675981277724 0.13398207426071168 17600
1675981277779 0.09499195218086243 17640
1675981277841 0.07451331615447998 17680
1675981277905 0.08727070689201355 17720
1675981277967 0.10276880264282226 17760
1675981278075 0.08658356070518494 17800
1675981278133 0.0637346088886261 17840
1675981278190 0.05415592789649963 17880
1675981278244 0.09356614351272582 17920
1675981278308 0.07036118507385254 17960
1675981278372 0.0830358624458313 18000
1675981278436 0.06675218343734741 18040
1675981278524 0.11098066568374634 18080
1675981278583 0.11226481199264526 18120
1675981278717 0.0665387749671936 18160
1675981278776 0.08233712315559387 18200
1675981278839 0.06353371739387512 18240
1675981278905 0.07108874917030335 18280
1675981279044 0.08735021352767944 18320
1675981279179 0.09933658242225647 18360
1675981279249 0.06306383609771729 18400
1675981279306 0.07519527077674866 18440
1675981279450 0.0658121407032013 18480
1675981279537 0.05995691418647766 18520
1675981279595 0.08010920882225037 18560
1675981279660 0.0678896963596344 18600
1675981279730 0.07873988747596741 18640
1675981279788 0.08625800013542176 18680
1675981279852 0.07966864109039307 18720
1675981279908 0.05241038203239441 18760
1675981279967 0.0800235390663147 18800
1675981280017 0.07508900761604309 18840
1675981280079 0.07994195818901062 18880
1675981280135 0.08257480859756469 18920
1675981280193 0.07833772301673889 18960
1675981280249 0.06197609305381775 19000
1675981280306 0.07205279469490052 19040
1675981280368 0.08128406405448914 19080
1675981280429 0.08462643027305602 19120
1675981280485 0.07545153498649597 19160
1675981280540 0.09578449726104736 19200
1675981280604 0.05806009173393249 19240
1675981280664 0.08643733859062194 19280
1675981280718 0.05575630068778992 19320
1675981280776 0.07712758779525757 19360
1675981280842 0.056478065252304074 19400
1675981280900 0.08575841784477234 19440
1675981280952 0.09549173712730408 19480
1675981281012 0.08295740485191345 19520
1675981281069 0.0776524543762207 19560
1675981281129 0.08421149849891663 19600
1675981281184 0.09349202513694763 19640
1675981281251 0.06874507665634155 19680
1675981281304 0.05328346490859985 19720
1675981281384 0.08436903357505798 19760
1675981281444 0.0476180762052536 19800
1675981281545 0.08637834191322327 19840
1675981281629 0.11708767414093017 19880
1675981281716 0.0687860131263733 19920
1675981281820 0.0839197278022766 19960
1675981281888 0.06414012908935547 20000
1675981281941 0.09792605638504029 20040
1675981281998 0.10105059146881104 20080
1675981282441 0.054155266284942626 20120
1675981282503 0.07255043983459472 20160
1675981282563 0.06560328006744384 20200
1675981282624 0.07986834049224853 20240
1675981282690 0.06520552635192871 20280
1675981282759 0.09548763036727906 20320
1675981282813 0.08197835087776184 20360
1675981282882 0.0944428026676178 20400
1675981282960 0.11428266763687134 20440
1675981283029 0.08066391944885254 20480
1675981283124 0.05113133192062378 20520
1675981283194 0.09741147756576538 20560
1675981283268 0.0607601523399353 20600
1675981283336 0.07058717608451844 20640
1675981283397 0.07383942604064941 20680
1675981283460 0.10225656032562255 20720
1675981283541 0.07815664410591125 20760
1675981283660 0.08243323564529419 20800
1675981283727 0.09543870687484741 20840
1675981283786 0.0866253912448883 20880
1675981283850 0.08634472489356995 20920
1675981283913 0.05593071579933166 20960
1675981283976 0.10781433582305908 21000
1675981284039 0.11187376976013183 21040
1675981284100 0.09382307529449463 21080
1675981284164 0.0787042260169983 21120
1675981284223 0.06794805526733398 21160
1675981284279 0.06346402764320373 21200
1675981284340 0.10241737365722656 21240
1675981284403 0.08584673404693603 21280
1675981284458 0.07425261735916137 21320
1675981284524 0.06674978137016296 21360
1675981284603 0.07525302767753601 21400
1675981284660 0.05875251293182373 21440
1675981284723 0.05841080546379089 21480
1675981284820 0.05220662355422974 21520
1675981284883 0.09903187751770019 21560
1675981284942 0.06330856680870056 21600
1675981285000 0.06864897608757019 21640
1675981285058 0.07176831364631653 21680
1675981285112 0.07369309067726135 21720
1675981285172 0.07939914464950562 21760
1675981285226 0.0924925148487091 21800
1675981285283 0.07427103519439697 21840
1675981285342 0.05879728794097901 21880
1675981285405 0.07552105784416199 21920
1675981285460 0.1064924955368042 21960
1675981285527 0.0628598153591156 22000
1675981285584 0.07271491289138794 22040
1675981285642 0.07864696979522705 22080
1675981285724 0.07980364561080933 22120
1675981285785 0.09443888068199158 22160
1675981285852 0.08846480250358582 22200
1675981285910 0.0646730899810791 22240
1675981286007 0.07924704551696778 22280
1675981286070 0.08796116709709167 22320
1675981286136 0.10195165872573853 22360
1675981286191 0.07424255609512329 22400
1675981286250 0.069586580991745 22440
1675981286308 0.06697741746902466 22480
1675981286368 0.08927739858627319 22520
1675981286422 0.08596022129058838 22560
1675981286490 0.07032064199447632 22600
1675981286561 0.08208626508712769 22640
1675981286639 0.07524864673614502 22680
1675981286700 0.058125394582748416 22720
1675981286802 0.0516910970211029 22760
1675981286869 0.04261753857135773 22800
1675981286932 0.06411170363426208 22840
1675981286999 0.07758833765983582 22880
1675981287061 0.08503099679946899 22920
1675981287158 0.05124441385269165 22960
1675981287246 0.08224992156028747 23000
1675981287381 0.06785857677459717 23040
1675981287471 0.10621836185455322 23080
1675981287566 0.06085118651390076 23120
1675981287668 0.07816817164421082 23160
1675981287729 0.07489920854568481 23200
1675981287789 0.06043597459793091 23240
1675981287883 0.06605368256568908 23280
1675981288045 0.06186688542366028 23320
1675981288151 0.08578701615333557 23360
1675981288209 0.06393853425979615 23400
1675981288301 0.07651274800300598 23440
1675981288401 0.08378694653511047 23480
1675981288520 0.06779309511184692 23520
1675981288589 0.08195212483406067 23560
1675981288660 0.06878589987754821 23600
1675981288739 0.08772974610328674 23640
1675981288796 0.05055270791053772 23680
1675981288873 0.10532472133636475 23720
1675981289034 0.07385775446891785 23760
1675981289095 0.0426002562046051 23800
1675981289160 0.08032721281051636 23840
1675981289219 0.06360259056091308 23880
1675981289281 0.0720737099647522 23920
1675981289338 0.06916537284851074 23960
1675981289417 0.07393050193786621 24000
1675981289485 0.0850830316543579 24040
1675981289585 0.06868124008178711 24080
1675981289651 0.06352221965789795 24120
1675981289714 0.05658878087997436 24160
1675981289811 0.07289760112762451 24200
1675981289887 0.0941171646118164 24240
1675981289944 0.07258442044258118 24280
1675981290003 0.07290259003639221 24320
1675981290058 0.08541634082794189 24360
1675981290121 0.04690468907356262 24400
1675981290175 0.062133151292800906 24440
1675981290238 0.06712812185287476 24480
1675981290292 0.0726373016834259 24520
1675981290356 0.052739155292510984 24560
1675981290418 0.08439266681671143 24600
1675981290478 0.06261692643165588 24640
1675981290531 0.11506342887878418 24680
1675981290586 0.07946509718894959 24720
1675981290648 0.08976059556007385 24760
1675981290711 0.08194924592971801 24800
1675981290773 0.07959218025207519 24840
1675981290832 0.06026418805122376 24880
1675981290891 0.09618828892707824 24920
1675981290949 0.0566294252872467 24960
1675981291008 0.07681506276130676 25000
1675981291068 0.06707183122634888 25040
1675981291128 0.04550785422325134 25080
1675981291188 0.052710491418838504 25120
1675981291245 0.06992392539978028 25160
1675981291305 0.060905182361602785 25200
1675981291385 0.09055221676826478 25240
1675981291448 0.06555353999137878 25280
1675981291533 0.06898418068885803 25320
1675981291605 0.0670159101486206 25360
1675981291698 0.061418730020523074 25400
1675981291779 0.0645130455493927 25440
1675981291857 0.0828754186630249 25480
1675981291947 0.0547948956489563 25520
1675981292003 0.08312255144119263 25560
1675981292063 0.07811521291732788 25600
1675981292122 0.09405286312103271 25640
1675981292188 0.0833392858505249 25680
1675981292249 0.06062147617340088 25720
1675981292310 0.07310172915458679 25760
1675981292372 0.08013814687728882 25800
1675981292445 0.061063140630722046 25840
1675981292502 0.06774974465370179 25880
1675981292565 0.06338784694671631 25920
1675981292623 0.07295405864715576 25960
1675981292681 0.07320443987846374 26000
1675981292740 0.12158721685409546 26040
1675981292800 0.07207725644111633 26080
1675981292856 0.0724142074584961 26120
1675981292923 0.06117417812347412 26160
1675981292988 0.040446880459785464 26200
1675981293100 0.0755484163761139 26240
1675981293174 0.06109592318534851 26280
1675981293342 0.0718202531337738 26320
1675981293418 0.06448871493339539 26360
1675981293481 0.07331500053405762 26400
1675981293585 0.07377583384513856 26440
1675981293640 0.07429401278495788 26480
1675981293698 0.07566563487052917 26520
1675981293762 0.06392324566841126 26560
1675981293814 0.059621918201446536 26600
1675981293871 0.0686908483505249 26640
1675981293934 0.08294545412063599 26680
1675981293996 0.06853137016296387 26720
1675981294056 0.06152644753456116 26760
1675981294122 0.08952465057373046 26800
1675981294179 0.08101085424423218 26840
1675981294239 0.057185298204421996 26880
1675981294293 0.06325955390930176 26920
1675981294363 0.06954243779182434 26960
1675981294425 0.04349270462989807 27000
1675981294486 0.06453437209129334 27040
1675981294548 0.07980353832244873 27080
1675981294633 0.062049055099487306 27120
1675981294697 0.07941150665283203 27160
1675981294757 0.05252163410186768 27200
1675981294824 0.06364045143127442 27240
1675981294903 0.06883272528648376 27280
1675981294974 0.05569608211517334 27320
1675981295047 0.0589413046836853 27360
1675981295123 0.08631305694580078 27400
1675981295188 0.045075660943984984 27440
1675981295259 0.05007849335670471 27480
1675981295331 0.11041886806488037 27520
1675981295391 0.043774402141571044 27560
1675981295449 0.05878697037696838 27600
1675981295509 0.09203924536705017 27640
1675981295567 0.08538768291473389 27680
1675981295627 0.06457377672195434 27720
1675981295687 0.05754901766777039 27760
1675981295742 0.06876426935195923 27800
1675981295800 0.07126818299293518 27840
1675981295877 0.04607097804546356 27880
1675981295950 0.04887945055961609 27920
1675981296081 0.059219086170196535 27960
1675981296144 0.05594397187232971 28000
1675981296213 0.06931267976760865 28040
1675981296268 0.057886254787445066 28080
1675981296326 0.08454729318618774 28120
1675981296385 0.08492557406425476 28160
1675981296458 0.05576582551002503 28200
1675981296513 0.06512894034385681 28240
1675981296587 0.045361834764480594 28280
1675981296654 0.04802978038787842 28320
1675981296750 0.07057256698608398 28360
1675981296827 0.08492998480796814 28400
1675981296888 0.04841225445270538 28440
1675981296950 0.04691721796989441 28480
1675981297010 0.051909017562866214 28520
1675981297077 0.056731235980987546 28560
1675981297160 0.05205335021018982 28600
1675981297230 0.053670084476470946 28640
1675981297290 0.05238263607025147 28680
1675981297351 0.07287443280220032 28720
1675981297413 0.06552755832672119 28760
1675981297471 0.04595624804496765 28800
1675981297534 0.06269015073776245 28840
1675981297594 0.06602069735527039 28880
1675981297653 0.06691808104515076 28920
1675981297710 0.06336625218391419 28960
1675981297770 0.05175502896308899 29000
1675981297828 0.05627583861351013 29040
1675981297938 0.06540996432304383 29080
1675981298013 0.059486007690429686 29120
1675981298101 0.0662764072418213 29160
1675981298165 0.07508934140205384 29200
1675981298227 0.07768510580062866 29240
1675981298296 0.05143779516220093 29280
1675981298361 0.060035806894302365 29320
1675981298417 0.05503602027893066 29360
1675981298486 0.04733644127845764 29400
1675981298571 0.058101487159729 29440
1675981298641 0.05626139640808105 29480
1675981298705 0.08086969852447509 29520
1675981298782 0.07650241255760193 29560
1675981298880 0.06021917462348938 29600
1675981298958 0.06225714087486267 29640
1675981299027 0.07478235960006714 29680
1675981299097 0.06415802240371704 29720
1675981299176 0.03462090790271759 29760
1675981299233 0.07180737257003784 29800
1675981299288 0.04995635449886322 29840
1675981299365 0.07518318891525269 29880
1675981299431 0.0811625063419342 29920
1675981299508 0.05919085741043091 29960
1675981299600 0.07330092191696166 30000
1675981299660 0.05103963017463684 30040
1675981299721 0.05811293721199036 30080
1675981299781 0.09762611985206604 30120
1675981300240 0.033104097843170165 30160
1675981300306 0.06186830997467041 30200
1675981300368 0.0515120804309845 30240
1675981300428 0.06937550306320191 30280
1675981300488 0.0526368260383606 30320
1675981300548 0.08712539672851563 30360
1675981300603 0.06306188702583312 30400
1675981300667 0.08755886554718018 30440
1675981300722 0.09248771667480468 30480
1675981300786 0.05667676329612732 30520
1675981300850 0.04147036671638489 30560
1675981300909 0.08460138440132141 30600
1675981300961 0.05224411487579346 30640
1675981301024 0.05837712287902832 30680
1675981301079 0.05731532573699951 30720
1675981301142 0.08298330307006836 30760
1675981301197 0.0674070417881012 30800
1675981301260 0.06725089550018311 30840
1675981301318 0.08435624241828918 30880
1675981301416 0.07332440614700317 30920
1675981301483 0.06629565358161926 30960
1675981301545 0.062351226806640625 31000
1675981301626 0.07667225003242492 31040
1675981301687 0.09156347513198852 31080
1675981301775 0.07118443846702575 31120
1675981301838 0.05572806596755982 31160
1675981301892 0.04825896620750427 31200
1675981301963 0.06392835378646851 31240
1675981302025 0.08665196299552917 31280
1675981302086 0.06924955248832702 31320
1675981302161 0.06486971378326416 31360
1675981302235 0.0569665789604187 31400
1675981302306 0.06431519389152526 31440
1675981302400 0.04648618400096893 31480
1675981302506 0.05712531208992004 31520
1675981302612 0.039806795120239255 31560
1675981302704 0.06759028434753418 31600
1675981302765 0.054824405908584596 31640
1675981302855 0.060535526275634764 31680
1675981302942 0.06699095368385315 31720
1675981303084 0.06504634618759156 31760
1675981303174 0.06860347986221313 31800
1675981303243 0.07745595574378968 31840
1675981303389 0.06488046646118165 31880
1675981303488 0.060843360424041745 31920
1675981303551 0.06364716291427612 31960
1675981303653 0.08176214694976806 32000
1675981303716 0.042999809980392455 32040
1675981303774 0.07418088316917419 32080
1675981303834 0.06241809725761414 32120
1675981303894 0.0529119074344635 32160
1675981303955 0.08319180011749268 32200
1675981304014 0.08469025492668152 32240
1675981304073 0.05619997382164001 32280
1675981304205 0.061131763458251956 32320
1675981304291 0.08481113910675049 32360
1675981304353 0.07066795825958253 32400
1675981304412 0.08758950233459473 32440
1675981304475 0.06035198569297791 32480
1675981304537 0.07089940309524537 32520
1675981304616 0.07378256916999817 32560
1675981304680 0.10402939319610596 32600
1675981304794 0.053983640670776364 32640
1675981304878 0.07854620218276978 32680
1675981304939 0.06253980994224548 32720
1675981305001 0.05429881811141968 32760
1675981305059 0.04542935490608215 32800
1675981305119 0.027340102195739745 32840
1675981305175 0.051853138208389285 32880
1675981305234 0.07321992516517639 32920
1675981305290 0.0742803156375885 32960
1675981305349 0.04433998465538025 33000
1675981305408 0.07129476070404053 33040
1675981305468 0.07847614288330078 33080
1675981305530 0.07714160680770873 33120
1675981305586 0.06375292539596558 33160
1675981305643 0.06040225625038147 33200
1675981305702 0.07229647040367126 33240
1675981305764 0.05416063666343689 33280
1675981305850 0.050409942865371704 33320
1675981305914 0.05727226734161377 33360
1675981306001 0.07537494301795959 33400
1675981306090 0.04776669442653656 33440
1675981306155 0.06254411935806274 33480
1675981306218 0.05990349054336548 33520
1675981306281 0.06229112148284912 33560
1675981306351 0.0740238070487976 33600
1675981306413 0.06500676274299622 33640
1675981306473 0.08248557448387146 33680
1675981306534 0.03902313709259033 33720
1675981306609 0.08624459505081176 33760
1675981306677 0.07435254454612732 33800
1675981306800 0.04598248600959778 33840
1675981306872 0.06661975383758545 33880
1675981306943 0.06404299139976502 33920
1675981307002 0.06264559030532837 33960
1675981307060 0.058217740058898924 34000
1675981307114 0.07096167802810668 34040
1675981307173 0.06793854236602784 34080
1675981307231 0.07198935747146606 34120
1675981307290 0.05270893573760986 34160
1675981307372 0.053057098388671876 34200
1675981307495 0.05239863395690918 34240
1675981307555 0.0874247431755066 34280
1675981307611 0.06225888133049011 34320
1675981307666 0.06015344262123108 34360
1675981307721 0.07030966281890869 34400
1675981307780 0.0500775933265686 34440
1675981307842 0.047785046696662906 34480
1675981307923 0.05542613267898559 34520
1675981307993 0.0703546941280365 34560
1675981308093 0.046396946907043456 34600
1675981308168 0.0801261007785797 34640
1675981308236 0.04584335386753082 34680
1675981308315 0.1071162223815918 34720
1675981308400 0.08233043551445007 34760
1675981308473 0.07048629522323609 34800
1675981308541 0.07647479176521302 34840
1675981308649 0.07961814403533936 34880
1675981308708 0.040121766924858096 34920
1675981308778 0.07962680459022523 34960
1675981308841 0.06888877749443054 35000
1675981308947 0.06886025071144104 35040
1675981309022 0.05746971368789673 35080
1675981309218 0.03568789660930634 35120
1675981309276 0.047920846939086915 35160
1675981309369 0.05494920015335083 35200
1675981309430 0.06297251582145691 35240
1675981309479 0.06984906196594239 35280
1675981309556 0.0775683879852295 35320
1675981309619 0.05608503818511963 35360
1675981309683 0.06657361388206481 35400
1675981309737 0.047348198294639585 35440
1675981309796 0.055577445030212405 35480
1675981309855 0.07028694152832031 35520
1675981309917 0.0542111337184906 35560
1675981309968 0.059794950485229495 35600
1675981310024 0.07198041677474976 35640
1675981310077 0.060851216316223145 35680
1675981310139 0.084245365858078 35720
1675981310196 0.0530791699886322 35760
1675981310257 0.0667900025844574 35800
1675981310313 0.06757694482803345 35840
1675981310373 0.049964499473571775 35880
1675981310434 0.05885457992553711 35920
1675981310493 0.06251550912857055 35960
1675981310552 0.06824987530708312 36000
1675981310615 0.06135694980621338 36040
1675981310673 0.09954565167427062 36080
1675981310752 0.06721879839897156 36120
1675981310809 0.06931747198104858 36160
1675981310868 0.06085008978843689 36200
1675981310924 0.039869239926338194 36240
1675981310985 0.058481425046920776 36280
1675981311040 0.04579404890537262 36320
1675981311095 0.07761381268501281 36360
1675981311151 0.05613835453987122 36400
1675981311207 0.05959516167640686 36440
1675981311262 0.0726061999797821 36480
1675981311320 0.06826507449150085 36520
1675981311401 0.06118173003196716 36560
1675981311459 0.05685420036315918 36600
1675981311594 0.060476762056350705 36640
1675981311661 0.057237154245376586 36680
1675981311775 0.07500118017196655 36720
1675981311843 0.06517068743705749 36760
1675981311900 0.05890492796897888 36800
1675981311956 0.07446104288101196 36840
1675981312020 0.06441619992256165 36880
1675981312091 0.051561003923416136 36920
1675981312150 0.05421227812767029 36960
1675981312225 0.062062448263168334 37000
1675981312284 0.0471887618303299 37040
1675981312344 0.05738409161567688 37080
1675981312434 0.07182238698005676 37120
1675981312504 0.047665029764175415 37160
1675981312570 0.07103219628334045 37200
1675981312645 0.05038250088691711 37240
1675981312714 0.056405830383300784 37280
1675981312772 0.0647879958152771 37320
1675981312837 0.054569458961486815 37360
1675981312898 0.05988256931304932 37400
1675981312965 0.06828027367591857 37440
1675981313064 0.04851595163345337 37480
1675981313133 0.0438889354467392 37520
1675981313203 0.10031530857086182 37560
1675981313298 0.04018177092075348 37600
1675981313397 0.055835574865341187 37640
1675981313473 0.07943695187568664 37680
1675981313532 0.07304815649986267 37720
1675981313673 0.07276793718338012 37760
1675981313761 0.04952626526355743 37800
1675981313846 0.05831736922264099 37840
1675981313902 0.07277787327766419 37880
1675981313959 0.03808392286300659 37920
1675981314018 0.04823270738124848 37960
1675981314078 0.04419671893119812 38000
1675981314135 0.05752735733985901 38040
1675981314196 0.061261719465255736 38080
1675981314255 0.05422395467758179 38120
1675981314312 0.0718916416168213 38160
1675981314367 0.06961986422538757 38200
1675981314423 0.05866912007331848 38240
1675981314481 0.057553982734680174 38280
1675981314543 0.04265795648097992 38320
1675981314653 0.04431069791316986 38360
1675981314709 0.06275810599327088 38400
1675981314838 0.0808765172958374 38440
1675981314905 0.044845199584960936 38480
1675981314963 0.04206506609916687 38520
1675981315019 0.045678097009658816 38560
1675981315073 0.04864558875560761 38600
1675981315132 0.05145658254623413 38640
1675981315187 0.04858987927436829 38680
1675981315253 0.03563657999038696 38720
1675981315311 0.07048029899597168 38760
1675981315364 0.05700304508209229 38800
1675981315448 0.04372718334197998 38840
1675981315508 0.05275653600692749 38880
1675981315571 0.0660276472568512 38920
1675981315625 0.06086549162864685 38960
1675981315684 0.05358327031135559 39000
1675981315738 0.0572696328163147 39040
1675981315793 0.05203279256820679 39080
1675981315851 0.05460847020149231 39120
1675981315910 0.05356549620628357 39160
1675981316065 0.0617201030254364 39200
1675981316125 0.06945375800132751 39240
1675981316186 0.07564608454704284 39280
1675981316239 0.04571867883205414 39320
1675981316307 0.057214599847793576 39360
1675981316364 0.04551254510879517 39400
1675981316429 0.03918083906173706 39440
1675981316485 0.05864417552947998 39480
1675981316564 0.042465990781784056 39520
1675981316656 0.07165399789810181 39560
1675981316748 0.06164056062698364 39600
1675981316842 0.07099519371986389 39640
1675981316900 0.049541881680488585 39680
1675981316959 0.06396607756614685 39720
1675981317022 0.06392821073532104 39760
1675981317082 0.03364035785198212 39800
1675981317147 0.060086792707443236 39840
1675981317255 0.04680909514427185 39880
1675981317349 0.06267058253288268 39920
1675981317444 0.07434303760528564 39960
1675981317536 0.056646138429641724 40000
1675981317630 0.06245918273925781 40040
1675981317731 0.05066974759101868 40080
1675981317824 0.054642105102539064 40120
1675981317882 0.08694504499435425 40160
1675981318473 0.01887260526418686 40200
1675981318564 0.05661479830741882 40240
1675981318662 0.04893997609615326 40280
1675981318740 0.06527494192123413 40320
1675981318812 0.051456761360168454 40360
1675981318895 0.07387210130691528 40400
1675981318970 0.05951976180076599 40440
1675981319072 0.07667955756187439 40480
1675981319128 0.07855132818222046 40520
1675981319219 0.05421128869056702 40560
1675981319291 0.04756288230419159 40600
1675981319378 0.07468576431274414 40640
1675981319460 0.047254818677902224 40680
1675981319532 0.05164969563484192 40720
1675981319631 0.04498986899852753 40760
1675981319702 0.0686357080936432 40800
1675981319762 0.06773758530616761 40840
1675981319824 0.0701103925704956 40880
1675981319881 0.06496922373771667 40920
1675981319940 0.08137492537498474 40960
1675981319996 0.062022584676742556 41000
1675981320059 0.06228222250938416 41040
1675981320116 0.0656011164188385 41080
1675981320176 0.07273176908493043 41120
1675981320232 0.07003087997436523 41160
1675981320294 0.050785255432128903 41200
1675981320370 0.038044941425323484 41240
1675981320447 0.06330428719520569 41280
1675981320518 0.07528376579284668 41320
1675981320583 0.06712782382965088 41360
1675981320660 0.059156489372253415 41400
1675981320738 0.05586628913879395 41440
1675981320798 0.050562167167663576 41480
1675981320859 0.04518885910511017 41520
1675981320915 0.04726711213588715 41560
1675981320977 0.03699677586555481 41600
1675981321033 0.05821003913879395 41640
1675981321101 0.04821948707103729 41680
1675981321156 0.05469741225242615 41720
1675981321224 0.05772529244422912 41760
1675981321279 0.06326228380203247 41800
1675981321385 0.05681597590446472 41840
1675981321451 0.06904199719429016 41880
1675981321598 0.06506378650665283 41920
1675981321771 0.056278765201568604 41960
1675981321831 0.059960514307022095 42000
1675981321887 0.062018406391143796 42040
1675981321954 0.050544196367263795 42080
1675981322010 0.06107108592987061 42120
1675981322067 0.06083554029464722 42160
1675981322124 0.055036264657974246 42200
1675981322198 0.06809852719306946 42240
1675981322260 0.08285791277885438 42280
1675981322332 0.05099376440048218 42320
1675981322399 0.055092519521713255 42360
1675981322460 0.06675309538841248 42400
1675981322526 0.08410522937774659 42440
1675981322591 0.08348045349121094 42480
1675981322655 0.05116032361984253 42520
1675981322736 0.07471259236335755 42560
1675981322794 0.06720852851867676 42600
1675981322853 0.07966448068618774 42640
1675981322923 0.06300689578056336 42680
1675981323026 0.07459912896156311 42720
1675981323097 0.051617777347564696 42760
1675981323175 0.05415080785751343 42800
1675981323267 0.04470801651477814 42840
1675981323338 0.02240477055311203 42880
1675981323409 0.04380427896976471 42920
1675981323491 0.05747522115707397 42960
1675981323565 0.0722955346107483 43000
1675981323636 0.043762266635894775 43040
1675981323729 0.06340617537498475 43080
1675981323793 0.06318959593772888 43120
1675981323854 0.0771748423576355 43160
1675981323920 0.053776389360427855 43200
1675981323980 0.059965068101882936 43240
1675981324048 0.06957271099090576 43280
1675981324110 0.04478455483913422 43320
1675981324169 0.04596548974514007 43360
1675981324227 0.05776519775390625 43400
1675981324287 0.057205861806869505 43440
1675981324343 0.04774408340454102 43480
1675981324404 0.05317014455795288 43520
1675981324460 0.07279027700424194 43560
1675981324516 0.049937310814857486 43600
1675981324584 0.07034785151481629 43640
1675981324662 0.06322458982467652 43680
1675981324785 0.08147176504135131 43720
1675981324875 0.0371374636888504 43760
1675981324939 0.08276429772377014 43800
1675981325001 0.06992079019546509 43840
1675981325062 0.043700015544891356 43880
1675981325120 0.0500685453414917 43920
1675981325180 0.0669241189956665 43960
1675981325242 0.04796724319458008 44000
1675981325300 0.06896344423294068 44040
1675981325358 0.06184942126274109 44080
1675981325414 0.06202650666236877 44120
1675981325481 0.06893303394317626 44160
1675981325546 0.05073815584182739 44200
1675981325606 0.05173388123512268 44240
1675981325667 0.05106068253517151 44280
1675981325727 0.07793227434158326 44320
1675981325788 0.05184956789016724 44360
1675981325860 0.05787565112113953 44400
1675981325920 0.060801726579666135 44440
1675981326023 0.055341976881027224 44480
1675981326094 0.0378909558057785 44520
1675981326154 0.04894611835479736 44560
1675981326215 0.06973514556884766 44600
1675981326277 0.04497741460800171 44640
1675981326336 0.0701239287853241 44680
1675981326413 0.04400745630264282 44720
1675981326470 0.08559786081314087 44760
1675981326525 0.0910102367401123 44800
1675981326633 0.06266257166862488 44840
1675981326690 0.06922757625579834 44880
1675981326764 0.07638300061225892 44920
1675981326857 0.03509439527988434 44960
1675981326920 0.07769423127174377 45000
1675981326983 0.06893355846405029 45040
1675981327043 0.05501516461372376 45080
1675981327094 0.055370545387268065 45120
1675981327151 0.04055432081222534 45160
1675981327216 0.04473569989204407 45200
1675981327278 0.04340190291404724 45240
1675981327337 0.05746009349822998 45280
1675981327395 0.06757370233535767 45320
1675981327456 0.07378677725791931 45360
1675981327524 0.03972822427749634 45400
1675981327586 0.07279064059257508 45440
1675981327646 0.03798089027404785 45480
1675981327704 0.0540600061416626 45520
1675981327767 0.07165369987487794 45560
1675981327826 0.05019160509109497 45600
1675981327893 0.055653166770935056 45640
1675981327962 0.05635147094726563 45680
1675981328067 0.052981036901474 45720
1675981328140 0.0754812479019165 45760
1675981328202 0.04999725222587585 45800
1675981328258 0.04623676538467407 45840
1675981328315 0.07131215929985046 45880
1675981328375 0.05643101334571839 45920
1675981328434 0.046785011887550354 45960
1675981328504 0.060239994525909425 46000
1675981328573 0.06226991415023804 46040
1675981328658 0.06029534935951233 46080
1675981328724 0.06364466547966004 46120
1675981328802 0.08220030665397644 46160
1675981328986 0.07319563627243042 46200
1675981329073 0.05511093735694885 46240
1675981329177 0.042852795124053954 46280
1675981329241 0.05454262495040894 46320
1675981329300 0.04473234713077545 46360
1675981329368 0.07563972473144531 46400
1675981329477 0.04001532196998596 46440
1675981329562 0.059921109676361085 46480
1675981329636 0.07105128765106201 46520
1675981329696 0.06465418338775634 46560
1675981329749 0.05247973203659058 46600
1675981329808 0.06458165049552918 46640
1675981329864 0.06274059414863586 46680
1675981329916 0.04710173904895783 46720
1675981329970 0.06135066151618958 46760
1675981330026 0.06688290238380432 46800
1675981330081 0.061429554224014284 46840
1675981330140 0.06121810078620911 46880
1675981330202 0.06643463373184204 46920
1675981330261 0.04561496675014496 46960
1675981330316 0.05119684338569641 47000
1675981330378 0.05644581913948059 47040
1675981330437 0.0518421471118927 47080
1675981330500 0.0545541524887085 47120
1675981330561 0.05983414649963379 47160
1675981330626 0.05247541069984436 47200
1675981330682 0.06836329102516174 47240
1675981330744 0.044423040747642514 47280
1675981330800 0.04816794395446777 47320
1675981330865 0.061434829235076906 47360
1675981330925 0.04618456661701202 47400
1675981331015 0.05772690773010254 47440
1675981331077 0.057961452007293704 47480
1675981331139 0.054894047975540164 47520
1675981331195 0.03868979215621948 47560
1675981331256 0.08344248533248902 47600
1675981331313 0.04614114761352539 47640
1675981331382 0.052679866552352905 47680
1675981331447 0.0555825412273407 47720
1675981331544 0.06574172377586365 47760
1675981331621 0.08296595215797424 47800
1675981331749 0.04722359478473663 47840
1675981331831 0.054442161321640016 47880
1675981331889 0.053793251514434814 47920
1675981331958 0.04501748383045197 47960
1675981332022 0.04359150528907776 48000
1675981332078 0.037507596611976626 48040
1675981332138 0.06068661212921143 48080
1675981332238 0.05243751406669617 48120
1675981332333 0.05677684545516968 48160
1675981332425 0.056170105934143066 48200
1675981332524 0.06751605868339539 48240
1675981332633 0.06025576591491699 48280
1675981332744 0.049408254027366635 48320
1675981332845 0.044133901596069336 48360
1675981332947 0.0398295134305954 48400
1675981333062 0.05897156000137329 48440
1675981333158 0.05644025206565857 48480
1675981333340 0.05490705370903015 48520
1675981333491 0.03792840242385864 48560
1675981333577 0.047030511498451236 48600
1675981333660 0.0424653947353363 48640
1675981333740 0.04509615898132324 48680
1675981333801 0.04639558792114258 48720
1675981333875 0.03683540523052216 48760
1675981333943 0.05803887248039245 48800
1675981334002 0.056627792119979856 48840
1675981334063 0.036603376269340515 48880
1675981334120 0.04618034660816193 48920
1675981334184 0.05608092546463013 48960
1675981334244 0.05607867240905762 49000
1675981334307 0.0592477560043335 49040
1675981334361 0.049144238233566284 49080
1675981334425 0.04444717466831207 49120
1675981334481 0.04558953642845154 49160
1675981334542 0.062048870325088504 49200
1675981334627 0.04756831526756287 49240
1675981334687 0.07662339210510254 49280
1675981334754 0.07261906862258911 49320
1675981334837 0.046809020638465884 49360
1675981334895 0.05551570057868958 49400
1675981334956 0.04436502754688263 49440
1675981335011 0.034035089612007144 49480
1675981335072 0.05351952314376831 49520
1675981335132 0.03960587978363037 49560
1675981335201 0.06739373803138733 49600
1675981335260 0.061799544095993045 49640
1675981335316 0.05989580750465393 49680
1675981335374 0.050924652814865114 49720
1675981335439 0.06017089486122131 49760
1675981335501 0.058019322156906125 49800
1675981335559 0.03647982478141785 49840
1675981335614 0.05856515765190125 49880
1675981335671 0.0417624443769455 49920
1675981335731 0.06373689770698547 49960
1675981335791 0.06796306371688843 50000
1675981335873 0.05215858817100525 50040
1675981335935 0.058800846338272095 50080
1675981336047 0.05111091136932373 50120
1675981336122 0.04877623915672302 50160
1675981336176 0.07175265550613404 50200
1675981336589 0.01593358665704727 50240
1675981336660 0.05110015869140625 50280
1675981336735 0.05227639675140381 50320
1675981336837 0.05825125575065613 50360
1675981336892 0.050219005346298216 50400
1675981336946 0.0681505799293518 50440
1675981337001 0.057958567142486574 50480
1675981337057 0.07459269165992737 50520
1675981337112 0.07218602895736695 50560
1675981337174 0.05116782188415527 50600
1675981337260 0.05802818536758423 50640
1675981337372 0.06389026045799255 50680
1675981337438 0.04702421128749847 50720
1675981337499 0.04788484275341034 50760
1675981337563 0.04462542533874512 50800
1675981337620 0.062477654218673705 50840
1675981337683 0.06253882646560668 50880
1675981337742 0.07698487043380738 50920
1675981337805 0.04741613566875458 50960
1675981337865 0.09087571501731873 51000
1675981337949 0.06399464011192321 51040
1675981338011 0.049310749769210814 51080
1675981338082 0.06524903774261474 51120
1675981338159 0.06609219312667847 51160
1675981338216 0.06750506162643433 51200
1675981338276 0.050898611545562744 51240
1675981338329 0.03441877067089081 51280
1675981338389 0.06180022954940796 51320
1675981338452 0.05229191780090332 51360
1675981338536 0.08274025917053222 51400
1675981338611 0.057102310657501223 51440
1675981338728 0.04281882345676422 51480
1675981338798 0.050410717725753784 51520
1675981338861 0.04994171857833862 51560
1675981338930 0.0463657557964325 51600
1675981339005 0.040152174234390256 51640
1675981339082 0.05353376865386963 51680
1675981339200 0.04099022150039673 51720
1675981339271 0.052752351760864256 51760
1675981339330 0.05613880753517151 51800
1675981339389 0.05690005421638489 51840
1675981339453 0.05924956798553467 51880
1675981339554 0.06389392018318177 51920
1675981339637 0.0676817238330841 51960
1675981339700 0.051674699783325194 52000
1675981339762 0.05890056490898132 52040
1675981339831 0.054433810710906985 52080
1675981339886 0.05640447735786438 52120
1675981339944 0.05781182050704956 52160
1675981340001 0.058615845441818235 52200
1675981340060 0.05175492763519287 52240
1675981340114 0.06788370609283448 52280
1675981340174 0.07871269583702087 52320
1675981340229 0.04669750034809113 52360
1675981340290 0.05018861293792724 52400
1675981340348 0.06727842092514039 52440
1675981340415 0.07756506204605103 52480
1675981340473 0.07660998702049256 52520
1675981340531 0.04819578528404236 52560
1675981340589 0.0803348958492279 52600
1675981340650 0.060042166709899904 52640
1675981340714 0.07038794755935669 52680
1675981340774 0.05386462211608887 52720
1675981340831 0.07972776889801025 52760
1675981340898 0.043333235383033755 52800
1675981340957 0.055694347620010375 52840
1675981341022 0.03991796374320984 52880
1675981341078 0.026360487937927245 52920
1675981341140 0.044692116975784305 52960
1675981341200 0.05311582088470459 53000
1675981341261 0.06628412604331971 53040
1675981341377 0.03915208280086517 53080
1675981341443 0.05325194001197815 53120
1675981341546 0.05720061659812927 53160
1675981341607 0.07806337475776673 53200
1675981341733 0.05684294700622559 53240
1675981341806 0.05916031002998352 53280
1675981341870 0.06348525881767272 53320
1675981341933 0.046857398748397824 53360
1675981341993 0.043348276615142824 53400
1675981342049 0.05267519354820251 53440
1675981342111 0.05527012944221497 53480
1675981342167 0.04546647071838379 53520
1675981342262 0.05356819629669189 53560
1675981342328 0.06294717192649842 53600
1675981342386 0.047335535287857056 53640
1675981342449 0.07160916328430175 53680
1675981342514 0.06024378538131714 53720
1675981342577 0.08249895572662354 53760
1675981342641 0.03114475905895233 53800
1675981342702 0.06470316052436828 53840
1675981342760 0.0718867838382721 53880
1675981342815 0.046790006756782535 53920
1675981342878 0.04638314843177795 53960
1675981342945 0.06357975602149964 54000
1675981343030 0.04838486909866333 54040
1675981343128 0.06213886737823486 54080
1675981343257 0.04858051836490631 54120
1675981343359 0.0719778835773468 54160
1675981343438 0.06627743244171143 54200
1675981343507 0.042778623104095456 54240
1675981343571 0.05329621434211731 54280
1675981343653 0.04388267993927002 54320
1675981343714 0.07062798738479614 54360
1675981343772 0.05288845896720886 54400
1675981343880 0.06222954988479614 54440
1675981343945 0.05072406530380249 54480
1675981344002 0.05783351063728333 54520
1675981344070 0.039851635694503784 54560
1675981344125 0.03965997099876404 54600
1675981344183 0.06516912579536438 54640
1675981344242 0.04710063338279724 54680
1675981344308 0.05769018530845642 54720
1675981344363 0.04961233139038086 54760
1675981344421 0.06806487441062928 54800
1675981344480 0.0865142822265625 54840
1675981344607 0.06898975968360901 54880
1675981344693 0.07323282957077026 54920
1675981344800 0.06360692381858826 54960
1675981344861 0.03354757726192474 55000
1675981344921 0.0681329607963562 55040
1675981344975 0.07848408222198486 55080
1675981345035 0.04978687763214111 55120
1675981345108 0.05009540915489197 55160
1675981345168 0.041489827632904056 55200
1675981345227 0.03909211158752442 55240
1675981345283 0.042116361856460574 55280
1675981345340 0.05205453038215637 55320
1675981345395 0.07842493057250977 55360
1675981345488 0.06975603103637695 55400
1675981345551 0.04013460874557495 55440
1675981345607 0.06801744699478149 55480
1675981345663 0.036974203586578366 55520
1675981345727 0.0421088695526123 55560
1675981345785 0.07318453788757324 55600
1675981345871 0.04418436288833618 55640
1675981345933 0.055995780229568484 55680
1675981346068 0.04912064373493195 55720
1675981346137 0.0582966685295105 55760
1675981346200 0.05980404615402222 55800
1675981346258 0.05889086723327637 55840
1675981346325 0.044059351086616516 55880
1675981346384 0.06917572617530823 55920
1675981346446 0.051961982250213624 55960
1675981346507 0.04626979231834412 56000
1675981346578 0.061737829446792604 56040
1675981346645 0.0525986909866333 56080
1675981346758 0.04999212920665741 56120
1675981346823 0.0703928828239441 56160
1675981346883 0.0751644492149353 56200
1675981346951 0.07180450558662414 56240
1675981347014 0.04486235976219177 56280
1675981347074 0.04914596974849701 56320
1675981347136 0.045897862315177916 56360
1675981347195 0.04777451753616333 56400
1675981347347 0.06713492274284363 56440
1675981347440 0.03884833753108978 56480
1675981347538 0.05524680018424988 56520
1675981347635 0.06926655173301696 56560
1675981347741 0.05337779521942139 56600
1675981347844 0.05513319969177246 56640
1675981348055 0.05865870118141174 56680
1675981348122 0.061697810888290405 56720
1675981348182 0.048120468854904175 56760
1675981348271 0.049657797813415526 56800
1675981348369 0.07548269033432006 56840
1675981348474 0.04394242763519287 56880
1675981348540 0.07189372181892395 56920
1675981348605 0.06779903769493104 56960
1675981348684 0.04687943458557129 57000
1675981348761 0.04851146638393402 57040
1675981348831 0.052677488327026366 57080
1675981348893 0.055469393730163574 57120
1675981349025 0.043140777945518495 57160
1675981349096 0.05235899686813354 57200
1675981349178 0.06424608826637268 57240
1675981349240 0.06108880639076233 57280
1675981349301 0.04836194813251495 57320
1675981349384 0.043116199970245364 57360
1675981349444 0.06052930355072021 57400
1675981349564 0.04222573935985565 57440
1675981349631 0.05356960892677307 57480
1675981349696 0.053532755374908446 57520
1675981349767 0.05247949361801148 57560
1675981349828 0.04146543741226196 57600
1675981349889 0.06875513195991516 57640
1675981349944 0.053035777807235715 57680
1675981350004 0.0518593966960907 57720
1675981350061 0.0538582444190979 57760
1675981350122 0.05784454345703125 57800
1675981350177 0.08258354067802429 57840
1675981350242 0.04588411748409271 57880
1675981350303 0.049070966243743894 57920
1675981350363 0.060399800539016724 57960
1675981350422 0.04383406043052673 58000
1675981350478 0.040209314227104186 58040
1675981350534 0.03843953013420105 58080
1675981350593 0.060415792465209964 58120
1675981350653 0.04045696556568146 58160
1675981350715 0.057460623979568484 58200
1675981350772 0.0582846462726593 58240
1675981350837 0.06142078042030334 58280
1675981350893 0.06223061680793762 58320
1675981350954 0.04298111200332642 58360
1675981351010 0.047081288695335385 58400
1675981351075 0.044023516774177554 58440
1675981351134 0.05110476016998291 58480
1675981351209 0.05786920189857483 58520
1675981351276 0.04982785582542419 58560
1675981351349 0.03808038532733917 58600
1675981351424 0.04467363655567169 58640
1675981351553 0.045775598287582396 58680
1675981351662 0.04665762186050415 58720
1675981351743 0.04786747992038727 58760
1675981351805 0.028508567810058595 58800
1675981351876 0.054587334394454956 58840
1675981351933 0.05788804292678833 58880
1675981351994 0.04027663171291351 58920
1675981352060 0.04704575538635254 58960
1675981352112 0.0528903067111969 59000
1675981352181 0.05504381060600281 59040
1675981352243 0.06155487895011902 59080
1675981352301 0.041844457387924194 59120
1675981352363 0.04351775646209717 59160
1675981352422 0.05248907208442688 59200
1675981352480 0.05771288275718689 59240
1675981352538 0.04703880846500397 59280
1675981352606 0.08143839240074158 59320
1675981352674 0.05695952177047729 59360
1675981352738 0.05381810665130615 59400
1675981352805 0.054157030582427976 59440
1675981352866 0.043524903059005735 59480
1675981352942 0.03580993711948395 59520
1675981353035 0.04328727126121521 59560
1675981353126 0.051026761531829834 59600
1675981353214 0.05988398194313049 59640
1675981353281 0.06554632186889649 59680
1675981353345 0.05283847451210022 59720
1675981353428 0.050090789794921875 59760
1675981353483 0.04905761182308197 59800
1675981353605 0.06814019083976745 59840
1675981353707 0.0365244060754776 59880
1675981353770 0.05701172351837158 59920
1675981353839 0.03890293836593628 59960
1675981353910 0.0601811945438385 60000
1675981353971 0.07536937594413758 60040
1675981354041 0.05222783088684082 60080
1675981354108 0.05547908544540405 60120
1675981354165 0.04298819303512573 60160
1675981354226 0.05482338666915894 60200
1675981354291 0.06365739703178405 60240
1675981354742 0.012300418317317962 60280
1675981354848 0.04657918512821198 60320
1675981354906 0.06005542874336243 60360
1675981354965 0.05507636070251465 60400
1675981355025 0.05559301972389221 60440
1675981355082 0.05521775484085083 60480
1675981355148 0.05689939260482788 60520
1675981355235 0.07312691807746888 60560
1675981355297 0.06194267868995666 60600
1675981355361 0.061680561304092406 60640
1675981355431 0.05683014392852783 60680
1675981355493 0.06036738157272339 60720
1675981355555 0.04936496317386627 60760
1675981355614 0.04089702069759369 60800
1675981355679 0.048296180367469785 60840
1675981355738 0.05980913639068604 60880
1675981355802 0.05982683897018433 60920
1675981355867 0.07026696801185608 60960
1675981355924 0.04702597260475159 61000
1675981356036 0.0682543694972992 61040
1675981356097 0.08414886593818664 61080
1675981356156 0.038951379060745236 61120
1675981356208 0.06936916708946228 61160
1675981356264 0.05235645771026611 61200
1675981356324 0.07303599715232849 61240
1675981356380 0.053922080993652345 61280
1675981356435 0.030340832471847535 61320
1675981356498 0.06066126227378845 61360
1675981356569 0.05174553394317627 61400
1675981356635 0.07756228446960449 61440
1675981356726 0.052416247129440305 61480
1675981356784 0.04461823701858521 61520
1675981356843 0.05623282790184021 61560
1675981356904 0.051675045490264894 61600
1675981356961 0.04374489188194275 61640
1675981357019 0.04225564002990723 61680
1675981357080 0.0520693302154541 61720
1675981357137 0.04254379868507385 61760
1675981357195 0.0536410391330719 61800
1675981357256 0.04170968234539032 61840
1675981357321 0.06172971129417419 61880
1675981357383 0.06646841168403625 61920
1675981357442 0.06131429672241211 61960
1675981357500 0.06467993259429931 62000
1675981357559 0.04630679488182068 62040
1675981357616 0.057334375381469724 62080
1675981357683 0.05685431361198425 62120
1675981357742 0.058279746770858766 62160
1675981357830 0.05663319826126099 62200
1675981357893 0.056431686878204344 62240
1675981357963 0.05638965964317322 62280
1675981358026 0.05637038946151733 62320
1675981358098 0.08106089234352112 62360
1675981358160 0.04488922655582428 62400
1675981358225 0.054921787977218625 62440
1675981358287 0.05649130940437317 62480
1675981358353 0.07518751621246338 62520
1675981358413 0.08135225772857665 62560
1675981358491 0.03372734785079956 62600
1675981358557 0.08289425373077393 62640
1675981358659 0.051443207263946536 62680
1675981358747 0.07312650680541992 62720
1675981358844 0.05810344219207764 62760
1675981358919 0.06614359021186829 62800
1675981358991 0.043660175800323484 62840
1675981359072 0.060181593894958495 62880
1675981359162 0.03386938869953156 62920
1675981359224 0.023473551869392394 62960
1675981359284 0.046614325046539305 63000
1675981359356 0.05347846150398254 63040
1675981359429 0.05571870803833008 63080
1675981359495 0.040685048699378966 63120
1675981359556 0.04670898616313934 63160
1675981359634 0.052458453178405764 63200
1675981359698 0.08077027201652527 63240
1675981359770 0.05161969661712647 63280
1675981359865 0.059421390295028687 63320
1675981359937 0.056154835224151614 63360
1675981360009 0.05932961702346802 63400
1675981360075 0.03892510533332825 63440
1675981360134 0.04273444414138794 63480
1675981360197 0.05327625274658203 63520
1675981360261 0.05566118955612183 63560
1675981360331 0.049325278401374816 63600
1675981360392 0.055731624364852905 63640
1675981360454 0.05133400559425354 63680
1675981360516 0.06843233108520508 63720
1675981360581 0.058284837007522586 63760
1675981360639 0.06465067267417908 63800
1675981360707 0.04165470004081726 63840
1675981360767 0.06359506845474243 63880
1675981360828 0.06574479341506959 63920
1675981360889 0.04793185293674469 63960
1675981360951 0.041294905543327334 64000
1675981361014 0.06152014136314392 64040
1675981361089 0.05238155722618103 64080
1675981361160 0.05567111968994141 64120
1675981361234 0.05111829042434692 64160
1675981361310 0.07079519033432007 64200
1675981361376 0.07063420414924622 64240
1675981361446 0.04177284240722656 64280
1675981361583 0.05497567057609558 64320
1675981361737 0.038778892159461974 64360
1675981361809 0.05528243184089661 64400
1675981361902 0.06371300220489502 64440
1675981361972 0.054035454988479614 64480
1675981362034 0.051319605112075804 64520
1675981362147 0.0583046555519104 64560
1675981362262 0.034740298986434937 64600
1675981362360 0.04188342690467835 64640
1675981362462 0.062063968181610106 64680
1675981362556 0.04769487380981445 64720
1675981362643 0.050331497192382814 64760
1675981362707 0.05005531907081604 64800
1675981362798 0.06920870542526245 64840
1675981362867 0.07824366092681885 64880
1675981362977 0.07427392005920411 64920
1675981363167 0.06903197765350341 64960
1675981363293 0.06325006484985352 65000
1675981363409 0.02938794493675232 65040
1675981363503 0.0637903094291687 65080
1675981363588 0.07813773155212403 65120
1675981363679 0.04765103459358215 65160
1675981363741 0.05804256200790405 65200
1675981363797 0.0334409087896347 65240
1675981363871 0.03390292227268219 65280
1675981363932 0.050944119691848755 65320
1675981363991 0.05122660994529724 65360
1675981364062 0.05791398882865906 65400
1675981364128 0.0807149887084961 65440
1675981364191 0.037662655115127563 65480
1675981364248 0.06364967226982117 65520
1675981364306 0.04492596983909607 65560
1675981364365 0.040232107043266296 65600
1675981364426 0.06118960380554199 65640
1675981364485 0.05154836177825928 65680
1675981364550 0.04960235059261322 65720
1675981364630 0.048738676309585574 65760
1675981364706 0.0590160071849823 65800
1675981364805 0.05458381175994873 65840
1675981364871 0.057184255123138426 65880
1675981364931 0.04283441007137299 65920
1675981364991 0.06527201533317566 65960
1675981365049 0.05977424383163452 66000
1675981365116 0.043357637524604795 66040
1675981365175 0.05892157554626465 66080
1675981365231 0.061345869302749635 66120
1675981365291 0.043586787581443784 66160
1675981365368 0.0675007939338684 66200
1675981365429 0.07850010395050049 66240
1675981365489 0.06428531408309937 66280
1675981365546 0.05392048358917236 66320
1675981365603 0.04746783673763275 66360
1675981365661 0.040864297747612 66400
1675981365721 0.04359979629516601 66440
1675981365778 0.062350529432296756 66480
1675981365861 0.03759918510913849 66520
1675981365931 0.05928194522857666 66560
1675981366104 0.0682248055934906 66600
1675981366158 0.04551244974136352 66640
1675981366217 0.05576467514038086 66680
1675981366280 0.056123727560043336 66720
1675981366348 0.05384487509727478 66760
1675981366402 0.046219554543495175 66800
1675981366458 0.05629788041114807 66840
1675981366515 0.06837348937988282 66880
1675981366579 0.039209529757499695 66920
1675981366652 0.07154304385185242 66960
1675981366780 0.06009820699691772 67000
1675981366844 0.05503644943237305 67040
1675981366913 0.03385079801082611 67080
1675981366992 0.05694294571876526 67120
1675981367066 0.05670796632766724 67160
1675981367143 0.032021692395210265 67200
1675981367208 0.054609090089797974 67240
1675981367276 0.0702046275138855 67280
1675981367342 0.04761259853839874 67320
1675981367399 0.05930061936378479 67360
1675981367457 0.03079625070095062 67400
1675981367514 0.06352378129959106 67440
1675981367581 0.04196555316448212 67480
1675981367636 0.05629065036773682 67520
1675981367699 0.0502389132976532 67560
1675981367757 0.05274919867515564 67600
1675981367818 0.0393772304058075 67640
1675981367892 0.05231711268424988 67680
1675981367962 0.06671640276908875 67720
1675981368022 0.04746352136135101 67760
1675981368095 0.04513883888721466 67800
1675981368161 0.06696711182594299 67840
1675981368218 0.07718790769577026 67880
1675981368280 0.0435327023267746 67920
1675981368343 0.04893755912780762 67960
1675981368406 0.058292895555496216 68000
1675981368499 0.05075932741165161 68040
1675981368556 0.03492038547992706 68080
1675981368613 0.04164267480373383 68120
1675981368714 0.061503052711486816 68160
1675981368801 0.03826434910297394 68200
1675981368880 0.06040382981300354 68240
1675981368964 0.043138787150382996 68280
1675981369051 0.06437086462974548 68320
1675981369179 0.06410652995109559 68360
1675981369267 0.04907175302505493 68400
1675981369380 0.04565742015838623 68440
1675981369460 0.041863495111465455 68480
1675981369519 0.0539053738117218 68520
1675981369611 0.058069092035293576 68560
1675981369670 0.04751000702381134 68600
1675981369730 0.04123881757259369 68640
1675981369793 0.039239469170570376 68680
1675981369854 0.040860751271247865 68720
1675981369922 0.05049203634262085 68760
1675981369983 0.045719501376152036 68800
1675981370042 0.026155632734298707 68840
1675981370105 0.06784021854400635 68880
1675981370179 0.05055112242698669 68920
1675981370253 0.047186636924743654 68960
1675981370329 0.04084362685680389 69000
1675981370407 0.052977520227432254 69040
1675981370486 0.04968578517436981 69080
1675981370556 0.06328117847442627 69120
1675981370661 0.03982713222503662 69160
1675981370732 0.04514199495315552 69200
1675981370817 0.050174671411514285 69240
1675981370879 0.05300635099411011 69280
1675981370939 0.043801736831665036 69320
1675981371025 0.0885299026966095 69360
1675981371114 0.056990128755569455 69400
1675981371173 0.05806247591972351 69440
1675981371237 0.04843651950359344 69480
1675981371297 0.03889792263507843 69520
1675981371378 0.0420960396528244 69560
1675981371435 0.03976528346538544 69600
1675981371545 0.045464739203453064 69640
1675981371624 0.061189663410186765 69680
1675981371728 0.04962824285030365 69720
1675981371840 0.0661938726902008 69760
1675981371913 0.046071067452430725 69800
1675981371979 0.042079055309295656 69840
1675981372035 0.06665763258934021 69880
1675981372097 0.0369966983795166 69920
1675981372153 0.05495399236679077 69960
1675981372213 0.0402573436498642 70000
1675981372269 0.05907139182090759 70040
1675981372332 0.062027329206466676 70080
1675981372391 0.056652241945266725 70120
1675981372456 0.047780966758728026 70160
1675981372512 0.04615276753902435 70200
1675981372573 0.053484171628952026 70240
1675981372653 0.06148216724395752 70280
1675981373169 0.007568302005529404 70320
1675981373247 0.04392173588275909 70360
1675981373310 0.05476764440536499 70400
1675981373377 0.0451400488615036 70440
1675981373472 0.061879247426986694 70480
1675981373583 0.05392796397209167 70520
1675981373655 0.051069438457489014 70560
1675981373713 0.07574904561042786 70600
1675981373783 0.047230228781700134 70640
1675981373854 0.06827932596206665 70680
1675981373940 0.047461703419685364 70720
1675981374044 0.05995668768882752 70760
1675981374108 0.04292146861553192 70800
1675981374178 0.03935137987136841 70840
1675981374238 0.050750058889389035 70880
1675981374315 0.05826166272163391 70920
1675981374374 0.05606546401977539 70960
1675981374431 0.05804418921470642 71000
1675981374489 0.05593408346176147 71040
1675981374546 0.0648726224899292 71080
1675981374641 0.07171934247016906 71120
1675981374702 0.048502209782600406 71160
1675981374853 0.06265079379081726 71200
1675981374924 0.04174749553203583 71240
1675981374981 0.07485290169715882 71280
1675981375042 0.048109492659568785 71320
1675981375098 0.03536936938762665 71360
1675981375157 0.059327471256256106 71400
1675981375214 0.050050973892211914 71440
1675981375276 0.07440404891967774 71480
1675981375341 0.046607834100723264 71520
1675981375404 0.041918706893920896 71560
1675981375462 0.05335149765014648 71600
1675981375533 0.05418055057525635 71640
1675981375597 0.041877460479736325 71680
1675981375658 0.04250255227088928 71720
1675981375718 0.03911809921264649 71760
1675981375775 0.0491571694612503 71800
1675981375835 0.04999162256717682 71840
1675981375925 0.036822789907455446 71880
1675981375992 0.06497568488121033 71920
1675981376063 0.06349861025810241 71960
1675981376133 0.05259576439857483 72000
1675981376206 0.07093872427940369 72040
1675981376281 0.0488892674446106 72080
1675981376356 0.05389257073402405 72120
1675981376417 0.049305498600006104 72160
1675981376477 0.04887848198413849 72200
1675981376559 0.0620806097984314 72240
1675981376621 0.05414283871650696 72280
1675981376681 0.05511798858642578 72320
1675981376807 0.052435499429702756 72360
1675981376892 0.07578944563865661 72400
1675981377026 0.046307849884033206 72440
1675981377121 0.05602290034294129 72480
1675981377204 0.045936363935470584 72520
1675981377307 0.07265831828117371 72560
1675981377411 0.07382658123970032 72600
1675981377511 0.043629983067512514 72640
1675981377610 0.06678916811943054 72680
1675981377709 0.05507789254188537 72720
1675981377813 0.07809147238731384 72760
1675981378081 0.05607255101203919 72800
1675981378156 0.05765202045440674 72840
1675981378258 0.048487594723701476 72880
1675981378377 0.05307828187942505 72920
1675981378437 0.04054377675056457 72960
1675981378565 0.02229165881872177 73000
1675981378644 0.04092581272125244 73040
1675981378740 0.0482193261384964 73080
1675981378834 0.06075412631034851 73120
1675981378933 0.03883022964000702 73160
1675981379017 0.045244577527046206 73200
1675981379095 0.044816648960113524 73240
1675981379187 0.07506060600280762 73280
1675981379265 0.05464828014373779 73320
1675981379329 0.05441550612449646 73360
1675981379402 0.05553056001663208 73400
1675981379474 0.05427643060684204 73440
1675981379535 0.044063663482666014 73480
1675981379625 0.03586370050907135 73520
1675981379690 0.049956169724464414 73560
1675981379756 0.05279155969619751 73600
1675981379816 0.040033021569252016 73640
1675981379886 0.06001359224319458 73680
1675981379944 0.05071604251861572 73720
1675981380010 0.0652069866657257 73760
1675981380073 0.057717537879943846 73800
1675981380149 0.05924219489097595 73840
1675981380225 0.04669348895549774 73880
1675981380298 0.04681481122970581 73920
1675981380377 0.07148091197013855 73960
1675981380462 0.044890719652175906 74000
1675981380525 0.041345220804214475 74040
1675981380587 0.061021173000335695 74080
1675981380649 0.04684019088745117 74120
1675981380709 0.05797724723815918 74160
1675981380774 0.04894702434539795 74200
1675981380838 0.05997815728187561 74240
1675981380898 0.07250104546546936 74280
1675981380962 0.04769845902919769 74320
1675981381024 0.04944586157798767 74360
1675981381103 0.0350449413061142 74400
1675981381164 0.0590120792388916 74440
1675981381225 0.0668731689453125 74480
1675981381283 0.05515816807746887 74520
1675981381344 0.04853607416152954 74560
1675981381413 0.05288802981376648 74600
1675981381470 0.03508182764053345 74640
1675981381575 0.038236594200134276 74680
1675981381648 0.059915149211883546 74720
1675981381738 0.04132439494132996 74760
1675981381814 0.05277817249298096 74800
1675981381888 0.04778913855552673 74840
1675981381942 0.07196879982948304 74880
1675981382012 0.07737284302711486 74920
1675981382070 0.06322574615478516 74960
1675981382137 0.05642143487930298 75000
1675981382194 0.07391071319580078 75040
1675981382256 0.030418631434440613 75080
1675981382315 0.053175896406173706 75120
1675981382374 0.07533794045448303 75160
1675981382436 0.04574317932128906 75200
1675981382537 0.05615258812904358 75240
1675981382618 0.04069254100322724 75280
1675981382674 0.03281765878200531 75320
1675981382735 0.04750281572341919 75360
1675981382798 0.04951984882354736 75400
1675981382863 0.055531442165374756 75440
1675981382934 0.07260897159576415 75480
1675981382997 0.03623837530612946 75520
1675981383102 0.0522346556186676 75560
1675981383177 0.050346237421035764 75600
1675981383291 0.044937893748283386 75640
1675981383408 0.052857279777526855 75680
1675981383479 0.051173627376556396 75720
1675981383537 0.04456205666065216 75760
1675981383645 0.04955275356769562 75800
1675981383706 0.05868704319000244 75840
1675981383762 0.056992733478546144 75880
1675981383827 0.05704668164253235 75920
1675981383883 0.04385894536972046 75960
1675981383943 0.05570729970932007 76000
1675981384007 0.059822505712509154 76040
1675981384074 0.04422921240329743 76080
1675981384139 0.052556633949279785 76120
1675981384199 0.06769111156463622 76160
1675981384262 0.035791832208633426 76200
1675981384323 0.06438694000244141 76240
1675981384395 0.08085619807243347 76280
1675981384459 0.06252125501632691 76320
1675981384523 0.056006389856338504 76360
1675981384603 0.04282277822494507 76400
1675981384667 0.03773880302906037 76440
1675981384805 0.043647027015686034 76480
1675981384869 0.05824344158172608 76520
1675981384934 0.042788642644882205 76560
1675981385013 0.05158436298370361 76600
1675981385077 0.0687933623790741 76640
1675981385136 0.04243362545967102 76680
1675981385198 0.061284369230270384 76720
1675981385259 0.056810629367828366 76760
1675981385329 0.047443744540214536 76800
1675981385398 0.049344626069068906 76840
1675981385459 0.051851284503936765 76880
1675981385527 0.06826833486557007 76920
1675981385590 0.03495664596557617 76960
1675981385647 0.0738246500492096 77000
1675981385710 0.0525019109249115 77040
1675981385776 0.05742960572242737 77080
1675981385849 0.0356833428144455 77120
1675981385916 0.04898812770843506 77160
1675981386019 0.053594005107879636 77200
1675981386095 0.044257208704948425 77240
1675981386154 0.05345320701599121 77280
1675981386216 0.06444211602210999 77320
1675981386277 0.045209485292434695 77360
1675981386341 0.05970451235771179 77400
1675981386403 0.031219106912612916 77440
1675981386463 0.054617494344711304 77480
1675981386525 0.03820922076702118 77520
1675981386621 0.06002514958381653 77560
1675981386704 0.03981644511222839 77600
1675981386811 0.05902720093727112 77640
1675981386897 0.03482590317726135 77680
1675981386958 0.04964784979820251 77720
1675981387023 0.05942636728286743 77760
1675981387083 0.04946240186691284 77800
1675981387146 0.04607069492340088 77840
1675981387209 0.05992555618286133 77880
1675981387269 0.07524381279945373 77920
1675981387332 0.04319535791873932 77960
1675981387396 0.04363220632076263 78000
1675981387454 0.05550922155380249 78040
1675981387512 0.05204926729202271 78080
1675981387576 0.029043364524841308 78120
1675981387632 0.04454966187477112 78160
1675981387695 0.05743389129638672 78200
1675981387755 0.037841996550559996 78240
1675981387817 0.05498689413070679 78280
1675981387891 0.03858471214771271 78320
1675981387954 0.06196286678314209 78360
1675981388015 0.06394948363304138 78400
1675981388133 0.03894672691822052 78440
1675981388210 0.054773342609405515 78480
1675981388277 0.03237492442131042 78520
1675981388350 0.05124552249908447 78560
1675981388409 0.05299113988876343 78600
1675981388471 0.045865321159362794 78640
1675981388542 0.043886852264404294 78680
1675981388607 0.038100439310073855 78720
1675981388691 0.03413203656673432 78760
1675981388756 0.046346092224121095 78800
1675981388834 0.042241281270980834 78840
1675981388919 0.032395920157432555 78880
1675981388998 0.06127625107765198 78920
1675981389140 0.040862786769866946 78960
1675981389223 0.04823746383190155 79000
1675981389283 0.038279098272323606 79040
1675981389365 0.05917771458625794 79080
1675981389449 0.04396989345550537 79120
1675981389517 0.06077671647071838 79160
1675981389638 0.045834532380104064 79200
1675981389707 0.045851516723632815 79240
1675981389766 0.03873128592967987 79280
1675981389834 0.06152240633964538 79320
1675981389893 0.04619036912918091 79360
1675981389947 0.07038799524307252 79400
1675981390008 0.05177842974662781 79440
1675981390067 0.059754812717437746 79480
1675981390123 0.042940402030944826 79520
1675981390184 0.0502488374710083 79560
1675981390242 0.037291300296783444 79600
1675981390304 0.03771317005157471 79640
1675981390366 0.04505674839019776 79680
1675981390428 0.060987389087677 79720
1675981390484 0.04630182385444641 79760
1675981390547 0.06220007538795471 79800
1675981390605 0.05210325717926025 79840
1675981390666 0.04334535300731659 79880
1675981390750 0.05317627787590027 79920
1675981390809 0.04361679852008819 79960
1675981390878 0.04640249311923981 80000
1675981390936 0.048927408456802365 80040
1675981390998 0.04726424813270569 80080
1675981391057 0.06450831294059753 80120
1675981391119 0.06264785528182984 80160
1675981391173 0.03667115569114685 80200
1675981391230 0.052480804920196536 80240
1675981391288 0.05028761029243469 80280
1675981391366 0.06206321716308594 80320
1675981391848 0.00324699692428112 80360
1675981391910 0.03790562152862549 80400
1675981392012 0.061805438995361325 80440
1675981392111 0.04765109717845917 80480
1675981392216 0.05495322346687317 80520
1675981392315 0.05579761266708374 80560
1675981392460 0.054397052526474 80600
1675981392564 0.06931763887405396 80640
1675981392659 0.053499656915664676 80680
1675981392728 0.06647190451622009 80720
1675981392835 0.04304094910621643 80760
1675981392934 0.056297683715820314 80800
1675981393222 0.052346646785736084 80840
1675981393310 0.03701118528842926 80880
1675981393425 0.04901472628116608 80920
1675981393533 0.05893791317939758 80960
1675981393670 0.05372124910354614 81000
1675981393733 0.06155327558517456 81040
1675981393791 0.056035131216049194 81080
1675981393853 0.060110831260681154 81120
1675981393912 0.0684792160987854 81160
1675981393988 0.05341786742210388 81200
1675981394051 0.05332475304603577 81240
1675981394108 0.05012052059173584 81280
1675981394180 0.07014028429985046 81320
1675981394236 0.05266504287719727 81360
1675981394293 0.041941165924072266 81400
1675981394351 0.053195899724960326 81440
1675981394409 0.04927958548069 81480
1675981394471 0.0694376289844513 81520
1675981394530 0.04555495381355286 81560
1675981394624 0.05230501890182495 81600
1675981394700 0.051058602333068845 81640
1675981394794 0.05358304381370545 81680
1675981394909 0.037710908055305484 81720
1675981394982 0.038848623633384705 81760
1675981395051 0.04105148017406464 81800
1675981395106 0.049959078431129456 81840
1675981395159 0.04978664219379425 81880
1675981395217 0.03647004365921021 81920
1675981395282 0.056831246614456175 81960
1675981395337 0.0649097204208374 82000
1675981395392 0.051999956369400024 82040
1675981395450 0.0687079131603241 82080
1675981395515 0.04840618073940277 82120
1675981395574 0.05228779315948486 82160
1675981395641 0.04773170650005341 82200
1675981395701 0.049400117993354795 82240
1675981395765 0.06356672048568726 82280
1675981395826 0.05162326097488403 82320
1675981395901 0.043784764409065244 82360
1675981395994 0.05863354206085205 82400
1675981396057 0.06096654534339905 82440
1675981396121 0.05472464561462402 82480
1675981396179 0.056416696310043334 82520
1675981396240 0.05002562403678894 82560
1675981396302 0.06213412284851074 82600
1675981396377 0.07557405829429627 82640
1675981396451 0.05643429160118103 82680
1675981396510 0.058362019062042234 82720
1675981396577 0.059423238039016724 82760
1675981396637 0.07186071276664734 82800
1675981396699 0.06184451580047608 82840
1675981396783 0.0521905779838562 82880
1675981396848 0.05109308958053589 82920
1675981396918 0.04394936859607697 82960
1675981396976 0.04422326385974884 83000
1675981397041 0.024912607669830323 83040
1675981397103 0.03366618454456329 83080
1675981397168 0.04514803290367127 83120
1675981397229 0.06025170087814331 83160
1675981397288 0.038593098521232605 83200
1675981397347 0.044155916571617125 83240
1675981397414 0.05292289257049561 83280
1675981397473 0.06438220143318177 83320
1675981397532 0.05612841844558716 83360
1675981397595 0.057686877250671384 83400
1675981397659 0.05736458897590637 83440
1675981397718 0.047651591897010806 83480
1675981397781 0.04543108642101288 83520
1675981397837 0.0340737134218216 83560
1675981397897 0.046119844913482665 83600
1675981397966 0.05657348036766052 83640
1675981398035 0.04168249070644379 83680
1675981398100 0.05474440455436706 83720
1675981398180 0.052691173553466794 83760
1675981398242 0.052943450212478635 83800
1675981398300 0.06645095944404603 83840
1675981398371 0.05464388728141785 83880
1675981398434 0.04603553116321564 83920
1675981398522 0.0414110004901886 83960
1675981398589 0.07351729273796082 84000
1675981398681 0.04129515886306763 84040
1675981398778 0.042370691895484924 84080
1675981398850 0.05926593542098999 84120
1675981398960 0.04979498088359833 84160
1675981399044 0.045051750540733335 84200
1675981399113 0.05495434403419495 84240
1675981399170 0.0597964346408844 84280
1675981399231 0.07281996011734009 84320
1675981399297 0.04816153645515442 84360
1675981399364 0.048437675833702086 84400
1675981399480 0.029363960027694702 84440
1675981399664 0.06113996505737305 84480
1675981399732 0.058080005645751956 84520
1675981399789 0.0454453855752945 84560
1675981399850 0.05341466069221497 84600
1675981399912 0.05319376587867737 84640
1675981399970 0.03559359908103943 84680
1675981400030 0.038904663920402524 84720
1675981400088 0.04920071363449097 84760
1675981400151 0.04449906051158905 84800
1675981400211 0.056597566604614256 84840
1675981400269 0.04580036699771881 84880
1675981400326 0.062197315692901614 84920
1675981400381 0.08380857706069947 84960
1675981400436 0.05680556297302246 85000
1675981400497 0.05689777731895447 85040
1675981400562 0.07532581090927123 85080
1675981400630 0.030471250414848328 85120
1675981400694 0.0450405091047287 85160
1675981400749 0.07956684827804565 85200
1675981400815 0.0393204003572464 85240
1675981400898 0.054227620363235474 85280
1675981400969 0.047839817404747007 85320
1675981401050 0.029785940051078798 85360
1675981401116 0.04416986703872681 85400
1675981401175 0.04737643301486969 85440
1675981401252 0.05073467493057251 85480
1675981401310 0.06769456267356873 85520
1675981401396 0.04334460198879242 85560
1675981401481 0.05099453926086426 85600
1675981401567 0.05337929725646973 85640
1675981401666 0.045577514171600345 85680
1675981401740 0.049122124910354614 85720
1675981401818 0.04840249717235565 85760
1675981401881 0.04171376526355743 85800
1675981401938 0.05715197920799255 85840
1675981401999 0.05141302347183228 85880
1675981402059 0.048833411931991574 85920
1675981402120 0.05605525970458984 85960
1675981402179 0.0505471408367157 86000
1675981402243 0.052678275108337405 86040
1675981402306 0.05646187663078308 86080
1675981402375 0.03885159194469452 86120
1675981402435 0.050825613737106326 86160
1675981402498 0.06576545238494873 86200
1675981402553 0.040489211678504944 86240
1675981402612 0.059310382604599 86280
1675981402681 0.08055455088615418 86320
1675981402746 0.05123597979545593 86360
1675981402801 0.05229398012161255 86400
1675981402868 0.04899718463420868 86440
1675981402931 0.03472546935081482 86480
1675981403008 0.04840758740901947 86520
1675981403112 0.053338921070098876 86560
1675981403167 0.03741576075553894 86600
1675981403267 0.051962876319885255 86640
1675981403348 0.057429826259613036 86680
1675981403439 0.055810320377349856 86720
1675981403503 0.061497282981872556 86760
1675981403603 0.05087145566940308 86800
1675981403673 0.049475950002670285 86840
1675981403741 0.04412538707256317 86880
1675981403803 0.05143675208091736 86920
1675981403870 0.06349268555641174 86960
1675981403928 0.041166257858276364 87000
1675981404029 0.06574771404266358 87040
1675981404139 0.06109797954559326 87080
1675981404203 0.05038147568702698 87120
1675981404264 0.039526563882827756 87160
1675981404322 0.049001702666282655 87200
1675981404386 0.05364454984664917 87240
1675981404449 0.045288705825805665 87280
1675981404506 0.05014963746070862 87320
1675981404581 0.06304301619529724 87360
1675981404664 0.046254098415374756 87400
1675981404781 0.05847756266593933 87440
1675981404841 0.03560603857040405 87480
1675981404902 0.04635365009307861 87520
1675981404966 0.045794063806533815 87560
1675981405043 0.05626578330993652 87600
1675981405108 0.039999714493751524 87640
1675981405167 0.05632190108299255 87680
1675981405233 0.035098609328269956 87720
1675981405292 0.045361611247062686 87760
1675981405358 0.06274359226226807 87800
1675981405418 0.043135222792625424 87840
1675981405481 0.04733304381370544 87880
1675981405544 0.06461691856384277 87920
1675981405611 0.06655275225639343 87960
1675981405673 0.05315808057785034 88000
1675981405730 0.03412129580974579 88040
1675981405786 0.062488716840744016 88080
1675981405871 0.04764954149723053 88120
1675981405934 0.0313965380191803 88160
1675981406060 0.03387723565101623 88200
1675981406134 0.060888868570327756 88240
1675981406193 0.040055403113365175 88280
1675981406260 0.0599786102771759 88320
1675981406318 0.0358188658952713 88360
1675981406384 0.06520406007766724 88400
1675981406446 0.06006056070327759 88440
1675981406512 0.03988622725009918 88480
1675981406596 0.05955185890197754 88520
1675981406658 0.027873271703720094 88560
1675981406757 0.05194412469863892 88600
1675981406852 0.05018488764762878 88640
1675981406967 0.04226050078868866 88680
1675981407065 0.043852347135543826 88720
1675981407194 0.03852460086345673 88760
1675981407251 0.03464701771736145 88800
1675981407349 0.04365822970867157 88840
1675981407446 0.03807427585124969 88880
1675981407596 0.033101838827133176 88920
1675981407691 0.05315806269645691 88960
1675981407828 0.050735509395599364 89000
1675981407896 0.04772974848747254 89040
1675981408013 0.032398664951324464 89080
1675981408287 0.05865626931190491 89120
1675981408463 0.04607178270816803 89160
1675981408544 0.05759164094924927 89200
1675981408691 0.049565944075584414 89240
1675981408755 0.0425217866897583 89280
1675981408823 0.041530835628509524 89320
1675981408887 0.05859559178352356 89360
1675981408955 0.04810263216495514 89400
1675981409011 0.07280622720718384 89440
1675981409092 0.048601207137107846 89480
1675981409159 0.06904472708702088 89520
1675981409231 0.03767376840114593 89560
1675981409293 0.04662240743637085 89600
1675981409377 0.0346924751996994 89640
1675981409441 0.042792442440986636 89680
1675981409535 0.04243305325508118 89720
1675981409607 0.04757516086101532 89760
1675981409670 0.06229574680328369 89800
1675981409730 0.05472021102905274 89840
1675981409792 0.05506375432014465 89880
1675981409859 0.04059522151947022 89920
1675981409922 0.04268711507320404 89960
1675981409980 0.05351794362068176 90000
1675981410040 0.03773086369037628 90040
1675981410105 0.057131093740463254 90080
1675981410164 0.03167768120765686 90120
1675981410224 0.06759511232376099 90160
1675981410286 0.06273927092552185 90200
1675981410347 0.04641965627670288 90240
1675981410407 0.04697932600975037 90280
1675981410463 0.05205442309379578 90320
1675981410523 0.06462125182151794 90360
1675981410582 0.048397698998451234 90400
