1675277102923 0.7315834164619446 0
1675277103179 0.7292198538780212 0
1675277103429 0.7245487570762634 0
1675277103631 0.7267559170722961 0
1675277103853 0.7221561074256897 0
1675277104063 0.7199302911758423 0
1675277104247 0.7181549668312073 0
1675277104521 0.7104783654212952 0
1675277104722 0.7125503420829773 0
1675277104947 0.7087295651435852 0
1675277105176 0.7019678950309753 0
1675277105413 0.7005143165588379 0
1675277105612 0.7000718116760254 0
1675277105878 0.6930287480354309 0
1675277106093 0.692495584487915 0
1675277106291 0.6901907920837402 0
1675277106524 0.6860042214393616 0
1675277106761 0.6847538352012634 0
1675277106994 0.6801161170005798 0
1675277107226 0.6778125166893005 0
1675277107432 0.6744635701179504 0
1675277107674 0.6703883409500122 0
1675277107875 0.6684696674346924 0
1675277108125 0.663240373134613 0
1675277108358 0.6603565812110901 0
1675277108569 0.6584552526473999 0
1675277108774 0.6550048589706421 0
1675277108950 0.6543368697166443 0
1675277109189 0.6481447815895081 0
1675277109414 0.6441080570220947 0
1675277109666 0.6382720470428467 0
1675277109857 0.6377697587013245 0
1675277110066 0.633212685585022 0
1675277110290 0.6309170722961426 0
1675277110522 0.6247862577438354 0
1675277110754 0.624475359916687 0
1675277111001 0.6178435683250427 0
1675277111275 0.6154510974884033 0
1675277111479 0.6145948171615601 0
1675277111685 0.6100828647613525 0
1675277111904 0.6078479290008545 0
1675277112167 0.6032670140266418 0
1675277112400 0.5995545983314514 0
1675277112634 0.597960352897644 0
1675277112901 0.5932247638702393 0
1675277113125 0.5935134291648865 0
1675277113349 0.5895671844482422 0
1675277113559 0.5875846147537231 0
1675277113775 0.586449384689331 0
1675277113944 0.5859274864196777 0
1675277114176 0.5792906880378723 0
1675277114410 0.5763769149780273 0
1675277114606 0.5777487754821777 0
1675277114831 0.575131356716156 0
1675277115098 0.5673069357872009 0
1675277115360 0.5663003921508789 0
1675277115593 0.566146194934845 0
1675277115799 0.5642980933189392 0
1675277116052 0.5615806579589844 0
1675277116279 0.5608890652656555 0
1675277116573 0.5539020299911499 0
1675277116766 0.5590594410896301 0
1675277117014 0.5548405051231384 0
1675277117273 0.5508101582527161 0
1675277117507 0.5495551228523254 0
1675277117739 0.5473693013191223 0
1675277117976 0.5461341142654419 0
1675277118212 0.5448607802391052 0
1675277118439 0.5468834042549133 0
1675277118609 0.5467643141746521 0
1675277118851 0.5420489311218262 0
1675277119053 0.5446534156799316 0
1675277119277 0.5387773513793945 0
1675277119551 0.5330910086631775 0
1675277119821 0.5347526669502258 0
1675277120034 0.5366564393043518 0
1675277120259 0.5356512665748596 0
1675277120469 0.5342410802841187 0
1675277120721 0.5317450761795044 0
1675277120984 0.5275335907936096 0
1675277121236 0.5280166268348694 0
1675277121422 0.5335948467254639 0
1675277121678 0.5222895741462708 0
1675277121864 0.5295041799545288 0
1675277122091 0.5251722931861877 0
1675277122277 0.5305224061012268 0
1675277122489 0.5251640677452087 0
1675277122706 0.521021842956543 0
1675277122905 0.52459317445755 0
1675277123119 0.5199450850486755 0
1675277123369 0.5175804495811462 0
1675277123641 0.5156304240226746 0
1675277123879 0.5161126852035522 0
1675277124048 0.5202913284301758 0
1675277124219 0.5221462249755859 0
1675277124414 0.5185922980308533 0
1675277124620 0.519629716873169 0
1675277124830 0.5160021781921387 0
1675277125016 0.518013596534729 0
1675277125304 0.5079740285873413 0
1675277125490 0.5143288373947144 0
1675277125753 0.5112084150314331 0
1675277126030 0.5112724304199219 0
1675277126226 0.5130482316017151 0
1675277126443 0.5090568661689758 0
1675277126645 0.5128226280212402 0
1675277126870 0.5103424191474915 0
1675277127092 0.5095196962356567 0
1675277127317 0.5079461336135864 0
1675277127520 0.5101197957992554 0
1675277127702 0.5104416012763977 0
1675277127904 0.5044906139373779 0
1675277128087 0.5096014142036438 0
1675277128285 0.5067619681358337 0
1675277128457 0.51241534948349 0
1675277128686 0.5066683888435364 0
1675277128866 0.5088774561882019 0
1675277129090 0.5026984810829163 0
1675277129301 0.5035806894302368 0
1675277129530 0.5021439790725708 0
1675277129713 0.5059390664100647 0
1675277129917 0.5030167102813721 0
1675277130196 0.500506579875946 0
1675277130535 0.492520809173584 0
1675277130726 0.5041675567626953 0
1675277130952 0.5017202496528625 0
1675277131157 0.5007559657096863 0
1675277131390 0.49677664041519165 0
1675277131572 0.5033886432647705 0
1675277131783 0.49933934211730957 0
1675277131984 0.4998200237751007 0
1675277132180 0.5000025033950806 0
1675277132414 0.49591657519340515 0
1675277132634 0.49592122435569763 0
1675277132859 0.4960143566131592 0
1675277133050 0.49917346239089966 0
1675277133327 0.49106156826019287 0
1675277133550 0.49291741847991943 0
1675277133757 0.49401068687438965 0
1675277134020 0.49373099207878113 0
1675277134241 0.4941260516643524 0
1675277134459 0.49419406056404114 0
1675277134706 0.498038113117218 0
1675277134905 0.49601712822914124 0
1675277135126 0.49102163314819336 0
1675277135396 0.4940547049045563 0
1675277135590 0.49511799216270447 0
1675277135835 0.4913782477378845 0
1675277136065 0.49036356806755066 0
1675277136305 0.4889867901802063 0
1675277136508 0.4938865005970001 0
1675277136704 0.4956654906272888 0
1675277136914 0.4927860200405121 0
1675277137102 0.4915834963321686 0
1675277137341 0.4921697974205017 0
1675277137594 0.4861796200275421 0
1675277137807 0.4911998510360718 0
1675277139860 0.489734023809433 0
1675277140099 0.4860405921936035 0
1675277140352 0.48578497767448425 0
1675277140565 0.4882008731365204 0
1675277140785 0.4898897707462311 0
1675277141034 0.4845179617404938 0
1675277141238 0.4902697503566742 0
1675277141483 0.48867154121398926 0
1675277141727 0.4855971932411194 0
1675277141952 0.48778319358825684 0
1675277142178 0.4871307909488678 0
1675277142357 0.4918544292449951 0
1675277142566 0.4894145429134369 0
1675277142823 0.4876440167427063 0
1675277143138 0.4817488193511963 0
1675277143377 0.4819905161857605 0
1675277143632 0.4858717918395996 0
1675277143850 0.4872075319290161 0
1675277144118 0.48267367482185364 0
1675277144321 0.4843344986438751 0
1675277144546 0.4851493239402771 0
1675277144782 0.48120734095573425 0
1675277144987 0.48799368739128113 0
1675277145191 0.48843148350715637 0
1675277145364 0.49183744192123413 0
1675277145580 0.4906928241252899 0
1675277145819 0.4814159572124481 0
1675277146071 0.4827176630496979 0
1675277146371 0.48577311635017395 0
1675277146622 0.48051565885543823 0
1675277146817 0.48700401186943054 0
1675277147026 0.4886398911476135 0
1675277147228 0.48474186658859253 0
1675277147482 0.4802550673484802 0
1675277147684 0.483328640460968 0
1675277147886 0.4883370101451874 0
1675277148107 0.48163342475891113 0
1675277148289 0.48563486337661743 0
1675277148446 0.48720866441726685 0
1675277148668 0.483380526304245 0
1675277148866 0.48220038414001465 0
1675277149154 0.47843989729881287 0
1675277149371 0.4823918044567108 0
1675277149532 0.4873298406600952 0
1675277149774 0.4809008240699768 0
1675277150018 0.4816471040248871 0
1675277150224 0.4835091233253479 0
1675277150476 0.4780667722225189 0
1675277150729 0.48247531056404114 0
1675277150908 0.4844647943973541 0
1675277151147 0.47815078496932983 0
1675277151383 0.4836198687553406 0
1675277151584 0.4815743565559387 0
1675277151769 0.48404499888420105 0
1675277151967 0.4821562170982361 0
1675277152209 0.48290276527404785 0
1675277152407 0.48045316338539124 0
1675277152622 0.4835669696331024 0
1675277152829 0.4815810024738312 0
1675277153048 0.4812043607234955 0
1675277153265 0.48183584213256836 0
1675277153473 0.48033568263053894 0
1675277153660 0.4831981062889099 0
1675277153863 0.4799043834209442 0
1675277154089 0.4806506931781769 0
1675277154292 0.4799484610557556 0
1675277154520 0.47977229952812195 0
1675277154736 0.48132649064064026 0
1675277154955 0.4769163727760315 0
1675277155139 0.4805143177509308 0
1675277155367 0.47696179151535034 0
1675277155594 0.4766065776348114 0
1675277155839 0.48163703083992004 0
1675277156081 0.47593262791633606 0
1675277156332 0.4749377369880676 0
1675277156548 0.4780891239643097 0
1675277156830 0.47573137283325195 0
1675277157067 0.4794347584247589 0
1675277157343 0.47556042671203613 0
1675277157578 0.47616055607795715 0
1675277157766 0.478650838136673 0
1675277157984 0.4774013161659241 0
1675277158236 0.4727475941181183 0
1675277158447 0.4787614047527313 0
1675277158691 0.4759460389614105 0
1675277158906 0.475661963224411 0
1675277159127 0.4757692515850067 0
1675277159344 0.4779212772846222 0
1675277159557 0.4776572287082672 0
1675277159737 0.4810751676559448 0
1675277159999 0.4739358425140381 0
1675277160230 0.4795701205730438 0
1675277160406 0.48286306858062744 0
1675277160637 0.4753516912460327 0
1675277160824 0.4837374687194824 0
1675277161038 0.4744003713130951 0
1675277161302 0.47516173124313354 0
1675277161532 0.47138527035713196 0
1675277161693 0.48267608880996704 0
1675277161912 0.4768083989620209 0
1675277162128 0.4716789722442627 0
1675277162304 0.4780312180519104 0
1675277162514 0.47514113783836365 0
1675277162731 0.47662943601608276 0
1675277162928 0.4752158522605896 0
1675277163190 0.46845337748527527 0
1675277163411 0.47195807099342346 0
1675277163641 0.4758886694908142 0
1675277163834 0.47847017645835876 0
1675277164046 0.4757290184497833 0
1675277164328 0.4645465314388275 0
1675277164573 0.47197049856185913 0
1675277164808 0.47228074073791504 0
1675277165008 0.47995656728744507 0
1675277165274 0.4702047109603882 0
1675277165460 0.4768950641155243 0
1675277165711 0.4691157042980194 0
1675277165902 0.4758392870426178 0
1675277166130 0.4739578366279602 0
1675277166312 0.47437968850135803 0
1675277166534 0.47276443243026733 0
1675277166781 0.4714556932449341 0
1675277166970 0.47492632269859314 0
1675277167194 0.4727076590061188 0
1675277167386 0.4758642017841339 0
1675277167575 0.47479352355003357 0
1675277167729 0.48063522577285767 0
1675277167922 0.4775674641132355 0
1675277168175 0.4704391062259674 0
1675277168414 0.469647616147995 0
1675277168607 0.47480183839797974 0
1675277168818 0.47372761368751526 0
1675277169067 0.4661940634250641 0
1675277169329 0.4713357985019684 0
1675277169563 0.4715192914009094 0
1675277169800 0.47041863203048706 0
1675277170035 0.4741683006286621 0
1675277170236 0.473867803812027 0
1675277170462 0.4710121750831604 0
1675277170702 0.4697662889957428 0
1675277170928 0.4697543680667877 0
1675277171183 0.4689207673072815 0
1675277171392 0.4726058542728424 0
1675277171592 0.4735225439071655 0
1675277171798 0.4704594612121582 0
1675277172021 0.47266608476638794 0
1675277172246 0.4735690653324127 0
1675277172481 0.4716302156448364 0
1675277172676 0.47340941429138184 0
1675277172880 0.47206026315689087 0
1675277173078 0.47318971157073975 0
1675277173324 0.4690549671649933 0
1675277173540 0.4670606255531311 0
1675277173777 0.47000542283058167 0
1675277173966 0.4741029441356659 0
1675277174184 0.4694705605506897 0
1675277174401 0.4720236361026764 0
1675277176493 0.46833720803260803 0
1675277176681 0.46900391578674316 0
1675277176879 0.4721857011318207 0
1675277177120 0.4654163420200348 0
1675277177369 0.46724119782447815 0
1675277177601 0.4698370397090912 0
1675277177794 0.4739076793193817 0
1675277178043 0.46881991624832153 0
1675277178295 0.4674453139305115 0
1675277178521 0.46962806582450867 0
1675277178719 0.4721697270870209 0
1675277178906 0.47430118918418884 0
1675277179109 0.47029510140419006 0
1675277179296 0.47301000356674194 0
1675277179504 0.47022101283073425 0
1675277179701 0.4728308916091919 0
1675277179922 0.467672735452652 0
1675277180148 0.4681514799594879 0
1675277180378 0.4672177731990814 0
1675277180567 0.4701519310474396 0
1675277180801 0.46866101026535034 0
1675277180999 0.4717996120452881 0
1675277181245 0.4634532928466797 0
1675277181418 0.47656771540641785 0
1675277181659 0.46754515171051025 0
1675277181878 0.46754536032676697 0
1675277182150 0.4662104547023773 0
1675277182370 0.46686726808547974 0
1675277182601 0.46907347440719604 0
1675277182770 0.4710898697376251 0
1675277182977 0.4723304510116577 0
1675277183232 0.4657593369483948 0
1675277183567 0.45723021030426025 0
1675277183761 0.47204843163490295 0
1675277183998 0.46656572818756104 0
1675277184199 0.4697696566581726 0
1675277184406 0.4685952961444855 0
1675277184622 0.46669653058052063 0
1675277184855 0.4675098955631256 0
1675277185103 0.46391725540161133 0
1675277185283 0.47103041410446167 0
1675277185503 0.46723246574401855 0
1675277185704 0.4673541188240051 0
1675277185906 0.46489906311035156 0
1675277186134 0.47114306688308716 0
1675277186353 0.46748480200767517 0
1675277186564 0.46586692333221436 0
1675277186782 0.4668012857437134 0
1675277186999 0.4659062922000885 0
1675277187190 0.4693855345249176 0
1675277187429 0.4653589427471161 0
1675277187635 0.4701659381389618 0
1675277187850 0.46789753437042236 0
1675277188079 0.4659840166568756 0
1675277188287 0.4688590466976166 0
1675277188499 0.46710145473480225 0
1675277188704 0.4674420952796936 0
1675277188917 0.4692329168319702 0
1675277189151 0.4634293019771576 0
1675277189378 0.4672795534133911 0
1675277189596 0.46311071515083313 0
1675277189840 0.46164995431900024 0
1675277190066 0.46370428800582886 0
1675277190271 0.4695126712322235 0
1675277190483 0.46560147404670715 0
1675277190704 0.4641101062297821 0
1675277190865 0.47162121534347534 0
1675277191077 0.4621146023273468 0
1675277191255 0.4688625633716583 0
1675277191494 0.46282052993774414 0
1675277191766 0.4624413847923279 0
1675277191986 0.466427206993103 0
1675277192227 0.4637855291366577 0
1675277192415 0.47235196828842163 0
1675277192649 0.4619232714176178 0
1675277192875 0.4666520953178406 0
1675277193132 0.4595054090023041 0
1675277193335 0.4673597514629364 0
1675277193593 0.4609241783618927 0
1675277193832 0.4635659456253052 0
1675277194048 0.464694082736969 0
1675277194309 0.46006694436073303 0
1675277194539 0.4635195732116699 0
1675277194735 0.4677582383155823 0
1675277194997 0.4634009599685669 0
1675277195239 0.46454742550849915 0
1675277195463 0.46305230259895325 0
1675277195696 0.463748961687088 0
1675277195953 0.4621468186378479 0
1675277196232 0.4585758447647095 0
1675277196449 0.4667641520500183 0
1675277196662 0.4631285071372986 0
1675277196887 0.4619423747062683 0
1675277197134 0.46323639154434204 0
1675277197401 0.45738980174064636 0
1675277197586 0.46760761737823486 0
1675277197833 0.45883673429489136 0
1675277198021 0.467437207698822 0
1675277198217 0.4633117914199829 0
1675277198411 0.4674166440963745 0
1675277198594 0.46901237964630127 0
1675277198833 0.4597330689430237 0
1675277199016 0.46683457493782043 0
1675277199264 0.4627920985221863 0
1675277199483 0.4669470489025116 0
1675277199716 0.4674975275993347 0
1675277199938 0.4662426710128784 0
1675277200143 0.46487778425216675 0
1675277200367 0.46407899260520935 0
1675277200635 0.46271398663520813 0
1675277200886 0.4610632359981537 0
1675277201119 0.4638318419456482 0
1675277201304 0.46793055534362793 0
1675277201579 0.45768237113952637 0
1675277201798 0.4607388377189636 0
1675277202001 0.4627796411514282 0
1675277202246 0.46107393503189087 0
1675277202480 0.45964324474334717 0
1675277202711 0.4627610146999359 0
1675277202923 0.4617159068584442 0
1675277203152 0.46016955375671387 0
1675277203358 0.46393051743507385 0
1675277203567 0.46447882056236267 0
1675277203759 0.4708382189273834 0
1675277204009 0.45888134837150574 0
1675277204223 0.4639323055744171 0
1675277204401 0.46920403838157654 0
1675277204599 0.4645916521549225 0
1675277204817 0.4648786783218384 0
1675277205071 0.46063897013664246 0
1675277205323 0.45984935760498047 0
1675277205605 0.45615097880363464 0
1675277205821 0.46118760108947754 0
1675277206007 0.4642685353755951 0
1675277206206 0.46291252970695496 0
1675277206478 0.46145620942115784 0
1675277206719 0.46245673298835754 0
1675277206961 0.46239033341407776 0
1675277207147 0.465695858001709 0
1675277207355 0.46259191632270813 0
1675277207566 0.4619755148887634 0
1675277207803 0.4638861119747162 0
1675277208058 0.4609752595424652 0
1675277208290 0.46097391843795776 0
1675277208552 0.4570017457008362 0
1675277208739 0.4678850769996643 0
1675277208901 0.46942782402038574 0
1675277209065 0.4683915972709656 0
1675277209273 0.46136292815208435 0
1675277209453 0.46654224395751953 0
1675277209713 0.4595024883747101 0
1675277209938 0.46081027388572693 0
1675277210212 0.46108242869377136 0
1675277210448 0.4551087021827698 0
1675277210630 0.46458375453948975 0
1675277210879 0.4595407545566559 0
1675277211061 0.46375998854637146 0
1675277213142 0.459981769323349 0
1675277213367 0.4598087966442108 0
1675277213567 0.46162185072898865 0
1675277213809 0.4600265920162201 0
1675277214005 0.46392348408699036 0
1675277214203 0.46047988533973694 0
1675277214375 0.46566352248191833 0
1675277214611 0.4569266736507416 0
1675277214812 0.4623135030269623 0
1675277215093 0.4549989402294159 0
1675277215308 0.46237507462501526 0
1675277215498 0.4643443524837494 0
1675277215754 0.4558839797973633 0
1675277215972 0.46228423714637756 0
1675277216154 0.4657786190509796 0
1675277216384 0.4604761302471161 0
1675277216624 0.4590647518634796 0
1675277216867 0.45902955532073975 0
1675277217048 0.4650755226612091 0
1675277217303 0.45682600140571594 0
1675277217542 0.4563811123371124 0
1675277217769 0.4598139822483063 0
1675277218018 0.45998114347457886 0
1675277218228 0.46112996339797974 0
1675277218477 0.4561641812324524 0
1675277218681 0.46392571926116943 0
1675277218876 0.4603210687637329 0
1675277219101 0.4574120342731476 0
1675277219318 0.46014970541000366 0
1675277219558 0.45880818367004395 0
1675277219796 0.4587140679359436 0
1675277220022 0.45959216356277466 0
1675277220231 0.4586491286754608 0
1675277220433 0.4585544168949127 0
1675277220690 0.45881742238998413 0
1675277220946 0.45702922344207764 0
1675277221112 0.4638516306877136 0
1675277221361 0.45391130447387695 0
1675277221556 0.4638640582561493 0
1675277221768 0.4638374149799347 0
1675277222032 0.45334699749946594 0
1675277222225 0.46175137162208557 0
1675277222430 0.45967814326286316 0
1675277222653 0.4606174826622009 0
1675277222847 0.46204543113708496 0
1675277223067 0.4566657245159149 0
1675277223311 0.4562179446220398 0
1675277223526 0.4608321785926819 0
1675277223745 0.457584947347641 0
1675277223999 0.45642489194869995 0
1675277224196 0.45885953307151794 0
1675277224448 0.4554539620876312 0
1675277224673 0.45808783173561096 0
1675277224866 0.4630860686302185 0
1675277225071 0.4614974856376648 0
1675277225279 0.4628412425518036 0
1675277225519 0.4542282521724701 0
1675277225739 0.4597890079021454 0
1675277225953 0.45849549770355225 0
1675277226220 0.454359769821167 0
1675277226383 0.46496665477752686 0
1675277226553 0.46213456988334656 0
1675277226752 0.45872482657432556 0
1675277226959 0.45915621519088745 0
1675277227233 0.4566013813018799 0
1675277227454 0.4549339711666107 0
1675277227680 0.4558852016925812 0
1675277227904 0.45738688111305237 0
1675277228142 0.4531853497028351 0
1675277228375 0.45793670415878296 0
1675277228595 0.45996716618537903 0
1675277228773 0.4625583589076996 0
1675277228998 0.45348459482192993 0
1675277229193 0.4611678123474121 0
1675277229451 0.4530320465564728 0
1675277229688 0.45728737115859985 0
1675277229883 0.45994246006011963 0
1675277230089 0.4615193009376526 0
1675277230306 0.457199364900589 0
1675277230514 0.45872417092323303 0
1675277230700 0.4599440097808838 0
1675277230947 0.4563755989074707 0
1675277231160 0.45530807971954346 0
1675277231441 0.45220357179641724 0
1675277231691 0.45436814427375793 0
1675277231937 0.4540102183818817 0
1675277232179 0.45361173152923584 0
1675277232372 0.4614800214767456 0
1675277232627 0.4501197338104248 0
1675277232834 0.4590870440006256 0
1675277233053 0.4553038477897644 0
1675277233339 0.45333006978034973 0
1675277233537 0.46071356534957886 0
1675277233801 0.45520588755607605 0
1675277234092 0.44862431287765503 0
1675277234286 0.46004971861839294 0
1675277234556 0.4535316228866577 0
1675277234754 0.4594261050224304 0
1675277234968 0.4573691785335541 0
1675277235176 0.4565178155899048 0
1675277235409 0.4535590708255768 0
1675277235656 0.4550715386867523 0
1675277235876 0.45942580699920654 0
1675277236101 0.45548734068870544 0
1675277236343 0.45567965507507324 0
1675277236532 0.46022745966911316 0
1675277236763 0.45747172832489014 0
1675277237042 0.4508023262023926 0
1675277237287 0.4540838599205017 0
1675277237569 0.45037543773651123 0
1675277237766 0.4616399109363556 0
1675277237961 0.4599052667617798 0
1675277238193 0.4589889943599701 0
1675277238450 0.45348241925239563 0
1675277238634 0.45899027585983276 0
1675277238836 0.4591689109802246 0
1675277239012 0.462850958108902 0
1675277239223 0.4579741060733795 0
1675277239470 0.4555218815803528 0
1675277239714 0.45481744408607483 0
1675277239963 0.4537867605686188 0
1675277240216 0.45524123311042786 0
1675277240428 0.4561844766139984 0
1675277240627 0.4607957601547241 0
1675277240882 0.44962164759635925 0
1675277241083 0.4589639902114868 0
1675277241353 0.4551302194595337 0
1675277241555 0.46204984188079834 0
1675277241862 0.4518659710884094 0
1675277242074 0.4583766460418701 0
1675277242349 0.45502957701683044 0
1675277242582 0.4563664495944977 0
1675277242828 0.4566405117511749 0
1675277243037 0.4573521018028259 0
1675277243266 0.4551473557949066 0
1675277243495 0.45612093806266785 0
1675277243722 0.45316219329833984 0
1675277243976 0.4565047323703766 0
1675277244187 0.45910173654556274 0
1675277244443 0.45015180110931396 0
1675277244637 0.4585343301296234 0
1675277244907 0.4498884081840515 0
1675277245133 0.4563809633255005 0
1675277245386 0.4566271901130676 0
1675277245636 0.45887500047683716 0
1675277245881 0.4513106942176819 0
1675277246091 0.45801278948783875 0
1675277246364 0.4535503685474396 0
1675277246628 0.45060163736343384 0
1675277246858 0.457765132188797 0
1675277247101 0.45407259464263916 0
1675277247269 0.46492862701416016 0
1675277247575 0.4491722285747528 0
1675277247796 0.45649638772010803 0
1675277248024 0.45718255639076233 0
1675277248221 0.4601932466030121 0
1675277248472 0.4506532549858093 0
1675277250649 0.45785102248191833 0
1675277250930 0.4467095136642456 0
1675277251160 0.45274272561073303 0
1675277251352 0.45928654074668884 0
1675277251614 0.4507564902305603 0
1675277251856 0.453469455242157 0
1675277252137 0.4527967572212219 0
1675277252445 0.4531262218952179 0
1675277252664 0.4571615159511566 0
1675277252982 0.4451582729816437 0
1675277253219 0.4514749348163605 0
1675277253469 0.45152410864830017 0
1675277253732 0.4499777853488922 0
1675277253946 0.458755224943161 0
1675277254162 0.45484456419944763 0
1675277254417 0.4528079032897949 0
1675277254638 0.4523007869720459 0
1675277254857 0.4541394114494324 0
1675277255066 0.45706260204315186 0
1675277255323 0.44784075021743774 0
1675277255492 0.46143677830696106 0
1675277255778 0.44774889945983887 0
1675277256025 0.44926559925079346 0
1675277256279 0.45320767164230347 0
1675277256508 0.4520096778869629 0
1675277256780 0.45159655809402466 0
1675277256965 0.457705557346344 0
1675277257177 0.45498088002204895 0
1675277257383 0.45478737354278564 0
1675277257621 0.45007723569869995 0
1675277257826 0.4536905884742737 0
1675277258060 0.4516940116882324 0
1675277258274 0.45377591252326965 0
1675277258471 0.4564165472984314 0
1675277258652 0.45876985788345337 0
1675277258850 0.4554932713508606 0
1675277259066 0.45506489276885986 0
1675277259312 0.44849103689193726 0
1675277259555 0.453084796667099 0
1675277259728 0.45804449915885925 0
1675277259963 0.4540907144546509 0
1675277260263 0.44548165798187256 0
1675277260543 0.4443581700325012 0
1675277260766 0.4576084017753601 0
1675277260986 0.4538111090660095 0
1675277261207 0.45593488216400146 0
1675277261394 0.4586806893348694 0
1675277261637 0.45321017503738403 0
1675277261894 0.44991227984428406 0
1675277262080 0.4584926962852478 0
1675277262270 0.45654913783073425 0
1675277262522 0.44960880279541016 0
1675277262750 0.44982558488845825 0
1675277262967 0.45600754022598267 0
1675277263182 0.4550597369670868 0
1675277263428 0.4526013135910034 0
1675277263657 0.44964078068733215 0
1675277263902 0.4527079164981842 0
1675277264130 0.4490869343280792 0
1675277264378 0.451718270778656 0
1675277264641 0.4488603174686432 0
1675277264814 0.45867106318473816 0
1675277265029 0.4519194960594177 0
1675277265219 0.4531557261943817 0
1675277265424 0.4550014138221741 0
1675277265634 0.4537116289138794 0
1675277265844 0.4541829824447632 0
1675277266035 0.4567241966724396 0
1675277266275 0.451519638299942 0
1675277266514 0.4510253965854645 0
1675277266714 0.4589212238788605 0
1675277266960 0.44820544123649597 0
1675277267209 0.4521377980709076 0
1675277267439 0.4499856233596802 0
1675277267631 0.4553241729736328 0
1675277267837 0.45633599162101746 0
1675277268072 0.45315974950790405 0
1675277268306 0.45400500297546387 0
1675277268485 0.4588102102279663 0
1675277268702 0.45191502571105957 0
1675277268945 0.45197391510009766 0
1675277269149 0.45352646708488464 0
1675277269372 0.4514021873474121 0
1675277269601 0.45377278327941895 0
1675277269796 0.458954781293869 0
1675277270089 0.4478486180305481 0
1675277270344 0.45130568742752075 0
1675277270602 0.44879981875419617 0
1675277270816 0.4507172405719757 0
1675277270989 0.4588204622268677 0
1675277271247 0.4491128921508789 0
1675277271511 0.44983893632888794 0
1675277271759 0.4481756389141083 0
1675277272005 0.4513433277606964 0
1675277272234 0.4521603286266327 0
1675277272419 0.4538373351097107 0
1675277272649 0.4500533938407898 0
1675277272855 0.45316189527511597 0
1675277273181 0.4475811719894409 0
1675277273397 0.4566630721092224 0
1675277273679 0.44183114171028137 0
1675277273953 0.446758896112442 0
1675277274226 0.4493961036205292 0
1675277274428 0.45473185181617737 0
1675277274615 0.454345166683197 0
1675277274808 0.45786207914352417 0
1675277275031 0.45260027050971985 0
1675277275278 0.44873201847076416 0
1675277275454 0.46067357063293457 0
1675277275656 0.4517262876033783 0
1675277275855 0.4524364769458771 0
1675277276096 0.44819626212120056 0
1675277276399 0.44937029480934143 0
1675277276631 0.44948846101760864 0
1675277276831 0.45102885365486145 0
1675277277090 0.4453876316547394 0
1675277277369 0.446273535490036 0
1675277277581 0.4537247121334076 0
1675277277791 0.45482054352760315 0
1675277278025 0.45179376006126404 0
1675277278243 0.45463043451309204 0
1675277278474 0.45187073945999146 0
1675277278693 0.45391765236854553 0
1675277278911 0.4502620995044708 0
1675277279125 0.45245394110679626 0
1675277279358 0.45122823119163513 0
1675277279545 0.45699793100357056 0
1675277279711 0.45814669132232666 0
1675277279933 0.45110568404197693 0
1675277280201 0.4464408755302429 0
1675277280419 0.4569155275821686 0
1675277280647 0.4507245421409607 0
1675277280860 0.45301899313926697 0
1675277281060 0.4554578363895416 0
1675277281284 0.45560142397880554 0
1675277281521 0.4487993121147156 0
1675277281743 0.4531470835208893 0
1675277281961 0.45388537645339966 0
1675277282135 0.4591103494167328 0
1675277282351 0.4522310495376587 0
1675277282605 0.4454408884048462 0
1675277282834 0.4475772976875305 0
1675277283036 0.4549553394317627 0
1675277283229 0.45590755343437195 0
1675277283456 0.4505918622016907 0
1675277283678 0.4509830176830292 0
1675277283963 0.44520172476768494 0
1675277284118 0.4605652391910553 0
1675277284418 0.44888949394226074 0
1675277284690 0.4456556737422943 0
1675277284865 0.4592312276363373 0
1675277285069 0.45457330346107483 0
1675277285332 0.4473409652709961 0
1675277285568 0.4521636366844177 0
1675277285801 0.4531235992908478 0
1675277285998 0.4534308910369873 0
1675277286195 0.45313116908073425 0
1675277288330 0.4496085047721863 0
1675277288538 0.4520421624183655 0
1675277288748 0.45292702317237854 0
1675277289003 0.44524452090263367 0
1675277289241 0.45040056109428406 0
1675277289472 0.44954684376716614 0
1675277289683 0.45208466053009033 0
1675277289902 0.453412264585495 0
1675277290210 0.44374144077301025 0
1675277290470 0.4484822154045105 0
1675277290694 0.4545115828514099 0
1675277290947 0.44944655895233154 0
1675277291115 0.4600357115268707 0
1675277291411 0.44306033849716187 0
1675277291587 0.4587511420249939 0
1675277291832 0.4504856467247009 0
1675277292043 0.45211106538772583 0
1675277292268 0.4495754539966583 0
1675277292491 0.45231133699417114 0
1675277292758 0.4471062421798706 0
1675277292980 0.4510694146156311 0
1675277293215 0.44670569896698 0
1675277293400 0.4563237130641937 0
1675277293602 0.4494183659553528 0
1675277293776 0.45755887031555176 0
1675277293992 0.45137545466423035 0
1675277294209 0.44862955808639526 0
1675277294413 0.45394015312194824 0
1675277294663 0.44275155663490295 0
1675277294904 0.44891080260276794 0
1675277295163 0.4494701325893402 0
1675277295406 0.4463167190551758 0
1675277295675 0.44733288884162903 0
1675277295932 0.44668057560920715 0
1675277296115 0.4531666338443756 0
1675277296338 0.45025435090065 0
1675277296587 0.44684672355651855 0
1675277296751 0.4585716724395752 0
1675277296939 0.454375296831131 0
1675277297187 0.4501965045928955 0
1675277297465 0.44801899790763855 0
1675277297655 0.45446324348449707 0
1675277297815 0.4593781530857086 0
1675277298031 0.45424512028694153 0
1675277298238 0.44864246249198914 0
1675277298506 0.44420361518859863 0
1675277298726 0.45154625177383423 0
1675277298958 0.44570162892341614 0
1675277299167 0.45147061347961426 0
1675277299384 0.45030826330184937 0
1675277299611 0.4462686777114868 0
1675277299819 0.44955912232398987 0
1675277300028 0.4494463801383972 0
1675277300198 0.45714306831359863 0
1675277300420 0.4508473575115204 0
1675277300648 0.4493391513824463 0
1675277300816 0.45945799350738525 0
1675277301009 0.45415735244750977 0
1675277301195 0.4533212184906006 0
1675277301406 0.4511029124259949 0
1675277301626 0.44841986894607544 0
1675277301832 0.45116469264030457 0
1675277302087 0.446362167596817 0
1675277302282 0.45047101378440857 0
1675277302466 0.45542484521865845 0
1675277302662 0.45073872804641724 0
1675277302880 0.4501713812351227 0
1675277303124 0.4434671998023987 0
1675277303340 0.4497213661670685 0
1675277303646 0.4387444257736206 0
1675277303901 0.44511356949806213 0
1675277304107 0.45108070969581604 0
1675277304342 0.44886189699172974 0
1675277304571 0.45153892040252686 0
1675277304766 0.45318400859832764 0
1675277304990 0.45006483793258667 0
1675277305212 0.4496619403362274 0
1675277305464 0.44668707251548767 0
1675277305667 0.4510246813297272 0
1675277305876 0.4498453140258789 0
1675277306088 0.44947028160095215 0
1675277306325 0.4514191448688507 0
1675277306584 0.4434843957424164 0
1675277306793 0.45029690861701965 0
1675277307028 0.4463226795196533 0
1675277307237 0.45009922981262207 0
1675277307483 0.445686012506485 0
1675277307750 0.44328686594963074 0
1675277308020 0.44315722584724426 0
1675277308241 0.44930732250213623 0
1675277308452 0.4517485797405243 0
1675277308709 0.4407498240470886 0
1675277308923 0.4461516737937927 0
1675277309172 0.4492727220058441 0
1675277309412 0.4521954357624054 0
1675277309655 0.4453410506248474 0
1675277309870 0.4489078223705292 0
1675277310065 0.45419779419898987 0
1675277310261 0.45158863067626953 0
1675277310529 0.44214895367622375 0
1675277310811 0.4469118118286133 0
1675277311027 0.4472182095050812 0
1675277311231 0.4503003656864166 0
1675277311463 0.4466206133365631 0
1675277311722 0.4474368095397949 0
1675277311901 0.4553487002849579 0
1675277312129 0.44823139905929565 0
1675277312316 0.45280390977859497 0
1675277312499 0.45290181040763855 0
1675277312726 0.44918009638786316 0
1675277312997 0.4414810538291931 0
1675277313262 0.44663214683532715 0
1675277313447 0.4532810151576996 0
1675277313653 0.45082545280456543 0
1675277313881 0.4540438652038574 0
1675277314120 0.44973787665367126 0
1675277314349 0.44725501537323 0
1675277314524 0.4558788239955902 0
1675277314721 0.4526588022708893 0
1675277314965 0.4474406838417053 0
1675277315200 0.44942882657051086 0
1675277315394 0.4550035297870636 0
1675277315619 0.4502826929092407 0
1675277315836 0.4519345164299011 0
1675277316064 0.4521125555038452 0
1675277316311 0.44660088419914246 0
1675277316530 0.45188844203948975 0
1675277316742 0.4512742757797241 0
1675277316963 0.44773125648498535 0
1675277317173 0.4494480490684509 0
1675277317374 0.4495358169078827 0
1675277317595 0.44684186577796936 0
1675277317801 0.4485817551612854 0
1675277318022 0.44876721501350403 0
1675277318261 0.4455817937850952 0
1675277318469 0.45418816804885864 0
1675277318718 0.44490429759025574 0
1675277318957 0.44905707240104675 0
1675277319143 0.45145589113235474 0
1675277319393 0.4470863938331604 0
1675277319552 0.4566151201725006 0
1675277319821 0.44493570923805237 0
1675277320099 0.44320687651634216 0
1675277320311 0.4471156895160675 0
1675277320502 0.4551125168800354 0
1675277320769 0.4421519637107849 0
1675277320944 0.453549325466156 0
1675277321171 0.4505169689655304 0
1675277321387 0.4454047679901123 0
1675277321559 0.4537385404109955 0
1675277321785 0.45292550325393677 0
1675277321984 0.45323866605758667 0
1675277322262 0.4449000358581543 0
1675277322428 0.45772993564605713 0
1675277322690 0.4446795880794525 0
1675277322868 0.453973650932312 0
1675277323106 0.4477890133857727 0
1675277325176 0.45058926939964294 0
1675277325362 0.4528070092201233 0
1675277325583 0.4471769332885742 0
1675277325786 0.4478302597999573 0
1675277325985 0.45209944248199463 0
1675277326261 0.44389021396636963 0
1675277326466 0.4507903754711151 0
1675277326735 0.4461689293384552 0
1675277326957 0.4498153626918793 0
1675277327194 0.44609183073043823 0
1675277327414 0.4489668011665344 0
1675277327668 0.44821035861968994 0
1675277327900 0.44414690136909485 0
1675277328120 0.45005449652671814 0
1675277328308 0.45763298869132996 0
1675277328494 0.451284795999527 0
1675277328715 0.44838255643844604 0
1675277328906 0.4496147632598877 0
1675277329179 0.4422697424888611 0
1675277329413 0.4515846073627472 0
1675277329619 0.450717031955719 0
1675277329832 0.45102497935295105 0
1675277330104 0.4400515854358673 0
1675277330262 0.4563294053077698 0
1675277330481 0.44914284348487854 0
1675277330686 0.44938158988952637 0
1675277330854 0.4533385634422302 0
1675277331061 0.45198923349380493 0
1675277331260 0.4509526193141937 0
1675277331556 0.44102174043655396 0
1675277331795 0.44386231899261475 0
1675277332016 0.4483022689819336 0
1675277332258 0.4475723206996918 0
1675277332484 0.44767290353775024 0
1675277332764 0.4455603361129761 0
1675277332983 0.4469428062438965 0
1675277333199 0.44819375872612 0
1675277333407 0.4504338204860687 0
1675277333623 0.4458276331424713 0
1675277333797 0.4521762430667877 0
1675277334029 0.4444466233253479 0
1675277334293 0.4361731708049774 0
1675277334510 0.4456324577331543 0
1675277334710 0.44978874921798706 0
1675277334934 0.44781920313835144 0
1675277335136 0.44967347383499146 0
1675277335374 0.4472360610961914 0
1675277335595 0.4453725814819336 0
1675277335777 0.45112016797065735 0
1675277335979 0.4516107141971588 0
1675277336223 0.4422166645526886 0
1675277336512 0.4409913122653961 0
1675277336785 0.4390496015548706 0
1675277337026 0.44668686389923096 0
1675277337226 0.4527396857738495 0
1675277337443 0.4483976662158966 0
1675277337626 0.45360806584358215 0
1675277337856 0.4472067058086395 0
1675277338036 0.45308059453964233 0
1675277338314 0.4433167278766632 0
1675277338491 0.4534853994846344 0
1675277338720 0.4477987289428711 0
1675277338925 0.45144662261009216 0
1675277339147 0.4489404857158661 0
1675277339382 0.4473181366920471 0
1675277339595 0.4468099772930145 0
1675277339815 0.4480569064617157 0
1675277340027 0.4493032693862915 0
1675277340239 0.4509527385234833 0
1675277340496 0.44300949573516846 0
1675277340709 0.4504986107349396 0
1675277340977 0.4413169026374817 0
1675277341185 0.448344349861145 0
1675277341405 0.44764506816864014 0
1675277341641 0.4440878927707672 0
1675277341850 0.44901949167251587 0
1675277342061 0.44978275895118713 0
1675277342276 0.4504312574863434 0
1675277342511 0.4452749192714691 0
1675277342713 0.4501464068889618 0
1675277342965 0.4462011754512787 0
1675277343146 0.4525294303894043 0
1675277343343 0.451614648103714 0
1675277343584 0.44509056210517883 0
1675277343782 0.4484710395336151 0
1675277344017 0.44395771622657776 0
1675277344224 0.4495866000652313 0
1675277344432 0.4469638764858246 0
1675277344630 0.45070594549179077 0
1675277344829 0.450283944606781 0
1675277345018 0.4528140723705292 0
1675277345262 0.4454624354839325 0
1675277345517 0.4434061050415039 0
1675277345709 0.44947516918182373 0
1675277345917 0.4469323754310608 0
1675277346114 0.45136088132858276 0
1675277346348 0.4465424716472626 0
1675277346619 0.44252678751945496 0
1675277346853 0.4462009072303772 0
1675277347050 0.4522853493690491 0
1675277347308 0.4394145905971527 0
1675277347510 0.44884201884269714 0
1675277347682 0.4540621340274811 0
1675277347912 0.44245070219039917 0
1675277348132 0.44605737924575806 0
1675277348376 0.4425414502620697 0
1675277348678 0.44061779975891113 0
1675277348885 0.44716331362724304 0
1675277349059 0.45222336053848267 0
1675277349232 0.45385119318962097 0
1675277349489 0.4472818374633789 0
1675277349753 0.442526251077652 0
1675277349977 0.44767171144485474 0
1675277350281 0.43740665912628174 0
1675277350508 0.44500118494033813 0
1675277350774 0.4465300142765045 0
1675277351015 0.44823014736175537 0
1675277351238 0.4520155191421509 0
1675277351401 0.45655664801597595 0
1675277351572 0.45352253317832947 0
1675277351825 0.44025009870529175 0
1675277352088 0.44087979197502136 0
1675277352326 0.4407189190387726 0
1675277352536 0.4485100507736206 0
1675277352747 0.4485715627670288 0
1675277353014 0.44171780347824097 0
1675277353251 0.4428071677684784 0
1675277353483 0.44961532950401306 0
1675277353739 0.44379711151123047 0
1675277353963 0.44571080803871155 0
1675277354197 0.4471605718135834 0
1675277354391 0.448880136013031 0
1675277354579 0.4489442706108093 0
1675277354842 0.44651225209236145 0
1675277355110 0.44034475088119507 0
1675277355347 0.4449595808982849 0
1675277355550 0.45061543583869934 0
1675277355742 0.45240262150764465 0
1675277355983 0.4420141577720642 0
1675277356202 0.44625192880630493 0
1675277356430 0.4488350450992584 0
1675277356673 0.4459492564201355 0
1675277356870 0.4494675099849701 0
1675277357117 0.44206690788269043 0
1675277357402 0.4409078061580658 0
1675277357659 0.44356682896614075 0
1675277357903 0.44779786467552185 0
1675277358100 0.44752225279808044 0
1675277358284 0.44868746399879456 0
1675277358464 0.45213741064071655 0
1675277358704 0.4437253773212433 0
1675277358913 0.44797903299331665 0
1675277359133 0.4472891092300415 0
1675277359333 0.4478584825992584 0
1675277359556 0.4461224377155304 0
1675277359714 0.45396918058395386 0
1675277359913 0.45108023285865784 0
1675277361967 0.4497687518596649 0
1675277362219 0.44313302636146545 0
1675277362466 0.4419426918029785 0
1675277362684 0.44597935676574707 0
1675277362958 0.43931281566619873 0
1675277363215 0.4389238953590393 0
1675277363458 0.4422776401042938 0
1675277363671 0.4458526074886322 0
1675277363876 0.4486750066280365 0
1675277364106 0.44659876823425293 0
1675277364343 0.44517555832862854 0
1675277364604 0.43992364406585693 0
1675277364790 0.4506658911705017 0
1675277365003 0.4448481798171997 0
1675277365197 0.450217068195343 0
1675277365442 0.44318535923957825 0
1675277365653 0.44802331924438477 0
1675277365888 0.4467877149581909 0
1675277366086 0.4528188705444336 0
1675277366329 0.4443857967853546 0
1675277366525 0.4489819407463074 0
1675277366730 0.4475695788860321 0
1675277366926 0.4476982057094574 0
1675277367152 0.44820114970207214 0
1675277367377 0.4468016028404236 0
1675277367561 0.4474633038043976 0
1675277367768 0.44772279262542725 0
1675277367998 0.44372525811195374 0
1675277368194 0.45062702894210815 0
1675277368411 0.44849807024002075 0
1675277368612 0.44649359583854675 0
1675277368786 0.4508817791938782 0
1675277368994 0.45070940256118774 0
1675277369279 0.43906548619270325 0
1675277369484 0.4476426839828491 0
1675277369779 0.4345872700214386 0
1675277369983 0.44822055101394653 0
1675277370194 0.4514962434768677 0
1675277370477 0.4394632875919342 0
1675277370656 0.4499797821044922 0
1675277370853 0.4466637372970581 0
1675277371152 0.4386692941188812 0
1675277371441 0.44032734632492065 0
1675277371682 0.44310030341148376 0
1675277371950 0.44137459993362427 0
1675277372162 0.44764769077301025 0
1675277372366 0.4457700550556183 0
1675277372645 0.4416802227497101 0
1675277372888 0.4427494406700134 0
1675277373163 0.44018977880477905 0
1675277373371 0.44702568650245667 0
1675277373549 0.45078137516975403 0
1675277373757 0.44930964708328247 0
1675277373966 0.44971680641174316 0
1675277374159 0.4502299726009369 0
1675277374349 0.4492393732070923 0
1675277374536 0.4494163691997528 0
1675277374774 0.44313472509384155 0
1675277374950 0.4527701139450073 0
1675277375135 0.4492972195148468 0
1675277375373 0.44582387804985046 0
1675277375596 0.443756639957428 0
1675277375815 0.448221355676651 0
1675277376011 0.44835469126701355 0
1675277376218 0.4472547173500061 0
1675277376426 0.4444398880004883 0
1675277376622 0.4474661648273468 0
1675277376836 0.4499329924583435 0
1675277377017 0.4510793685913086 0
1675277377223 0.44640639424324036 0
1675277377423 0.4482741355895996 0
1675277377637 0.44398099184036255 0
1675277377841 0.4481169283390045 0
1675277378052 0.44573166966438293 0
1675277378310 0.44187769293785095 0
1675277378556 0.444187194108963 0
1675277378806 0.4427407383918762 0
1675277378978 0.4560776650905609 0
1675277379200 0.44581156969070435 0
1675277379361 0.4536289870738983 0
1675277379600 0.4430335760116577 0
1675277379800 0.44579318165779114 0
1675277379983 0.44961994886398315 0
1675277380255 0.438397616147995 0
1675277380496 0.44423866271972656 0
1675277380736 0.4419715106487274 0
1675277380958 0.442416250705719 0
1675277381261 0.43538156151771545 0
1675277381501 0.4422009587287903 0
1675277381700 0.4499852955341339 0
1675277381896 0.44697028398513794 0
1675277382142 0.443555623292923 0
1675277382342 0.448293536901474 0
1675277382561 0.4460449814796448 0
1675277382767 0.4499688446521759 0
1675277382994 0.44566360116004944 0
1675277383267 0.43761590123176575 0
1675277383457 0.44971776008605957 0
1675277383692 0.44446861743927 0
1675277383930 0.44572365283966064 0
1675277384132 0.4499814808368683 0
1675277384361 0.4416891932487488 0
1675277384534 0.4520224332809448 0
1675277384751 0.4459408223628998 0
1675277384977 0.4476144015789032 0
1675277385169 0.4494684636592865 0
1675277385397 0.4436282813549042 0
1675277385617 0.44663289189338684 0
1675277385943 0.43203112483024597 0
1675277386174 0.4438663125038147 0
1675277386385 0.4468938410282135 0
1675277386579 0.45160698890686035 0
1675277386764 0.44894301891326904 0
1675277386994 0.44443652033805847 0
1675277387232 0.44696879386901855 0
1675277387449 0.44889798760414124 0
1675277387646 0.450506329536438 0
1675277387899 0.4429958164691925 0
1675277388140 0.43973299860954285 0
1675277388343 0.44708284735679626 0
1675277388536 0.44968873262405396 0
1675277388694 0.456628680229187 0
1675277388965 0.4397045075893402 0
1675277389176 0.4504950940608978 0
1675277389434 0.4379207491874695 0
1675277389663 0.4466693103313446 0
1675277389913 0.44594159722328186 0
1675277390126 0.4453132748603821 0
1675277390326 0.4457145035266876 0
1675277390528 0.4491041302680969 0
1675277390767 0.4406736195087433 0
1675277390976 0.44722872972488403 0
1675277391144 0.45588570833206177 0
1675277391373 0.443867564201355 0
1675277391581 0.4472067058086395 0
1675277391814 0.4420149028301239 0
1675277392051 0.4426466226577759 0
1675277392214 0.4516569674015045 0
1675277392455 0.4431835114955902 0
1675277392642 0.4488508403301239 0
1675277392863 0.4475252330303192 0
1675277393154 0.4350578188896179 0
1675277393414 0.43953680992126465 0
1675277393595 0.4510842561721802 0
1675277393791 0.4483070969581604 0
1675277393976 0.4495754539966583 0
1675277394254 0.4375395178794861 0
1675277394441 0.44857141375541687 0
1675277394669 0.44526246190071106 0
1675277394867 0.44683024287223816 0
1675277395040 0.4518055021762848 0
1675277395322 0.4418707489967346 0
1675277395518 0.44944533705711365 0
1675277395772 0.4453173875808716 0
1675277396029 0.44044533371925354 0
1675277396223 0.4486382305622101 0
1675277396414 0.4517729580402374 0
