1675597752756 0.7303286790847778 0
1675597752954 0.7032215595245361 0
1675597753178 0.6787152886390686 0
1675597753396 0.6564698219299316 0
1675597753597 0.6428489685058594 0
1675597753807 0.625333845615387 0
1675597754005 0.6140272617340088 0
1675597754250 0.5952308177947998 0
1675597754464 0.5885595083236694 0
1675597754679 0.5778501033782959 0
1675597754876 0.5701438784599304 0
1675597755094 0.5573669672012329 0
1675597755301 0.5559337735176086 0
1675597755514 0.5484343767166138 0
1675597755725 0.5424349904060364 0
1675597755926 0.541540801525116 0
1675597756131 0.5316458940505981 0
1675597756361 0.5233710408210754 0
1675597756593 0.5211038589477539 0
1675597756810 0.5191643834114075 0
1675597757014 0.5174634456634521 0
1675597757240 0.509675145149231 0
1675597757470 0.5076695680618286 0
1675597757667 0.5081175565719604 0
1675597757894 0.49879199266433716 0
1675597758124 0.49866873025894165 0
1675597758355 0.4969564974308014 0
1675597758593 0.4955624043941498 0
1675597758830 0.4970128536224365 0
1675597759036 0.4949743449687958 0
1675597759270 0.49079185724258423 0
1675597759476 0.49103114008903503 0
1675597759668 0.4952023923397064 0
1675597759895 0.4851876497268677 0
1675597760119 0.4876517057418823 0
1675597760344 0.4844517111778259 0
1675597760561 0.4821300208568573 0
1675597760790 0.48064061999320984 0
1675597761004 0.48052483797073364 0
1675597761198 0.48426130414009094 0
1675597761403 0.4833550751209259 0
1675597761633 0.4758296608924866 0
1675597761892 0.4779164493083954 0
1675597762132 0.47650203108787537 0
1675597762351 0.4814594089984894 0
1675597762600 0.4757753610610962 0
1675597762839 0.4748362600803375 0
1675597763067 0.47402769327163696 0
1675597763306 0.47386613488197327 0
1675597763516 0.47798436880111694 0
1675597763730 0.4757736027240753 0
1675597763948 0.475019633769989 0
1675597764184 0.46837887167930603 0
1675597764423 0.4670768082141876 0
1675597764649 0.4730587899684906 0
1675597764886 0.46978503465652466 0
1675597765084 0.4758465588092804 0
1675597765285 0.4757453203201294 0
1675597765521 0.4694521725177765 0
1675597765744 0.46929076313972473 0
1675597765968 0.4731683135032654 0
1675597766200 0.46417877078056335 0
1675597766425 0.47053322196006775 0
1675597766669 0.4628516137599945 0
1675597766889 0.46349361538887024 0
1675597767148 0.4574798345565796 0
1675597767377 0.4671328365802765 0
1675597767619 0.46408411860466003 0
1675597767840 0.46177229285240173 0
1675597768028 0.4723831117153168 0
1675597768261 0.46385905146598816 0
1675597768482 0.46392136812210083 0
1675597768725 0.4622970521450043 0
1675597768944 0.46657291054725647 0
1675597769173 0.46047040820121765 0
1675597769401 0.4643267095088959 0
1675597769627 0.4614231288433075 0
1675597769853 0.4611765146255493 0
1675597770104 0.46517500281333923 0
1675597770331 0.4591221809387207 0
1675597770548 0.46373578906059265 0
1675597770761 0.46373721957206726 0
1675597770969 0.46250641345977783 0
1675597771193 0.45948323607444763 0
1675597771413 0.4633132815361023 0
1675597771635 0.45927926898002625 0
1675597771837 0.46648508310317993 0
1675597772045 0.4655321538448334 0
1675597772301 0.4519813656806946 0
1675597772511 0.4637954533100128 0
1675597772738 0.46163609623908997 0
1675597772955 0.461797297000885 0
1675597773186 0.4566355049610138 0
1675597773409 0.46175333857536316 0
1675597773626 0.4603545665740967 0
1675597773856 0.45447221398353577 0
1675597774083 0.45746877789497375 0
1675597774326 0.4550437033176422 0
1675597774549 0.4574260711669922 0
1675597774793 0.4533174932003021 0
1675597775018 0.4574025869369507 0
1675597775258 0.4559062421321869 0
1675597775467 0.46077486872673035 0
1675597775687 0.4607337713241577 0
1675597775931 0.4524194002151489 0
1675597776151 0.45920032262802124 0
1675597776389 0.4560852348804474 0
1675597776596 0.461052268743515 0
1675597776827 0.4581129848957062 0
1675597777069 0.45512986183166504 0
1675597777314 0.4548823833465576 0
1675597777518 0.46310603618621826 0
1675597777715 0.4636927545070648 0
1675597777923 0.45910096168518066 0
1675597778152 0.45601987838745117 0
1675597778346 0.4632025361061096 0
1675597778550 0.46417102217674255 0
1675597778778 0.4557912051677704 0
1675597778962 0.46695467829704285 0
1675597779171 0.4564177393913269 0
1675597779382 0.4585167169570923 0
1675597779597 0.4603683650493622 0
1675597779829 0.45367565751075745 0
1675597780036 0.46114036440849304 0
1675597780253 0.4559255540370941 0
1675597780479 0.45473581552505493 0
1675597780711 0.45326635241508484 0
1675597780935 0.4566037952899933 0
1675597781162 0.4534570574760437 0
1675597781400 0.4544285237789154 0
1675597781593 0.4637549817562103 0
1675597781813 0.4566543996334076 0
1675597782049 0.4535231590270996 0
1675597782247 0.46173107624053955 0
1675597782458 0.4564456343650818 0
1675597782674 0.4537837505340576 0
1675597782896 0.4539909362792969 0
1675597783106 0.45752155780792236 0
1675597783328 0.45318108797073364 0
1675597783526 0.46043023467063904 0
1675597783735 0.4593878984451294 0
1675597783918 0.46486586332321167 0
1675597784156 0.4536416530609131 0
1675597784381 0.4516966640949249 0
1675597784603 0.45678094029426575 0
1675597784822 0.457265704870224 0
1675597785105 0.44788604974746704 0
1675597785317 0.4563162624835968 0
1675597785543 0.4528953433036804 0
1675597785757 0.4558267593383789 0
1675597786023 0.44605937600135803 0
1675597786226 0.45741477608680725 0
1675597786476 0.4507189989089966 0
1675597786708 0.4516400992870331 0
1675597786947 0.45362088084220886 0
1675597787175 0.4538865089416504 0
1675597787440 0.4543374180793762 0
1675597788877 0.4584461450576782 0
1675597789088 0.4548671543598175 0
1675597789321 0.4521808624267578 0
1675597789528 0.45312994718551636 0
1675597789783 0.4476059079170227 0
1675597789984 0.45567524433135986 0
1675597790201 0.45090001821517944 0
1675597790403 0.4556449055671692 0
1675597790626 0.4482601583003998 0
1675597790859 0.4512696862220764 0
1675597791080 0.45427271723747253 0
1675597791325 0.4480690360069275 0
1675597791530 0.452639102935791 0
1675597791756 0.4524732232093811 0
1675597791966 0.4543275237083435 0
1675597792253 0.4502986967563629 0
1675597792474 0.45829474925994873 0
1675597792684 0.456574946641922 0
1675597792914 0.45027628540992737 0
1675597793145 0.4504883885383606 0
1675597793340 0.45956963300704956 0
1675597793556 0.4557053744792938 0
1675597793779 0.45162826776504517 0
1675597793993 0.45274385809898376 0
1675597794209 0.45266982913017273 0
1675597794424 0.452160507440567 0
1675597794630 0.45351898670196533 0
1675597794848 0.45183417201042175 0
1675597795062 0.45212605595588684 0
1675597795293 0.44864195585250854 0
1675597795496 0.45494452118873596 0
1675597795733 0.44653502106666565 0
1675597795950 0.4526659846305847 0
1675597796156 0.452547550201416 0
1675597796350 0.4547514021396637 0
1675597796556 0.45185354351997375 0
1675597796777 0.45066240429878235 0
1675597796991 0.45020467042922974 0
1675597797256 0.4452190399169922 0
1675597797480 0.45023250579833984 0
1675597797698 0.4518834948539734 0
1675597797915 0.4507943093776703 0
1675597798135 0.4467475414276123 0
1675597798336 0.4562704265117645 0
1675597798523 0.45779386162757874 0
1675597798717 0.45731836557388306 0
1675597798914 0.4545084536075592 0
1675597799119 0.4533824622631073 0
1675597799337 0.45300883054733276 0
1675597799561 0.44816333055496216 0
1675597799798 0.44380903244018555 0
1675597800022 0.45061641931533813 0
1675597800253 0.44431784749031067 0
1675597800484 0.4498094916343689 0
1675597800701 0.452480286359787 0
1675597800911 0.45113420486450195 0
1675597801132 0.4557161033153534 0
1675597801349 0.44960421323776245 0
1675597801583 0.4454703629016876 0
1675597801786 0.4552780091762543 0
1675597802010 0.4497610926628113 0
1675597802235 0.4498434066772461 0
1675597802469 0.4457760751247406 0
1675597802682 0.4518105089664459 0
1675597802891 0.4541676938533783 0
1675597803111 0.4495331943035126 0
1675597803318 0.4542151689529419 0
1675597803531 0.450310617685318 0
1675597803745 0.4473542273044586 0
1675597803951 0.4508501887321472 0
1675597804148 0.45379483699798584 0
1675597804357 0.4551163613796234 0
1675597804587 0.44389721751213074 0
1675597804809 0.44633570313453674 0
1675597805047 0.44842204451560974 0
1675597805262 0.45293471217155457 0
1675597805476 0.4527840316295624 0
1675597805701 0.4483553171157837 0
1675597805941 0.4421875774860382 0
1675597806166 0.44678524136543274 0
1675597806376 0.45059800148010254 0
1675597806597 0.4480973780155182 0
1675597806815 0.45266208052635193 0
1675597807052 0.4457620680332184 0
1675597807306 0.4515741765499115 0
1675597807541 0.44899582862854004 0
1675597807751 0.44803887605667114 0
1675597807960 0.4471103250980377 0
1675597808197 0.4472176432609558 0
1675597808498 0.4349137246608734 0
1675597808760 0.44446438550949097 0
1675597809006 0.45038795471191406 0
1675597809218 0.45420515537261963 0
1675597809440 0.4482465386390686 0
1675597809668 0.4472571015357971 0
1675597809884 0.44986405968666077 0
1675597810076 0.4559881091117859 0
1675597810293 0.4490177631378174 0
1675597810516 0.44648081064224243 0
1675597810705 0.4552905559539795 0
1675597810910 0.45128580927848816 0
1675597811127 0.4475780129432678 0
1675597811344 0.44658830761909485 0
1675597811566 0.444731205701828 0
1675597811776 0.45068952441215515 0
1675597811996 0.4511999487876892 0
1675597812240 0.4401150643825531 0
1675597812442 0.451599657535553 0
1675597812680 0.4452359974384308 0
1675597812913 0.44342416524887085 0
1675597813125 0.4483591318130493 0
1675597813358 0.4465785324573517 0
1675597813583 0.44403231143951416 0
1675597813804 0.4530355632305145 0
1675597814027 0.44500184059143066 0
1675597814234 0.4488348662853241 0
1675597814451 0.4449516236782074 0
1675597814676 0.44202178716659546 0
1675597814882 0.45050281286239624 0
1675597815108 0.44560182094573975 0
1675597815298 0.4525787830352783 0
1675597815533 0.4414088726043701 0
1675597815755 0.446115106344223 0
1675597815993 0.4405333399772644 0
1675597816270 0.43510672450065613 0
1675597816494 0.44563886523246765 0
1675597816718 0.4448927044868469 0
1675597816938 0.4457698464393616 0
1675597817184 0.4405401051044464 0
1675597817443 0.4389345645904541 0
1675597817634 0.4554327726364136 0
1675597817834 0.45332571864128113 0
1675597818045 0.44675731658935547 0
1675597818252 0.45116421580314636 0
1675597818485 0.442188560962677 0
1675597818692 0.45086944103240967 0
1675597818900 0.4494226276874542 0
1675597819088 0.4547489583492279 0
1675597819294 0.44915854930877686 0
1675597819523 0.44241583347320557 0
1675597819741 0.44920703768730164 0
1675597819963 0.4429640471935272 0
1675597820185 0.44304585456848145 0
1675597820384 0.4509028494358063 0
1675597820595 0.4462425410747528 0
1675597820859 0.4367331266403198 0
1675597821092 0.44249439239501953 0
1675597821318 0.4461462199687958 0
1675597821505 0.45371606945991516 0
1675597821744 0.4429226219654083 0
1675597821951 0.4510449171066284 0
1675597822183 0.447544664144516 0
1675597822415 0.4454023838043213 0
1675597822637 0.4445270299911499 0
1675597822825 0.4528144598007202 0
1675597823034 0.4492720663547516 0
1675597823239 0.44900625944137573 0
1675597824700 0.4447980523109436 0
1675597824908 0.44875359535217285 0
1675597825141 0.44192618131637573 0
1675597825348 0.4472552537918091 0
1675597825580 0.4410899877548218 0
1675597825777 0.4499765634536743 0
1675597826035 0.4354057312011719 0
1675597826252 0.44431397318840027 0
1675597826479 0.4426674544811249 0
1675597826706 0.4425703287124634 0
1675597826919 0.4457530379295349 0
1675597827113 0.4517093598842621 0
1675597827337 0.44213733077049255 0
1675597827546 0.445681095123291 0
1675597827761 0.44561702013015747 0
1675597828002 0.43798139691352844 0
1675597828225 0.4403861165046692 0
1675597828449 0.44211700558662415 0
1675597828624 0.4583737552165985 0
1675597828862 0.4399266242980957 0
1675597829083 0.44267356395721436 0
1675597829291 0.4475958049297333 0
1675597829505 0.4461905360221863 0
1675597829718 0.44559454917907715 0
1675597829944 0.44183385372161865 0
1675597830138 0.44981497526168823 0
1675597830342 0.445355087518692 0
1675597830575 0.4368668794631958 0
1675597830776 0.45185428857803345 0
1675597831006 0.4409467279911041 0
1675597831215 0.4495110511779785 0
1675597831455 0.4381779432296753 0
1675597831680 0.44049468636512756 0
1675597831900 0.44151368737220764 0
1675597832122 0.4454205334186554 0
1675597832328 0.4488048553466797 0
1675597832570 0.4351944029331207 0
1675597832765 0.45003700256347656 0
1675597832982 0.44070038199424744 0
1675597833181 0.44922325015068054 0
1675597833374 0.45077094435691833 0
1675597833577 0.44541916251182556 0
1675597833809 0.4399937093257904 0
1675597833994 0.4503404200077057 0
1675597834214 0.44136226177215576 0
1675597834454 0.43990567326545715 0
1675597834663 0.4442737102508545 0
1675597834876 0.4439607858657837 0
1675597835125 0.43286725878715515 0
1675597835334 0.44418150186538696 0
1675597835539 0.445558100938797 0
1675597835728 0.45140334963798523 0
1675597835956 0.43716859817504883 0
1675597836146 0.4469694495201111 0
1675597836343 0.4444889724254608 0
1675597836524 0.45254287123680115 0
1675597836755 0.440275102853775 0
1675597836977 0.4448465406894684 0
1675597837182 0.44886985421180725 0
1675597837413 0.44123396277427673 0
1675597837637 0.43826690316200256 0
1675597837856 0.4386478364467621 0
1675597838049 0.4480026662349701 0
1675597838276 0.4374934136867523 0
1675597838481 0.4449315071105957 0
1675597838677 0.4479535222053528 0
1675597838879 0.445119708776474 0
1675597839070 0.44754937291145325 0
1675597839305 0.43815675377845764 0
1675597839512 0.4423443377017975 0
1675597839712 0.44698742032051086 0
1675597839913 0.4462820887565613 0
1675597840116 0.4413920044898987 0
1675597840371 0.43212708830833435 0
1675597840574 0.4435562193393707 0
1675597840782 0.4437398314476013 0
1675597840995 0.44120320677757263 0
1675597841204 0.441190630197525 0
1675597841414 0.4436282217502594 0
1675597841632 0.4416464567184448 0
1675597841850 0.4378749132156372 0
1675597842046 0.44998350739479065 0
1675597842234 0.4470210075378418 0
1675597842444 0.4406047463417053 0
1675597842647 0.4441426992416382 0
1675597842841 0.44774752855300903 0
1675597843066 0.43780413269996643 0
1675597843271 0.4448557198047638 0
1675597843487 0.439532607793808 0
1675597843700 0.441356360912323 0
1675597843951 0.4339512884616852 0
1675597844172 0.4380180835723877 0
1675597844417 0.4295443892478943 0
1675597844624 0.44596588611602783 0
1675597844863 0.43433308601379395 0
1675597845093 0.43362265825271606 0
1675597845299 0.44326168298721313 0
1675597845515 0.43932515382766724 0
1675597845737 0.4371034502983093 0
1675597845960 0.44183093309402466 0
1675597846172 0.43959617614746094 0
1675597846408 0.43278682231903076 0
1675597846605 0.4440421760082245 0
1675597846822 0.4419946074485779 0
1675597847034 0.4432804584503174 0
1675597847263 0.44174179434776306 0
1675597847547 0.4409130811691284 0
1675597847778 0.4408382773399353 0
1675597847980 0.4489620625972748 0
1675597848173 0.4483495354652405 0
1675597848384 0.441195547580719 0
1675597848595 0.43885770440101624 0
1675597848804 0.43909966945648193 0
1675597849001 0.44431352615356445 0
1675597849194 0.4458611011505127 0
1675597849412 0.4395330250263214 0
1675597849620 0.44319507479667664 0
1675597849816 0.4483444094657898 0
1675597850030 0.44030171632766724 0
1675597850225 0.4442650079727173 0
1675597850438 0.4390759766101837 0
1675597850642 0.4413757920265198 0
1675597850877 0.4305932819843292 0
1675597851112 0.43476974964141846 0
1675597851322 0.4395122528076172 0
1675597851511 0.4478701651096344 0
1675597851724 0.4423278570175171 0
1675597852008 0.42943498492240906 0
1675597852266 0.4341204762458801 0
1675597852465 0.4471990466117859 0
1675597852673 0.44325560331344604 0
1675597852909 0.4330626130104065 0
1675597853096 0.4483877718448639 0
1675597853315 0.43789273500442505 0
1675597853513 0.4442931115627289 0
1675597853709 0.4454113245010376 0
1675597853894 0.44768276810646057 0
1675597854102 0.441684752702713 0
1675597854325 0.43618062138557434 0
1675597854537 0.44058725237846375 0
1675597854772 0.43387579917907715 0
1675597854994 0.43723630905151367 0
1675597855188 0.44423937797546387 0
1675597855403 0.43727704882621765 0
1675597855619 0.4397439658641815 0
1675597855856 0.4332415461540222 0
1675597856062 0.44112569093704224 0
1675597856254 0.44617846608161926 0
1675597856445 0.44667211174964905 0
1675597856640 0.4445750415325165 0
1675597856833 0.4455586075782776 0
1675597857036 0.4434892535209656 0
1675597857251 0.4404584467411041 0
1675597857470 0.4405464231967926 0
1675597857707 0.4334695041179657 0
1675597857950 0.4333364963531494 0
1675597858162 0.43959319591522217 0
1675597859563 0.4391210079193115 0
1675597859785 0.43410977721214294 0
1675597859987 0.4433991611003876 0
1675597860211 0.4359307587146759 0
1675597860423 0.4407247304916382 0
1675597860639 0.4390726089477539 0
1675597860836 0.4443347454071045 0
1675597861063 0.43707022070884705 0
1675597861268 0.4398084282875061 0
1675597861495 0.4332004487514496 0
1675597861705 0.43991804122924805 0
1675597861921 0.4372616410255432 0
1675597862146 0.44407153129577637 0
1675597862352 0.43885546922683716 0
1675597862574 0.4363974630832672 0
1675597862798 0.4419562816619873 0
1675597863040 0.4379276633262634 0
1675597863262 0.4410780966281891 0
1675597863490 0.4356881082057953 0
1675597863679 0.4483698308467865 0
1675597863879 0.44344595074653625 0
1675597864100 0.43679407238960266 0
1675597864323 0.44051188230514526 0
1675597864546 0.4369751811027527 0
1675597864819 0.42655691504478455 0
1675597865063 0.43140485882759094 0
1675597865261 0.442853718996048 0
1675597865462 0.4422712028026581 0
1675597865685 0.4351164698600769 0
1675597865893 0.43907999992370605 0
1675597866129 0.43211936950683594 0
1675597866327 0.44628727436065674 0
1675597866535 0.43878260254859924 0
1675597866744 0.44182100892066956 0
1675597866982 0.44135400652885437 0
1675597867214 0.440379798412323 0
1675597867457 0.43540722131729126 0
1675597867673 0.44394126534461975 0
1675597867909 0.4391637444496155 0
1675597868127 0.4427547752857208 0
1675597868332 0.44376876950263977 0
1675597868536 0.4428655207157135 0
1675597868750 0.4386213719844818 0
1675597868929 0.44984766840934753 0
1675597869178 0.4281463921070099 0
1675597869380 0.4427189230918884 0
1675597869592 0.4389759600162506 0
1675597869787 0.44499722123146057 0
1675597869999 0.4364740550518036 0
1675597870230 0.43211305141448975 0
1675597870475 0.4357620179653168 0
1675597870718 0.4374861419200897 0
1675597870923 0.4432694911956787 0
1675597871130 0.4415995180606842 0
1675597871326 0.44387856125831604 0
1675597871544 0.43493303656578064 0
1675597871752 0.43692851066589355 0
1675597871952 0.44369956851005554 0
1675597872150 0.4422058165073395 0
1675597872367 0.4388650059700012 0
1675597872563 0.44385483860969543 0
1675597872786 0.439197301864624 0
1675597872977 0.44519808888435364 0
1675597873180 0.44572877883911133 0
1675597873392 0.43760478496551514 0
1675597873604 0.4383736550807953 0
1675597873807 0.4461040198802948 0
1675597874023 0.4368617832660675 0
1675597874245 0.4404127895832062 0
1675597874465 0.44108209013938904 0
1675597874649 0.44925346970558167 0
1675597874838 0.44627273082733154 0
1675597875027 0.44682449102401733 0
1675597875229 0.44329434633255005 0
1675597875437 0.43996328115463257 0
1675597875650 0.4383908808231354 0
1675597875861 0.43750688433647156 0
1675597876078 0.43793773651123047 0
1675597876261 0.45005878806114197 0
1675597876504 0.4294625222682953 0
1675597876714 0.44186484813690186 0
1675597876914 0.443695068359375 0
1675597877130 0.4378574788570404 0
1675597877338 0.446615993976593 0
1675597877556 0.44076621532440186 0
1675597877761 0.44342702627182007 0
1675597877936 0.45267078280448914 0
1675597878128 0.4462655484676361 0
1675597878375 0.43494829535484314 0
1675597878600 0.4390731155872345 0
1675597878800 0.4450206160545349 0
1675597879031 0.4356043040752411 0
1675597879260 0.43325772881507874 0
1675597879478 0.43985164165496826 0
1675597879676 0.44178101420402527 0
1675597879892 0.4361950755119324 0
1675597880093 0.4413897395133972 0
1675597880310 0.4364107549190521 0
1675597880543 0.4337681531906128 0
1675597880741 0.44214802980422974 0
1675597880944 0.4412901997566223 0
1675597881142 0.4452904462814331 0
1675597881337 0.4430999755859375 0
1675597881568 0.43478506803512573 0
1675597881792 0.4388505518436432 0
1675597882021 0.44197311997413635 0
1675597882254 0.43838661909103394 0
1675597882503 0.43538594245910645 0
1675597882730 0.44104933738708496 0
1675597882896 0.4565546214580536 0
1675597883121 0.4351128935813904 0
1675597883329 0.437884658575058 0
1675597883538 0.43987488746643066 0
1675597883736 0.44099318981170654 0
1675597883929 0.44649699330329895 0
1675597884137 0.44593462347984314 0
1675597884351 0.4348764419555664 0
1675597884570 0.44059476256370544 0
1675597884776 0.440639466047287 0
1675597884991 0.437655508518219 0
1675597885194 0.4397219717502594 0
1675597885423 0.4338466227054596 0
1675597885639 0.4368330240249634 0
1675597885859 0.4376358687877655 0
1675597886080 0.43571990728378296 0
1675597886288 0.4395982027053833 0
1675597886523 0.43414610624313354 0
1675597886701 0.45228642225265503 0
1675597886951 0.4320700466632843 0
1675597887159 0.43821951746940613 0
1675597887401 0.43462419509887695 0
1675597887624 0.4345672130584717 0
1675597887806 0.4488365054130554 0
1675597888037 0.4359152019023895 0
1675597888258 0.4366462826728821 0
1675597888439 0.4495651125907898 0
1675597888663 0.4369145929813385 0
1675597888872 0.4416780173778534 0
1675597889067 0.44661957025527954 0
1675597889266 0.44489365816116333 0
1675597889479 0.4392159879207611 0
1675597889696 0.44063901901245117 0
1675597889923 0.43582114577293396 0
1675597890147 0.4342116713523865 0
1675597890357 0.4379461109638214 0
1675597890573 0.4410634934902191 0
1675597890799 0.4362926185131073 0
1675597891013 0.43510350584983826 0
1675597891208 0.44319868087768555 0
1675597891421 0.43865782022476196 0
1675597891625 0.4413056969642639 0
1675597891821 0.44257599115371704 0
1675597892042 0.4325745403766632 0
1675597892239 0.44271352887153625 0
1675597892440 0.44329124689102173 0
1675597892686 0.43684372305870056 0
1675597892896 0.4392653703689575 0
1675597894327 0.4388628602027893 0
1675597894532 0.445758193731308 0
1675597894779 0.42738428711891174 0
1675597894988 0.43765121698379517 0
1675597895201 0.4401279389858246 0
1675597895377 0.4508918225765228 0
1675597895580 0.44064316153526306 0
1675597895784 0.440053254365921 0
1675597895977 0.4445861876010895 0
1675597896206 0.43259695172309875 0
1675597896425 0.436937540769577 0
1675597896624 0.44285649061203003 0
1675597896843 0.4450800120830536 0
1675597897082 0.44136881828308105 0
1675597897364 0.43742427229881287 0
1675597897603 0.4363360106945038 0
1675597897822 0.4486517906188965 0
1675597898052 0.435681015253067 0
1675597898257 0.4435800015926361 0
1675597898456 0.44474855065345764 0
1675597898717 0.43174341320991516 0
1675597898963 0.436692476272583 0
1675597899183 0.43744096159935 0
1675597899393 0.4409774839878082 0
1675597899608 0.43916189670562744 0
1675597899822 0.4410369098186493 0
1675597900031 0.44149303436279297 0
1675597900233 0.44602349400520325 0
1675597900451 0.438614159822464 0
1675597900655 0.44301456212997437 0
1675597900865 0.4414134621620178 0
1675597901066 0.44269415736198425 0
1675597901282 0.44004026055336 0
1675597901526 0.4352754056453705 0
1675597901769 0.430621862411499 0
1675597901986 0.44121474027633667 0
1675597902195 0.44114404916763306 0
1675597902409 0.43825656175613403 0
1675597902626 0.4401235282421112 0
1675597902847 0.44348394870758057 0
1675597903060 0.4400736093521118 0
1675597903272 0.44051316380500793 0
1675597903508 0.43198129534721375 0
1675597903744 0.439138799905777 0
1675597903962 0.4415282905101776 0
1675597904184 0.44024187326431274 0
1675597904425 0.4318147301673889 0
1675597904610 0.4506095349788666 0
1675597904834 0.43846333026885986 0
1675597905064 0.4369938373565674 0
1675597905267 0.44349953532218933 0
1675597905472 0.4438600242137909 0
1675597905693 0.43771475553512573 0
1675597905908 0.4412524104118347 0
1675597906137 0.4350844919681549 0
1675597906328 0.4479947090148926 0
1675597906547 0.4391185939311981 0
1675597906739 0.4475514590740204 0
1675597906976 0.4396209716796875 0
1675597907212 0.43487104773521423 0
1675597907448 0.4326017498970032 0
1675597907651 0.44130709767341614 0
1675597907879 0.4320536255836487 0
1675597908095 0.44011595845222473 0
1675597908314 0.43978264927864075 0
1675597908510 0.4432275593280792 0
1675597908721 0.44111549854278564 0
1675597908919 0.4435381293296814 0
1675597909134 0.43551722168922424 0
1675597909345 0.44127413630485535 0
1675597909549 0.439522922039032 0
1675597909726 0.4503292143344879 0
1675597909952 0.4322061240673065 0
1675597910159 0.43893080949783325 0
1675597910349 0.4467211961746216 0
1675597910557 0.4411640763282776 0
1675597910778 0.43510738015174866 0
1675597910982 0.441988080739975 0
1675597911213 0.4312928318977356 0
1675597911407 0.4440125524997711 0
1675597911626 0.4371632933616638 0
1675597911841 0.4424097239971161 0
1675597912152 0.4326234459877014 0
1675597912412 0.4458634853363037 0
1675597912625 0.4431959092617035 0
1675597912843 0.4371139109134674 0
1675597913055 0.4447531998157501 0
1675597913281 0.43663325905799866 0
1675597913494 0.4410005211830139 0
1675597913731 0.4327329099178314 0
1675597913977 0.43122613430023193 0
1675597914213 0.43082690238952637 0
1675597914450 0.4317833483219147 0
1675597914647 0.44256627559661865 0
1675597914856 0.4442591071128845 0
1675597915098 0.43405529856681824 0
1675597915353 0.4325527548789978 0
1675597915560 0.43980368971824646 0
1675597915764 0.4423927366733551 0
1675597916013 0.429669588804245 0
1675597916226 0.43787881731987 0
1675597916456 0.43095019459724426 0
1675597916675 0.4365692436695099 0
1675597916886 0.4408993721008301 0
1675597917095 0.4443002939224243 0
1675597917313 0.44045841693878174 0
1675597917542 0.43681472539901733 0
1675597917746 0.4418126046657562 0
1675597917969 0.4346346855163574 0
1675597918162 0.4466172456741333 0
1675597918369 0.44144266843795776 0
1675597918576 0.4404177665710449 0
1675597918781 0.44278484582901 0
1675597918983 0.4431815445423126 0
1675597919204 0.4406578540802002 0
1675597919387 0.449371337890625 0
1675597919604 0.436719685792923 0
1675597919792 0.4461062252521515 0
1675597920013 0.43354880809783936 0
1675597920226 0.43936002254486084 0
1675597920437 0.4399438500404358 0
1675597920649 0.43809768557548523 0
1675597920871 0.4382505714893341 0
1675597921081 0.4429977834224701 0
1675597921313 0.4347192943096161 0
1675597921532 0.4370892643928528 0
1675597921735 0.44262826442718506 0
1675597921960 0.4388415813446045 0
1675597922189 0.43312397599220276 0
1675597922418 0.4340382516384125 0
1675597922628 0.43976545333862305 0
1675597922856 0.4308125376701355 0
1675597923090 0.43376272916793823 0
1675597923334 0.43171387910842896 0
1675597923536 0.44148683547973633 0
1675597923777 0.4306826889514923 0
1675597923973 0.4437635540962219 0
1675597924168 0.4466789960861206 0
1675597924412 0.42888137698173523 0
1675597924655 0.42852097749710083 0
1675597924868 0.43818023800849915 0
1675597925083 0.4388783872127533 0
1675597925289 0.4405997693538666 0
1675597925520 0.4342633783817291 0
1675597925755 0.4331802427768707 0
1675597925959 0.44138994812965393 0
1675597926196 0.4309656322002411 0
1675597926398 0.4428756833076477 0
1675597926589 0.4473079741001129 0
1675597926828 0.4346303343772888 0
1675597927040 0.44484013319015503 0
1675597927295 0.4346289038658142 0
1675597927508 0.4437628984451294 0
1675597927760 0.4356395900249481 0
1675597927967 0.4436185359954834 0
1675597928205 0.4288994073867798 0
1675597928423 0.43609195947647095 0
