1675464749721 0.7342771887779236 0
1675464749909 0.7311322689056396 0
1675464750147 0.7223555445671082 0
1675464750357 0.7177130579948425 0
1675464750586 0.711225152015686 0
1675464750855 0.7052944898605347 0
1675464751086 0.6989380121231079 0
1675464751398 0.6915306448936462 0
1675464751657 0.686720609664917 0
1675464751887 0.6840646862983704 0
1675464752134 0.6783899664878845 0
1675464752314 0.6746224164962769 0
1675464752563 0.6679392457008362 0
1675464752813 0.6628455519676208 0
1675464753035 0.6592786908149719 0
1675464753289 0.6524671316146851 0
1675464753493 0.6532304286956787 0
1675464753781 0.6467246413230896 0
1675464754024 0.6399787068367004 0
1675464754239 0.6377218961715698 0
1675464754487 0.6338806748390198 0
1675464754731 0.6309756636619568 0
1675464754953 0.627232551574707 0
1675464755220 0.620082676410675 0
1675464755485 0.6183063387870789 0
1675464755718 0.6152321100234985 0
1675464755906 0.6141096353530884 0
1675464756129 0.6121068000793457 0
1675464756318 0.6084227561950684 0
1675464756538 0.6067048907279968 0
1675464756745 0.6019056439399719 0
1675464756992 0.5981873869895935 0
1675464757298 0.5945433378219604 0
1675464757549 0.592565655708313 0
1675464757785 0.5881144404411316 0
1675464758021 0.5865614414215088 0
1675464758236 0.587583601474762 0
1675464758477 0.5834258794784546 0
1675464758682 0.5823370814323425 0
1675464758957 0.580379068851471 0
1675464759240 0.5761203169822693 0
1675464759536 0.5727289319038391 0
1675464759748 0.5729233622550964 0
1675464759925 0.5744107961654663 0
1675464760208 0.5675447583198547 0
1675464760391 0.5676112174987793 0
1675464760641 0.5648038983345032 0
1675464760869 0.5596578121185303 0
1675464761104 0.5591542720794678 0
1675464761314 0.5607625842094421 0
1675464761555 0.5583829879760742 0
1675464761772 0.5572607517242432 0
1675464762011 0.5518215894699097 0
1675464762230 0.5547810792922974 0
1675464762543 0.5513328909873962 0
1675464762757 0.5512937903404236 0
1675464763034 0.5507937073707581 0
1675464763258 0.5471663475036621 0
1675464763461 0.5428135991096497 0
1675464763682 0.5444773435592651 0
1675464763914 0.5404846668243408 0
1675464764144 0.5403560996055603 0
1675464764299 0.5472241640090942 0
1675464764495 0.5441545844078064 0
1675464764727 0.5399034023284912 0
1675464764960 0.5376768708229065 0
1675464765205 0.5353178977966309 0
1675464765428 0.5331376791000366 0
1675464765622 0.5343102216720581 0
1675464765895 0.5298767685890198 0
1675464766155 0.530046820640564 0
1675464766360 0.5318282246589661 0
1675464766558 0.5321823358535767 0
1675464766788 0.5302752256393433 0
1675464767022 0.5267791748046875 0
1675464767229 0.528634786605835 0
1675464767471 0.5251914858818054 0
1675464767679 0.5259214043617249 0
1675464767918 0.5225992798805237 0
1675464768135 0.5229282379150391 0
1675464768345 0.5223299264907837 0
1675464768591 0.5216984748840332 0
1675464768851 0.521658182144165 0
1675464769093 0.519936203956604 0
1675464769356 0.5162317752838135 0
1675464769597 0.5155923962593079 0
1675464769829 0.5168216228485107 0
1675464770016 0.5230721831321716 0
1675464770264 0.5156100392341614 0
1675464770523 0.5161091685295105 0
1675464770753 0.511616051197052 0
1675464770980 0.5156647562980652 0
1675464771211 0.5159103274345398 0
1675464771405 0.515093207359314 0
1675464771567 0.5184733271598816 0
1675464771831 0.5090340971946716 0
1675464772078 0.5092080235481262 0
1675464772316 0.5086466073989868 0
1675464772512 0.5102588534355164 0
1675464772706 0.5118600130081177 0
1675464772895 0.5134385228157043 0
1675464773142 0.5069900751113892 0
1675464773446 0.5052744150161743 0
1675464773663 0.5086241364479065 0
1675464773885 0.507957398891449 0
1675464774119 0.5079237818717957 0
1675464774351 0.5031933784484863 0
1675464774637 0.5027726888656616 0
1675464774895 0.502938985824585 0
1675464775152 0.501334011554718 0
1675464775397 0.5011617541313171 0
1675464775644 0.5033445954322815 0
1675464775839 0.5054386854171753 0
1675464776097 0.49987363815307617 0
1675464776314 0.5009225606918335 0
1675464776530 0.5021281242370605 0
1675464776767 0.5032271146774292 0
1675464776986 0.5014364719390869 0
1675464777231 0.5005680322647095 0
1675464777532 0.49752381443977356 0
1675464777762 0.49795812368392944 0
1675464778077 0.4954572916030884 0
1675464778295 0.5007537603378296 0
1675464778576 0.492705762386322 0
1675464778806 0.49365854263305664 0
1675464779082 0.4968315064907074 0
1675464779299 0.4989473223686218 0
1675464779523 0.498507559299469 0
1675464779774 0.4932354688644409 0
1675464780044 0.4929482638835907 0
1675464780353 0.4896124303340912 0
1675464780611 0.4920312166213989 0
1675464780837 0.4990944564342499 0
1675464781137 0.4920819103717804 0
1675464781432 0.4920203387737274 0
1675464781662 0.49392107129096985 0
1675464781876 0.49645867943763733 0
1675464782161 0.4882145822048187 0
1675464782412 0.4903896749019623 0
1675464782702 0.4913136661052704 0
1675464782964 0.4933449923992157 0
1675464783181 0.4920547902584076 0
1675464783380 0.49395039677619934 0
1675464783579 0.49468591809272766 0
1675464783804 0.4917065501213074 0
1675464784061 0.48999905586242676 0
1675464784275 0.49535468220710754 0
1675464784501 0.49028903245925903 0
1675464784758 0.4867425560951233 0
1675464785055 0.4848504662513733 0
1675464785323 0.4883194863796234 0
1675464785577 0.48978835344314575 0
1675464785783 0.4913228452205658 0
1675464786013 0.4893585741519928 0
1675464786246 0.48742106556892395 0
1675464786492 0.4862610399723053 0
1675464786741 0.48712244629859924 0
1675464788913 0.487218976020813 0
1675464789165 0.48287883400917053 0
1675464789416 0.48555269837379456 0
1675464789611 0.4894544184207916 0
1675464789883 0.48462262749671936 0
1675464790137 0.48564934730529785 0
1675464790391 0.48604148626327515 0
1675464790651 0.48298659920692444 0
1675464790863 0.48606616258621216 0
1675464791094 0.4845461845397949 0
1675464791380 0.48228719830513 0
1675464791582 0.48578375577926636 0
1675464791802 0.48408690094947815 0
1675464792042 0.48610514402389526 0
1675464792315 0.4842512309551239 0
1675464792586 0.4796026945114136 0
1675464792881 0.4832485616207123 0
1675464793186 0.4770236015319824 0
1675464793399 0.482177734375 0
1675464793658 0.47737258672714233 0
1675464793861 0.4847986400127411 0
1675464794114 0.48136207461357117 0
1675464794363 0.47967901825904846 0
1675464794575 0.48192477226257324 0
1675464794790 0.48228535056114197 0
1675464794992 0.48200345039367676 0
1675464795249 0.48246338963508606 0
1675464795449 0.4843572974205017 0
1675464795680 0.48080164194107056 0
1675464795923 0.47594889998435974 0
1675464796165 0.4801782965660095 0
1675464796409 0.4787757396697998 0
1675464796615 0.48140576481819153 0
1675464796887 0.4741702973842621 0
1675464797158 0.47371765971183777 0
1675464797379 0.48117247223854065 0
1675464797636 0.47769781947135925 0
1675464797924 0.47088322043418884 0
1675464798237 0.47453010082244873 0
1675464798505 0.47693726420402527 0
1675464798750 0.47416338324546814 0
1675464798958 0.48018839955329895 0
1675464799177 0.47864916920661926 0
1675464799362 0.48546546697616577 0
1675464799557 0.48161545395851135 0
1675464799809 0.4772050380706787 0
1675464800092 0.4747180640697479 0
1675464800342 0.4742315709590912 0
1675464800550 0.4778934419155121 0
1675464800753 0.47923246026039124 0
1675464800964 0.4775681495666504 0
1675464801225 0.4731502830982208 0
1675464801454 0.4744514226913452 0
1675464801676 0.47769737243652344 0
1675464801949 0.4710732102394104 0
1675464802214 0.47743046283721924 0
1675464802433 0.48065218329429626 0
1675464802634 0.4784393310546875 0
1675464802859 0.4746084213256836 0
1675464803067 0.4798327386379242 0
1675464803324 0.4739810824394226 0
1675464803583 0.47286662459373474 0
1675464803840 0.47362521290779114 0
1675464804062 0.4757493734359741 0
1675464804273 0.4777583181858063 0
1675464804500 0.47568297386169434 0
1675464804732 0.4771999716758728 0
1675464804968 0.47532281279563904 0
1675464805196 0.4757154583930969 0
1675464805424 0.476165771484375 0
1675464805726 0.4695909321308136 0
1675464805975 0.47515055537223816 0
1675464806242 0.470490038394928 0
1675464806493 0.4713018834590912 0
1675464806689 0.47740617394447327 0
1675464806910 0.47532954812049866 0
1675464807136 0.47529223561286926 0
1675464807380 0.4700779318809509 0
1675464807577 0.47502779960632324 0
1675464807771 0.4777851700782776 0
1675464808004 0.47283273935317993 0
1675464808242 0.47449377179145813 0
1675464808466 0.4729413092136383 0
1675464808694 0.4713776409626007 0
1675464808902 0.47531983256340027 0
1675464809161 0.4723840355873108 0
1675464809399 0.47665169835090637 0
1675464809589 0.47779223322868347 0
1675464809800 0.4736689031124115 0
1675464810090 0.46768203377723694 0
1675464810334 0.47135284543037415 0
1675464810548 0.47238296270370483 0
1675464810758 0.4724734127521515 0
1675464810983 0.47287696599960327 0
1675464811188 0.4741097092628479 0
1675464811438 0.46818220615386963 0
1675464811646 0.47536975145339966 0
1675464811837 0.47569504380226135 0
1675464812068 0.4712505042552948 0
1675464812291 0.47333142161369324 0
1675464812548 0.47167935967445374 0
1675464812793 0.4701169431209564 0
1675464812999 0.47409510612487793 0
1675464813223 0.4707461893558502 0
1675464813467 0.4702299237251282 0
1675464813696 0.47161221504211426 0
1675464813902 0.4721091389656067 0
1675464814107 0.47138291597366333 0
1675464814322 0.47412583231925964 0
1675464814559 0.4700060784816742 0
1675464814801 0.4680461883544922 0
1675464815088 0.46478623151779175 0
1675464815358 0.46570950746536255 0
1675464815594 0.4676496684551239 0
1675464815911 0.4652203619480133 0
1675464816117 0.47466838359832764 0
1675464816411 0.4659564793109894 0
1675464816646 0.46898090839385986 0
1675464816902 0.4673579931259155 0
1675464817152 0.4718950092792511 0
1675464817386 0.46952521800994873 0
1675464817584 0.4759189188480377 0
1675464817819 0.4682016372680664 0
1675464817995 0.4739148020744324 0
1675464818189 0.4700135588645935 0
1675464818434 0.4664447009563446 0
1675464818698 0.46604490280151367 0
1675464818916 0.4677017331123352 0
1675464819136 0.4727194011211395 0
1675464819339 0.469869464635849 0
1675464819569 0.4675062298774719 0
1675464819767 0.467886745929718 0
1675464819959 0.4732813835144043 0
1675464820232 0.4631294012069702 0
1675464820486 0.46531471610069275 0
1675464820700 0.4669601321220398 0
1675464820930 0.4704004228115082 0
1675464821189 0.4655435383319855 0
1675464821457 0.4656136631965637 0
1675464821650 0.4721912443637848 0
1675464821861 0.468039333820343 0
1675464822100 0.4642181396484375 0
1675464822347 0.46470582485198975 0
1675464822578 0.4696897864341736 0
1675464822806 0.46746155619621277 0
1675464823084 0.4647996127605438 0
1675464823345 0.4650190472602844 0
1675464823586 0.46764782071113586 0
1675464823808 0.46577149629592896 0
1675464824050 0.46672308444976807 0
1675464824259 0.4672425091266632 0
1675464824498 0.4681623578071594 0
1675464824753 0.463250994682312 0
1675464825038 0.46283942461013794 0
1675464825269 0.46706074476242065 0
1675464825509 0.4670901298522949 0
1675464825714 0.4648935794830322 0
1675464827876 0.4691399335861206 0
1675464828124 0.46570509672164917 0
1675464828424 0.4601251184940338 0
1675464828690 0.46256598830223083 0
1675464828963 0.4638475179672241 0
1675464829238 0.46426481008529663 0
1675464829469 0.4653727412223816 0
1675464829748 0.4604809582233429 0
1675464830014 0.464754581451416 0
1675464830220 0.4693795144557953 0
1675464830490 0.46091368794441223 0
1675464830735 0.4625956118106842 0
1675464831015 0.4612298011779785 0
1675464831182 0.4750524163246155 0
1675464831453 0.46241670846939087 0
1675464831695 0.46339309215545654 0
1675464831914 0.464266300201416 0
1675464832136 0.4664739966392517 0
1675464832422 0.4602377712726593 0
1675464832614 0.4698899984359741 0
1675464832860 0.46584928035736084 0
1675464833132 0.4628434479236603 0
1675464833402 0.4621663987636566 0
1675464833583 0.4691231846809387 0
1675464833795 0.4662516415119171 0
1675464834019 0.46812114119529724 0
1675464834276 0.46448010206222534 0
1675464834501 0.46500399708747864 0
1675464834708 0.46865391731262207 0
1675464834951 0.4653920829296112 0
1675464835183 0.46520042419433594 0
1675464835449 0.46307191252708435 0
1675464835652 0.46676182746887207 0
1675464835919 0.46075960993766785 0
1675464836140 0.46591079235076904 0
1675464836381 0.4641421139240265 0
1675464836616 0.46396127343177795 0
1675464836813 0.4666122794151306 0
1675464837025 0.4661575257778168 0
1675464837239 0.4668559432029724 0
1675464837510 0.4599643349647522 0
1675464837717 0.46879956126213074 0
1675464837956 0.4639623463153839 0
1675464838227 0.459231436252594 0
1675464838427 0.4669663906097412 0
1675464838624 0.46495795249938965 0
1675464838853 0.4631195068359375 0
1675464839082 0.4639657139778137 0
1675464839268 0.4694790244102478 0
1675464839460 0.4662643074989319 0
1675464839677 0.4626631736755371 0
1675464839877 0.4661845266819 0
1675464840124 0.46103397011756897 0
1675464840326 0.46706587076187134 0
1675464840512 0.4691659212112427 0
1675464840732 0.4640035629272461 0
1675464841012 0.4583768844604492 0
1675464841247 0.46168532967567444 0
1675464841506 0.460376113653183 0
1675464841695 0.4687403440475464 0
1675464841866 0.4672549068927765 0
1675464842068 0.46956440806388855 0
1675464842274 0.46486958861351013 0
1675464842552 0.4569709002971649 0
1675464842795 0.4619794487953186 0
1675464843055 0.4593956768512726 0
1675464843317 0.458620548248291 0
1675464843627 0.4567593038082123 0
1675464843852 0.4611235558986664 0
1675464844064 0.4645788371562958 0
1675464844295 0.45990678668022156 0
1675464844509 0.4650225043296814 0
1675464844770 0.4573708176612854 0
1675464845020 0.4609054625034332 0
1675464845298 0.4548431634902954 0
1675464845541 0.45814546942710876 0
1675464845739 0.467270165681839 0
1675464845963 0.4633522927761078 0
1675464846172 0.46271753311157227 0
1675464846436 0.45798632502555847 0
1675464846673 0.46185052394866943 0
1675464846974 0.4579516649246216 0
1675464847200 0.46136778593063354 0
1675464847406 0.4639151990413666 0
1675464847633 0.4612215459346771 0
1675464847830 0.4649660885334015 0
1675464848057 0.46280986070632935 0
1675464848326 0.4589250385761261 0
1675464848521 0.46523940563201904 0
1675464848725 0.4660218060016632 0
1675464848950 0.4623057246208191 0
1675464849224 0.45974698662757874 0
1675464849451 0.46272769570350647 0
1675464849646 0.46489495038986206 0
1675464849900 0.4618389308452606 0
1675464850165 0.45650947093963623 0
1675464850415 0.4593292772769928 0
1675464850674 0.45505839586257935 0
1675464850907 0.4617372751235962 0
1675464851122 0.46209338307380676 0
1675464851343 0.46282100677490234 0
1675464851563 0.46258530020713806 0
1675464851818 0.45871594548225403 0
1675464852055 0.4591636061668396 0
1675464852269 0.4646507501602173 0
1675464852501 0.4613865613937378 0
1675464852724 0.4607463479042053 0
1675464852957 0.46143966913223267 0
1675464853229 0.4572448134422302 0
1675464853489 0.45839831233024597 0
1675464853732 0.45879361033439636 0
1675464853967 0.45961424708366394 0
1675464854204 0.4554750621318817 0
1675464854439 0.4588836431503296 0
1675464854676 0.46034538745880127 0
1675464854938 0.45974114537239075 0
1675464855199 0.4579313099384308 0
1675464855408 0.46410053968429565 0
1675464855661 0.4599042534828186 0
1675464855943 0.453491747379303 0
1675464856179 0.4640277326107025 0
1675464856449 0.4576863944530487 0
1675464856677 0.4597480595111847 0
1675464856903 0.46076899766921997 0
1675464857170 0.45921623706817627 0
1675464857378 0.4601677656173706 0
1675464857605 0.4573497474193573 0
1675464857777 0.46655523777008057 0
1675464858011 0.4625486135482788 0
1675464858240 0.4595728814601898 0
1675464858526 0.45476850867271423 0
1675464858810 0.45628201961517334 0
1675464858998 0.4630967974662781 0
1675464859232 0.4588892161846161 0
1675464859491 0.4553045630455017 0
1675464859744 0.45834463834762573 0
1675464859966 0.46043723821640015 0
1675464860206 0.45839279890060425 0
1675464860434 0.4592302143573761 0
1675464860680 0.45935675501823425 0
1675464860938 0.4586009979248047 0
1675464861171 0.4578304588794708 0
1675464861405 0.45958569645881653 0
1675464861713 0.4493491053581238 0
1675464861978 0.4517365097999573 0
1675464862229 0.4571281969547272 0
1675464862435 0.4597896337509155 0
1675464862682 0.4527112543582916 0
1675464862917 0.4611390233039856 0
1675464863141 0.4569237232208252 0
1675464863348 0.46122440695762634 0
1675464863574 0.4625962972640991 0
1675464863819 0.4567300081253052 0
1675464864056 0.45636168122291565 0
1675464864273 0.4633409380912781 0
1675464864469 0.46605217456817627 0
1675464864628 0.4651722013950348 0
1675464866752 0.45889487862586975 0
1675464866992 0.4604393243789673 0
1675464867179 0.4623309075832367 0
1675464867407 0.4565623998641968 0
1675464867647 0.45407408475875854 0
1675464867914 0.4547933042049408 0
1675464868173 0.45855075120925903 0
1675464868462 0.45356953144073486 0
1675464868773 0.4520125091075897 0
1675464869001 0.4551164507865906 0
1675464869231 0.458414226770401 0
1675464869420 0.46417999267578125 0
1675464869637 0.4580029249191284 0
1675464869849 0.4553341269493103 0
1675464870082 0.4566188454627991 0
1675464870317 0.4554602801799774 0
1675464870509 0.4618602395057678 0
1675464870750 0.4554292559623718 0
1675464870977 0.4593062996864319 0
1675464871219 0.45695173740386963 0
1675464871432 0.4582138955593109 0
1675464871679 0.4560858905315399 0
1675464871930 0.4550858438014984 0
1675464872149 0.4565810263156891 0
1675464872341 0.4629834294319153 0
1675464872554 0.4584256112575531 0
1675464872784 0.4576612114906311 0
1675464873002 0.458517462015152 0
1675464873271 0.45250415802001953 0
1675464873520 0.455996572971344 0
1675464873732 0.46049296855926514 0
1675464873946 0.4570385813713074 0
1675464874139 0.4634047746658325 0
1675464874362 0.45981553196907043 0
1675464874576 0.45679035782814026 0
1675464874813 0.45472776889801025 0
1675464875031 0.45734360814094543 0
1675464875244 0.45842793583869934 0
1675464875468 0.45372769236564636 0
1675464875666 0.46219828724861145 0
1675464875894 0.45550504326820374 0
1675464876114 0.45568451285362244 0
1675464876406 0.4477522373199463 0
1675464876613 0.45862480998039246 0
1675464876810 0.4599338173866272 0
1675464877042 0.4576978087425232 0
1675464877279 0.4567142724990845 0
1675464877522 0.4542125463485718 0
1675464877777 0.4549104869365692 0
1675464878050 0.4489468038082123 0
1675464878266 0.46186092495918274 0
1675464878497 0.45960095524787903 0
1675464878697 0.45869719982147217 0
1675464878930 0.4564402401447296 0
1675464879185 0.45355674624443054 0
1675464879401 0.455981582403183 0
1675464879639 0.4550151228904724 0
1675464879936 0.4549046456813812 0
1675464880177 0.4536638855934143 0
1675464880381 0.4580334424972534 0
1675464880551 0.4632470905780792 0
1675464880756 0.46017077565193176 0
1675464881015 0.45249250531196594 0
1675464881225 0.4585815966129303 0
1675464881434 0.45851707458496094 0
1675464881686 0.45135173201560974 0
1675464881899 0.4588747024536133 0
1675464882170 0.451477587223053 0
1675464882361 0.4587225317955017 0
1675464882579 0.457925409078598 0
1675464882833 0.45575106143951416 0
1675464883088 0.4551011025905609 0
1675464883364 0.44995495676994324 0
1675464883598 0.454522967338562 0
1675464883903 0.4463256299495697 0
1675464884139 0.46036896109580994 0
1675464884379 0.46039313077926636 0
1675464884582 0.4630453288555145 0
1675464884833 0.4588035047054291 0
1675464885033 0.4617723822593689 0
1675464885283 0.45412394404411316 0
1675464885496 0.4579945206642151 0
1675464885718 0.4579804241657257 0
1675464885910 0.460578590631485 0
1675464886141 0.45561906695365906 0
1675464886353 0.4584960341453552 0
1675464886618 0.4532133638858795 0
1675464886846 0.45663806796073914 0
1675464887072 0.45557305216789246 0
1675464887277 0.46246474981307983 0
1675464887580 0.44980400800704956 0
1675464887816 0.4541309177875519 0
1675464888019 0.45881009101867676 0
1675464888283 0.4504217803478241 0
1675464888555 0.4524115025997162 0
1675464888827 0.4509333074092865 0
1675464889076 0.452545702457428 0
1675464889341 0.4519754946231842 0
1675464889624 0.45243483781814575 0
1675464889842 0.45713773369789124 0
1675464890101 0.4513694941997528 0
1675464890341 0.45451077818870544 0
1675464890561 0.4520249664783478 0
1675464890733 0.4619734287261963 0
1675464890919 0.45863670110702515 0
1675464891138 0.45462721586227417 0
1675464891368 0.4521919786930084 0
1675464891634 0.44949766993522644 0
1675464891900 0.4490048587322235 0
1675464892111 0.45744919776916504 0
1675464892334 0.457925409078598 0
1675464892586 0.4535013437271118 0
1675464892839 0.4522753357887268 0
1675464893114 0.44875678420066833 0
1675464893358 0.4543793499469757 0
1675464893567 0.45620325207710266 0
1675464893785 0.4553447365760803 0
1675464894049 0.4503416419029236 0
1675464894277 0.4534952938556671 0
1675464894510 0.4529043138027191 0
1675464894756 0.4539613723754883 0
1675464894939 0.46193718910217285 0
1675464895166 0.4569088816642761 0
1675464895396 0.4552999436855316 0
1675464895657 0.4530847370624542 0
1675464895833 0.4612833559513092 0
1675464896114 0.44892174005508423 0
1675464896355 0.454635888338089 0
1675464896616 0.4521186053752899 0
1675464896863 0.45047569274902344 0
1675464897099 0.4544130563735962 0
1675464897414 0.44923996925354004 0
1675464897675 0.4496450424194336 0
1675464897903 0.45593681931495667 0
1675464898117 0.4546672999858856 0
1675464898354 0.4529527425765991 0
1675464898575 0.45671501755714417 0
1675464898812 0.45266592502593994 0
1675464899005 0.457364559173584 0
1675464899248 0.4535103440284729 0
1675464899463 0.45444002747535706 0
1675464899667 0.4597005844116211 0
1675464899893 0.45267239212989807 0
1675464900107 0.45340245962142944 0
1675464900327 0.4554222822189331 0
1675464900557 0.4535336494445801 0
1675464900797 0.45438265800476074 0
1675464901069 0.4513145983219147 0
1675464901278 0.45352497696876526 0
1675464901561 0.45005980134010315 0
1675464901779 0.4566728472709656 0
1675464901933 0.4647621214389801 0
1675464902182 0.4527556002140045 0
1675464902486 0.4458824396133423 0
1675464902745 0.4510369896888733 0
1675464902968 0.4586014151573181 0
1675464903201 0.4507507383823395 0
1675464905306 0.4557657837867737 0
1675464905463 0.46223071217536926 0
1675464905683 0.45635125041007996 0
1675464905911 0.4550114870071411 0
1675464906134 0.45508942008018494 0
1675464906361 0.4545406699180603 0
1675464906577 0.4551008641719818 0
1675464906810 0.45293131470680237 0
1675464907040 0.4536115229129791 0
1675464907242 0.45726120471954346 0
1675464907499 0.4551350772380829 0
1675464907735 0.4519459903240204 0
1675464907961 0.4540630877017975 0
1675464908143 0.4565993845462799 0
1675464908352 0.456381231546402 0
1675464908599 0.451474130153656 0
1675464908865 0.4521671533584595 0
1675464909061 0.45911160111427307 0
1675464909238 0.4585055112838745 0
1675464909533 0.4469204246997833 0
1675464909782 0.4484096169471741 0
1675464909977 0.4585637152194977 0
1675464910211 0.4527268409729004 0
1675464910451 0.4509100914001465 0
1675464910665 0.452472060918808 0
1675464910901 0.45165717601776123 0
1675464911156 0.4497087299823761 0
1675464911394 0.45218533277511597 0
1675464911642 0.4516051709651947 0
1675464911902 0.4477953314781189 0
1675464912131 0.4513698220252991 0
1675464912344 0.4567006826400757 0
1675464912542 0.4589294195175171 0
1675464912750 0.45449185371398926 0
1675464912952 0.4583023488521576 0
1675464913160 0.4546489715576172 0
1675464913370 0.4563300907611847 0
1675464913593 0.4555806815624237 0
1675464913869 0.44656768441200256 0
1675464914103 0.4508633613586426 0
1675464914436 0.44820448756217957 0
1675464914639 0.4575296938419342 0
1675464914835 0.454725056886673 0
1675464915075 0.4510939419269562 0
1675464915272 0.45956894755363464 0
1675464915547 0.45042893290519714 0
1675464915744 0.4566144347190857 0
1675464915924 0.45638102293014526 0
1675464916177 0.4479692876338959 0
1675464916394 0.4524536728858948 0
1675464916689 0.44691917300224304 0
1675464916965 0.44477126002311707 0
1675464917168 0.45685848593711853 0
1675464917454 0.44560012221336365 0
1675464917646 0.4584464430809021 0
1675464917906 0.44863051176071167 0
1675464918111 0.4553013741970062 0
1675464918372 0.44733762741088867 0
1675464918618 0.45356717705726624 0
1675464918843 0.45363229513168335 0
1675464919095 0.4530012607574463 0
1675464919312 0.4533676505088806 0
1675464919536 0.45176181197166443 0
1675464919758 0.4521309733390808 0
1675464919988 0.45085904002189636 0
1675464920259 0.44813454151153564 0
1675464920444 0.4577719569206238 0
1675464920695 0.450924277305603 0
1675464920960 0.4497907757759094 0
1675464921218 0.45118531584739685 0
1675464921439 0.4504072666168213 0
1675464921630 0.45599934458732605 0
1675464921896 0.45135703682899475 0
1675464922098 0.4547730088233948 0
1675464922342 0.44996798038482666 0
1675464922574 0.44867292046546936 0
1675464922795 0.4516298472881317 0
1675464922985 0.457692950963974 0
1675464923228 0.44744524359703064 0
1675464923425 0.4537922739982605 0
1675464923615 0.45758071541786194 0
1675464923821 0.45443278551101685 0
1675464924051 0.4522627294063568 0
1675464924320 0.44389235973358154 0
1675464924528 0.4539509415626526 0
1675464924763 0.4513697326183319 0
1675464925026 0.44776013493537903 0
1675464925220 0.45670294761657715 0
1675464925469 0.4475265443325043 0
1675464925793 0.44233959913253784 0
1675464926036 0.453020304441452 0
1675464926273 0.44887280464172363 0
1675464926509 0.4529553949832916 0
1675464926779 0.44911104440689087 0
1675464927066 0.444131463766098 0
1675464927315 0.4476505517959595 0
1675464927617 0.4461708962917328 0
1675464927885 0.44816339015960693 0
1675464928044 0.46291694045066833 0
1675464928265 0.45234227180480957 0
1675464928480 0.45434293150901794 0
1675464928685 0.4546142518520355 0
1675464928925 0.4518924057483673 0
1675464929112 0.456973135471344 0
1675464929304 0.45661458373069763 0
1675464929553 0.44769588112831116 0
1675464929780 0.4512641429901123 0
1675464929967 0.45822301506996155 0
1675464930172 0.45360609889030457 0
1675464930448 0.4421807825565338 0
1675464930718 0.44519370794296265 0
1675464930955 0.4502923786640167 0
1675464931216 0.4497792422771454 0
1675464931402 0.4567347466945648 0
1675464931631 0.45300090312957764 0
1675464931856 0.4510057270526886 0
1675464932122 0.4448080360889435 0
1675464932367 0.44788119196891785 0
1675464932616 0.4489153325557709 0
1675464932845 0.44792771339416504 0
1675464933087 0.4505617320537567 0
1675464933336 0.4528542160987854 0
1675464933580 0.4497626721858978 0
1675464933802 0.45479702949523926 0
1675464934034 0.4483863413333893 0
1675464934285 0.4476068913936615 0
1675464934521 0.4473918676376343 0
1675464934782 0.44625240564346313 0
1675464935003 0.45546114444732666 0
1675464935218 0.4536795914173126 0
1675464935474 0.44674861431121826 0
1675464935707 0.4491172134876251 0
1675464936022 0.44159865379333496 0
1675464936246 0.44619226455688477 0
1675464936486 0.4481762945652008 0
1675464936765 0.44516459107398987 0
1675464936999 0.4484674632549286 0
1675464937193 0.4574818015098572 0
1675464937426 0.4514785706996918 0
1675464937634 0.4525468349456787 0
1675464937875 0.4512360692024231 0
1675464938119 0.44967684149742126 0
1675464938328 0.450377494096756 0
1675464938523 0.4541721045970917 0
1675464938783 0.4458028972148895 0
1675464939039 0.446199893951416 0
1675464939281 0.4501892328262329 0
1675464939530 0.44618701934814453 0
1675464939722 0.45689013600349426 0
1675464939948 0.4511726200580597 0
1675464940212 0.448086142539978 0
1675464940451 0.4547443389892578 0
1675464940727 0.44395944476127625 0
1675464940963 0.4451574683189392 0
1675464941216 0.44840383529663086 0
1675464941462 0.4447483420372009 0
1675464941718 0.44332462549209595 0
