1675978573214 0.01730375289916992 0
1675978573361 0.6903450965881348 40
1675978573510 0.6871175765991211 80
1675978573662 0.6837517738342285 120
1675978573815 0.6811318874359131 160
1675978573958 0.677522611618042 200
1675978574098 0.6717302799224854 240
1675978574267 0.6723920822143554 280
1675978574419 0.666487455368042 320
1675978574569 0.6618863105773926 360
1675978574700 0.6581284523010253 400
1675978574849 0.6497418880462646 440
1675978574979 0.6522587299346924 480
1675978575149 0.6399810791015625 520
1675978575359 0.6287349700927735 560
1675978575498 0.6297607421875 600
1675978575628 0.619910717010498 640
1675978575777 0.6042153835296631 680
1675978575934 0.6001839637756348 720
1675978576069 0.5995186328887939 760
1675978576223 0.5832390785217285 800
1675978576382 0.581708288192749 840
1675978576514 0.5836604595184326 880
1675978576711 0.5711767196655273 920
1675978576887 0.571610403060913 960
1675978577024 0.5699367523193359 1000
1675978577156 0.5802310943603516 1040
1675978577350 0.5749026775360108 1080
1675978577482 0.5623093605041504 1120
1675978577650 0.5199484348297119 1160
1675978577783 0.5556300163269043 1200
1675978577927 0.5652234077453613 1240
1675978578096 0.5638077735900879 1280
1675978578233 0.5248557567596436 1320
1675978578394 0.5356016159057617 1360
1675978578552 0.5213356971740722 1400
1675978578676 0.5328047752380372 1440
1675978578814 0.5328585624694824 1480
1675978578941 0.5280703544616699 1520
1675978579180 0.4947829246520996 1560
1675978579316 0.524166488647461 1600
1675978579629 0.5294129371643066 1640
1675978579749 0.5156486988067627 1680
1675978579883 0.5111101627349853 1720
1675978580025 0.5007569313049316 1760
1675978580171 0.5031300544738769 1800
1675978580298 0.4761003017425537 1840
1675978580447 0.4922365188598633 1880
1675978580588 0.47237772941589357 1920
1675978580718 0.4761495113372803 1960
1675978580856 0.45478367805480957 2000
1675978581006 0.4401949405670166 2040
1675978581140 0.4745311737060547 2080
1675978581295 0.43284287452697756 2120
1675978581464 0.4449133396148682 2160
1675978581660 0.4311941146850586 2200
1675978581810 0.40527758598327634 2240
1675978581944 0.43148555755615237 2280
1675978582075 0.43504700660705564 2320
1675978582220 0.3977439165115356 2360
1675978582353 0.40314507484436035 2400
1675978582512 0.4033370018005371 2440
1675978582691 0.40004596710205076 2480
1675978582818 0.3910894632339478 2520
1675978582946 0.3844431400299072 2560
1675978583088 0.34693844318389894 2600
1675978583216 0.3716468572616577 2640
1675978583342 0.3668591260910034 2680
1675978583523 0.33068835735321045 2720
1675978583698 0.35690038204193114 2760
1675978583845 0.3967092275619507 2800
1675978583975 0.3492846727371216 2840
1675978584124 0.36950485706329345 2880
1675978584257 0.35938894748687744 2920
1675978584411 0.3543009519577026 2960
1675978584614 0.34246766567230225 3000
1675978584772 0.3580585479736328 3040
1675978584991 0.3513923645019531 3080
1675978585318 0.35728576183319094 3120
1675978585455 0.3151383876800537 3160
1675978585636 0.32227725982666017 3200
1675978585821 0.31858856678009034 3240
1675978585963 0.34561402797698976 3280
1675978586108 0.32735447883605956 3320
1675978586245 0.3596977949142456 3360
1675978586379 0.3550676107406616 3400
1675978586518 0.2957482814788818 3440
1675978586675 0.3513362169265747 3480
1675978586824 0.34411604404449464 3520
1675978586976 0.2804806470870972 3560
1675978587115 0.28312101364135744 3600
1675978587250 0.323473858833313 3640
1675978587436 0.2675584554672241 3680
1675978587597 0.2811396598815918 3720
1675978587785 0.340010929107666 3760
1675978588037 0.3120972394943237 3800
1675978588191 0.2995497703552246 3840
1675978588336 0.30329017639160155 3880
1675978588489 0.2706436634063721 3920
1675978588640 0.36450469493865967 3960
1675978588786 0.3157891988754272 4000
1675978588913 0.3076769351959229 4040
1675978589058 0.29074296951293943 4080
1675978589247 0.3384981155395508 4120
1675978589373 0.318338680267334 4160
1675978589702 0.2691828489303589 4200
1675978589840 0.3124195337295532 4240
1675978590020 0.3128722906112671 4280
1675978590168 0.26962459087371826 4320
1675978590318 0.25473823547363283 4360
1675978590466 0.3105201244354248 4400
1675978590677 0.29142601490020753 4440
1675978590821 0.2796009063720703 4480
1675978590998 0.25880167484283445 4520
1675978591117 0.330244779586792 4560
1675978591254 0.35958821773529054 4600
1675978591393 0.280975866317749 4640
1675978591528 0.28818283081054685 4680
1675978591692 0.31093716621398926 4720
1675978591833 0.2988661527633667 4760
1675978592023 0.2517435550689697 4800
1675978592145 0.27919032573699953 4840
1675978592281 0.2316141366958618 4880
1675978592420 0.2358227252960205 4920
1675978592546 0.2409003496170044 4960
1675978592717 0.25230343341827394 5000
1675978592855 0.2476402997970581 5040
1675978592992 0.23984086513519287 5080
1675978593115 0.284498929977417 5120
1675978593251 0.2991145133972168 5160
1675978593373 0.20890934467315675 5200
1675978593503 0.286181640625 5240
1675978593631 0.2618963003158569 5280
1675978593787 0.28899421691894533 5320
1675978593919 0.2486036539077759 5360
1675978594217 0.2599666118621826 5400
1675978594362 0.20810601711273194 5440
1675978594500 0.27342705726623534 5480
1675978594681 0.2706051588058472 5520
1675978594855 0.2539090633392334 5560
1675978594991 0.26028966903686523 5600
1675978595139 0.24947607517242432 5640
1675978595283 0.21103055477142335 5680
1675978595423 0.2886002540588379 5720
1675978595558 0.22074565887451172 5760
1675978595711 0.2127998113632202 5800
1675978595878 0.2972991466522217 5840
1675978595997 0.2220489501953125 5880
1675978596138 0.28101468086242676 5920
1675978596337 0.2988261699676514 5960
1675978596484 0.2608862638473511 6000
1675978596669 0.24917771816253662 6040
1675978596822 0.22386538982391357 6080
1675978596943 0.17674107551574708 6120
1675978597077 0.22056043148040771 6160
1675978597207 0.2247556209564209 6200
1675978597335 0.1985498070716858 6240
1675978597468 0.22399983406066895 6280
1675978597604 0.27802228927612305 6320
1675978597735 0.2787365674972534 6360
1675978597900 0.2630594253540039 6400
1675978598031 0.20590851306915284 6440
1675978598169 0.21929566860198973 6480
1675978598337 0.23599681854248047 6520
1675978598472 0.2684133768081665 6560
1675978598664 0.24615135192871093 6600
1675978598803 0.2055128574371338 6640
1675978598953 0.24908773899078368 6680
1675978599111 0.2630523920059204 6720
1675978599270 0.24335746765136718 6760
1675978599564 0.22174425125122071 6800
1675978599989 0.19065951108932494 6840
1675978600136 0.21412107944488526 6880
1675978600262 0.21596686840057372 6920
1675978600447 0.2070301055908203 6960
1675978600589 0.22447454929351807 7000
1675978600714 0.2166050910949707 7040
1675978600849 0.25019302368164065 7080
1675978601023 0.18702844381332398 7120
1675978601155 0.23970320224761962 7160
1675978601281 0.2318488121032715 7200
1675978601409 0.18124923706054688 7240
1675978601533 0.20135419368743895 7280
1675978601667 0.19422136545181273 7320
1675978601795 0.19312660694122313 7360
1675978601945 0.17964183092117308 7400
1675978602082 0.24290366172790528 7440
1675978602219 0.1778498649597168 7480
1675978602355 0.22232847213745116 7520
1675978602622 0.2862643003463745 7560
1675978602741 0.21356189250946045 7600
1675978602893 0.2357576608657837 7640
1675978603053 0.19386391639709472 7680
1675978603198 0.2410562515258789 7720
1675978603314 0.1986396312713623 7760
1675978603461 0.20734694004058837 7800
1675978603588 0.1619023084640503 7840
1675978603727 0.2365891456604004 7880
1675978603868 0.1970270037651062 7920
1675978604044 0.2181785821914673 7960
1675978604170 0.18976656198501587 8000
1675978604306 0.24781653881072999 8040
1675978604450 0.23844637870788574 8080
1675978604633 0.18789130449295044 8120
1675978604769 0.2239680051803589 8160
1675978604901 0.1306337833404541 8200
1675978605082 0.19463138580322265 8240
1675978605237 0.20342724323272704 8280
1675978605365 0.20753326416015624 8320
1675978605531 0.17364441156387328 8360
1675978605674 0.22294042110443116 8400
1675978605819 0.17801734209060668 8440
1675978605946 0.155636990070343 8480
1675978606097 0.20497138500213624 8520
1675978606234 0.17941682338714598 8560
1675978606376 0.18037800788879393 8600
1675978606510 0.2295581340789795 8640
1675978606744 0.20033137798309325 8680
1675978606871 0.14751052856445312 8720
1675978607016 0.16846407651901246 8760
1675978607159 0.18612973690032958 8800
1675978607299 0.20353922843933106 8840
1675978607432 0.20000746250152587 8880
1675978607553 0.15739418268203736 8920
1675978607688 0.15759600400924684 8960
1675978607819 0.1780553936958313 9000
1675978607946 0.21570768356323242 9040
1675978608108 0.19766838550567628 9080
1675978608240 0.17793805599212648 9120
1675978608375 0.1832284688949585 9160
1675978608515 0.150648033618927 9200
1675978608837 0.19552561044692993 9240
1675978608971 0.13115230798721314 9280
1675978609186 0.19913086891174317 9320
1675978609301 0.17511682510375975 9360
1675978609438 0.18053845167160035 9400
1675978609559 0.177493679523468 9440
1675978609712 0.14819684028625488 9480
1675978609858 0.2059260129928589 9520
1675978610009 0.17707973718643188 9560
1675978610199 0.1782950282096863 9600
1675978610331 0.17611949443817138 9640
1675978610472 0.1436796545982361 9680
1675978610613 0.1948998212814331 9720
1675978610738 0.13928388357162474 9760
1675978610931 0.21074135303497316 9800
1675978611073 0.21391777992248534 9840
1675978611254 0.15691577196121215 9880
1675978611387 0.18642446994781495 9920
1675978611522 0.17591509819030762 9960
1675978611673 0.22319540977478028 10000
1675978611808 0.17385153770446776 10040
1675978612801 0.1260451078414917 10080
1675978612977 0.1825142502784729 10120
1675978613110 0.16841472387313844 10160
1675978613273 0.18064221143722534 10200
1675978613411 0.171294105052948 10240
1675978613555 0.17416542768478394 10280
1675978613793 0.1935246467590332 10320
1675978613940 0.1800636649131775 10360
1675978614120 0.2246025800704956 10400
1675978614295 0.15494272708892823 10440
1675978614450 0.171653151512146 10480
1675978614665 0.1980373501777649 10520
1675978614824 0.14964284896850585 10560
1675978615006 0.17727432250976563 10600
1675978615165 0.1755884051322937 10640
1675978615321 0.18669997453689574 10680
1675978615458 0.19052613973617555 10720
1675978615603 0.18687363862991332 10760
1675978615742 0.16184501647949218 10800
1675978615895 0.18232306241989135 10840
1675978616036 0.17616811990737916 10880
1675978616183 0.13882704973220825 10920
1675978616340 0.21058363914489747 10960
1675978616485 0.21119098663330077 11000
1675978616637 0.1421993613243103 11040
1675978616779 0.17293436527252198 11080
1675978616912 0.16507110595703126 11120
1675978617108 0.15570822954177857 11160
1675978617289 0.19035102128982545 11200
1675978617473 0.14869067668914795 11240
1675978617607 0.17271984815597535 11280
1675978617726 0.14541242122650147 11320
1675978617876 0.1785670280456543 11360
1675978618009 0.11757367849349976 11400
1675978618149 0.1126333475112915 11440
1675978618295 0.14277272224426268 11480
1675978618458 0.2032860517501831 11520
1675978618601 0.18059296607971193 11560
1675978618751 0.15774790048599244 11600
1675978618887 0.1677246332168579 11640
1675978619014 0.16937630176544188 11680
1675978619197 0.1476848840713501 11720
1675978619322 0.19529000520706177 11760
1675978619569 0.13124240636825563 11800
1675978619712 0.14322342872619628 11840
1675978619840 0.14771320819854736 11880
1675978619965 0.1969081401824951 11920
1675978620119 0.13355280160903932 11960
1675978620249 0.15575650930404664 12000
1675978620382 0.12145280838012695 12040
1675978620596 0.1794985294342041 12080
1675978620722 0.19308699369430543 12120
1675978620918 0.14609495401382447 12160
1675978621057 0.1737921953201294 12200
1675978621238 0.15339721441268922 12240
1675978621373 0.16258028745651246 12280
1675978621545 0.20143470764160157 12320
1675978621673 0.1483725905418396 12360
1675978621804 0.13910350799560547 12400
1675978621927 0.14433499574661254 12440
1675978622054 0.16668336391448973 12480
1675978622197 0.1821780323982239 12520
1675978622330 0.11446619033813477 12560
1675978622478 0.14450305700302124 12600
1675978622658 0.14690200090408326 12640
1675978622807 0.13916053771972656 12680
1675978622953 0.14738357067108154 12720
1675978623089 0.10891554355621338 12760
1675978623232 0.15797115564346315 12800
1675978623434 0.19601229429244996 12840
1675978623597 0.14302879571914673 12880
1675978623743 0.13713717460632324 12920
1675978623893 0.14253625869750977 12960
1675978624056 0.14549046754837036 13000
1675978624217 0.15576155185699464 13040
1675978624346 0.12623952627182006 13080
1675978624499 0.15803929567337036 13120
1675978624662 0.19044961929321289 13160
1675978624814 0.12730456590652467 13200
1675978624957 0.1252433180809021 13240
1675978625111 0.11279187202453614 13280
1675978625249 0.16219241619110109 13320
1675978625536 0.14247850179672242 13360
1675978625723 0.16499797105789185 13400
1675978625878 0.14154770374298095 13440
1675978626017 0.13988116979599 13480
1675978626165 0.16267900466918944 13520
1675978626324 0.15332567691802979 13560
1675978626461 0.16056917905807494 13600
1675978626679 0.09828031659126282 13640
1675978626826 0.1633015275001526 13680
1675978626967 0.11364402770996093 13720
1675978627101 0.10962495803833008 13760
1675978627261 0.16578787565231323 13800
1675978627391 0.11409151554107666 13840
1675978627579 0.14176896810531617 13880
1675978627736 0.14131776094436646 13920
1675978627852 0.14376444816589357 13960
1675978627981 0.18495848178863525 14000
1675978628113 0.14360660314559937 14040
1675978628255 0.14567282199859619 14080
1675978628395 0.11578495502471924 14120
1675978628532 0.1522502303123474 14160
1675978628770 0.17686326503753663 14200
1675978628900 0.14899163246154784 14240
1675978629043 0.14326949119567872 14280
1675978629184 0.16197845935821534 14320
1675978629320 0.1106156587600708 14360
1675978629461 0.13221461772918702 14400
1675978629623 0.12405327558517457 14440
1675978629909 0.15753636360168458 14480
1675978630044 0.11862394809722901 14520
1675978630197 0.13177247047424318 14560
1675978630323 0.12042440176010132 14600
1675978630449 0.2094149112701416 14640
1675978630577 0.14579105377197266 14680
1675978630730 0.11324155330657959 14720
1675978630910 0.14721195697784423 14760
1675978631049 0.13905683755874634 14800
1675978631187 0.1277855634689331 14840
1675978631321 0.12781692743301393 14880
1675978631449 0.11254889965057373 14920
1675978631579 0.12593287229537964 14960
1675978631721 0.1139323353767395 15000
1675978631913 0.11186132431030274 15040
1675978632047 0.1281484007835388 15080
1675978632184 0.13549283742904664 15120
1675978632309 0.11840848922729492 15160
1675978632459 0.1745034337043762 15200
1675978632645 0.10551000833511352 15240
1675978632776 0.13021255731582643 15280
1675978632929 0.11444857120513915 15320
1675978633046 0.14406518936157225 15360
1675978633186 0.11872504949569702 15400
1675978633319 0.16325911283493041 15440
1675978633451 0.10432261228561401 15480
1675978633628 0.1501355528831482 15520
1675978633762 0.1292863368988037 15560
1675978633935 0.14205942153930665 15600
1675978634104 0.13222110271453857 15640
1675978634235 0.11790771484375 15680
1675978634373 0.11848189830780029 15720
1675978634503 0.1239233136177063 15760
1675978634645 0.13332027196884155 15800
1675978634773 0.11382455825805664 15840
1675978634921 0.14935669898986817 15880
1675978635038 0.11088979244232178 15920
1675978635188 0.13802918195724487 15960
1675978635307 0.1711989164352417 16000
1675978635435 0.1358924388885498 16040
1675978635557 0.13620730638504028 16080
1675978635684 0.11865180730819702 16120
1675978635820 0.08466716408729554 16160
1675978635991 0.13992950916290284 16200
1675978636239 0.10881971120834351 16240
1675978636381 0.10822540521621704 16280
1675978636523 0.11527076959609986 16320
1675978636800 0.15138421058654786 16360
1675978636975 0.14303141832351685 16400
1675978637106 0.13821991682052612 16440
1675978637237 0.10721070766448974 16480
1675978637377 0.1276146650314331 16520
1675978637512 0.10413184165954589 16560
1675978637677 0.1506704330444336 16600
1675978637827 0.1121832251548767 16640
1675978637981 0.1258447289466858 16680
1675978638119 0.11710144281387329 16720
1675978638267 0.16626101732254028 16760
1675978638395 0.12262011766433716 16800
1675978638529 0.11494618654251099 16840
1675978638676 0.12170716524124145 16880
1675978638816 0.10848090648651124 16920
1675978638958 0.09993109107017517 16960
1675978639202 0.11315779685974121 17000
1675978639336 0.12626839876174928 17040
1675978639466 0.10062391757965088 17080
1675978639609 0.12220963239669799 17120
1675978639731 0.10323901176452636 17160
1675978639859 0.11744543313980102 17200
1675978640011 0.11983094215393067 17240
1675978640193 0.10307878255844116 17280
1675978640435 0.0941476583480835 17320
1675978640566 0.11045187711715698 17360
1675978640696 0.10773382186889649 17400
1675978640820 0.07498711347579956 17440
1675978640945 0.13399602174758912 17480
1675978641099 0.08628027439117432 17520
1675978641236 0.10110684633255004 17560
1675978641373 0.1631016731262207 17600
1675978641527 0.11920886039733887 17640
1675978641675 0.118838369846344 17680
1675978641807 0.11773356199264526 17720
1675978641959 0.1330349087715149 17760
1675978642121 0.10701799392700195 17800
1675978642241 0.11256575584411621 17840
1675978642422 0.0763575553894043 17880
1675978642576 0.10601862668991088 17920
1675978642781 0.10191372632980347 17960
1675978642933 0.11674845218658447 18000
1675978643139 0.10121328830718994 18040
1675978643281 0.14553822278976442 18080
1675978643431 0.13696296215057374 18120
1675978643570 0.08690237998962402 18160
1675978643700 0.12066556215286255 18200
1675978643828 0.08154863119125366 18240
1675978643959 0.09427786469459534 18280
1675978644106 0.10307062864303589 18320
1675978644260 0.1169357419013977 18360
1675978644413 0.09980052709579468 18400
1675978644576 0.11102213859558105 18440
1675978644735 0.08624799847602845 18480
1675978644866 0.07681155800819398 18520
1675978645011 0.09966493844985962 18560
1675978645197 0.0978305160999298 18600
1675978645429 0.09440784454345703 18640
1675978645645 0.11582732200622559 18680
1675978645902 0.1131707787513733 18720
1675978646038 0.07829347848892212 18760
1675978646204 0.10643349885940552 18800
1675978646334 0.1103426456451416 18840
1675978646473 0.1108687162399292 18880
1675978646648 0.11595290899276733 18920
1675978646772 0.09562805891036988 18960
1675978646905 0.08416582942008972 19000
1675978647038 0.11724295616149902 19040
1675978647171 0.11207007169723511 19080
1675978647330 0.11842325925827027 19120
1675978647458 0.10580648183822632 19160
1675978647609 0.12589242458343505 19200
1675978647749 0.08656609654426575 19240
1675978647914 0.09764516353607178 19280
1675978648044 0.07118949294090271 19320
1675978648173 0.08886468410491943 19360
1675978648333 0.08660077452659606 19400
1675978648466 0.12718915939331055 19440
1675978648643 0.11959278583526611 19480
1675978648827 0.09030728340148926 19520
1675978648959 0.09846464395523072 19560
1675978649092 0.10233343839645385 19600
1675978649233 0.11764266490936279 19640
1675978649395 0.10735372304916382 19680
1675978649519 0.07152720689773559 19720
1675978649656 0.1275619626045227 19760
1675978649792 0.06580914855003357 19800
1675978649933 0.11845316886901855 19840
1675978650111 0.12685431241989137 19880
1675978650255 0.08292402625083924 19920
1675978650407 0.10929166078567505 19960
1675978650533 0.0945465624332428 20000
1675978650707 0.11793721914291382 20040
1675978651096 0.13134641647338868 20080
1675978652203 0.07883213758468628 20120
1675978652413 0.10159544944763184 20160
1675978652587 0.08468761444091796 20200
1675978652808 0.09956177473068237 20240
1675978652968 0.09377408623695374 20280
1675978653136 0.13216969966888428 20320
1675978653299 0.10380158424377442 20360
1675978653469 0.12322360277175903 20400
1675978653613 0.13307515382766724 20440
1675978653746 0.09120398759841919 20480
1675978653936 0.07976817488670349 20520
1675978654164 0.11889718770980835 20560
1675978654309 0.09221298098564149 20600
1675978654471 0.0945424735546112 20640
1675978654620 0.11100990772247314 20680
1675978654806 0.11789025068283081 20720
1675978654996 0.11265137195587158 20760
1675978655191 0.10649282932281494 20800
1675978655327 0.10425543785095215 20840
1675978655504 0.10485526323318481 20880
1675978655659 0.10064084529876709 20920
1675978655816 0.08074849247932434 20960
1675978655987 0.12077904939651489 21000
1675978656163 0.13068764209747313 21040
1675978656318 0.0955424189567566 21080
1675978656467 0.09654271602630615 21120
1675978656615 0.09517114758491516 21160
1675978656747 0.08554311990737914 21200
1675978656943 0.1314532995223999 21240
1675978657100 0.10243568420410157 21280
1675978657247 0.08988909721374512 21320
1675978657394 0.07728257775306702 21360
1675978657593 0.10678627490997314 21400
1675978657747 0.06641300320625305 21440
1675978657893 0.07438666224479676 21480
1675978658027 0.07026869058609009 21520
1675978658176 0.11160452365875244 21560
1675978658326 0.09128372669219971 21600
1675978658497 0.08815458416938782 21640
1675978658736 0.10036522150039673 21680
1675978658868 0.10302656888961792 21720
1675978659138 0.09512283205986023 21760
1675978659267 0.10896972417831421 21800
1675978659406 0.0990089476108551 21840
1675978659535 0.0743963897228241 21880
1675978659704 0.09256081581115723 21920
1675978659840 0.11392195224761963 21960
1675978659967 0.0802745759487152 22000
1675978660111 0.08686848282814026 22040
1675978660261 0.10300445556640625 22080
1675978660405 0.10737133026123047 22120
1675978660547 0.10468919277191162 22160
1675978660740 0.10069832801818848 22200
1675978660878 0.07664700746536254 22240
1675978661043 0.09283629059791565 22280
1675978661263 0.09992348551750183 22320
1675978661395 0.11260311603546143 22360
1675978661526 0.10187172889709473 22400
1675978661694 0.08794499635696411 22440
1675978661833 0.08663291335105897 22480
1675978661964 0.11980819702148438 22520
1675978662113 0.10804417133331298 22560
1675978662252 0.07925488948822021 22600
1675978662400 0.0904442846775055 22640
1675978662543 0.09606244564056396 22680
1675978662721 0.07223383188247681 22720
1675978662856 0.07969403266906738 22760
1675978663015 0.05311216115951538 22800
1675978663135 0.08356828093528748 22840
1675978663315 0.10508424043655396 22880
1675978663444 0.09484809041023254 22920
1675978663673 0.07209029793739319 22960
1675978663829 0.10629116296768189 23000
1675978663959 0.08263874053955078 23040
1675978664114 0.10441148281097412 23080
1675978664248 0.07717540860176086 23120
1675978664402 0.09169814586639405 23160
1675978664556 0.09454829096794129 23200
1675978664823 0.08730351328849792 23240
1675978664966 0.0894327163696289 23280
1675978665140 0.08778465986251831 23320
1675978665342 0.09184578061103821 23360
1675978665482 0.06979781985282899 23400
1675978665629 0.09989989399909974 23440
1675978665840 0.10301580429077148 23480
1675978666325 0.0740354299545288 23520
1675978667050 0.10628925561904908 23560
1675978668931 0.0957281231880188 23600
1675978669124 0.10652742385864258 23640
1675978669261 0.06695414185523987 23680
1675978669389 0.11910099983215332 23720
1675978669573 0.09105015397071839 23760
1675978669705 0.05958678722381592 23800
1675978669847 0.10609244108200074 23840
1675978669995 0.084364515542984 23880
1675978670157 0.08607345819473267 23920
1675978670302 0.08725616335868835 23960
1675978670434 0.09258849620819092 24000
1675978670576 0.10679588317871094 24040
1675978670761 0.09529849886894226 24080
1675978670931 0.0777582585811615 24120
1675978671061 0.06943844556808472 24160
1675978671195 0.09333721399307252 24200
1675978671337 0.11808154582977295 24240
1675978671495 0.08523880839347839 24280
1675978671647 0.09588023424148559 24320
1675978671778 0.10208390951156616 24360
1675978671949 0.06792010068893432 24400
1675978672084 0.08688751459121705 24440
1675978672234 0.09068583846092224 24480
1675978672374 0.09486775398254395 24520
1675978672503 0.0699989914894104 24560
1675978672689 0.09507138729095459 24600
1675978672816 0.0770669400691986 24640
1675978672973 0.13831095695495604 24680
1675978673106 0.08902310729026794 24720
1675978673262 0.08847392201423646 24760
1675978673392 0.10439397096633911 24800
1675978673533 0.10895969867706298 24840
1675978673720 0.08532504439353943 24880
1675978673865 0.0926693856716156 24920
1675978674036 0.07023608088493347 24960
1675978674188 0.10030754804611205 25000
1675978674320 0.07934346795082092 25040
1675978674468 0.061988383531570435 25080
1675978674622 0.07226423621177673 25120
1675978674767 0.08149020075798034 25160
1675978674945 0.06980957388877869 25200
1675978675137 0.10966681241989136 25240
1675978675276 0.07686993479728699 25280
1675978675412 0.08814873695373535 25320
1675978675543 0.084255850315094 25360
1675978675727 0.08034408688545228 25400
1675978675872 0.08493349552154542 25440
1675978676048 0.10128121376037598 25480
1675978676194 0.05795603394508362 25520
1675978676321 0.09229323863983155 25560
1675978676551 0.10172915458679199 25600
1675978676732 0.09312323331832886 25640
1675978676895 0.09463198781013489 25680
1675978677031 0.07627304792404174 25720
1675978677203 0.07497901320457459 25760
1675978677351 0.10463173389434814 25800
1675978677506 0.07089946269989014 25840
1675978677665 0.08414692282676697 25880
1675978677829 0.0888737142086029 25920
1675978677967 0.08902522921562195 25960
1675978678149 0.08842692971229553 26000
1675978678281 0.1310787320137024 26040
1675978678428 0.08911831378936767 26080
1675978678552 0.09697169661521912 26120
1675978678695 0.06960065960884095 26160
1675978678829 0.06309176683425903 26200
1675978678981 0.0953315794467926 26240
1675978679151 0.07668898701667785 26280
1675978679312 0.09020413756370545 26320
1675978679466 0.08668570518493653 26360
1675978679636 0.08191457986831666 26400
1675978679829 0.09694069623947144 26440
1675978679956 0.0922588050365448 26480
1675978680111 0.08480649590492248 26520
1675978680261 0.08820616006851197 26560
1675978680411 0.06883121728897094 26600
1675978680529 0.0815391182899475 26640
1675978680663 0.09362484216690063 26680
1675978680793 0.09175175428390503 26720
1675978680991 0.07175734639167786 26760
1675978681154 0.09668644666671752 26800
1675978681321 0.09290739893913269 26840
1675978681448 0.07038562893867492 26880
1675978681583 0.08457661271095276 26920
1675978681726 0.07137474417686462 26960
1675978682000 0.05499951839447022 27000
1675978682124 0.07559069395065307 27040
1675978682296 0.09741597771644592 27080
1675978682424 0.07253956198692321 27120
1675978682595 0.086776864528656 27160
1675978682727 0.0556435763835907 27200
1675978682865 0.08002892136573792 27240
1675978683008 0.08067758679389954 27280
1675978683138 0.06669447422027588 27320
1675978683299 0.07556908130645752 27360
1675978683446 0.1022409200668335 27400
1675978683567 0.05021369457244873 27440
1675978683695 0.059592580795288085 27480
1675978683826 0.10694706439971924 27520
1675978683954 0.057061386108398435 27560
1675978684123 0.07753137946128845 27600
1675978684293 0.10775805711746216 27640
1675978684424 0.10624822378158569 27680
1675978684570 0.08211116790771485 27720
1675978684706 0.06889603734016418 27760
1675978684846 0.07757802009582519 27800
1675978684970 0.0825742244720459 27840
1675978685140 0.06656628251075744 27880
1675978685295 0.06200692653656006 27920
1675978685421 0.0725409209728241 27960
1675978685557 0.06879045963287353 28000
1675978685693 0.08840190768241882 28040
1675978685835 0.06527286171913146 28080
1675978685982 0.10498387813568115 28120
1675978686175 0.09185060858726501 28160
1675978686361 0.07374393343925476 28200
1675978686507 0.08395747542381286 28240
1675978686642 0.04607251286506653 28280
1675978686780 0.059970760345458986 28320
1675978686924 0.08084939122200012 28360
1675978687070 0.10313143730163574 28400
1675978687313 0.06239078640937805 28440
1675978687468 0.0633356511592865 28480
1675978687597 0.06402501463890076 28520
1675978687778 0.06027352213859558 28560
1675978687915 0.06320121884346008 28600
1675978688047 0.0601875901222229 28640
1675978688237 0.06463838815689087 28680
1675978688405 0.08891658186912536 28720
1675978688548 0.07266222834587097 28760
1675978688763 0.05571100115776062 28800
1675978688909 0.0729934573173523 28840
1675978689049 0.08047762513160706 28880
1675978689183 0.07500521540641784 28920
1675978689334 0.07304590344429016 28960
1675978689490 0.06487431526184081 29000
1675978689633 0.06278918385505676 29040
1675978689769 0.08617986440658569 29080
1675978689911 0.07542545199394227 29120
1675978690076 0.07764332890510559 29160
1675978690274 0.08054033517837525 29200
1675978690459 0.10352332592010498 29240
1675978690601 0.05905089974403381 29280
1675978690739 0.06549172401428223 29320
1675978690876 0.06509586572647094 29360
1675978691014 0.053092026710510255 29400
1675978691158 0.0649766743183136 29440
1675978691317 0.06316372156143188 29480
1675978691497 0.08623424172401428 29520
1675978691646 0.08431538343429565 29560
1675978691789 0.07613723278045655 29600
1675978691928 0.07659496665000916 29640
1675978692077 0.08062106370925903 29680
1675978692343 0.08335595726966857 29720
1675978692518 0.044017565250396726 29760
1675978692725 0.07677488327026367 29800
1675978692923 0.06170604825019836 29840
1675978693062 0.09314919710159301 29880
1675978693220 0.08307769894599915 29920
1675978693359 0.06133775115013122 29960
1675978693525 0.08990821242332458 30000
1675978693724 0.07219324111938477 30040
1675978693863 0.06852015256881713 30080
1675978694014 0.10620534420013428 30120
1675978694958 0.038243407011032106 30160
1675978695156 0.07570632100105286 30200
1675978695297 0.0666512668132782 30240
1675978695442 0.07247641682624817 30280
1675978695643 0.06156257390975952 30320
1675978695778 0.09801293015480042 30360
1675978695919 0.07454826831817626 30400
1675978696055 0.09238161444664002 30440
1675978696196 0.10236740112304688 30480
1675978696331 0.06314400434494019 30520
1675978696500 0.05238819718360901 30560
1675978696766 0.10122016668319703 30600
1675978696902 0.06574438810348511 30640
1675978697040 0.06646407246589661 30680
1675978697193 0.07098795771598816 30720
1675978697337 0.09519630074501037 30760
1675978697484 0.07949578762054443 30800
1675978697656 0.07517340779304504 30840
1675978697802 0.08471839427947998 30880
1675978697935 0.09154286384582519 30920
1675978698180 0.07169899344444275 30960
1675978698314 0.07381572723388671 31000
1675978698446 0.08353565335273742 31040
1675978698620 0.10647048950195312 31080
1675978698821 0.07833407521247863 31120
1675978698955 0.07474530339241028 31160
1675978699187 0.058413255214691165 31200
1675978699315 0.08345343470573426 31240
1675978699447 0.08876749277114868 31280
1675978699600 0.08927607536315918 31320
1675978699791 0.07306582927703857 31360
1675978699929 0.06501744389533996 31400
1675978700075 0.08084392547607422 31440
1675978700224 0.054844611883163454 31480
1675978700367 0.061626261472702025 31520
1675978700510 0.04567768275737762 31560
1675978700755 0.08783605098724365 31600
1675978700906 0.06746172904968262 31640
1675978701052 0.07855103015899659 31680
1675978701210 0.07500631213188172 31720
1675978701337 0.08218699097633361 31760
1675978701474 0.07629678249359131 31800
1675978701615 0.09337342977523803 31840
1675978701759 0.07760451436042785 31880
1675978701908 0.06259461045265198 31920
1675978702045 0.08062930107116699 31960
1675978702189 0.10640168190002441 32000
1675978702324 0.05525769591331482 32040
1675978702469 0.0822222113609314 32080
1675978702833 0.07418981790542603 32120
1675978702980 0.07743358612060547 32160
1675978703113 0.11215178966522217 32200
1675978703281 0.0885331690311432 32240
1675978703433 0.06056581139564514 32280
1675978703565 0.07391782402992249 32320
1675978703717 0.10427542924880981 32360
1675978703898 0.08435233235359192 32400
1675978704037 0.09470948576927185 32440
1675978704175 0.07273240685462952 32480
1675978704318 0.08964423537254333 32520
1675978704461 0.08599088788032531 32560
1675978704608 0.09400412440299988 32600
1675978704833 0.06304725408554077 32640
1675978705004 0.08378378748893738 32680
1675978705193 0.06884897947311401 32720
1675978705346 0.06264678835868835 32760
1675978705503 0.07110166549682617 32800
1675978705652 0.03411662876605988 32840
1675978705835 0.06557129621505738 32880
1675978706195 0.08055471181869507 32920
1675978706325 0.07351577281951904 32960
1675978706450 0.05666296482086182 33000
1675978706584 0.08592358231544495 33040
1675978706712 0.08291655778884888 33080
1675978706866 0.08441635370254516 33120
1675978707128 0.06926564574241638 33160
1675978707278 0.06327252984046935 33200
1675978707422 0.07341839671134949 33240
1675978707569 0.0677968680858612 33280
1675978707706 0.06568950414657593 33320
1675978707884 0.06406762599945068 33360
1675978708103 0.08770950436592102 33400
1675978708260 0.06389715075492859 33440
1675978708421 0.07767963409423828 33480
1675978708556 0.07460054755210876 33520
1675978708694 0.06934059262275696 33560
1675978708845 0.07928919196128845 33600
1675978709004 0.08728530406951904 33640
1675978709192 0.09307523369789124 33680
1675978709325 0.04349722564220428 33720
1675978709475 0.0899215281009674 33760
1675978709615 0.07245097160339356 33800
1675978709749 0.0526039719581604 33840
1675978709899 0.07046466469764709 33880
1675978710060 0.07122915983200073 33920
1675978710216 0.07895304560661316 33960
1675978710348 0.06463513970375061 34000
1675978710485 0.0767413079738617 34040
1675978710629 0.0773589551448822 34080
1675978710820 0.09662660360336303 34120
1675978711045 0.06620229482650757 34160
1675978711324 0.06652653217315674 34200
1675978711454 0.0660322666168213 34240
1675978711601 0.09974357485771179 34280
1675978711736 0.08105357885360717 34320
1675978711888 0.08106003999710083 34360
1675978712021 0.08353898525238038 34400
1675978712185 0.055116194486618045 34440
1675978712314 0.05712357759475708 34480
1675978712455 0.06684773564338684 34520
1675978712605 0.08322198390960693 34560
1675978712742 0.055018508434295656 34600
1675978712889 0.08542408943176269 34640
1675978713028 0.05308511257171631 34680
1675978713204 0.11524600982666015 34720
1675978713377 0.08683687448501587 34760
1675978713529 0.0807939350605011 34800
1675978713666 0.09392500519752503 34840
1675978713813 0.09784657955169677 34880
1675978713947 0.052155202627182005 34920
1675978714124 0.07907798886299133 34960
1675978714272 0.07879298329353332 35000
1675978714415 0.07122687101364136 35040
1675978714547 0.07083733081817627 35080
1675978714687 0.05456843376159668 35120
1675978714822 0.06372315883636474 35160
1675978714967 0.06602204442024232 35200
1675978715159 0.07721114158630371 35240
1675978715361 0.07698000073432923 35280
1675978715495 0.07702811956405639 35320
1675978715638 0.0793300747871399 35360
1675978715765 0.0778864085674286 35400
1675978715892 0.05670488476753235 35440
1675978716022 0.07431139945983886 35480
1675978716211 0.09173800945281982 35520
1675978716342 0.061083662509918216 35560
1675978716480 0.06933434009552002 35600
1675978716618 0.07919423580169678 35640
1675978716791 0.07920334339141846 35680
1675978716922 0.08055586814880371 35720
1675978717048 0.06184278726577759 35760
1675978717174 0.06394413113594055 35800
1675978717328 0.07182729244232178 35840
1675978717612 0.055223530530929564 35880
1675978717762 0.07158023118972778 35920
1675978717893 0.0729183554649353 35960
1675978718032 0.07424120903015137 36000
1675978718176 0.0785481572151184 36040
1675978718355 0.11066839694976807 36080
1675978718514 0.07520384192466736 36120
1675978718669 0.08175106048583984 36160
1675978718880 0.06706802845001221 36200
1675978719015 0.04703355729579926 36240
1675978719154 0.0758336365222931 36280
1675978719319 0.0499433308839798 36320
1675978719458 0.08095149993896485 36360
1675978719644 0.06459111571311951 36400
1675978719784 0.0676469087600708 36440
1675978719927 0.08436382412910462 36480
1675978720065 0.07952982187271118 36520
1675978720225 0.07363941073417664 36560
1675978720407 0.05756180286407471 36600
1675978720526 0.06582800149917603 36640
1675978720648 0.06843302845954895 36680
1675978720775 0.0797630250453949 36720
1675978720929 0.07843070030212403 36760
1675978721086 0.06543557047843933 36800
1675978721232 0.08348870873451233 36840
1675978721416 0.07618005871772766 36880
1675978721566 0.056329190731048584 36920
1675978721823 0.07292764186859131 36960
1675978721986 0.06556817889213562 37000
1675978722133 0.04953802227973938 37040
1675978722287 0.06455956101417541 37080
1675978722460 0.07474785447120666 37120
1675978722592 0.05629719495773315 37160
1675978722773 0.07877464294433593 37200
1675978722919 0.05034675002098084 37240
1675978723045 0.0677564263343811 37280
1675978723191 0.07241560220718384 37320
1675978723324 0.058739650249481204 37360
1675978723501 0.06512572765350341 37400
1675978723662 0.07958466410636902 37440
1675978723812 0.06700711250305176 37480
1675978723954 0.050400054454803465 37520
1675978724099 0.09254528880119324 37560
1675978724232 0.05133880972862244 37600
1675978724371 0.06326462030410766 37640
1675978724527 0.09101218581199647 37680
1675978724686 0.0803471028804779 37720
1675978724820 0.09047899842262268 37760
1675978724962 0.055583685636520386 37800
1675978725120 0.06735348105430602 37840
1675978725272 0.07526853084564208 37880
1675978725457 0.04869698286056519 37920
1675978725612 0.06473683714866638 37960
1675978725797 0.045629823207855226 38000
1675978725952 0.07014727592468262 38040
1675978726103 0.06798861026763917 38080
1675978726254 0.06498891115188599 38120
1675978726389 0.07829750180244446 38160
1675978726758 0.07582376599311828 38200
1675978726906 0.07896953225135803 38240
1675978727041 0.06762490272521973 38280
1675978727172 0.050071269273757935 38320
1675978727330 0.051854634284973146 38360
1675978727499 0.06547441482543945 38400
1675978727637 0.08698537349700927 38440
1675978727805 0.0554349422454834 38480
1675978727957 0.05590968132019043 38520
1675978728089 0.05396592617034912 38560
1675978728220 0.057089203596115114 38600
1675978728344 0.059989547729492186 38640
1675978728477 0.05881333351135254 38680
1675978728650 0.04572581946849823 38720
1675978728841 0.07979976534843444 38760
1675978729024 0.07053409218788147 38800
1675978729187 0.04884668588638306 38840
1675978729334 0.0577606737613678 38880
1675978729481 0.07858505845069885 38920
1675978729652 0.09151747822761536 38960
1675978729786 0.06522436141967773 39000
1675978729971 0.057850497961044314 39040
1675978730137 0.056717634201049805 39080
1675978730279 0.06478145122528076 39120
1675978730429 0.06365773677825928 39160
1675978730598 0.07115674018859863 39200
1675978730734 0.08756057024002076 39240
1675978730872 0.08812469840049744 39280
1675978731024 0.04909181892871857 39320
1675978731170 0.06949931383132935 39360
1675978731313 0.05723223090171814 39400
1675978731444 0.04857949614524841 39440
1675978731619 0.06600985527038575 39480
1675978731760 0.0491256594657898 39520
1675978731904 0.07814148664474488 39560
1675978732151 0.07581489086151123 39600
1675978732284 0.07265872955322265 39640
1675978732442 0.05786710381507874 39680
1675978732563 0.06850555539131165 39720
1675978732770 0.07138020396232606 39760
1675978732898 0.04004163146018982 39800
1675978733039 0.07345440983772278 39840
1675978733174 0.06081371307373047 39880
1675978733312 0.06409578919410705 39920
1675978733457 0.08026178479194641 39960
1675978733587 0.05814741253852844 40000
1675978733745 0.08212432265281677 40040
1675978733880 0.053053158521652224 40080
1675978734006 0.08279691338539123 40120
1675978734185 0.09064812064170838 40160
1675978735123 0.02281813621520996 40200
1675978735281 0.06109186410903931 40240
1675978735432 0.057123464345932004 40280
1675978735592 0.06900457739830017 40320
1675978735785 0.06195534467697143 40360
1675978735933 0.09095816016197204 40400
1675978736079 0.06698670387268066 40440
1675978736264 0.08823317289352417 40480
1675978736402 0.08533312082290649 40520
1675978736542 0.062349700927734376 40560
1675978736691 0.05451446771621704 40600
1675978736861 0.07754168510437012 40640
1675978736999 0.05558881163597107 40680
1675978737156 0.062492775917053225 40720
1675978737299 0.05991896390914917 40760
1675978737432 0.08028321862220764 40800
1675978737566 0.07660719752311707 40840
1675978737716 0.07797214388847351 40880
1675978737880 0.06359454989433289 40920
1675978738023 0.09012776017189025 40960
1675978738173 0.07167719602584839 41000
1675978738338 0.06986356973648071 41040
1675978738481 0.07526671290397643 41080
1675978738620 0.08519100546836852 41120
1675978738757 0.07633169889450073 41160
1675978738919 0.056170481443405154 41200
1675978739042 0.046087595820426944 41240
1675978739181 0.0711194097995758 41280
1675978739328 0.0822699248790741 41320
1675978739461 0.0766870617866516 41360
1675978739610 0.07397898435592651 41400
1675978739741 0.058432430028915405 41440
1675978739916 0.06778809428215027 41480
1675978740067 0.05433508157730103 41520
1675978740212 0.05042905807495117 41560
1675978740380 0.04596063792705536 41600
1675978740520 0.06677479743957519 41640
1675978740663 0.06347872018814087 41680
1675978740932 0.07284868955612182 41720
1675978741166 0.06544356942176818 41760
1675978741306 0.07343315482139587 41800
1675978741442 0.064094078540802 41840
1675978741581 0.07587902545928955 41880
1675978741723 0.074715656042099 41920
1675978741861 0.06772872805595398 41960
1675978742041 0.06833264827728272 42000
1675978742186 0.07591143846511841 42040
1675978742372 0.06628680229187012 42080
1675978742507 0.06991130113601685 42120
1675978742640 0.07325407862663269 42160
1675978742782 0.06407506465911865 42200
1675978742943 0.0890088438987732 42240
1675978743093 0.08501354455947877 42280
1675978743226 0.052480435371398924 42320
1675978743368 0.06336077451705932 42360
1675978743516 0.07685020565986633 42400
1675978743651 0.08689732551574707 42440
1675978743809 0.09349679946899414 42480
1675978743936 0.06413443088531494 42520
1675978744099 0.0817313015460968 42560
1675978744229 0.07192416191101074 42600
1675978744405 0.07951382398605347 42640
1675978744541 0.07014477849006653 42680
1675978744700 0.08343587517738342 42720
1675978744848 0.05509515404701233 42760
1675978745005 0.05623853802680969 42800
1675978745182 0.05825817584991455 42840
1675978745307 0.03726851344108582 42880
1675978745446 0.05218863487243652 42920
1675978745597 0.06637991666793823 42960
1675978745732 0.06724794507026673 43000
1675978745869 0.04961265027523041 43040
1675978746027 0.0663435161113739 43080
1675978746205 0.06708691716194153 43120
1675978746336 0.08586470484733581 43160
1675978746525 0.05426146388053894 43200
1675978746677 0.06616942882537842 43240
1675978746878 0.0714830756187439 43280
1675978747032 0.047385194897651674 43320
1675978747194 0.05374746918678284 43360
1675978747336 0.06617003083229064 43400
1675978747480 0.06734573245048522 43440
1675978747710 0.056806927919387816 43480
1675978747845 0.058680260181427 43520
1675978747976 0.07948890328407288 43560
1675978748152 0.06220250129699707 43600
1675978748292 0.07955230474472046 43640
1675978748464 0.0751432478427887 43680
1675978748643 0.08676658868789673 43720
1675978748842 0.04249982535839081 43760
1675978748984 0.09140857458114623 43800
1675978749139 0.08349372744560242 43840
1675978749275 0.047603854537010194 43880
1675978749442 0.0617148756980896 43920
1675978749597 0.07834817171096801 43960
1675978749730 0.05747845768928528 44000
1675978749863 0.06578311324119568 44040
1675978749995 0.06799542903900146 44080
1675978750191 0.06296194195747376 44120
1675978750321 0.08190354108810424 44160
1675978750472 0.060841810703277585 44200
1675978750664 0.0536766529083252 44240
1675978750806 0.06367740035057068 44280
1675978750951 0.09129093885421753 44320
1675978751103 0.0644062340259552 44360
1675978751275 0.06824592351913453 44400
1675978751414 0.06856204271316528 44440
1675978751551 0.058335679769515994 44480
1675978751697 0.05266712903976441 44520
1675978751838 0.053266513347625735 44560
1675978751994 0.09175997376441955 44600
1675978752140 0.056890571117401124 44640
1675978752320 0.08622255325317382 44680
1675978752471 0.057997357845306394 44720
1675978752654 0.09464035034179688 44760
1675978752923 0.10116704702377319 44800
1675978753081 0.06787301898002625 44840
1675978753252 0.07570156455039978 44880
1675978753405 0.09694133996963501 44920
1675978753543 0.042340758442878726 44960
1675978753702 0.08814105987548829 45000
1675978753839 0.08025330305099487 45040
1675978754004 0.06183616518974304 45080
1675978754160 0.06412827968597412 45120
1675978754349 0.04725862145423889 45160
1675978754499 0.05213894248008728 45200
1675978754629 0.05808152556419373 45240
1675978754776 0.06543861031532287 45280
1675978754952 0.07242184281349182 45320
1675978755116 0.07406657934188843 45360
1675978755295 0.045237484574317935 45400
1675978755433 0.0877477765083313 45440
1675978755560 0.041086134314537046 45480
1675978755690 0.06321735382080078 45520
1675978755829 0.0888766586780548 45560
1675978755980 0.05280215740203857 45600
1675978756112 0.06016841530799866 45640
1675978756257 0.0624692976474762 45680
1675978756423 0.06314791440963745 45720
1675978756558 0.08532623052597046 45760
1675978757127 0.059184587001800536 45800
1675978757262 0.05664697289466858 45840
1675978757431 0.06310967206954957 45880
1675978757577 0.06721600294113159 45920
1675978757769 0.05696612596511841 45960
1675978757924 0.07299327850341797 46000
1675978758067 0.07000025510787963 46040
1675978758223 0.07404943704605102 46080
1675978758380 0.08284726738929749 46120
1675978758528 0.09345923662185669 46160
1675978758668 0.08037631511688233 46200
1675978758860 0.06719484329223632 46240
1675978759184 0.05191718339920044 46280
1675978759328 0.07821140885353088 46320
1675978759498 0.048348307609558105 46360
1675978759640 0.07547583580017089 46400
1675978759787 0.06018383502960205 46440
1675978759946 0.06950998902320862 46480
1675978760132 0.09015339612960815 46520
1675978760278 0.08342176675796509 46560
1675978760440 0.05660650134086609 46600
1675978760587 0.07580344080924988 46640
1675978760728 0.06958014369010926 46680
1675978760863 0.06236082315444946 46720
1675978761006 0.06575551629066467 46760
1675978761221 0.06958633661270142 46800
1675978761352 0.06892170906066894 46840
1675978761531 0.06949397325515747 46880
1675978761683 0.07540252208709716 46920
1675978761829 0.058565843105316165 46960
1675978761966 0.06184205412864685 47000
1675978762111 0.05735272169113159 47040
1675978762249 0.05460850596427917 47080
1675978762394 0.05682809948921204 47120
1675978762557 0.06328551769256592 47160
1675978762749 0.06125559210777283 47200
1675978762893 0.0729218602180481 47240
1675978763033 0.055037844181060794 47280
1675978763191 0.05643821358680725 47320
1675978763445 0.07205235362052917 47360
1675978763611 0.0560128390789032 47400
1675978763758 0.06346900463104248 47440
1675978763913 0.07163231372833252 47480
1675978764057 0.06619051694869996 47520
1675978764205 0.04205445349216461 47560
1675978764351 0.08161285519599915 47600
1675978764496 0.049719175696372984 47640
1675978764701 0.054464370012283325 47680
1675978764877 0.06217082142829895 47720
1675978765017 0.07427059412002564 47760
1675978765184 0.0908635139465332 47800
1675978765318 0.0642611563205719 47840
1675978765516 0.06518673896789551 47880
1675978765696 0.059845125675201415 47920
1675978765832 0.05896855592727661 47960
1675978765983 0.05595296621322632 48000
1675978766130 0.042693623900413515 48040
1675978766333 0.06590073108673096 48080
1675978766715 0.05703726410865784 48120
1675978766888 0.06835726499557496 48160
1675978767059 0.07844607830047608 48200
1675978767212 0.08315989971160889 48240
1675978767370 0.07121286392211915 48280
1675978767569 0.0601886510848999 48320
1675978767734 0.04366198778152466 48360
1675978767887 0.04610143601894379 48400
1675978768035 0.06082703471183777 48440
1675978768272 0.07521099448204041 48480
1675978768410 0.059120988845825194 48520
1675978768556 0.05353106260299682 48560
1675978768731 0.057782846689224246 48600
1675978768874 0.04803942441940308 48640
1675978769005 0.05160257816314697 48680
1675978769145 0.055197101831436154 48720
1675978769290 0.03851254880428314 48760
1675978769470 0.06577251553535461 48800
1675978769658 0.06782574057579041 48840
1675978770026 0.0432696670293808 48880
1675978770208 0.055531644821166994 48920
1675978770354 0.07231101393699646 48960
1675978770504 0.05960304737091064 49000
1675978770667 0.07092273831367493 49040
1675978770937 0.05833862423896789 49080
1675978771092 0.04840794801712036 49120
1675978771254 0.05773404836654663 49160
1675978771400 0.06954932808876038 49200
1675978771561 0.057787609100341794 49240
1675978771716 0.07400527596473694 49280
1675978771903 0.0859651267528534 49320
1675978772047 0.05540629625320435 49360
1675978772191 0.06862992644309998 49400
1675978772325 0.05240188837051392 49440
1675978772474 0.0484588772058487 49480
1675978772620 0.05952324271202088 49520
1675978772753 0.04616574943065643 49560
1675978772931 0.07152715921401978 49600
1675978773097 0.06404677033424377 49640
1675978773231 0.05795612335205078 49680
1675978773380 0.055647647380828856 49720
1675978773522 0.07075930833816528 49760
1675978773806 0.06875507831573487 49800
1675978773961 0.050229811668396 49840
1675978774091 0.06184130311012268 49880
1675978774225 0.050850439071655276 49920
1675978774366 0.06826286911964416 49960
1675978774508 0.08098049163818359 50000
1675978774656 0.06081947088241577 50040
1675978774800 0.0646898865699768 50080
1675978774971 0.057426416873931886 50120
1675978775143 0.06341655850410462 50160
1675978775279 0.07940366268157958 50200
1675978776213 0.023604777455329896 50240
1675978776362 0.050338780879974364 50280
1675978776513 0.06259459257125854 50320
1675978776659 0.06936628818511963 50360
1675978776828 0.053498536348342896 50400
1675978776999 0.07262399196624755 50440
1675978777149 0.06374579071998596 50480
1675978777300 0.0782882571220398 50520
1675978777436 0.07853136658668518 50560
1675978777584 0.06330512762069702 50600
1675978777755 0.05828027725219727 50640
1675978777917 0.07431020140647888 50680
1675978778089 0.04739375114440918 50720
1675978778238 0.05857763290405273 50760
1675978778380 0.054307949542999265 50800
1675978778507 0.0665426254272461 50840
1675978778653 0.07260950207710266 50880
1675978778855 0.08380831480026245 50920
1675978779024 0.06329444646835328 50960
1675978779156 0.08501815795898438 51000
1675978779302 0.06750696301460266 51040
1675978779457 0.05513277053833008 51080
1675978779606 0.0792076826095581 51120
1675978779879 0.08136104345321656 51160
1675978780043 0.07162908911705017 51200
1675978780551 0.06337718963623047 51240
1675978780691 0.039459040760993956 51280
1675978780830 0.06657342314720154 51320
1675978781009 0.06919376850128174 51360
1675978781201 0.09625910520553589 51400
1675978781344 0.06895139813423157 51440
1675978781477 0.04666395783424378 51480
1675978781618 0.05996470451354981 51520
1675978781752 0.057364797592163085 51560
1675978781921 0.052825158834457396 51600
1675978782100 0.04493582546710968 51640
1675978782231 0.061006808280944826 51680
1675978782360 0.04793382883071899 51720
1675978782510 0.06727874875068665 51760
1675978782656 0.06442432403564453 51800
1675978782847 0.06586185693740845 51840
1675978782996 0.06821321249008179 51880
1675978783151 0.07320255637168885 51920
1675978783279 0.06964647769927979 51960
1675978783408 0.06263131499290467 52000
1675978783534 0.06205354928970337 52040
1675978783674 0.0690471351146698 52080
1675978783822 0.06324892044067383 52120
1675978784002 0.06280733942985535 52160
1675978784169 0.07875104546546936 52200
1675978784308 0.06386168003082275 52240
1675978784450 0.08030863404273987 52280
1675978784587 0.08628363609313965 52320
1675978784710 0.0527094841003418 52360
1675978784866 0.06324609518051147 52400
1675978785030 0.0670595645904541 52440
1675978785233 0.08297160267829895 52480
1675978785370 0.0767467737197876 52520
1675978786397 0.055360335111618045 52560
1675978787486 0.08831285834312438 52600
1675978787840 0.06889082193374634 52640
1675978787992 0.08012017011642455 52680
1675978788190 0.05053740739822388 52720
1675978788343 0.08135188817977905 52760
1675978788491 0.05362342000007629 52800
1675978788634 0.0628511905670166 52840
1675978788850 0.04212596416473389 52880
1675978789046 0.04615101516246796 52920
1675978789203 0.05316279530525207 52960
1675978789386 0.06183244585990906 53000
1675978789543 0.06715636253356934 53040
1675978789695 0.04464161098003387 53080
1675978789831 0.06109166145324707 53120
1675978789985 0.0659632682800293 53160
1675978790152 0.08012511134147644 53200
1675978790322 0.058306550979614256 53240
1675978790487 0.06306565999984741 53280
1675978790666 0.07127910852432251 53320
1675978790837 0.050278234481811526 53360
1675978790975 0.05401670336723328 53400
1675978791121 0.0638859212398529 53440
1675978791273 0.06826406717300415 53480
1675978791446 0.05425063371658325 53520
1675978791604 0.06174765825271607 53560
1675978791733 0.07049787044525146 53600
1675978791871 0.05835675597190857 53640
1675978792018 0.07822111248970032 53680
1675978792144 0.07029634714126587 53720
1675978792394 0.08603067994117737 53760
1675978792529 0.035864993929862976 53800
1675978792734 0.07455573081970215 53840
1675978792886 0.08298060297966003 53880
1675978793032 0.05013653635978699 53920
1675978793181 0.053244656324386595 53960
1675978793324 0.06780591011047363 54000
1675978793477 0.0540201723575592 54040
1675978793632 0.06384567618370056 54080
1675978793757 0.05987322926521301 54120
1675978793906 0.0725840151309967 54160
1675978794048 0.07567293047904969 54200
1675978794195 0.05679062008857727 54240
1675978794494 0.05916449427604675 54280
1675978794631 0.050013625621795656 54320
1675978794826 0.07899906635284423 54360
1675978794976 0.05700640082359314 54400
1675978795149 0.0721710205078125 54440
1675978795289 0.05898033976554871 54480
1675978795451 0.0638691544532776 54520
1675978795609 0.048255431652069095 54560
1675978795752 0.04997027516365051 54600
1675978795904 0.08549965023994446 54640
1675978796051 0.05303354263305664 54680
1675978796194 0.067875736951828 54720
1675978796316 0.053698354959487916 54760
1675978796524 0.08323971629142761 54800
1675978796660 0.10335102081298828 54840
1675978796800 0.0785222589969635 54880
1675978796934 0.08286513090133667 54920
1675978797080 0.08049031496047973 54960
1675978797210 0.04090037941932678 55000
1675978797356 0.07056617140769958 55040
1675978797513 0.07711408734321594 55080
1675978797648 0.05128269195556641 55120
1675978797774 0.053807228803634644 55160
1675978797942 0.049167653918266295 55200
1675978798085 0.04493460655212402 55240
1675978798226 0.05169225931167602 55280
1675978798346 0.06073877215385437 55320
1675978798556 0.07617119550704957 55360
1675978798690 0.06531624794006348 55400
1675978798829 0.045159879326820376 55440
1675978798955 0.07811942100524902 55480
1675978799087 0.04397704601287842 55520
1675978799213 0.051992607116699216 55560
1675978799347 0.08216454386711121 55600
1675978799474 0.05342985391616821 55640
1675978799650 0.06054349541664124 55680
1675978799770 0.060932910442352294 55720
1675978799949 0.07297632098197937 55760
1675978800115 0.06344127655029297 55800
1675978800261 0.06574198603630066 55840
1675978800406 0.05300557613372803 55880
1675978801071 0.06620419025421143 55920
1675978801264 0.07190889120101929 55960
1675978801413 0.053382909297943114 56000
1675978801579 0.06771189570426941 56040
1675978801871 0.05331600308418274 56080
1675978802140 0.057990473508834836 56120
1675978802331 0.08779429793357849 56160
1675978802545 0.07836511731147766 56200
1675978802777 0.08962483406066894 56240
1675978802950 0.05225958824157715 56280
1675978803144 0.058970683813095094 56320
1675978803279 0.04942601323127747 56360
1675978803562 0.055803120136260986 56400
1675978803730 0.07122417092323304 56440
1675978803926 0.04593217074871063 56480
1675978804069 0.06165740489959717 56520
1675978804202 0.07941905856132507 56560
1675978804337 0.062252658605575564 56600
1675978804473 0.07165326476097107 56640
1675978804663 0.062620347738266 56680
1675978804826 0.06336565613746643 56720
1675978804947 0.05473053455352783 56760
1675978805096 0.05724586248397827 56800
1675978805254 0.0799957811832428 56840
1675978805374 0.04805566072463989 56880
1675978805521 0.06777710914611816 56920
1675978805672 0.07759597897529602 56960
1675978805822 0.05524494051933289 57000
1675978805947 0.0529757559299469 57040
1675978806109 0.059835022687911986 57080
1675978806260 0.056242632865905764 57120
1675978806402 0.04873592257499695 57160
1675978806534 0.05455980896949768 57200
1675978806717 0.06829906105995179 57240
1675978806936 0.06727081537246704 57280
1675978807075 0.0530375599861145 57320
1675978807218 0.047556573152542116 57360
1675978807362 0.0706617295742035 57400
1675978807507 0.04853256344795227 57440
1675978807656 0.06044549345970154 57480
1675978807814 0.059179335832595825 57520
1675978807972 0.0625457525253296 57560
1675978808116 0.05137194395065307 57600
1675978808269 0.07122666239738465 57640
1675978808424 0.05344023108482361 57680
1675978808632 0.053467285633087155 57720
1675978809162 0.06090404987335205 57760
1675978809342 0.06843015551567078 57800
1675978809496 0.08888294100761414 57840
1675978809650 0.049983632564544675 57880
1675978809809 0.06731913089752198 57920
1675978809967 0.06831645369529724 57960
1675978810127 0.05648334622383118 58000
1675978810277 0.051671236753463745 58040
1675978810415 0.03955571949481964 58080
1675978810566 0.06432478427886963 58120
1675978810723 0.04577999413013458 58160
1675978810869 0.06068849563598633 58200
1675978811098 0.07127538919448853 58240
1675978811263 0.07699413299560547 58280
1675978811410 0.06806848645210266 58320
1675978811571 0.05274219512939453 58360
1675978811723 0.047835177183151244 58400
1675978811873 0.05160273909568787 58440
1675978812049 0.059466981887817384 58480
1675978812205 0.06375636458396912 58520
1675978812358 0.058685243129730225 58560
1675978812504 0.046588799357414244 58600
1675978812659 0.053693121671676634 58640
1675978812861 0.052315312623977664 58680
1675978813088 0.05273836851119995 58720
1675978813242 0.05123733878135681 58760
1675978813403 0.0390364021062851 58800
1675978813539 0.05511630773544311 58840
1675978813700 0.07585234642028808 58880
1675978813854 0.04403577148914337 58920
1675978814034 0.04983616173267365 58960
1675978814177 0.06394765377044678 59000
1675978814319 0.056751412153244016 59040
1675978814469 0.06958116292953491 59080
1675978814614 0.050276565551757815 59120
1675978814748 0.04978988468647003 59160
1675978814896 0.06349881887435913 59200
1675978815081 0.0629029929637909 59240
1675978815269 0.05501269102096558 59280
1675978815429 0.08751211762428283 59320
1675978815566 0.06709336638450622 59360
1675978815737 0.05666193962097168 59400
1675978816034 0.06729774475097657 59440
1675978816244 0.050641870498657225 59480
1675978816398 0.04456737041473389 59520
1675978816551 0.052508813142776486 59560
1675978816792 0.05347950458526611 59600
1675978816937 0.06105807423591614 59640
1675978817087 0.06719085574150085 59680
1675978817300 0.06135210394859314 59720
1675978817455 0.051429754495620726 59760
1675978817587 0.06532565355300904 59800
1675978817736 0.07286826968193054 59840
1675978817880 0.0467345267534256 59880
1675978818018 0.0539975106716156 59920
1675978818187 0.04911004602909088 59960
1675978818328 0.06363785266876221 60000
1675978818481 0.08137767910957336 60040
1675978818625 0.061407065391540526 60080
1675978818820 0.0650793433189392 60120
1675978818954 0.04580836892127991 60160
1675978819102 0.06338555812835693 60200
1675978819368 0.07554695010185242 60240
