1675886702078 0.017393778264522552 0
1675886702739 0.6478591918945312 40
1675886703430 1.3055289268493653 80
1675886704158 0.6260421276092529 120
1675886704864 0.6629131317138672 160
1675886705535 0.6703464984893799 200
1675886706315 0.6698801040649414 240
1675886706954 0.6732042312622071 280
1675886707623 0.6681881427764893 320
1675886708310 0.6609226703643799 360
1675886708974 0.650286054611206 400
1675886709696 0.6252024173736572 440
1675886710309 0.6197452068328857 480
1675886711004 0.613893699645996 520
1675886711762 0.5843327045440674 560
1675886712444 0.606311559677124 600
1675886713135 0.6013144016265869 640
1675886713828 0.5894313812255859 680
1675886714517 0.5985907554626465 720
1675886715198 0.6072741031646729 760
1675886715890 0.5965770721435547 800
1675886716562 0.6048900604248046 840
1675886717200 0.6160998821258545 880
1675886717844 0.6027198791503906 920
1675886718491 0.6047807693481445 960
1675886719207 0.6062826633453369 1000
1675886719875 0.6081634998321533 1040
1675886720535 0.6060603141784668 1080
1675886721258 0.6011432647705078 1120
1675886722050 0.5737631797790528 1160
1675886722724 0.5969740390777588 1200
1675886723362 0.613475751876831 1240
1675886724013 0.6164695739746093 1280
1675886724779 0.5820509910583496 1320
1675886725426 0.6017531394958496 1360
1675886726227 0.5942898273468018 1400
1675886726986 0.6067956924438477 1440
1675886727640 0.6019093513488769 1480
1675886728285 0.6015747547149658 1520
1675886728978 0.5877814769744873 1560
1675886729626 0.6114452362060547 1600
1675886730227 0.6111208915710449 1640
1675886730832 0.617552375793457 1680
1675886731467 0.6037871360778808 1720
1675886732110 0.6079232692718506 1760
1675886732726 0.6144230365753174 1800
1675886733392 0.5945456027984619 1840
1675886734109 0.6135089874267579 1880
1675886734818 0.6011273860931396 1920
1675886735442 0.6170210838317871 1960
1675886736145 0.6107250690460205 2000
1675886736945 0.5800957679748535 2040
1675886737681 0.60054612159729 2080
1675886738416 0.5971713066101074 2120
1675886739088 0.6059667110443115 2160
1675886739746 0.6033728122711182 2200
1675886740459 0.5793471336364746 2240
1675886741129 0.6032274246215821 2280
1675886741746 0.6166247844696044 2320
1675886742436 0.5920774936676025 2360
1675886743101 0.597770881652832 2400
1675886743732 0.6058823108673096 2440
1675886744457 0.57967529296875 2480
1675886745078 0.6157259941101074 2520
1675886745828 0.5947858810424804 2560
1675886746601 0.5884748935699463 2600
1675886747313 0.5975370883941651 2640
1675886747992 0.6092846393585205 2680
1675886748662 0.6024014949798584 2720
1675886749322 0.5848542213439941 2760
1675886750062 0.5870531558990478 2800
1675886750691 0.6267411708831787 2840
1675886751326 0.6026095390319824 2880
1675886751993 0.5954621315002442 2920
1675886752667 0.5973976135253907 2960
1675886753362 0.608247947692871 3000
1675886754041 0.5935581684112549 3040
1675886754790 0.5758850574493408 3080
1675886755470 0.5904750823974609 3120
1675886756130 0.6050076961517334 3160
1675886756817 0.6074368953704834 3200
1675886757479 0.6026758193969727 3240
1675886758206 0.5908843517303467 3280
1675886758865 0.5983693599700928 3320
1675886759562 0.5925393104553223 3360
1675886760210 0.6020235538482666 3400
1675886760900 0.5885748386383056 3440
1675886761592 0.5956072330474853 3480
1675886762203 0.6022836208343506 3520
1675886762866 0.5963928699493408 3560
1675886763507 0.5928908348083496 3600
1675886764182 0.6015721321105957 3640
1675886764871 0.6059139728546142 3680
1675886765624 0.5829428195953369 3720
1675886766332 0.5864582538604737 3760
1675886766943 0.6138498783111572 3800
1675886767602 0.6092493534088135 3840
1675886768264 0.589281702041626 3880
1675886768883 0.6182844161987304 3920
1675886769523 0.6068243503570556 3960
1675886770183 0.6037673950195312 4000
1675886770863 0.5961687088012695 4040
1675886771537 0.6087546825408936 4080
1675886772222 0.5856224060058594 4120
1675886772911 0.5749536514282226 4160
1675886773561 0.6148908615112305 4200
1675886774208 0.6017834186553955 4240
1675886774908 0.5870273113250732 4280
1675886775543 0.6027448654174805 4320
1675886776257 0.5877254009246826 4360
1675886776936 0.593549108505249 4400
1675886777650 0.5841213703155518 4440
1675886778354 0.5923249244689941 4480
1675886779033 0.5834873199462891 4520
1675886779623 0.6297491550445556 4560
1675886780299 0.5882010936737061 4600
1675886780964 0.5992569923400879 4640
1675886781717 0.5762814044952392 4680
1675886782410 0.5904984474182129 4720
1675886783108 0.5860178470611572 4760
1675886783806 0.5889407157897949 4800
1675886784476 0.6104759216308594 4840
1675886785105 0.5938279151916503 4880
1675886785753 0.601513147354126 4920
1675886786368 0.6145204544067383 4960
1675886787038 0.5871879100799561 5000
1675886787716 0.5921411514282227 5040
1675886788353 0.6031730651855469 5080
1675886788982 0.611899471282959 5120
1675886789693 0.5802699565887451 5160
1675886790305 0.6365914821624756 5200
1675886791033 0.5811875343322754 5240
1675886791655 0.6108253479003907 5280
1675886792253 0.6064606189727784 5320
1675886792871 0.5952200889587402 5360
1675886793563 0.5828102588653564 5400
1675886794166 0.601036262512207 5440
1675886794797 0.5860813140869141 5480
1675886795487 0.6014626979827881 5520
1675886796103 0.5839979648590088 5560
1675886796872 0.5249039649963378 5600
1675886797509 0.5520545959472656 5640
1675886798211 0.5237882137298584 5680
1675886798906 0.4914602756500244 5720
1675886799648 0.4375776767730713 5760
1675886800327 0.3900160789489746 5800
1675886800961 0.46906657218933107 5840
1675886801558 0.3686440229415894 5880
1675886802168 0.4071503639221191 5920
1675886802891 0.4178722858428955 5960
1675886803613 0.40648632049560546 6000
1675886804249 0.407259464263916 6040
1675886804888 0.3823711395263672 6080
1675886805507 0.31429061889648435 6120
1675886806176 0.37254221439361573 6160
1675886806784 0.3768495798110962 6200
1675886807497 0.33154706954956054 6240
1675886808181 0.3146322727203369 6280
1675886808877 0.4056129455566406 6320
1675886809578 0.36918580532073975 6360
1675886810243 0.3774071455001831 6400
1675886810905 0.3565938472747803 6440
1675886811590 0.3144385814666748 6480
1675886812259 0.3765600919723511 6520
1675886812857 0.4363593101501465 6560
1675886813539 0.3905822277069092 6600
1675886814212 0.32757818698883057 6640
1675886814871 0.3635505437850952 6680
1675886815594 0.3728125810623169 6720
1675886816269 0.34783473014831545 6760
1675886816925 0.341917896270752 6800
1675886817580 0.33366832733154295 6840
1675886818259 0.3179342746734619 6880
1675886818921 0.3446115732192993 6920
1675886819600 0.3067983865737915 6960
1675886820315 0.33596029281616213 7000
1675886820979 0.32605483531951907 7040
1675886821675 0.3525486707687378 7080
1675886822325 0.29572281837463377 7120
1675886822996 0.34771764278411865 7160
1675886823687 0.35026791095733645 7200
1675886824317 0.30120537281036375 7240
1675886825035 0.34396657943725584 7280
1675886825703 0.30189363956451415 7320
1675886826374 0.29966368675231936 7360
1675886827073 0.26980621814727784 7400
1675886827765 0.41014599800109863 7440
1675886828422 0.2769832372665405 7480
1675886829143 0.32054481506347654 7520
1675886829865 0.3777724504470825 7560
1675886830583 0.3307883977890015 7600
1675886831301 0.3565964937210083 7640
1675886831971 0.31601595878601074 7680
1675886832670 0.35454540252685546 7720
1675886833303 0.31376216411590574 7760
1675886833994 0.313692045211792 7800
1675886834623 0.25662119388580323 7840
1675886835351 0.34848737716674805 7880
1675886836021 0.30545792579650877 7920
1675886836728 0.31553680896759034 7960
1675886837338 0.2758875608444214 8000
1675886838048 0.35481598377227785 8040
1675886838756 0.33812522888183594 8080
1675886839452 0.3115818977355957 8120
1675886840127 0.3272313117980957 8160
1675886840771 0.21781642436981202 8200
1675886841474 0.2545950174331665 8240
1675886842125 0.31587111949920654 8280
1675886842750 0.3239006519317627 8320
1675886843401 0.317087721824646 8360
1675886844020 0.3803338289260864 8400
1675886844672 0.3247046709060669 8440
1675886845328 0.30310213565826416 8480
1675886845969 0.3109869480133057 8520
1675886846728 0.3090513706207275 8560
1675886847421 0.2975285291671753 8600
1675886848023 0.3315527677536011 8640
1675886848671 0.34873213768005373 8680
1675886849345 0.23333306312561036 8720
1675886850038 0.27752227783203126 8760
1675886850711 0.27791433334350585 8800
1675886851358 0.36480350494384767 8840
1675886852046 0.32271974086761473 8880
1675886852674 0.2540428638458252 8920
1675886853337 0.2907789945602417 8960
1675886854011 0.30530576705932616 9000
1675886854685 0.37718944549560546 9040
1675886855352 0.31129353046417235 9080
1675886856016 0.2854522705078125 9120
1675886856727 0.32804112434387206 9160
1675886857439 0.29819478988647463 9200
1675886858097 0.35132412910461425 9240
1675886858726 0.22989678382873535 9280
1675886859350 0.3280348539352417 9320
1675886859994 0.2718649864196777 9360
1675886860705 0.2995516300201416 9400
1675886861391 0.3091424465179443 9440
1675886862036 0.2671177387237549 9480
1675886862745 0.3197865724563599 9520
1675886863791 0.30588254928588865 9560
1675886864812 0.30419962406158446 9600
1675886865699 0.3360820531845093 9640
1675886866418 0.24965035915374756 9680
1675886867070 0.3349297046661377 9720
1675886867766 0.29833207130432127 9760
1675886868552 0.31655809879302976 9800
1675886869281 0.32864201068878174 9840
1675886869933 0.25698213577270507 9880
1675886870587 0.2976610898971558 9920
1675886871301 0.2698878288269043 9960
1675886872143 0.36104140281677244 10000
1675886872947 0.279444146156311 10040
1675886876673 0.23231523036956786 10080
1675886877533 0.29182312488555906 10120
1675886878337 0.2952597141265869 10160
1675886879072 0.30081355571746826 10200
1675886879859 0.2824316740036011 10240
1675886880594 0.3187926530838013 10280
1675886881216 0.32796902656555177 10320
1675886881904 0.2960951805114746 10360
1675886882610 0.3505599021911621 10400
1675886883299 0.31091320514678955 10440
1675886884078 0.3090468645095825 10480
1675886884705 0.2924156427383423 10520
1675886885357 0.27980666160583495 10560
1675886886281 0.27008848190307616 10600
1675886886962 0.2803236484527588 10640
1675886887610 0.3060768604278564 10680
1675886888355 0.34834678173065187 10720
1675886889064 0.30562150478363037 10760
1675886889738 0.247001576423645 10800
1675886890429 0.3109917163848877 10840
1675886891059 0.27072088718414306 10880
1675886891725 0.22177894115448 10920
1675886892385 0.3490565061569214 10960
1675886893033 0.32414772510528567 11000
1675886893926 0.27092599868774414 11040
1675886894603 0.32513742446899413 11080
1675886895289 0.3054170846939087 11120
1675886895990 0.28464269638061523 11160
1675886896839 0.3020305871963501 11200
1675886897510 0.29338440895080564 11240
1675886898158 0.278879714012146 11280
1675886898840 0.30011725425720215 11320
1675886899578 0.32395598888397215 11360
1675886900240 0.241577410697937 11400
1675886901003 0.22841873168945312 11440
1675886901651 0.2582497835159302 11480
1675886902371 0.3560911178588867 11520
1675886903017 0.3149087429046631 11560
1675886903683 0.281171178817749 11600
1675886904322 0.2915601015090942 11640
1675886904930 0.3403210401535034 11680
1675886905543 0.30648159980773926 11720
1675886906164 0.30816924571990967 11760
1675886906935 0.2700931549072266 11800
1675886907568 0.3114058494567871 11840
1675886908184 0.2791881561279297 11880
1675886908832 0.28729920387268065 11920
1675886909518 0.26999573707580565 11960
1675886910117 0.2948814630508423 12000
1675886910838 0.24963080883026123 12040
1675886911528 0.2996833324432373 12080
1675886912148 0.33737659454345703 12120
1675886912810 0.2709513664245605 12160
1675886913622 0.3144127130508423 12200
1675886914276 0.2539128541946411 12240
1675886914972 0.2878492593765259 12280
1675886915641 0.30735924243927004 12320
1675886916351 0.2867772340774536 12360
1675886917021 0.25387775897979736 12400
1675886917799 0.25444531440734863 12440
1675886918442 0.25195333957672117 12480
1675886919112 0.2908085107803345 12520
1675886919764 0.23023276329040526 12560
1675886920461 0.2610779285430908 12600
1675886921198 0.22708449363708497 12640
1675886921807 0.23790717124938965 12680
1675886922464 0.26543848514556884 12720
1675886923101 0.19900574684143066 12760
1675886923729 0.2517958879470825 12800
1675886924441 0.3075201749801636 12840
1675886925067 0.24675898551940917 12880
1675886925706 0.28578834533691405 12920
1675886926369 0.2772111177444458 12960
1675886927046 0.2572270393371582 13000
1675886927685 0.24927906990051268 13040
1675886928329 0.2323537826538086 13080
1675886929042 0.2899930477142334 13120
1675886929731 0.29143557548522947 13160
1675886930378 0.23078794479370118 13200
1675886931014 0.2246999979019165 13240
1675886931636 0.21655211448669434 13280
1675886932306 0.2686060667037964 13320
1675886932943 0.2472532033920288 13360
1675886933597 0.26332333087921145 13400
1675886934222 0.2709858179092407 13440
1675886934870 0.2867486238479614 13480
1675886935533 0.2745758056640625 13520
1675886936140 0.26811847686767576 13560
1675886936782 0.23847644329071044 13600
1675886937453 0.1867502212524414 13640
1675886938086 0.25628113746643066 13680
1675886938714 0.20348715782165527 13720
1675886939368 0.18704010248184205 13760
1675886940044 0.2506711959838867 13800
1675886940667 0.2062917709350586 13840
1675886941297 0.25841848850250243 13880
1675886941926 0.20828418731689452 13920
1675886942520 0.2088770389556885 13960
1675886943147 0.29088630676269533 14000
1675886943771 0.22577824592590331 14040
1675886944416 0.23829832077026367 14080
1675886945099 0.221360445022583 14120
1675886945730 0.24963414669036865 14160
1675886946430 0.24421043395996095 14200
1675886947066 0.2031620740890503 14240
1675886947760 0.23282880783081056 14280
1675886948412 0.28802320957183836 14320
1675886949009 0.19856163263320922 14360
1675886949690 0.22501828670501708 14400
1675886950318 0.20567448139190675 14440
1675886951054 0.25925679206848146 14480
1675886951685 0.18460174798965454 14520
1675886952382 0.20408740043640136 14560
1675886952977 0.2037421226501465 14600
1675886953612 0.31854326725006105 14640
1675886954245 0.23108797073364257 14680
1675886954945 0.1972006678581238 14720
1675886955623 0.25495405197143556 14760
1675886956285 0.2583637714385986 14800
1675886956926 0.2485107660293579 14840
1675886957603 0.23887391090393068 14880
1675886958227 0.170189368724823 14920
1675886958892 0.24138238430023193 14960
1675886959562 0.18444769382476806 15000
1675886960375 0.2239436149597168 15040
1675886961206 0.2052542209625244 15080
1675886961995 0.22054378986358641 15120
1675886962756 0.21383333206176758 15160
1675886963482 0.2942140817642212 15200
1675886964077 0.16171306371688843 15240
1675886964750 0.22261898517608641 15280
1675886965363 0.2018209934234619 15320
1675886965952 0.23876547813415527 15360
1675886966548 0.2110966682434082 15400
1675886967272 0.2315032958984375 15440
1675886968062 0.18291424512863158 15480
1675886968796 0.22646160125732423 15520
1675886969591 0.2269078493118286 15560
1675886970303 0.23633995056152343 15600
1675886970988 0.21434311866760253 15640
1675886971659 0.20507347583770752 15680
1675886972327 0.2135265827178955 15720
1675886972990 0.22331418991088867 15760
1675886973868 0.2233807325363159 15800
1675886974688 0.16249977350234984 15840
1675886975405 0.26158273220062256 15880
1675886976134 0.18427716493606566 15920
1675886976911 0.24953234195709229 15960
1675886977763 0.31342127323150637 16000
1675886978596 0.24121525287628173 16040
1675886979356 0.21876988410949708 16080
1675886980157 0.19698739051818848 16120
1675886980930 0.14051966667175292 16160
1675886981695 0.21615240573883057 16200
1675886982445 0.20642633438110353 16240
1675886983104 0.20050523281097413 16280
1675886983771 0.19084739685058594 16320
1675886984368 0.2432342290878296 16360
1675886985038 0.1989355206489563 16400
1675886985638 0.277941632270813 16440
1675886986283 0.20056564807891847 16480
1675886986915 0.17674877643585205 16520
1675886987562 0.21868858337402344 16560
1675886988151 0.25129358768463134 16600
1675886988759 0.21693885326385498 16640
1675886989370 0.20148177146911622 16680
1675886989966 0.19438034296035767 16720
1675886990666 0.27026877403259275 16760
1675886991330 0.2086683988571167 16800
1675886991945 0.1835049271583557 16840
1675886992555 0.206635046005249 16880
1675886993210 0.2083195686340332 16920
1675886993848 0.17737576961517335 16960
1675886994472 0.18094786405563354 17000
1675886995143 0.18980638980865477 17040
1675886995736 0.1633605718612671 17080
1675886996402 0.19393610954284668 17120
1675886997027 0.18597567081451416 17160
1675886997677 0.2323152542114258 17200
1675886998329 0.22330825328826903 17240
1675886998936 0.14745310544967652 17280
1675886999565 0.18622468709945678 17320
1675887000311 0.190521502494812 17360
1675887001065 0.22354638576507568 17400
1675887001735 0.13804681301116944 17440
1675887002448 0.22942585945129396 17480
1675887003216 0.17316659688949584 17520
1675887003909 0.18409013748168945 17560
1675887004708 0.28550670146942136 17600
1675887005354 0.19621366262435913 17640
1675887006118 0.2091442108154297 17680
1675887006796 0.20757553577423096 17720
1675887007472 0.23793885707855225 17760
1675887008098 0.1924383521080017 17800
1675887008797 0.17689945697784423 17840
1675887009417 0.13937742710113527 17880
1675887010065 0.22990021705627442 17920
1675887010788 0.2135683059692383 17960
1675887011480 0.22082786560058593 18000
1675887012085 0.16696056127548217 18040
1675887012767 0.23203284740448 18080
1675887013501 0.23036789894104004 18120
1675887014258 0.17214199304580688 18160
1675887014927 0.19053245782852174 18200
1675887015571 0.13620393276214598 18240
1675887016262 0.14555848836898805 18280
1675887016999 0.19242186546325685 18320
1675887017812 0.23154110908508302 18360
1675887018546 0.1845686674118042 18400
1675887019236 0.22588815689086914 18440
1675887019948 0.19871283769607545 18480
1675887020610 0.1888224244117737 18520
1675887021311 0.16499803066253663 18560
1675887021960 0.17855501174926758 18600
1675887022672 0.1754285216331482 18640
1675887023280 0.22600147724151612 18680
1675887023933 0.219366192817688 18720
1675887024610 0.12716469764709473 18760
1675887025285 0.16946886777877807 18800
1675887025929 0.1604128360748291 18840
1675887026579 0.20412960052490234 18880
1675887027238 0.19674351215362548 18920
1675887027844 0.18069565296173096 18960
1675887028494 0.15459848642349244 19000
1675887029140 0.19982576370239258 19040
1675887029763 0.18513977527618408 19080
1675887030387 0.25112314224243165 19120
1675887031077 0.17760027647018434 19160
1675887031730 0.19569084644317628 19200
1675887032405 0.19377305507659912 19240
1675887033036 0.22105734348297118 19280
1675887033604 0.14115512371063232 19320
1675887034219 0.19314780235290527 19360
1675887034835 0.16083990335464476 19400
1675887035482 0.19521104097366332 19440
1675887036094 0.175959312915802 19480
1675887036750 0.18310030698776245 19520
1675887037405 0.18542519807815552 19560
1675887038080 0.20059006214141845 19600
1675887038775 0.19799500703811646 19640
1675887039418 0.15101802349090576 19680
1675887040053 0.12776389122009277 19720
1675887040688 0.18571373224258422 19760
1675887041303 0.18613250255584718 19800
1675887041944 0.2150665283203125 19840
1675887042592 0.22753748893737794 19880
1675887043208 0.13774528503417968 19920
1675887043833 0.1977099895477295 19960
1675887044485 0.15980277061462403 20000
1675887045101 0.22797093391418458 20040
1675887045711 0.2212845802307129 20080
1675887048179 0.1406843066215515 20120
1675887048852 0.17836579084396362 20160
1675887049512 0.17810516357421874 20200
1675887050186 0.15292004346847535 20240
1675887050837 0.1571173906326294 20280
1675887051546 0.23491787910461426 20320
1675887052165 0.16345919370651246 20360
1675887052807 0.23561544418334962 20400
1675887053491 0.24470598697662355 20440
1675887054153 0.21161797046661376 20480
1675887054805 0.1707892656326294 20520
1675887055433 0.19358832836151124 20560
1675887056067 0.14221204519271852 20600
1675887056738 0.18744155168533325 20640
1675887057357 0.19586576223373414 20680
1675887058027 0.20506024360656738 20720
1675887058675 0.18977712392807006 20760
1675887059301 0.18974361419677735 20800
1675887059957 0.19353480339050294 20840
1675887060587 0.16342310905456542 20880
1675887061259 0.16947145462036134 20920
1675887061854 0.16523662805557252 20960
1675887062498 0.21901865005493165 21000
1675887063113 0.19023071527481078 21040
1675887063762 0.16687724590301514 21080
1675887064436 0.1901371955871582 21120
1675887065031 0.18720312118530275 21160
1675887065667 0.1775061845779419 21200
1675887066367 0.19818538427352905 21240
1675887067072 0.1888414740562439 21280
1675887067711 0.14621225595474244 21320
1675887068333 0.17684193849563598 21360
1675887068987 0.21101713180541992 21400
1675887069634 0.14450768232345582 21440
1675887070254 0.15404874086380005 21480
1675887070900 0.13819446563720703 21520
1675887071559 0.19356411695480347 21560
1675887072187 0.15740779638290406 21600
1675887072839 0.1852737307548523 21640
1675887073486 0.16655799150466918 21680
1675887074068 0.18959130048751832 21720
1675887074684 0.18496944904327392 21760
1675887075307 0.19375247955322267 21800
1675887075927 0.17620985507965087 21840
1675887076513 0.1703126311302185 21880
1675887077129 0.1949437975883484 21920
1675887077804 0.2161250352859497 21960
1675887078440 0.13986022472381593 22000
1675887079045 0.1438720703125 22040
1675887079662 0.15256890058517455 22080
1675887080372 0.1806574821472168 22120
1675887081061 0.22015862464904784 22160
1675887081739 0.17942922115325927 22200
1675887082353 0.16858829259872438 22240
1675887082983 0.16020405292510986 22280
1675887083667 0.17983397245407104 22320
1675887084303 0.18188422918319702 22360
1675887084915 0.16533465385437013 22400
1675887085540 0.2095815896987915 22440
1675887086260 0.1643918514251709 22480
1675887086879 0.1690378189086914 22520
1675887087546 0.18603605031967163 22560
1675887088227 0.2091611385345459 22600
1675887088858 0.17233796119689943 22640
1675887089575 0.19096356630325317 22680
1675887090191 0.13170719146728516 22720
1675887090877 0.1722809910774231 22760
1675887091522 0.1351601243019104 22800
1675887092153 0.16384559869766235 22840
1675887092871 0.20646319389343262 22880
1675887093490 0.17584148645401002 22920
1675887094108 0.14084595441818237 22960
1675887094763 0.16969090700149536 23000
1675887095389 0.14593758583068847 23040
1675887096035 0.17067238092422485 23080
1675887096680 0.16235620975494386 23120
1675887097427 0.185892915725708 23160
1675887098133 0.1896769881248474 23200
1675887098799 0.15567823648452758 23240
1675887099429 0.13665370941162108 23280
1675887100056 0.15901381969451905 23320
1675887100760 0.18818591833114623 23360
1675887101412 0.1508643388748169 23400
1675887102078 0.18101115226745607 23440
1675887102698 0.18407578468322755 23480
1675887103369 0.1759591817855835 23520
1675887104042 0.14858779907226563 23560
1675887104658 0.16092697381973267 23600
1675887105291 0.18628344535827637 23640
1675887105924 0.1093861699104309 23680
1675887106564 0.20337915420532227 23720
1675887107206 0.16626265048980712 23760
1675887107845 0.11241297721862793 23800
1675887108548 0.20402791500091552 23840
1675887109176 0.16461188793182374 23880
1675887109796 0.17896814346313478 23920
1675887110436 0.14381433725357057 23960
1675887111072 0.16501142978668212 24000
1675887111685 0.19412617683410643 24040
1675887112308 0.1759258031845093 24080
1675887112968 0.16763590574264525 24120
1675887113620 0.17985678911209108 24160
1675887114242 0.16307674646377562 24200
1675887114932 0.20772788524627686 24240
1675887115549 0.1764656662940979 24280
1675887116151 0.1691882371902466 24320
1675887116806 0.20560834407806397 24360
1675887117435 0.133702290058136 24400
1675887118130 0.14691897630691528 24440
1675887118752 0.14985703229904174 24480
1675887119470 0.208786940574646 24520
1675887120079 0.11485939025878907 24560
1675887120789 0.1863516688346863 24600
1675887121385 0.15374755859375 24640
1675887121998 0.1902916669845581 24680
1675887122620 0.16482800245285034 24720
1675887123360 0.16717451810836792 24760
1675887123990 0.1669534206390381 24800
1675887124683 0.19186029434204102 24840
1675887125320 0.19475281238555908 24880
1675887125973 0.14109331369400024 24920
1675887126567 0.1056174635887146 24960
1675887127226 0.1841464161872864 25000
1675887127817 0.13407498598098755 25040
1675887128443 0.1653228759765625 25080
1675887129099 0.13874064683914183 25120
1675887129738 0.16808208227157592 25160
1675887130324 0.14980565309524535 25200
1675887130994 0.20074787139892578 25240
1675887131624 0.1409739851951599 25280
1675887132311 0.16199593544006347 25320
1675887132923 0.13815293312072754 25360
1675887133550 0.1753716230392456 25400
1675887134150 0.14759112596511842 25440
1675887134820 0.1675998330116272 25480
1675887135425 0.1260227918624878 25520
1675887136020 0.12658764123916627 25560
1675887136664 0.17570884227752687 25600
1675887137255 0.4487146377563477 25640
1675887137925 0.19105761051177977 25680
1675887138583 0.14335160255432128 25720
1675887139236 0.14242475032806395 25760
1675887139894 0.16473251581192017 25800
1675887140575 0.15169912576675415 25840
1675887141297 0.15360798835754394 25880
1675887141877 0.15530238151550294 25920
1675887142452 0.17212767601013185 25960
1675887143078 0.18641207218170167 26000
1675887143726 0.23288376331329347 26040
1675887144406 0.17793344259262084 26080
1675887145053 0.1616617202758789 26120
1675887145663 0.1597583055496216 26160
1675887146285 0.11183789968490601 26200
1675887146918 0.1644882082939148 26240
1675887147556 0.11983994245529175 26280
1675887148202 0.1358014702796936 26320
1675887148869 0.13889185190200806 26360
1675887149484 0.14154790639877318 26400
1675887150158 0.1626625180244446 26440
1675887151056 0.18540738821029662 26480
1675887151881 0.14676867723464965 26520
1675887152844 0.14620012044906616 26560
1675887153642 0.1549972414970398 26600
1675887154312 0.1758408546447754 26640
1675887155112 0.171396803855896 26680
1675887155805 0.14433432817459108 26720
1675887156417 0.12074102163314819 26760
1675887157217 0.1669844388961792 26800
1675887157968 0.1814327597618103 26840
1675887158589 0.1226547122001648 26880
1675887159226 0.1535261392593384 26920
1675887159883 0.15744041204452514 26960
1675887160522 0.14310578107833863 27000
1675887161193 0.13876450061798096 27040
1675887161866 0.14682906866073608 27080
1675887162459 0.11799653768539428 27120
1675887163106 0.1356678605079651 27160
1675887163748 0.1176489233970642 27200
1675887164421 0.18290313482284545 27240
1675887165094 0.1649966597557068 27280
1675887165724 0.12403311729431152 27320
1675887166405 0.138158118724823 27360
1675887167171 0.16318204402923583 27400
1675887167879 0.14789221286773682 27440
1675887168527 0.12053933143615722 27480
1675887169185 0.17603691816329955 27520
1675887169795 0.12701672315597534 27560
1675887170620 0.11520519256591796 27600
1675887171339 0.20715157985687255 27640
1675887172007 0.1665004849433899 27680
1675887172719 0.14201841354370118 27720
1675887173420 0.14572575092315673 27760
1675887174099 0.17191574573516846 27800
1675887174707 0.14599121809005738 27840
1675887175385 0.12178168296813965 27880
1675887175993 0.12662800550460815 27920
1675887176643 0.14519108533859254 27960
1675887177342 0.14088579416275024 28000
1675887178045 0.15949417352676393 28040
1675887178664 0.11760144233703614 28080
1675887179336 0.18326876163482667 28120
1675887180046 0.18219163417816162 28160
1675887180693 0.13640283346176146 28200
1675887181357 0.14389436244964598 28240
1675887181958 0.09156903624534607 28280
1675887182637 0.13871914148330688 28320
1675887183288 0.15283385515213013 28360
1675887183905 0.16482402086257936 28400
1675887184527 0.1455654501914978 28440
1675887185185 0.16598960161209106 28480
1675887185841 0.13246021270751954 28520
1675887186483 0.1346612572669983 28560
1675887187110 0.12246478796005249 28600
1675887187776 0.1451396346092224 28640
1675887188448 0.12049753665924072 28680
1675887189064 0.15611685514450074 28720
1675887189729 0.18031795024871827 28760
1675887190396 0.10694605112075806 28800
1675887191042 0.12394301891326905 28840
1675887191692 0.15513192415237426 28880
1675887192314 0.16666802167892455 28920
1675887192981 0.15831435918807985 28960
1675887193574 0.11083297729492188 29000
1675887194220 0.10482258796691894 29040
1675887194888 0.19517068862915038 29080
1675887195517 0.1450818657875061 29120
1675887196183 0.14803839921951295 29160
1675887196828 0.1506744384765625 29200
1675887197490 0.17201895713806153 29240
1675887198182 0.12668535709381104 29280
1675887198812 0.1455305576324463 29320
1675887199419 0.1314995050430298 29360
1675887200025 0.12770488262176513 29400
1675887200640 0.1240351915359497 29440
1675887201324 0.1481045365333557 29480
1675887201963 0.18046860694885253 29520
1675887202627 0.13285208940505983 29560
1675887203252 0.14817750453948975 29600
1675887203928 0.14589024782180787 29640
1675887204538 0.17436459064483642 29680
1675887205243 0.13785436153411865 29720
1675887205969 0.09655138850212097 29760
1675887206700 0.1481273889541626 29800
1675887207323 0.16761807203292847 29840
1675887208001 0.178388249874115 29880
1675887208684 0.15263574123382567 29920
1675887209304 0.11238117218017578 29960
1675887209931 0.17056275606155397 30000
1675887210606 0.16019051074981688 30040
1675887211218 0.14762240648269653 30080
1675887211849 0.19247910976409913 30120
1675887214256 0.09162822365760803 30160
1675887214944 0.14868444204330444 30200
1675887215606 0.14493353366851808 30240
1675887216286 0.13202956914901734 30280
1675887216939 0.11048883199691772 30320
1675887217650 0.1692763924598694 30360
1675887218306 0.17293846607208252 30400
1675887218947 0.19771208763122558 30440
1675887219601 0.18377740383148194 30480
1675887220272 0.16916587352752685 30520
1675887220963 0.13993511199951172 30560
1675887221617 0.16907464265823363 30600
1675887222235 0.13137829303741455 30640
1675887222905 0.14594680070877075 30680
1675887223529 0.12958974838256837 30720
1675887224226 0.16840574741363526 30760
1675887224885 0.1436240553855896 30800
1675887225526 0.13775440454483032 30840
1675887226193 0.16654239892959594 30880
1675887226860 0.12270967960357666 30920
1675887227554 0.12422809600830079 30960
1675887228175 0.14117456674575807 31000
1675887228828 0.23580050468444824 31040
1675887229452 0.20147924423217772 31080
1675887230102 0.12818340063095093 31120
1675887230753 0.17483075857162475 31160
1675887231347 0.1411929488182068 31200
1675887232019 0.16449764966964722 31240
1675887232721 0.17127124071121216 31280
1675887233438 0.17870879173278809 31320
1675887234062 0.15006840229034424 31360
1675887234696 0.13877171277999878 31400
1675887235359 0.14651885032653808 31440
1675887236029 0.11655218601226806 31480
1675887236654 0.14215779304504395 31520
1675887237307 0.10546482801437378 31560
1675887237985 0.1547628164291382 31600
1675887238612 0.12986173629760742 31640
1675887239283 0.22921347618103027 31680
1675887239913 0.14850258827209473 31720
1675887240507 0.17279311418533325 31760
1675887241120 0.14920903444290162 31800
1675887241736 0.15109236240386964 31840
1675887242364 0.1479060173034668 31880
1675887242974 0.14773622751235962 31920
1675887243616 0.15226494073867797 31960
1675887244285 0.20144219398498536 32000
1675887244950 0.11919349431991577 32040
1675887245623 0.14815200567245485 32080
1675887246240 0.14757488965988158 32120
1675887246938 0.12012008428573609 32160
1675887247640 0.2015448570251465 32200
1675887248324 0.16218067407608033 32240
1675887248929 0.11792902946472168 32280
1675887249603 0.1307780385017395 32320
1675887250271 0.16214344501495362 32360
1675887250961 0.17368043661117555 32400
1675887251587 0.15489782094955445 32440
1675887252236 0.13729290962219237 32480
1675887252921 0.15044279098510743 32520
1675887253546 0.14332410097122192 32560
1675887254226 0.20352590084075928 32600
1675887254967 0.13613418340682984 32640
1675887255623 0.14087212085723877 32680
1675887256337 0.13712786436080932 32720
1675887256991 0.11260783672332764 32760
1675887257683 0.14633206129074097 32800
1675887258310 0.08932043313980102 32840
1675887258954 0.12305325269699097 32880
1675887259667 0.18694783449172975 32920
1675887260336 0.13717914819717408 32960
1675887260960 0.13010003566741943 33000
1675887261624 0.17415529489517212 33040
1675887262286 0.13170377016067505 33080
1675887262902 0.12534995079040528 33120
1675887263558 0.16356741189956664 33160
1675887264286 0.14356658458709717 33200
1675887264975 0.16455538272857667 33240
1675887265675 0.12748454809188842 33280
1675887266286 0.10804115533828736 33320
1675887266942 0.12561780214309692 33360
1675887267678 0.14909131526947023 33400
1675887268296 0.1289205312728882 33440
1675887268961 0.14761133193969728 33480
1675887269599 0.13131619691848756 33520
1675887270262 0.13816455602645875 33560
1675887270936 0.12896339893341063 33600
1675887271577 0.14992055892944336 33640
1675887272229 0.1846303939819336 33680
1675887272852 0.07799331545829773 33720
1675887273514 0.1401432991027832 33760
1675887274135 0.16617504358291627 33800
1675887274770 0.09443689584732055 33840
1675887275530 0.14801825284957887 33880
1675887276181 0.13579074144363404 33920
1675887276849 0.17639185190200807 33960
1675887277504 0.11244126558303832 34000
1675887278120 0.14403477907180787 34040
1675887278744 0.14772651195526124 34080
1675887279372 0.16016365289688111 34120
1675887280051 0.1370289921760559 34160
1675887280709 0.1736129641532898 34200
1675887281351 0.12410215139389039 34240
1675887282043 0.16969895362854004 34280
1675887282694 0.13028321266174317 34320
1675887283322 0.13221819400787355 34360
1675887283952 0.1629052758216858 34400
1675887284592 0.10970979928970337 34440
1675887285255 0.11763976812362671 34480
1675887285974 0.11843085289001465 34520
1675887286669 0.17085797786712648 34560
1675887287315 0.09823471903800965 34600
1675887288028 0.13818098306655885 34640
1675887288619 0.12670500278472902 34680
1675887289259 0.19473602771759033 34720
1675887289870 0.18437681198120118 34760
1675887290591 0.1721155524253845 34800
1675887291209 0.15703450441360473 34840
1675887291965 0.229056715965271 34880
1675887292618 0.18162330389022827 34920
1675887293291 0.17848459482192994 34960
1675887293920 0.13676092624664307 35000
1675887294599 0.14082577228546142 35040
1675887295211 0.11910587549209595 35080
1675887295864 0.09887131452560424 35120
1675887296531 0.1569095730781555 35160
1675887297178 0.15268187522888182 35200
1675887297810 0.13611836433410646 35240
1675887298467 0.16200168132781984 35280
1675887299105 0.13919506072998047 35320
1675887299801 0.12673760652542115 35360
1675887300435 0.14598885774612427 35400
1675887301039 0.15279731750488282 35440
1675887301639 0.14374847412109376 35480
1675887302304 0.1518221378326416 35520
1675887302955 0.13984534740447999 35560
1675887303569 0.1262163758277893 35600
1675887304222 0.14511893987655639 35640
1675887304839 0.1261177897453308 35680
1675887305530 0.1728817939758301 35720
1675887306201 0.12345383167266846 35760
1675887306822 0.13370486497879028 35800
1675887307516 0.1672345757484436 35840
1675887308205 0.12807565927505493 35880
1675887308943 0.14060068130493164 35920
1675887309538 0.128090763092041 35960
1675887310128 0.12100999355316162 36000
1675887310728 0.13672634363174438 36040
1675887311378 0.22955021858215333 36080
1675887312096 0.15854021310806274 36120
1675887312715 0.13986480236053467 36160
1675887313367 0.15645622014999389 36200
1675887314012 0.11931253671646118 36240
1675887314660 0.13728541135787964 36280
1675887315304 0.09731903672218323 36320
1675887315960 0.1577282190322876 36360
1675887316620 0.16078857183456421 36400
1675887317264 0.13920845985412597 36440
1675887317960 0.15638128519058228 36480
1675887318599 0.15706522464752198 36520
1675887319238 0.14663517475128174 36560
1675887319899 0.10819618701934815 36600
1675887320541 0.15402612686157227 36640
1675887321134 0.16600520610809327 36680
1675887321751 0.1470994234085083 36720
1675887322375 0.21405405998229982 36760
1675887323004 0.13773001432418824 36800
1675887323690 0.16574231386184693 36840
1675887324423 0.1808118224143982 36880
1675887325026 0.10202372074127197 36920
1675887325647 0.14818600416183472 36960
1675887326319 0.14840017557144164 37000
1675887326954 0.10286198854446411 37040
1675887327632 0.12011655569076538 37080
1675887328321 0.16367814540863038 37120
1675887328956 0.0969972312450409 37160
1675887329587 0.13531231880187988 37200
1675887330238 0.11464134454727173 37240
1675887330869 0.12312910556793213 37280
1675887331512 0.15036265850067138 37320
1675887332145 0.11242294311523438 37360
1675887332787 0.12283275127410889 37400
1675887333525 0.13856444358825684 37440
1675887334127 0.1231454849243164 37480
1675887334741 0.1089464545249939 37520
1675887335435 0.14406448602676392 37560
1675887336030 0.10231937170028686 37600
1675887336706 0.09849166274070739 37640
1675887337496 0.1783945679664612 37680
1675887338353 0.17151205539703368 37720
1675887339199 0.13674410581588745 37760
1675887339986 0.11842021942138672 37800
1675887340706 0.13134238719940186 37840
1675887341371 0.1268513321876526 37880
1675887342094 0.12212914228439331 37920
1675887342826 0.11265140771865845 37960
1675887343567 0.11860302686691285 38000
1675887344360 0.13295927047729492 38040
1675887345246 0.16263699531555176 38080
1675887346046 0.10444387197494506 38120
1675887346776 0.17480398416519166 38160
1675887347473 0.13383836746215821 38200
1675887348169 0.13736387491226196 38240
1675887348828 0.12804107666015624 38280
1675887349426 0.0988266944885254 38320
1675887350113 0.1031345248222351 38360
1675887350766 0.12380282878875733 38400
1675887351398 0.18351486921310425 38440
1675887352019 0.1537980318069458 38480
1675887352677 0.15699536800384523 38520
1675887353332 0.11482372283935546 38560
1675887353959 0.11514561176300049 38600
1675887354588 0.12023414373397827 38640
1675887355259 0.1290860056877136 38680
1675887355934 0.09079180359840393 38720
1675887356560 0.14516830444335938 38760
1675887357196 0.17171455621719361 38800
1675887357847 0.0927233338356018 38840
1675887358548 0.1055209755897522 38880
1675887359217 0.13871185779571532 38920
1675887359821 0.14479981660842894 38960
1675887360516 0.13057829141616822 39000
1675887361131 0.09993058443069458 39040
1675887361783 0.09970312118530274 39080
1675887362447 0.1289965867996216 39120
1675887363096 0.11403272151947022 39160
1675887363756 0.11222783327102662 39200
1675887364436 0.12094534635543823 39240
1675887365110 0.13970023393630981 39280
1675887365775 0.34535846710205076 39320
1675887366461 0.1541409134864807 39360
1675887367076 0.10434755086898803 39400
1675887367686 0.12561919689178466 39440
1675887368329 0.12185509204864502 39480
1675887368992 0.10680892467498779 39520
1675887369622 0.13750827312469482 39560
1675887370282 0.12017474174499512 39600
1675887370898 0.13059154748916627 39640
1675887371588 0.12681987285614013 39680
1675887372217 0.12876111268997192 39720
1675887372886 0.1168527364730835 39760
1675887373539 0.08671274781227112 39800
1675887374172 0.10589603185653687 39840
1675887374793 0.12502883672714232 39880
1675887375541 0.13948844671249389 39920
1675887376219 0.1505340337753296 39960
1675887376853 0.10074136257171631 40000
1675887377496 0.14551138877868652 40040
1675887378168 0.11443879604339599 40080
1675887378785 0.1340140461921692 40120
1675887379418 0.16925363540649413 40160
1675887381876 0.05594655275344849 40200
1675887382550 0.12180105447769166 40240
1675887383205 0.12472273111343384 40280
1675887383882 0.12732419967651368 40320
1675887384539 0.10043505430221558 40360
1675887385230 0.1216632604598999 40400
1675887385909 0.13041307926177978 40440
1675887386561 0.15062544345855713 40480
1675887387232 0.16078948974609375 40520
1675887387932 0.1421000599861145 40560
1675887388618 0.12049698829650879 40600
1675887389296 0.14217380285263062 40640
1675887389927 0.11108920574188233 40680
1675887390622 0.14615713357925414 40720
1675887391257 0.11394258737564086 40760
1675887391924 0.1525827169418335 40800
1675887392575 0.15464086532592775 40840
1675887393201 0.1660866379737854 40880
1675887393897 0.1140097975730896 40920
1675887394580 0.1465793490409851 40960
1675887395261 0.12968913316726685 41000
1675887395890 0.12276680469512939 41040
1675887396549 0.14627085924148558 41080
1675887397179 0.14556087255477906 41120
1675887397816 0.11533924341201782 41160
1675887398484 0.11141217947006225 41200
1675887399090 0.11159555912017823 41240
1675887399757 0.14220572710037233 41280
1675887400465 0.14717875719070433 41320
1675887401175 0.16018157005310057 41360
1675887401880 0.12172797918319703 41400
1675887402497 0.12282192707061768 41440
1675887403163 0.11725655794143677 41480
1675887403830 0.11084365844726562 41520
1675887404455 0.09530909061431884 41560
1675887405150 0.09934327006340027 41600
1675887405795 0.14926998615264891 41640
1675887406441 0.12121461629867554 41680
1675887407119 0.13664183616638184 41720
1675887407769 0.11398919820785522 41760
1675887408379 0.1308748960494995 41800
1675887408999 0.13423134088516236 41840
1675887409616 0.12611923217773438 41880
1675887410277 0.15995646715164186 41920
1675887410885 0.11461271047592163 41960
1675887411571 0.14662566184997558 42000
1675887412209 0.13677016496658326 42040
1675887412864 0.1357174277305603 42080
1675887413504 0.1279404044151306 42120
1675887414130 0.14701290130615235 42160
1675887414830 0.12278130054473876 42200
1675887415511 0.19097329378128053 42240
1675887416202 0.1510902762413025 42280
1675887416813 0.10756517648696899 42320
1675887417514 0.1086236596107483 42360
1675887418203 0.15132925510406495 42400
1675887418875 0.14023213386535643 42440
1675887419535 0.15157281160354613 42480
1675887420160 0.12429231405258179 42520
1675887420849 0.16824239492416382 42560
1675887421457 0.1420245051383972 42600
1675887422130 0.1522677183151245 42640
1675887422831 0.12378966808319092 42680
1675887423489 0.12557059526443481 42720
1675887424190 0.12107367515563965 42760
1675887424948 0.10399844646453857 42800
1675887425671 0.13830296993255614 42840
1675887426304 0.08429498672485351 42880
1675887426967 0.09998972415924072 42920
1675887427667 0.1809317946434021 42960
1675887428370 0.14670751094818116 43000
1675887429070 0.13731468915939332 43040
1675887429798 0.13141268491744995 43080
1675887430507 0.12694374322891236 43120
1675887431183 0.12367408275604248 43160
1675887431974 0.10733118057250976 43200
1675887432820 0.16923602819442748 43240
1675887433719 0.1306725859642029 43280
1675887434483 0.10980421304702759 43320
1675887435185 0.10684075355529785 43360
1675887435984 0.13273968696594238 43400
1675887436825 0.16420185565948486 43440
1675887437577 0.12679749727249146 43480
1675887438321 0.12781676054000854 43520
1675887438970 0.1382009506225586 43560
1675887439618 0.11621837615966797 43600
1675887440305 0.12175563573837281 43640
1675887440955 0.12217931747436524 43680
1675887441584 0.15347238779067993 43720
1675887442238 0.07869144082069397 43760
1675887442890 0.1305180311203003 43800
1675887443515 0.13410165309906005 43840
1675887444163 0.0779916763305664 43880
1675887444875 0.15911471843719482 43920
1675887445607 0.13735427856445312 43960
1675887446390 0.11686035394668579 44000
1675887447052 0.12146410942077637 44040
1675887447684 0.12039734125137329 44080
1675887448311 0.11257237195968628 44120
1675887448919 0.14983623027801513 44160
1675887449587 0.1306804060935974 44200
1675887450217 0.13481516838073732 44240
1675887450894 0.12619338035583497 44280
1675887451557 0.15775675773620607 44320
1675887452235 0.10495098829269409 44360
1675887452825 0.13890031576156617 44400
1675887453474 0.13294763565063478 44440
1675887454119 0.12006560564041138 44480
1675887454742 0.11993350982666015 44520
1675887455425 0.09682374596595764 44560
1675887456167 0.16302027702331542 44600
1675887456977 0.0857272207736969 44640
1675887457686 0.14047247171401978 44680
1675887458307 0.1122969388961792 44720
1675887458946 0.15571510791778564 44760
1675887459553 0.15409679412841798 44800
1675887460295 0.14943259954452515 44840
1675887460938 0.13149133920669556 44880
1675887461686 0.17234373092651367 44920
1675887462297 0.1368580937385559 44960
1675887462994 0.15515028238296508 45000
1675887463584 0.10538064241409302 45040
1675887464264 0.11590089797973632 45080
1675887464845 0.08948470950126648 45120
1675887465538 0.0975739061832428 45160
1675887466228 0.09568910598754883 45200
1675887466885 0.12257405519485473 45240
1675887467498 0.1138296365737915 45280
1675887468181 0.12723863124847412 45320
1675887468840 0.12247341871261597 45360
1675887469478 0.09668372273445129 45400
1675887470148 0.13936372995376586 45440
1675887470751 0.09234616160392761 45480
1675887471358 0.1431857705116272 45520
1675887472019 0.14037909507751464 45560
1675887472645 0.09736281037330627 45600
1675887473283 0.10141860246658325 45640
1675887473911 0.14653656482696534 45680
1675887474558 0.13932327032089234 45720
1675887475241 0.1514810800552368 45760
1675887475892 0.11851980686187744 45800
1675887476537 0.1020498275756836 45840
1675887477229 0.14526615142822266 45880
1675887477920 0.24705348014831544 45920
1675887478679 0.10855536460876465 45960
1675887479282 0.11540733575820923 46000
1675887479869 0.13855890035629273 46040
1675887480477 0.13475613594055175 46080
1675887481135 0.15712252855300904 46120
1675887481843 0.15309436321258546 46160
1675887482486 0.14632861614227294 46200
1675887483113 0.12932409048080445 46240
1675887483739 0.11177288293838501 46280
1675887484432 0.12068612575531006 46320
1675887485077 0.0956738293170929 46360
1675887485737 0.12135119438171386 46400
1675887486394 0.11284230947494507 46440
1675887487030 0.13764677047729493 46480
1675887487710 0.13925191164016723 46520
1675887488354 0.15729445219039917 46560
1675887488987 0.14293477535247803 46600
1675887489631 0.17155227661132813 46640
1675887490272 0.14279611110687257 46680
1675887490872 0.14160321950912474 46720
1675887491482 0.11799490451812744 46760
1675887492110 0.1498456358909607 46800
1675887492727 0.10581728219985961 46840
1675887493422 0.10350657701492309 46880
1675887494161 0.1723034143447876 46920
1675887494788 0.09580721855163574 46960
1675887495464 0.11512918472290039 47000
1675887496124 0.14221678972244262 47040
1675887496756 0.08994588255882263 47080
1675887497441 0.10368618965148926 47120
1675887498139 0.11318743228912354 47160
1675887498805 0.09215699434280396 47200
1675887499435 0.13387656211853027 47240
1675887500079 0.09967961311340331 47280
1675887500737 0.10283970832824707 47320
1675887501402 0.16549282073974608 47360
1675887502054 0.1169053077697754 47400
1675887502686 0.10803390741348266 47440
1675887503402 0.12532156705856323 47480
1675887504044 0.12180528640747071 47520
1675887504679 0.08765117526054382 47560
1675887505420 0.12175581455230713 47600
1675887506156 0.0981509506702423 47640
1675887506806 0.0876798689365387 47680
1675887507558 0.14411730766296388 47720
1675887508261 0.14356780052185059 47760
1675887508923 0.12142317295074463 47800
1675887509586 0.12218676805496216 47840
1675887510265 0.13020696640014648 47880
1675887510875 0.10220096111297608 47920
1675887511555 0.11725887060165405 47960
1675887512205 0.12315672636032104 48000
1675887512836 0.07710930705070496 48040
1675887513589 0.1243599534034729 48080
1675887514267 0.129679274559021 48120
1675887514915 0.12890385389328002 48160
1675887515613 0.17322293519973755 48200
1675887516331 0.17440061569213866 48240
1675887517010 0.14724138975143433 48280
1675887517725 0.11833176612854004 48320
1675887518331 0.10447598695755005 48360
1675887518998 0.12257188558578491 48400
1675887519687 0.11770988702774048 48440
1675887520303 0.1436305284500122 48480
1675887520936 0.14594954252243042 48520
1675887521581 0.11802442073822021 48560
1675887522245 0.11705312728881836 48600
1675887522882 0.09082553386688233 48640
1675887523509 0.09499821066856384 48680
1675887524172 0.12419382333755494 48720
1675887524838 0.08059220910072326 48760
1675887525520 0.1835450053215027 48800
1675887526184 0.13766688108444214 48840
1675887526807 0.10153899192810059 48880
1675887527505 0.10476478338241577 48920
1675887528184 0.18537291288375854 48960
1675887528808 0.1378784656524658 49000
1675887529487 0.14979631900787355 49040
1675887530108 0.12256366014480591 49080
1675887530748 0.10808401107788086 49120
1675887531411 0.12209439277648926 49160
1675887532029 0.15232990980148314 49200
1675887532717 0.11271741390228271 49240
1675887533403 0.13568389415740967 49280
1675887534049 0.1291239619255066 49320
1675887534767 0.0986819863319397 49360
1675887535447 0.1146155834197998 49400
1675887536088 0.10095072984695434 49440
1675887536714 0.09826678633689881 49480
1675887537403 0.0927971601486206 49520
1675887538064 0.08169029951095581 49560
1675887538742 0.17005051374435426 49600
1675887539437 0.11868482828140259 49640
1675887540063 0.10886797904968262 49680
1675887540730 0.1104576826095581 49720
1675887541375 0.12664304971694945 49760
1675887542059 0.11076346635818482 49800
1675887542708 0.0948171615600586 49840
1675887543331 0.09295248389244079 49880
1675887543933 0.10489144325256347 49920
1675887544606 0.11293902397155761 49960
1675887545267 0.14036283493041993 50000
1675887545956 0.08925477266311646 50040
1675887546581 0.1326912522315979 50080
1675887547231 0.10753847360610962 50120
1675887547893 0.12408510446548462 50160
1675887548528 0.13891812562942504 50200
1675887550878 0.036892086267471313 50240
1675887551551 0.09540433287620545 50280
1675887552233 0.10492684841156005 50320
1675887552938 0.10998846292495727 50360
1675887553608 0.11564568281173707 50400
1675887554303 0.11534062623977662 50440
1675887554985 0.1275343418121338 50480
1675887555674 0.15310869216918946 50520
1675887556337 0.13465163707733155 50560
1675887557004 0.15063371658325195 50600
1675887557753 0.13263648748397827 50640
1675887558431 0.12405714988708497 50680
1675887559036 0.09763407111167907 50720
1675887559724 0.10805197954177856 50760
1675887560360 0.09652014374732971 50800
1675887560989 0.12591249942779542 50840
1675887561668 0.15673277378082276 50880
1675887562322 0.13875508308410645 50920
1675887562983 0.10758241415023803 50960
1675887563644 0.14643336534500123 51000
1675887564334 0.1361387014389038 51040
1675887564991 0.1003329873085022 51080
1675887565667 0.13760967254638673 51120
1675887566284 0.13497844934463502 51160
1675887566932 0.11114072799682617 51200
1675887567637 0.11910972595214844 51240
1675887568263 0.09104171395301819 51280
1675887568945 0.16290358304977418 51320
1675887569637 0.14049874544143676 51360
1675887570390 0.1628315806388855 51400
1675887571021 0.11450434923171997 51440
1675887571661 0.10241408348083496 51480
1675887572365 0.13205841779708863 51520
1675887573043 0.11722100973129272 51560
1675887573655 0.08147493004798889 51600
1675887574335 0.1005950927734375 51640
1675887575055 0.139954137802124 51680
1675887575828 0.09676308035850525 51720
1675887576649 0.13867561817169188 51760
1675887577480 0.10891911983489991 51800
1675887578203 0.09963838458061218 51840
1675887578865 0.13596603870391846 51880
1675887579473 0.10839338302612304 51920
1675887580144 0.13853085041046143 51960
1675887580753 0.12436876296997071 52000
1675887581411 0.11197801828384399 52040
1675887582056 0.13085699081420898 52080
1675887582730 0.1431482195854187 52120
1675887583365 0.10926424264907837 52160
1675887583982 0.1262792944908142 52200
1675887584868 0.111637544631958 52240
1675887585530 0.14906309843063353 52280
1675887586240 0.15361629724502562 52320
1675887586840 0.10909821987152099 52360
1675887587555 0.09585140943527222 52400
1675887588203 0.12057982683181763 52440
1675887588911 0.1400071620941162 52480
1675887589551 0.12173703908920289 52520
1675887590167 0.10008034706115723 52560
1675887590885 0.13718355894088746 52600
1675887591497 0.1345086932182312 52640
1675887592128 0.14131906032562255 52680
1675887592818 0.09565225839614869 52720
1675887593464 0.1294567823410034 52760
1675887594163 0.10269297361373901 52800
1675887594861 0.11064341068267822 52840
1675887595552 0.11167818307876587 52880
1675887596184 0.07899409532546997 52920
1675887596872 0.09639514684677124 52960
1675887597578 0.1373466968536377 53000
1675887598266 0.14288300275802612 53040
1675887598883 0.08188798427581787 53080
1675887599524 0.11966066360473633 53120
1675887600203 0.10542664527893067 53160
1675887600836 0.10831660032272339 53200
1675887601485 0.09599071145057678 53240
1675887602163 0.1534334659576416 53280
1675887602908 0.12133787870407105 53320
1675887603610 0.12564632892608643 53360
1675887604231 0.09959332942962647 53400
1675887604872 0.13550338745117188 53440
1675887605574 0.12159423828125 53480
1675887606229 0.14784184694290162 53520
1675887606928 0.14810407161712646 53560
1675887607637 0.15991946458816528 53600
1675887608266 0.1377377390861511 53640
1675887608984 0.13361589908599852 53680
1675887609631 0.16416436433792114 53720
1675887610264 0.18080328702926635 53760
1675887610903 0.09009076356887817 53800
1675887611548 0.14456692934036255 53840
1675887612190 0.20004549026489257 53880
1675887612827 0.09292203783988953 53920
1675887613524 0.1270710825920105 53960
1675887614231 0.1511467933654785 54000
1675887614879 0.12944750785827636 54040
1675887615547 0.13157650232315063 54080
1675887616163 0.11554646492004395 54120
1675887616815 0.16687701940536498 54160
1675887617441 0.1599133014678955 54200
1675887618162 0.1271313786506653 54240
1675887618898 0.1511313199996948 54280
1675887619644 0.13894002437591552 54320
1675887620311 0.15875107049942017 54360
1675887620975 0.10161066055297852 54400
1675887621598 0.14124279022216796 54440
1675887622243 0.14182990789413452 54480
1675887622876 0.11916794776916503 54520
1675887623508 0.23978495597839355 54560
1675887624176 0.0917020320892334 54600
1675887624894 0.16246048212051392 54640
1675887625561 0.1062171220779419 54680
1675887626241 0.14227900505065919 54720
1675887626859 0.12005707025527954 54760
1675887627495 0.12779886722564698 54800
1675887628119 0.1509825348854065 54840
1675887628851 0.17929363250732422 54880
1675887629483 0.14252548217773436 54920
1675887630230 0.1614423155784607 54960
1675887630840 0.09889057278633118 55000
1675887631540 0.14590151309967042 55040
1675887632139 0.12833731174468993 55080
1675887632797 0.11466002464294434 55120
1675887633414 0.08961309194564819 55160
1675887634047 0.11083513498306274 55200
1675887634716 0.09056874513626098 55240
1675887635399 0.10320804119110108 55280
1675887636031 0.09648499488830567 55320
1675887636694 0.13821940422058104 55360
1675887637360 0.13574944734573363 55400
1675887638014 0.14907556772232056 55440
1675887638688 0.13775418996810912 55480
1675887639294 0.09859909415245056 55520
1675887639905 0.1102547287940979 55560
1675887640555 0.13609583377838136 55600
1675887641213 0.09391346573829651 55640
1675887641844 0.09652336835861205 55680
1675887642462 0.1340636968612671 55720
1675887643108 0.12533125877380372 55760
1675887643772 0.12345558404922485 55800
1675887644427 0.1220767617225647 55840
1675887645066 0.09292433857917785 55880
1675887645760 0.11145343780517578 55920
1675887646435 0.13666977882385253 55960
1675887647180 0.1090957760810852 56000
1675887647820 0.10943257808685303 56040
1675887648423 0.11277090311050415 56080
1675887649020 0.10956201553344727 56120
1675887649683 0.15721473693847657 56160
1675887650366 0.14137195348739623 56200
1675887651019 0.12873684167861937 56240
1675887651653 0.09828643202781677 56280
1675887652307 0.12339037656784058 56320
1675887652943 0.08251762986183167 56360
1675887653582 0.10251551866531372 56400
1675887654208 0.14890278577804567 56440
1675887654894 0.11421196460723877 56480
1675887655538 0.10605299472808838 56520
1675887656240 0.14351860284805298 56560
1675887656890 0.12079211473464965 56600
1675887657566 0.1349309802055359 56640
1675887658225 0.11785472631454467 56680
1675887658886 0.12969679832458497 56720
1675887659501 0.14526767730712892 56760
1675887660123 0.0966353178024292 56800
1675887660760 0.15081881284713744 56840
1675887661384 0.09663261771202088 56880
1675887662034 0.12332739830017089 56920
1675887662787 0.19894952774047853 56960
1675887663394 0.09546563029289246 57000
1675887664026 0.10593147277832031 57040
1675887664686 0.10895657539367676 57080
1675887665295 0.0872342348098755 57120
1675887665988 0.0906521201133728 57160
1675887666649 0.10178089141845703 57200
1675887667326 0.11533502340316773 57240
1675887668020 0.12233983278274536 57280
1675887668667 0.0910886287689209 57320
1675887669298 0.08681154251098633 57360
1675887669968 0.15771732330322266 57400
1675887670622 0.09239255785942077 57440
1675887671248 0.08964351415634156 57480
1675887671954 0.11024421453475952 57520
1675887672627 0.12288517951965332 57560
1675887673246 0.08815265893936157 57600
1675887673925 0.13085482120513917 57640
1675887674570 0.1057244062423706 57680
1675887675192 0.0864281952381134 57720
1675887675896 0.1102872371673584 57760
1675887676610 0.133758807182312 57800
1675887677277 0.12141249179840088 57840
1675887677953 0.11412562131881714 57880
1675887678642 0.12047561407089233 57920
1675887679268 0.11861205101013184 57960
1675887679917 0.12261472940444947 58000
1675887680557 0.08364878296852112 58040
1675887681204 0.0781164288520813 58080
1675887681917 0.11235507726669311 58120
1675887682622 0.10237431526184082 58160
1675887683280 0.11398764848709106 58200
1675887683935 0.1938134551048279 58240
1675887684673 0.13654298782348634 58280
1675887685327 0.13020142316818237 58320
1675887686057 0.09958686828613281 58360
1675887686730 0.08567408919334411 58400
1675887687402 0.12173202037811279 58440
1675887688082 0.11199249029159546 58480
1675887688707 0.12308979034423828 58520
1675887689338 0.1286249041557312 58560
1675887689965 0.1053505539894104 58600
1675887690615 0.11669474840164185 58640
1675887691268 0.09173909425735474 58680
1675887691899 0.08990011215209961 58720
1675887692579 0.1258917808532715 58760
1675887693248 0.0772271990776062 58800
1675887693876 0.10972846746444702 58840
1675887694530 0.15399954319000245 58880
1675887695139 0.08859063982963562 58920
1675887695838 0.11794825792312622 58960
1675887696494 0.147441303730011 59000
1675887697135 0.11891018152236939 59040
1675887697853 0.13079531192779542 59080
1675887698505 0.08603153228759766 59120
1675887699165 0.12135639190673828 59160
1675887699821 0.12769806385040283 59200
1675887700442 0.15387459993362426 59240
1675887701105 0.11015479564666748 59280
1675887701795 0.1456964612007141 59320
1675887702411 0.10344066619873046 59360
1675887703104 0.10289703607559204 59400
1675887703783 0.13094112873077393 59440
1675887704423 0.10353416204452515 59480
1675887705010 0.07517560124397278 59520
1675887705673 0.10469876527786255 59560
1675887706330 0.0959127426147461 59600
1675887706989 0.12408628463745117 59640
1675887707685 0.12508740425109863 59680
1675887708315 0.22041840553283693 59720
1675887708993 0.10974969863891601 59760
1675887709641 0.10895030498504639 59800
1675887710341 0.13936252593994142 59840
1675887711010 0.08600124716758728 59880
1675887711627 0.09789565205574036 59920
1675887712237 0.104904043674469 59960
1675887712871 0.11180968284606933 60000
1675887713563 0.14319292306900025 60040
1675887714256 0.10422347784042359 60080
1675887714898 0.11068812608718873 60120
1675887715517 0.10185943841934204 60160
1675887716185 0.25780675411224363 60200
1675887716819 0.19685863256454467 60240
1675887719158 0.026028713583946227 60280
1675887719817 0.10599584579467773 60320
1675887720472 0.12829182147979737 60360
1675887721124 0.11026872396469116 60400
1675887721808 0.11219935417175293 60440
1675887722464 0.11237043142318726 60480
1675887723162 0.12136693000793457 60520
1675887723812 0.14637646675109864 60560
1675887724492 0.14317221641540528 60600
1675887725134 0.14280292987823487 60640
1675887725853 0.11337709426879883 60680
1675887726540 0.1260300397872925 60720
1675887727141 0.10813905000686645 60760
1675887727819 0.09255242943763733 60800
1675887728483 0.12325646877288818 60840
1675887729124 0.1142309069633484 60880
1675887729797 0.1183129906654358 60920
1675887730439 0.1227346658706665 60960
1675887731114 0.109341561794281 61000
1675887731771 0.13739566802978515 61040
1675887732458 0.16182522773742675 61080
1675887733069 0.10267562866210937 61120
1675887733754 0.13838766813278197 61160
1675887734408 0.14124175310134887 61200
1675887735064 0.13347970247268676 61240
1675887735748 0.12642871141433715 61280
1675887736375 0.09852170944213867 61320
1675887737049 0.15114277601242065 61360
1675887737749 0.11963412761688233 61400
1675887738501 0.18395891189575195 61440
1675887739135 0.09658957123756409 61480
1675887739763 0.10160741806030274 61520
1675887740422 0.11628615856170654 61560
1675887741115 0.12165310382843017 61600
1675887741727 0.08028126955032348 61640
1675887742388 0.09962907433509827 61680
1675887743065 0.12642989158630372 61720
1675887743700 0.14042649269104004 61760
1675887744354 0.13608951568603517 61800
1675887745012 0.07716620564460755 61840
1675887745731 0.13866808414459228 61880
1675887746369 0.13140870332717897 61920
1675887747003 0.10253010988235474 61960
1675887747683 0.2029656410217285 62000
1675887748304 0.1092452049255371 62040
1675887748990 0.12019476890563965 62080
1675887749656 0.14594833850860595 62120
1675887750313 0.12149606943130493 62160
1675887750954 0.11696832180023194 62200
1675887751587 0.13579881191253662 62240
1675887752273 0.12055402994155884 62280
1675887752955 0.14398304224014283 62320
1675887753648 0.20861623287200928 62360
1675887754253 0.10002539157867432 62400
1675887754945 0.1372785449028015 62440
1675887755627 0.12462292909622193 62480
1675887756318 0.13557552099227904 62520
1675887756966 0.13919100761413575 62560
1675887757616 0.08559320569038391 62600
1675887758384 0.14306290149688722 62640
1675887759010 0.09685421586036683 62680
1675887759684 0.1450854182243347 62720
1675887760371 0.12094366550445557 62760
1675887761001 0.10920376777648926 62800
1675887761699 0.1321893095970154 62840
1675887762389 0.14236123561859132 62880
1675887763053 0.08817036151885986 62920
1675887763686 0.09669319391250611 62960
1675887764349 0.11228680610656738 63000
1675887765030 0.12975497245788575 63040
1675887765740 0.16138951778411864 63080
1675887766356 0.10004513263702393 63120
1675887766999 0.12800148725509644 63160
1675887767705 0.11570523977279663 63200
1675887768323 0.1210752248764038 63240
1675887768975 0.09430240988731384 63280
1675887769659 0.17433966398239137 63320
1675887770388 0.11120003461837769 63360
1675887771073 0.14350868463516236 63400
1675887771682 0.09097791910171509 63440
1675887772327 0.13843028545379638 63480
1675887772990 0.11789144277572632 63520
1675887773657 0.10458164215087891 63560
1675887774333 0.11203556060791016 63600
1675887775000 0.12699406147003173 63640
1675887775624 0.1095960021018982 63680
1675887776342 0.11812927722930908 63720
1675887777000 0.11492666006088256 63760
1675887777639 0.14172205924987794 63800
1675887778274 0.09292036294937134 63840
1675887778928 0.1121908187866211 63880
1675887779573 0.14106287956237792 63920
1675887780210 0.09368005990982056 63960
1675887780901 0.0937630295753479 64000
1675887781580 0.1288179039955139 64040
1675887782221 0.10908570289611816 64080
1675887782852 0.11555591821670533 64120
1675887783485 0.11365900039672852 64160
1675887784096 0.10907946825027466 64200
1675887784725 0.15625187158584594 64240
1675887785370 0.09148207306861877 64280
1675887786041 0.12656599283218384 64320
1675887786687 0.1215301513671875 64360
1675887787357 0.14061684608459474 64400
1675887788056 0.13106985092163087 64440
1675887788664 0.12233116626739501 64480
1675887789280 0.14009275436401367 64520
1675887789943 0.13239803314208984 64560
1675887790563 0.08454558849334717 64600
1675887791239 0.09337260723114013 64640
1675887791930 0.13892154693603515 64680
1675887792613 0.10924625396728516 64720
1675887793279 0.11662842035293579 64760
1675887793915 0.09109935164451599 64800
1675887794544 0.12822579145431517 64840
1675887795162 0.12995927333831786 64880
1675887795919 0.1475011706352234 64920
1675887796594 0.12370154857635499 64960
1675887797303 0.14893878698349 65000
1675887797980 0.09630528688430787 65040
1675887798663 0.11849346160888671 65080
1675887799303 0.11649680137634277 65120
1675887799958 0.10640606880187989 65160
1675887800598 0.1060909390449524 65200
1675887801225 0.08220013976097107 65240
1675887801893 0.09564203023910522 65280
1675887802553 0.1020563006401062 65320
1675887803162 0.08173176646232605 65360
1675887803814 0.11857460737228394 65400
1675887804491 0.1324414849281311 65440
1675887805102 0.12860591411590577 65480
1675887805810 0.1305604338645935 65520
1675887806434 0.09679606556892395 65560
1675887807049 0.119552481174469 65600
1675887807699 0.1282236933708191 65640
1675887808359 0.09957024455070496 65680
1675887808981 0.09235569238662719 65720
1675887809601 0.13165320158004762 65760
1675887810259 0.1355113387107849 65800
1675887810894 0.12894309759140016 65840
1675887811574 0.1263274669647217 65880
1675887812215 0.08348696231842041 65920
1675887812884 0.0949641227722168 65960
1675887813561 0.14343810081481934 66000
1675887814305 0.11307932138442993 66040
1675887814937 0.10035834312438965 66080
1675887815532 0.12285213470458985 66120
1675887816166 0.10322589874267578 66160
1675887816829 0.13183804750442504 66200
1675887817506 0.1323526382446289 66240
1675887818189 0.15132803916931153 66280
1675887818821 0.10507575273513795 66320
1675887819463 0.09292175769805908 66360
1675887820116 0.08879887461662292 66400
1675887820758 0.08471664190292358 66440
1675887821360 0.10783300399780274 66480
1675887822062 0.13093769550323486 66520
1675887822687 0.10915063619613648 66560
1675887823363 0.14865267276763916 66600
1675887824010 0.2335451602935791 66640
1675887824658 0.1396976113319397 66680
1675887825309 0.1153336763381958 66720
1675887825985 0.12039978504180908 66760
1675887826592 0.13339287042617798 66800
1675887827220 0.11939657926559448 66840
1675887827879 0.13235738277435302 66880
1675887828489 0.08577702641487121 66920
1675887829117 0.11313385963439941 66960
1675887829849 0.1336705803871155 67000
1675887830484 0.10112842321395873 67040
1675887831122 0.09997854828834533 67080
1675887831771 0.10858793258666992 67120
1675887832400 0.08790229558944702 67160
1675887833052 0.06583219170570373 67200
1675887833721 0.08711578845977783 67240
1675887834418 0.13704402446746827 67280
1675887835075 0.10666354894638061 67320
1675887835760 0.09406943917274475 67360
1675887836383 0.052040308713912964 67400
1675887837025 0.13845579624176024 67440
1675887837738 0.11610689163208007 67480
1675887838373 0.0943608820438385 67520
1675887839076 0.10769307613372803 67560
1675887839776 0.1114973783493042 67600
1675887840415 0.09525947570800782 67640
1675887841050 0.0959736168384552 67680
1675887841717 0.11287696361541748 67720
1675887842328 0.07591055631637574 67760
1675887843029 0.0931938648223877 67800
1675887843737 0.1491458535194397 67840
1675887844394 0.13184677362442015 67880
1675887845068 0.09135197401046753 67920
1675887845803 0.11827008724212647 67960
1675887846466 0.10387463569641113 68000
1675887847120 0.1253398060798645 68040
1675887847749 0.08069424629211426 68080
1675887848400 0.08700971603393555 68120
1675887849100 0.11442859172821045 68160
1675887849761 0.08435767292976379 68200
1675887850435 0.12594404220581054 68240
1675887851086 0.09309862852096558 68280
1675887851804 0.1592833876609802 68320
1675887852473 0.13644628524780272 68360
1675887853172 0.11348505020141601 68400
1675887853788 0.09995293021202087 68440
1675887854451 0.09512572288513184 68480
1675887855155 0.10877854824066162 68520
1675887855800 0.13525489568710328 68560
1675887856432 0.11529585123062133 68600
1675887857055 0.10830140113830566 68640
1675887857736 0.13172426223754882 68680
1675887858363 0.08535645604133606 68720
1675887859004 0.08189046978950501 68760
1675887859634 0.10654129981994628 68800
1675887860279 0.07511733174324035 68840
1675887860978 0.12664663791656494 68880
1675887861613 0.12022517919540406 68920
1675887862228 0.0974153995513916 68960
1675887862893 0.09498578906059266 69000
1675887863598 0.10826370716094971 69040
1675887864267 0.11350574493408203 69080
1675887864915 0.12679083347320558 69120
1675887865576 0.09468415379524231 69160
1675887866229 0.1145105242729187 69200
1675887866932 0.09938428997993469 69240
1675887867576 0.125991153717041 69280
1675887868230 0.09122475981712341 69320
1675887868890 0.14489343166351318 69360
1675887869534 0.10836254358291626 69400
1675887870190 0.0969641625881195 69440
1675887870893 0.11393756866455078 69480
1675887871533 0.09247888922691345 69520
1675887872129 0.08682529926300049 69560
1675887872754 0.08369857668876649 69600
1675887873423 0.10715991258621216 69640
1675887874059 0.12214667797088623 69680
1675887874735 0.11210945844650269 69720
1675887875362 0.17113062143325805 69760
1675887876055 0.10157102346420288 69800
1675887876687 0.1050444483757019 69840
1675887877378 0.1284005045890808 69880
1675887878029 0.09964812994003296 69920
1675887878660 0.09446520805358886 69960
1675887879271 0.09525896310806274 70000
1675887879917 0.13457757234573364 70040
1675887880578 0.11477221250534057 70080
1675887881251 0.11217769384384155 70120
1675887881898 0.12750903367996216 70160
1675887882496 0.10876231193542481 70200
1675887883176 0.10688900947570801 70240
1675887883809 0.1344151496887207 70280
1675887886113 0.008340704441070556 70320
1675887886786 0.10470949411392212 70360
1675887887491 0.09808098673820495 70400
1675887888169 0.12079914808273315 70440
1675887888832 0.11827715635299682 70480
1675887889508 0.10282171964645385 70520
1675887890191 0.09108288288116455 70560
1675887890841 0.15087590217590333 70600
1675887891512 0.1046526551246643 70640
1675887892199 0.13817157745361328 70680
1675887892891 0.11053533554077148 70720
1675887893578 0.11247559785842895 70760
1675887894168 0.08464097380638122 70800
1675887894833 0.12385760545730591 70840
1675887895518 0.10839322805404664 70880
1675887896155 0.11395275592803955 70920
1675887896819 0.11604075431823731 70960
1675887897518 0.10693608522415161 71000
1675887898184 0.11508402824401856 71040
1675887898841 0.10447757244110108 71080
1675887899518 0.14257452487945557 71120
1675887900138 0.1025582194328308 71160
1675887900782 0.1073338270187378 71200
1675887901431 0.11945134401321411 71240
1675887902078 0.1300174355506897 71280
1675887902733 0.10592161417007447 71320
1675887903349 0.08531320691108704 71360
1675887904005 0.11607565879821777 71400
1675887904653 0.11568220853805541 71440
1675887905425 0.14982866048812865 71480
1675887906093 0.09812116026878356 71520
1675887906712 0.09868713617324829 71560
1675887907372 0.09630749225616456 71600
1675887908110 0.1171153426170349 71640
1675887908717 0.07277294397354125 71680
1675887909381 0.08203761577606201 71720
1675887910031 0.10387606620788574 71760
1675887910677 0.10333365201950073 71800
1675887911320 0.141489577293396 71840
1675887912006 0.07512022256851196 71880
1675887912617 0.115906023979187 71920
1675887913226 0.11111757755279542 71960
1675887913830 0.09518219232559204 72000
1675887914507 0.14960135221481324 72040
1675887915139 0.09031131267547607 72080
1675887915778 0.10782909393310547 72120
1675887916444 0.12451571226119995 72160
1675887917085 0.12613378763198851 72200
1675887917767 0.09781959652900696 72240
1675887918383 0.10215427875518798 72280
1675887919063 0.11091984510421753 72320
1675887919756 0.13041257858276367 72360
1675887920450 0.16424323320388795 72400
1675887921070 0.09676027297973633 72440
1675887921735 0.1251965045928955 72480
1675887922394 0.11750718355178832 72520
1675887923086 0.11694450378417968 72560
1675887923755 0.14096628427505492 72600
1675887924393 0.09267447590827942 72640
1675887925101 0.12233641147613525 72680
1675887925773 0.108607816696167 72720
1675887926438 0.12612816095352172 72760
1675887927135 0.10365548133850097 72800
1675887927806 0.10201801061630249 72840
1675887928484 0.09912376999855041 72880
1675887929200 0.09493017792701722 72920
1675887929854 0.10240933895111085 72960
1675887930505 0.11484397649765014 73000
1675887931176 0.08845630884170533 73040
1675887931846 0.11340944766998291 73080
1675887932580 0.15443882942199708 73120
1675887933208 0.07243598699569702 73160
1675887933856 0.10938359498977661 73200
1675887934538 0.09608404040336609 73240
1675887935170 0.1387394905090332 73280
1675887935848 0.09217910766601563 73320
1675887936522 0.11228234767913818 73360
1675887937251 0.11529865264892578 73400
1675887937962 0.13037728071212767 73440
1675887938602 0.08086878657341004 73480
1675887939242 0.08765028119087219 73520
1675887939882 0.11755270957946777 73560
1675887940549 0.11911823749542236 73600
1675887941208 0.0846812903881073 73640
1675887941885 0.13208519220352172 73680
1675887942511 0.12115296125411987 73720
1675887943247 0.12679353952407837 73760
1675887943914 0.09961419105529785 73800
1675887944550 0.12033233642578126 73840
1675887945212 0.09861326217651367 73880
1675887945905 0.09564014077186585 73920
1675887946541 0.147170090675354 73960
1675887947199 0.08173315525054932 74000
1675887947936 0.08167495727539062 74040
1675887948628 0.11842037439346313 74080
1675887949244 0.09840900301933289 74120
1675887949907 0.11320844888687134 74160
1675887950546 0.10656089782714843 74200
1675887951163 0.10175374746322632 74240
1675887951815 0.1489376425743103 74280
1675887952470 0.09491370916366577 74320
1675887953130 0.10859547853469849 74360
1675887953799 0.10710718631744384 74400
1675887954481 0.129271936416626 74440
1675887955155 0.11494756937026977 74480
1675887955789 0.09513325095176697 74520
1675887956425 0.10597398281097412 74560
1675887957089 0.1142577886581421 74600
1675887957748 0.09730607867240906 74640
1675887958449 0.0864109754562378 74680
1675887959130 0.1330198884010315 74720
1675887959822 0.10493694543838501 74760
1675887960488 0.09785040616989135 74800
1675887961148 0.11458961963653565 74840
1675887961761 0.13158048391342164 74880
1675887962384 0.1373499035835266 74920
1675887963077 0.13717721700668334 74960
1675887963765 0.11882412433624268 75000
1675887964458 0.14972938299179078 75040
1675887965123 0.10286074876785278 75080
1675887965853 0.2485337734222412 75120
1675887966497 0.11277990341186524 75160
1675887967181 0.08922723531723023 75200
1675887967818 0.10223263502120972 75240
1675887968429 0.07065014243125915 75280
1675887969107 0.09512982368469239 75320
1675887969761 0.10013153553009033 75360
1675887970383 0.08464441895484924 75400
1675887971031 0.11748143434524536 75440
1675887971727 0.11927597522735596 75480
1675887972337 0.07061588764190674 75520
1675887973046 0.11269838809967041 75560
1675887973687 0.09145506620407104 75600
1675887974320 0.1037554383277893 75640
1675887974975 0.10895776748657227 75680
1675887975652 0.09681984782218933 75720
1675887976303 0.08262514472007751 75760
1675887976911 0.11286343336105346 75800
1675887977624 0.139415442943573 75840
1675887978237 0.119385027885437 75880
1675887978967 0.13817652463912963 75920
1675887979605 0.0792086660861969 75960
1675887980286 0.13069747686386107 76000
1675887980998 0.15063698291778566 76040
1675887981747 0.1281105875968933 76080
1675887982398 0.09805151224136352 76120
1675887983023 0.1990777850151062 76160
1675887983631 0.10180332660675048 76200
1675887984271 0.12056491374969483 76240
1675887984987 0.16508492231369018 76280
1675887985674 0.21576216220855712 76320
1675887986341 0.13159220218658446 76360
1675887986987 0.1285509943962097 76400
1675887987644 0.07796540856361389 76440
1675887988275 0.09814904928207398 76480
1675887988893 0.11248583793640136 76520
1675887989634 0.1206953763961792 76560
1675887990257 0.11083724498748779 76600
1675887990922 0.164838707447052 76640
1675887991606 0.11542679071426391 76680
1675887992234 0.11660168170928956 76720
1675887992894 0.1019849181175232 76760
1675887993583 0.1252865433692932 76800
1675887994208 0.13591231107711793 76840
1675887994793 0.11019582748413086 76880
1675887995455 0.15443005561828613 76920
1675887996088 0.0845178484916687 76960
1675887996716 0.1266721725463867 77000
1675887997507 0.1381179690361023 77040
1675887998164 0.1174555778503418 77080
1675887998796 0.11398391723632813 77120
1675887999422 0.10713725090026856 77160
1675888000073 0.10635360479354858 77200
1675888000718 0.09194157719612121 77240
1675888001377 0.10441744327545166 77280
1675888002055 0.1292336702346802 77320
1675888002695 0.10205695629119874 77360
1675888003348 0.1254419803619385 77400
1675888003991 0.06040250062942505 77440
1675888004635 0.18663721084594725 77480
1675888005319 0.11686773300170898 77520
1675888005962 0.1011327862739563 77560
1675888006642 0.10383797883987426 77600
1675888007329 0.13070282936096192 77640
1675888007988 0.12494043111801148 77680
1675888008618 0.10506525039672851 77720
1675888009283 0.1163184404373169 77760
1675888009913 0.0905129075050354 77800
1675888010626 0.09695926904678345 77840
1675888011340 0.12647614479064942 77880
1675888011997 0.12072041034698486 77920
1675888012679 0.089510577917099 77960
1675888013380 0.11840260028839111 78000
1675888014025 0.11070561408996582 78040
1675888014656 0.1291849732398987 78080
1675888015291 0.08314561247825622 78120
1675888015941 0.11195604801177979 78160
1675888016645 0.1124452829360962 78200
1675888017336 0.10491396188735962 78240
1675888018048 0.12263087034225464 78280
1675888018680 0.0939724862575531 78320
1675888019341 0.14622534513473512 78360
1675888020055 0.1443492889404297 78400
1675888020757 0.08795870542526245 78440
1675888021367 0.12196683883666992 78480
1675888022001 0.07458263039588928 78520
1675888022662 0.09988672137260438 78560
1675888023310 0.13534629344940186 78600
1675888023958 0.13650240898132324 78640
1675888024584 0.08851619362831116 78680
1675888025197 0.10794209241867066 78720
1675888025842 0.08109618425369262 78760
1675888026508 0.09026610255241393 78800
1675888027156 0.11077980995178223 78840
1675888027841 0.0870940625667572 78880
1675888028536 0.126908278465271 78920
1675888029142 0.09792118072509766 78960
1675888029783 0.09997880458831787 79000
1675888030439 0.08566746115684509 79040
1675888031113 0.10809202194213867 79080
1675888031768 0.11334072351455689 79120
1675888032406 0.12754695415496825 79160
1675888033058 0.09157193303108216 79200
1675888033692 0.09402267932891846 79240
1675888034342 0.08600094318389892 79280
1675888034986 0.12080028057098388 79320
1675888035639 0.1098876953125 79360
1675888036316 0.12408591508865356 79400
1675888036944 0.09952189326286316 79440
1675888037639 0.10589356422424316 79480
1675888038353 0.11572343111038208 79520
1675888038995 0.10865732431411743 79560
1675888039607 0.07467499375343323 79600
1675888040224 0.09353402256965637 79640
1675888040879 0.09491841793060303 79680
1675888041525 0.09282183647155762 79720
1675888042174 0.10973384380340576 79760
1675888042833 0.09990575313568115 79800
1675888043521 0.1095276117324829 79840
1675888044185 0.09802167415618897 79880
1675888044881 0.11392076015472412 79920
1675888045541 0.0949526309967041 79960
1675888046248 0.08269764184951782 80000
1675888046865 0.12279720306396484 80040
1675888047525 0.08667179942131042 80080
1675888048213 0.12890614271163942 80120
1675888049070 0.11261913776397706 80160
1675888049973 0.0691677451133728 80200
1675888050821 0.12095111608505249 80240
1675888051540 0.0911797046661377 80280
1675888052205 0.1328895092010498 80320
