1675597642528 0.7509170770645142 0
1675597642742 0.7248896360397339 0
1675597642967 0.701957643032074 0
1675597643193 0.6798985004425049 0
1675597643397 0.6618543863296509 0
1675597643642 0.6402743458747864 0
1675597643843 0.627962589263916 0
1675597644057 0.6124374866485596 0
1675597644273 0.6006690859794617 0
1675597644486 0.5895115733146667 0
1675597644717 0.5794191360473633 0
1675597644950 0.5696356296539307 0
1675597645163 0.5676132440567017 0
1675597645357 0.5619476437568665 0
1675597645596 0.5515446662902832 0
1675597645828 0.5445712208747864 0
1675597646037 0.5453184843063354 0
1675597646278 0.540056586265564 0
1675597646529 0.5298699140548706 0
1675597646724 0.5356800556182861 0
1675597646924 0.5325824618339539 0
1675597647146 0.5272754430770874 0
1675597647366 0.5262365341186523 0
1675597647576 0.5210060477256775 0
1675597647803 0.5141701698303223 0
1675597648038 0.5142525434494019 0
1675597648267 0.5129743218421936 0
1675597648513 0.5065323114395142 0
1675597648721 0.5116499662399292 0
1675597648916 0.5122862458229065 0
1675597649108 0.5115482807159424 0
1675597649343 0.5046858191490173 0
1675597649579 0.5033003687858582 0
1675597649776 0.5064026117324829 0
1675597650021 0.4984271228313446 0
1675597650273 0.49123451113700867 0
1675597650491 0.4966091513633728 0
1675597650705 0.49220511317253113 0
1675597650909 0.49519383907318115 0
1675597651148 0.4921873211860657 0
1675597651370 0.49046486616134644 0
1675597651597 0.4901576340198517 0
1675597651808 0.4921726584434509 0
1675597652021 0.4889046549797058 0
1675597652229 0.48959410190582275 0
1675597652431 0.48827871680259705 0
1675597652640 0.48839059472084045 0
1675597652871 0.4801732003688812 0
1675597653091 0.48501184582710266 0
1675597653292 0.4870932102203369 0
1675597653555 0.47618547081947327 0
1675597653772 0.48114487528800964 0
1675597653990 0.4818103313446045 0
1675597654221 0.4784628748893738 0
1675597654465 0.47620460391044617 0
1675597654680 0.4810881018638611 0
1675597654899 0.4730898439884186 0
1675597655118 0.4812106490135193 0
1675597655382 0.465023010969162 0
1675597655654 0.46459466218948364 0
1675597655875 0.48014259338378906 0
1675597656097 0.4750209152698517 0
1675597656323 0.473554790019989 0
1675597656562 0.46782976388931274 0
1675597656785 0.47099030017852783 0
1675597657021 0.46970340609550476 0
1675597657255 0.47086402773857117 0
1675597657511 0.4674912393093109 0
1675597657753 0.465410053730011 0
1675597657951 0.4745805263519287 0
1675597658176 0.46610328555107117 0
1675597658425 0.4649096131324768 0
1675597658679 0.463442325592041 0
1675597658895 0.47003406286239624 0
1675597659099 0.47032666206359863 0
1675597659346 0.46609094738960266 0
1675597659562 0.4664435088634491 0
1675597659813 0.4605979919433594 0
1675597660015 0.4686984121799469 0
1675597660221 0.46577924489974976 0
1675597660431 0.4651375710964203 0
1675597660648 0.4656943082809448 0
1675597660868 0.46412184834480286 0
1675597661083 0.4651007652282715 0
1675597661295 0.46473976969718933 0
1675597661541 0.457335501909256 0
1675597661762 0.46294549107551575 0
1675597662003 0.4601563513278961 0
1675597662242 0.46353915333747864 0
1675597662495 0.45508888363838196 0
1675597662717 0.46244433522224426 0
1675597662941 0.45965874195098877 0
1675597663184 0.45390787720680237 0
1675597663389 0.4613497257232666 0
1675597663659 0.4533883035182953 0
1675597663889 0.456986665725708 0
1675597664106 0.46160688996315 0
1675597664331 0.4604588449001312 0
1675597664580 0.4552568197250366 0
1675597664798 0.4593636393547058 0
1675597664999 0.46662211418151855 0
1675597665261 0.44805216789245605 0
1675597665506 0.45633456110954285 0
1675597665747 0.45576608180999756 0
1675597665957 0.4591926038265228 0
1675597666164 0.46082472801208496 0
1675597666409 0.45326656103134155 0
1675597666627 0.4587740898132324 0
1675597666881 0.4534868001937866 0
1675597667100 0.46334308385849 0
1675597667316 0.4618162214756012 0
1675597667565 0.4553605318069458 0
1675597667798 0.4573034942150116 0
1675597668002 0.4631868600845337 0
1675597668232 0.45384812355041504 0
1675597668445 0.4583691358566284 0
1675597668638 0.46421074867248535 0
1675597668841 0.4602236747741699 0
1675597669071 0.4589262902736664 0
1675597669274 0.4618038833141327 0
1675597669538 0.45031043887138367 0
1675597669749 0.4558274447917938 0
1675597669985 0.4545839726924896 0
1675597670221 0.4549383819103241 0
1675597670422 0.45971518754959106 0
1675597670656 0.4550217092037201 0
1675597670873 0.45747020840644836 0
1675597671105 0.45424899458885193 0
1675597671326 0.45551106333732605 0
1675597671554 0.45575207471847534 0
1675597671793 0.4522082805633545 0
1675597672030 0.45544588565826416 0
1675597672282 0.4544638693332672 0
1675597672532 0.45189520716667175 0
1675597672752 0.45680251717567444 0
1675597672990 0.4533834755420685 0
1675597673193 0.4608340263366699 0
1675597673416 0.45600536465644836 0
1675597673623 0.4601410925388336 0
1675597673842 0.4540764391422272 0
1675597674106 0.44864270091056824 0
1675597674333 0.4528287649154663 0
1675597674560 0.45353496074676514 0
1675597674778 0.45968684554100037 0
1675597674981 0.45970359444618225 0
1675597675203 0.456190824508667 0
1675597675416 0.4593952000141144 0
1675597675643 0.45395317673683167 0
1675597675858 0.45545274019241333 0
1675597676092 0.4569457173347473 0
1675597676294 0.4597436189651489 0
1675597676502 0.4605146050453186 0
1675597676710 0.45683589577674866 0
1675597676917 0.46108806133270264 0
1675597677160 0.44872432947158813 0
1675597677423 0.4508986473083496 0
1675597677640 0.45504888892173767 0
