1674832600961 0.7314925193786621 0
1674832601401 0.7287813425064087 0
1674832601788 0.7259494066238403 0
1674832602181 0.722716212272644 0
1674832602716 0.7198955416679382 0
1674832603171 0.7155727744102478 0
1674832603666 0.7108623385429382 0
1674832604040 0.7107807993888855 0
1674832604476 0.7055037617683411 0
1674832604941 0.7014140486717224 0
1674832605351 0.7005349397659302 0
1674832605881 0.6933450698852539 0
1674832606325 0.692750096321106 0
1674832606941 0.6860065460205078 0
1674832607416 0.6851074695587158 0
1674832607891 0.6832080483436584 0
1674832608327 0.6796494126319885 0
1674832608731 0.67659592628479 0
1674832609121 0.6739886999130249 0
1674832609614 0.6679229140281677 0
1674832610051 0.6649786829948425 0
1674832610611 0.6576334834098816 0
1674832611030 0.6608376502990723 0
1674832611471 0.6559891700744629 0
1674832611906 0.6506609320640564 0
1674832612271 0.6488613486289978 0
1674832612761 0.6431758403778076 0
1674832613165 0.6433783173561096 0
1674832613606 0.637073278427124 0
1674832614031 0.6346790790557861 0
1674832614451 0.6326932907104492 0
1674832614981 0.6262083053588867 0
1674832615422 0.623548150062561 0
1674832615956 0.6170756220817566 0
1674832616680 0.6166210174560547 0
1674832617241 0.6096782088279724 0
1674832617651 0.6128077507019043 0
1674832618141 0.6049899458885193 0
1674832618616 0.6024218201637268 0
1674832619156 0.5996506810188293 0
1674832619676 0.5948101282119751 0
1674832620121 0.5948646664619446 0
1674832620526 0.593507707118988 0
1674832621011 0.5868124961853027 0
1674832621431 0.588856041431427 0
1674832621886 0.5817927122116089 0
1674832622371 0.5825680494308472 0
1674832622812 0.5807739496231079 0
1674832623221 0.5778235793113708 0
1674832623666 0.5772287845611572 0
1674832624086 0.5752355456352234 0
1674832624657 0.5695405006408691 0
1674832625061 0.5726944804191589 0
1674832625561 0.5691971778869629 0
1674832626126 0.5640511512756348 0
1674832626605 0.5629459023475647 0
1674832627021 0.5599774122238159 0
1674832627511 0.5604868531227112 0
1674832627941 0.5594239830970764 0
1674832628407 0.5593066215515137 0
1674832628996 0.549942672252655 0
1674832629410 0.5561112761497498 0
1674832629901 0.5503129363059998 0
1674832630331 0.5513909459114075 0
1674832630799 0.550632655620575 0
1674832631346 0.5450383424758911 0
1674832631711 0.550616979598999 0
1674832632146 0.5446447134017944 0
1674832632606 0.544447660446167 0
1674832633071 0.5441747903823853 0
1674832633591 0.5390347242355347 0
1674832634126 0.5370631814002991 0
1674832634541 0.5401312708854675 0
1674832635013 0.5389248132705688 0
1674832635511 0.5355243682861328 0
1674832635976 0.5355174541473389 0
1674832636406 0.5378699898719788 0
1674832637100 0.5430838465690613 0
1674832637630 0.5337004065513611 0
1674832638116 0.5323153734207153 0
1674832638562 0.5345351099967957 0
1674832639008 0.5324817299842834 0
1674832639563 0.5239359736442566 0
1674832640016 0.5299875736236572 0
1674832640431 0.5297713875770569 0
1674832641097 0.5262638926506042 0
1674832641745 0.5259458422660828 0
1674832642216 0.5242986679077148 0
1674832642680 0.5274865627288818 0
1674832643304 0.5238850116729736 0
1674832643810 0.5224740505218506 0
1674832644310 0.5216299891471863 0
1674832644835 0.5250172019004822 0
1674832645394 0.5200591087341309 0
1674832645951 0.5194094777107239 0
1674832646552 0.5226674675941467 0
1674832647246 0.5201592445373535 0
1674832647834 0.519636869430542 0
1674832648288 0.5216484665870667 0
1674832648913 0.5111117959022522 0
1674832649386 0.5167213082313538 0
1674832650223 0.5155829787254333 0
1674832650581 0.5174708962440491 0
1674832651031 0.5155289173126221 0
1674832651431 0.5190734267234802 0
1674832651951 0.5118225812911987 0
1674832652466 0.5117960572242737 0
1674832652921 0.5129731297492981 0
1674832653506 0.5089690089225769 0
1674832653991 0.5080358386039734 0
1674832654660 0.5071943402290344 0
1674832655171 0.5084121823310852 0
1674832655611 0.509109616279602 0
1674832655971 0.514553964138031 0
1674832656446 0.5057535767555237 0
1674832656916 0.5090759992599487 0
1674832657392 0.5027161240577698 0
1674832657856 0.5060693621635437 0
1674832658236 0.5071021318435669 0
1674832658672 0.506812334060669 0
1674832659110 0.5070024132728577 0
1674832659531 0.5095543265342712 0
1674832660107 0.5004149079322815 0
1674832660696 0.5053911209106445 0
1674832661056 0.5090303421020508 0
1674832661496 0.5051334500312805 0
1674832661991 0.500096321105957 0
1674832662466 0.5043209791183472 0
1674832662889 0.503731906414032 0
1674832663331 0.502897322177887 0
1674832663716 0.5049933791160583 0
1674832664251 0.5036757588386536 0
1674832664745 0.49815523624420166 0
1674832665261 0.49790099263191223 0
1674832665691 0.5026280283927917 0
1674832666131 0.5026311278343201 0
1674832666491 0.5026924014091492 0
1674832666966 0.4965001344680786 0
1674832667431 0.49797987937927246 0
1674832667760 0.49355390667915344 0
1674832677001 0.49717509746551514 0
1674832677381 0.5017783045768738 0
1674832677856 0.49792060256004333 0
1674832678286 0.5012577772140503 0
1674832678731 0.49606993794441223 0
1674832679241 0.49138930439949036 0
1674832679691 0.49797412753105164 0
1674832680191 0.4951017200946808 0
1674832680626 0.4936083257198334 0
1674832681051 0.4998049736022949 0
1674832681466 0.4942210614681244 0
1674832682000 0.49256250262260437 0
1674832682368 0.5015044212341309 0
1674832682896 0.4955296814441681 0
1674832683536 0.49134209752082825 0
1674832684032 0.49560606479644775 0
1674832684576 0.4928123652935028 0
1674832685056 0.49566537141799927 0
1674832685530 0.49268966913223267 0
1674832685961 0.4951881468296051 0
1674832686405 0.49550142884254456 0
1674832686851 0.49303215742111206 0
1674832687505 0.4880774915218353 0
1674832688035 0.4890669882297516 0
1674832688476 0.4933921992778778 0
1674832688906 0.49117180705070496 0
1674832689451 0.48622530698776245 0
1674832689966 0.4849545657634735 0
1674832690401 0.4921356439590454 0
1674832691055 0.492276668548584 0
1674832691606 0.49123117327690125 0
1674832692256 0.48703593015670776 0
1674832692772 0.489693284034729 0
1674832693211 0.4888876676559448 0
1674832693651 0.495041161775589 0
1674832694141 0.4867466688156128 0
1674832694611 0.48924723267555237 0
1674832695196 0.48767000436782837 0
1674832695868 0.48573005199432373 0
1674832696438 0.48783841729164124 0
1674832697154 0.48570069670677185 0
1674832697906 0.48255378007888794 0
1674832698748 0.4879462718963623 0
1674832699398 0.4935619533061981 0
1674832699980 0.48982980847358704 0
1674832700666 0.4894223213195801 0
1674832701226 0.4870413839817047 0
1674832701761 0.487548828125 0
1674832702280 0.48873624205589294 0
1674832702771 0.4886811673641205 0
1674832703241 0.4891374409198761 0
1674832703889 0.48438918590545654 0
1674832704478 0.4876995086669922 0
1674832705053 0.4861849546432495 0
1674832705602 0.4833177328109741 0
1674832706320 0.4845714271068573 0
1674832706913 0.48587143421173096 0
1674832707485 0.4864896535873413 0
1674832707937 0.4857316017150879 0
1674832708467 0.48268648982048035 0
1674832709003 0.4864923059940338 0
1674832709514 0.4837813377380371 0
1674832710010 0.4808330535888672 0
1674832710516 0.4850533604621887 0
1674832710952 0.48626330494880676 0
1674832711441 0.482345849275589 0
1674832712116 0.48524001240730286 0
1674832712668 0.4801909029483795 0
1674832713080 0.4856642782688141 0
1674832713681 0.48054003715515137 0
1674832713996 0.4914671778678894 0
1674832714476 0.48265963792800903 0
1674832714985 0.48066186904907227 0
1674832715476 0.48394864797592163 0
1674832716090 0.4823478162288666 0
1674832716721 0.483033150434494 0
1674832717242 0.4812259376049042 0
1674832717837 0.4764645993709564 0
1674832718391 0.4781506657600403 0
1674832719082 0.4801584780216217 0
1674832719686 0.48686298727989197 0
1674832720315 0.4833369851112366 0
1674832720861 0.4813311994075775 0
1674832721355 0.4781230390071869 0
1674832721842 0.48238348960876465 0
1674832722276 0.48020046949386597 0
1674832722891 0.47490254044532776 0
1674832723351 0.47934508323669434 0
1674832723766 0.4780178368091583 0
1674832724321 0.46780192852020264 0
1674832724706 0.4812217056751251 0
1674832725181 0.4790577292442322 0
1674832725626 0.477323055267334 0
1674832726011 0.4822777509689331 0
1674832726648 0.4703560173511505 0
1674832727066 0.47718533873558044 0
1674832727486 0.4791461229324341 0
1674832728056 0.4754640758037567 0
1674832728461 0.47972047328948975 0
1674832728941 0.47541531920433044 0
1674832729363 0.4786209464073181 0
1674832729755 0.47932180762290955 0
1674832730226 0.4765319228172302 0
1674832730711 0.4757564961910248 0
1674832731066 0.4824214279651642 0
1674832731531 0.4724421501159668 0
1674832732086 0.4710332453250885 0
