1675950285604 0.017235471308231352 0
1675950290049 0.6463237762451172 40
1675950294681 1.7473943710327149 80
1675950299273 0.6285557746887207 120
1675950303656 0.6565945148468018 160
1675950308154 0.6623235702514648 200
1675950313414 0.6681211948394775 240
1675950317961 0.665388822555542 280
1675950322499 0.6601699352264404 320
1675950327164 0.6544201374053955 360
1675950331775 0.6477839946746826 400
1675950336507 0.6311520099639892 440
1675950340912 0.6333797454833985 480
1675950345492 0.6055220127105713 520
1675950350268 0.5795462131500244 560
1675950355455 0.6264092445373535 600
1675950359878 0.6155145168304443 640
1675950364458 24.405555725097656 680
1675950369091 28.13795166015625 720
1675950373660 29.517727661132813 760
1675950378250 28.364886474609374 800
1675950382709 29.266741943359374 840
1675950387255 30.190652465820314 880
1675950391708 28.746588134765624 920
1675950396120 28.674478149414064 960
1675950400936 29.07654724121094 1000
1675950405440 29.58829345703125 1040
1675950410024 29.255908203125 1080
1675950414710 28.652655029296874 1120
1675950419542 25.09253387451172 1160
1675950424027 28.465963745117186 1200
1675950428507 30.006414794921874 1240
1675950433100 30.05909423828125 1280
1675950437892 26.79971923828125 1320
1675950442389 29.192333984375 1360
1675950447022 28.065020751953124 1400
1675950451616 29.54271240234375 1440
1675950456150 28.936865234375 1480
1675950460675 28.85491027832031 1520
1675950465300 26.769589233398438 1560
1675950469596 29.81781921386719 1600
1675950473916 30.212478637695312 1640
1675950478158 30.53228759765625 1680
1675950482594 29.403607177734376 1720
1675950487120 29.512265014648438 1760
1675950491573 30.2057373046875 1800
1675950496156 28.24608459472656 1840
1675950500610 30.10330810546875 1880
1675950505141 28.9131103515625 1920
1675950509406 30.787066650390624 1960
1675950513890 29.707720947265624 2000
1675950518673 26.645074462890626 2040
1675950523288 29.251348876953124 2080
1675950527843 28.44281921386719 2120
1675950532331 29.278460693359374 2160
1675950536842 29.105987548828125 2200
1675950541545 26.120401000976564 2240
1675950546063 28.9943359375 2280
1675950550501 30.625054931640626 2320
1675950555110 27.696588134765626 2360
1675950559727 28.192877197265624 2400
1675950564040 29.470114135742186 2440
1675950568704 26.41929931640625 2480
1675950573124 30.480029296875 2520
1675950577977 28.003155517578126 2560
1675950582931 27.421014404296876 2600
1675950587601 28.259671020507813 2640
1675950592402 29.403192138671876 2680
1675950597035 28.831869506835936 2720
1675950601655 27.250054931640626 2760
1675950606460 27.617486572265626 2800
1675950610930 31.4672607421875 2840
1675950615295 28.932894897460937 2880
1675950619966 28.17115478515625 2920
1675950624638 28.400668334960937 2960
1675950629199 29.569314575195314 3000
1675950633765 27.999237060546875 3040
1675950638870 26.113876342773438 3080
1675950643452 27.677413940429688 3120
1675950647820 29.17695007324219 3160
1675950652327 29.402957153320312 3200
1675950656802 28.845291137695312 3240
1675950661467 27.70660400390625 3280
1675950665967 28.43043212890625 3320
1675950670569 27.874728393554687 3360
1675950675103 29.166546630859376 3400
1675950679632 27.221591186523437 3440
1675950684352 28.388720703125 3480
1675950688797 29.08765869140625 3520
1675950693263 28.178265380859376 3560
1675950698000 28.194320678710938 3600
1675950702705 28.959197998046875 3640
1675950707160 29.34424743652344 3680
1675950711848 26.780120849609375 3720
1675950716550 27.249444580078126 3760
1675950720790 30.163238525390625 3800
1675950725200 29.547796630859374 3840
1675950729993 27.566195678710937 3880
1675950734301 30.679946899414062 3920
1675950738584 29.4890869140625 3960
1675950743022 29.0345947265625 4000
1675950747496 28.317153930664062 4040
1675950751974 29.92054443359375 4080
1675950756604 27.040908813476562 4120
1675950761409 26.12126770019531 4160
1675950765864 30.192337036132812 4200
1675950770219 28.84493408203125 4240
1675950774838 27.257485961914064 4280
1675950779088 28.950750732421874 4320
1675950783657 27.505810546875 4360
1675950788037 27.97239990234375 4400
1675950792948 27.169476318359376 4440
1675950797550 28.553927612304687 4480
1675950802106 27.0339111328125 4520
1675950806476 31.732321166992186 4560
1675950811185 27.56763610839844 4600
1675950815814 29.1377685546875 4640
1675950820692 26.514630126953126 4680
1675950825186 28.008114624023438 4720
1675950829933 27.370452880859375 4760
1675950835072 27.668783569335936 4800
1675950839779 30.18836669921875 4840
1675950844336 27.975885009765626 4880
1675950848822 29.03192138671875 4920
1675950853065 30.720111083984374 4960
1675950857438 27.960372924804688 5000
1675950862003 28.46751708984375 5040
1675950866800 29.58621826171875 5080
1675950871100 29.881307983398436 5120
1675950875865 26.947677612304688 5160
1675950880186 33.223898315429686 5200
1675950884886 26.919955444335937 5240
1675950889255 30.498068237304686 5280
1675950893720 30.0321044921875 5320
1675950898084 29.428802490234375 5360
1675950902715 27.91242370605469 5400
1675950906981 30.789862060546874 5440
1675950911562 29.593612670898438 5480
1675950916113 28.709194946289063 5520
1675950920432 30.76177978515625 5560
1675950925319 27.107870483398436 5600
1675950929782 29.50234375 5640
1675950934363 27.414230346679688 5680
1675950939239 27.671047973632813 5720
1675950944169 27.49231872558594 5760
1675950948811 29.457174682617186 5800
1675950953196 30.821304321289062 5840
1675950957592 29.998193359375 5880
1675950962025 30.02398681640625 5920
1675950966824 26.64209899902344 5960
1675950971674 27.716323852539062 6000
1675950976116 30.326217651367188 6040
1675950980649 29.59198913574219 6080
1675950985260 30.93172607421875 6120
1675950989701 29.330230712890625 6160
1675950994069 32.58302612304688 6200
1675950998797 28.43021240234375 6240
1675951003399 27.7723876953125 6280
1675951007910 29.4921142578125 6320
1675951012442 28.679132080078126 6360
1675951017024 30.153033447265624 6400
1675951021475 28.357376098632812 6440
1675951025851 28.409091186523437 6480
1675951030399 28.458511352539062 6520
1675951034547 32.390567016601565 6560
1675951038913 29.59068908691406 6600
1675951043247 29.329055786132812 6640
1675951047491 29.069805908203126 6680
1675951052217 26.5799072265625 6720
1675951056762 28.745904541015626 6760
1675951061400 28.98052062988281 6800
1675951065960 29.50835266113281 6840
1675951070532 27.607379150390624 6880
1675951075244 28.539736938476562 6920
1675951079719 28.81751708984375 6960
1675951084364 27.53001708984375 7000
1675951088831 30.077432250976564 7040
1675951093581 28.595474243164062 7080
1675951098164 28.50419921875 7120
1675951102749 30.078485107421876 7160
1675951107680 28.640316772460938 7200
1675951112207 29.218307495117188 7240
1675951116977 26.598391723632812 7280
1675951121812 29.365945434570314 7320
1675951126182 29.8646484375 7360
1675951130757 30.317459106445312 7400
1675951135506 29.398684692382812 7440
1675951140054 28.529632568359375 7480
1675951144670 27.317388916015624 7520
1675951149548 26.351531982421875 7560
1675951153968 29.7014404296875 7600
1675951158867 26.444622802734376 7640
1675951163714 29.983474731445312 7680
1675951168386 27.563543701171874 7720
1675951172583 31.6650390625 7760
1675951177266 29.499484252929687 7800
1675951181948 30.12138977050781 7840
1675951186712 26.651431274414062 7880
1675951191293 28.102236938476562 7920
1675951196081 27.271755981445313 7960
1675951200455 30.646697998046875 8000
1675951205131 27.123611450195312 8040
1675951210075 27.385028076171874 8080
1675951214737 28.10533752441406 8120
1675951219385 28.275604248046875 8160
1675951223943 30.67198486328125 8200
1675951228640 27.7072509765625 8240
1675951233177 28.41376647949219 8280
1675951237667 29.613330078125 8320
1675951242203 29.559878540039062 8360
1675951246571 28.821121215820312 8400
1675951250869 28.497891235351563 8440
1675951255436 29.042889404296876 8480
1675951259714 29.835858154296876 8520
1675951264373 29.021551513671874 8560
1675951269207 27.525543212890625 8600
1675951273595 30.147003173828125 8640
1675951278180 28.528604125976564 8680
1675951282770 29.294110107421876 8720
1675951287262 27.79283447265625 8760
1675951291691 29.208407592773437 8800
1675951296153 29.5152587890625 8840
1675951301022 28.2187744140625 8880
1675951305487 30.668704223632812 8920
1675951309997 27.544009399414062 8960
1675951314515 30.18407287597656 9000
1675951318973 28.787063598632812 9040
1675951323455 28.84000244140625 9080
1675951327970 29.524029541015626 9120
1675951332746 28.142733764648437 9160
1675951337494 28.564718627929686 9200
1675951342119 28.270199584960938 9240
1675951346598 31.379144287109376 9280
1675951351118 30.349383544921874 9320
1675951355468 30.023504638671874 9360
1675951360122 27.563723754882812 9400
1675951364581 29.430130004882812 9440
1675951369134 29.542132568359374 9480
1675951373897 25.952310180664064 9520
1675951378452 27.700579833984374 9560
1675951382954 27.527224731445312 9600
1675951387481 28.580917358398438 9640
1675951391869 30.243798828125 9680
1675951396266 29.613095092773438 9720
1675951400709 30.32178955078125 9760
1675951405428 28.006649780273438 9800
1675951410056 28.09136047363281 9840
1675951414387 29.658782958984375 9880
1675951418808 31.133114624023438 9920
1675951423394 29.45826416015625 9960
1675951427763 29.297854614257812 10000
1675951431970 30.232501220703124 10040
1675951449500 27.66059265136719 10080
1675951454568 26.8142333984375 10120
1675951459050 27.8390380859375 10160
1675951463667 28.111758422851562 10200
1675951468172 28.67862548828125 10240
1675951472959 25.6728759765625 10280
1675951477474 29.87884521484375 10320
1675951482583 27.448464965820314 10360
1675951487467 28.38623046875 10400
1675951492382 28.374874877929688 10440
1675951497184 27.4489501953125 10480
1675951501468 29.7597900390625 10520
1675951505885 29.185873413085936 10560
1675951510665 25.458084106445312 10600
1675951514995 29.659091186523437 10640
1675951519401 28.70185546875 10680
1675951524076 26.235296630859374 10720
1675951528616 28.13795166015625 10760
1675951532986 29.420510864257814 10800
1675951537613 28.301397705078124 10840
1675951542389 30.05029296875 10880
1675951546991 30.809878540039062 10920
1675951551618 28.512466430664062 10960
1675951556316 27.755828857421875 11000
1675951560988 30.02991943359375 11040
1675951565695 28.329364013671874 11080
1675951570383 30.1351806640625 11120
1675951574857 28.315045166015626 11160
1675951579715 26.436599731445312 11200
1675951584437 27.415548706054686 11240
1675951588896 30.39332275390625 11280
1675951593329 29.50185546875 11320
1675951598164 27.152581787109376 11360
1675951602894 29.099081420898436 11400
1675951607589 28.440023803710936 11440
1675951612298 29.573287963867188 11480
1675951617055 28.652145385742188 11520
1675951621652 28.726123046875 11560
1675951626391 26.944195556640626 11600
1675951630923 28.72655029296875 11640
1675951635215 30.521823120117187 11680
1675951639635 30.605880737304688 11720
1675951644244 29.236941528320312 11760
1675951648829 29.720599365234374 11800
1675951653292 30.071124267578124 11840
1675951657746 29.104730224609376 11880
1675951662412 30.017178344726563 11920
1675951666931 29.056784057617186 11960
1675951671385 29.823953247070314 12000
1675951676068 30.455050659179687 12040
1675951680816 26.58326416015625 12080
1675951685262 29.411883544921874 12120
1675951689938 28.02236328125 12160
1675951694511 28.60981140136719 12200
1675951698946 29.911541748046876 12240
1675951703631 26.08251953125 12280
1675951708170 28.770306396484376 12320
1675951712545 29.470291137695312 12360
1675951716970 28.854852294921876 12400
1675951721712 28.18739013671875 12440
1675951726003 30.297488403320312 12480
1675951730688 26.39501953125 12520
1675951735579 30.3414306640625 12560
1675951740250 27.35037841796875 12600
1675951744965 26.79818115234375 12640
1675951749562 29.539556884765624 12680
1675951754198 28.528070068359376 12720
1675951758624 29.980984497070313 12760
1675951763180 27.517910766601563 12800
1675951768030 27.17601623535156 12840
1675951772431 30.950091552734374 12880
1675951776825 29.414862060546874 12920
1675951781798 27.742767333984375 12960
1675951786311 28.450271606445312 13000
1675951790828 29.66654052734375 13040
1675951795581 28.203427124023438 13080
1675951800389 26.432244873046876 13120
1675951805081 27.226287841796875 13160
1675951809746 28.827740478515626 13200
1675951814364 29.30573425292969 13240
1675951819108 28.53179931640625 13280
1675951823991 28.14708251953125 13320
1675951828581 28.51605224609375 13360
1675951832986 27.426010131835938 13400
1675951837427 29.33916015625 13440
1675951842427 27.404132080078124 13480
1675951847083 28.311343383789062 13520
1675951851364 29.125360107421876 13560
1675951855958 27.940170288085938 13600
1675951860403 28.775668334960937 13640
1675951864978 29.127847290039064 13680
1675951869551 28.8422607421875 13720
1675951874155 28.159088134765625 13760
1675951878834 26.29508056640625 13800
1675951883361 29.702743530273438 13840
1675951887860 29.53607177734375 13880
1675951892240 28.024530029296876 13920
1675951896539 30.065170288085938 13960
1675951900988 30.010604858398438 14000
1675951905403 29.083026123046874 14040
1675951909927 28.209197998046875 14080
1675951914737 29.54554443359375 14120
1675951919233 28.332699584960938 14160
1675951923944 25.27392120361328 14200
1675951928317 29.66455993652344 14240
1675951933141 29.005645751953125 14280
1675951937691 26.9301025390625 14320
1675951941970 29.974380493164062 14360
1675951946673 26.92662353515625 14400
1675951951141 28.379144287109376 14440
1675951955703 26.518682861328124 14480
1675951960197 29.676763916015624 14520
1675951964899 25.841629028320312 14560
1675951969122 31.1013671875 14600
1675951973509 28.80374755859375 14640
1675951978128 29.296502685546876 14680
1675951982781 26.23685302734375 14720
1675951987270 28.13509521484375 14760
1675951991943 27.07878723144531 14800
1675951996450 28.112237548828126 14840
1675952001089 29.701260375976563 14880
1675952005690 28.4897705078125 14920
1675952010258 27.81763916015625 14960
1675952014619 31.77994384765625 15000
1675952019325 28.192202758789062 15040
1675952024097 27.297186279296874 15080
1675952028512 29.464877319335937 15120
1675952032702 31.093429565429688 15160
1675952037620 26.836749267578124 15200
1675952042046 31.628662109375 15240
1675952046646 28.370175170898438 15280
1675952051139 30.111343383789062 15320
1675952055472 30.282098388671876 15360
1675952059749 29.81354675292969 15400
1675952064451 27.652688598632814 15440
1675952068971 29.922796630859374 15480
1675952073357 30.016232299804688 15520
1675952077889 29.403643798828124 15560
1675952082364 30.071121215820312 15600
1675952086933 28.12543640136719 15640
1675952091465 28.740725708007812 15680
1675952096088 27.59527587890625 15720
1675952100583 28.057772827148437 15760
1675952105331 27.4672119140625 15800
1675952110162 28.858963012695312 15840
1675952114548 30.891232299804688 15880
1675952118863 30.245907592773438 15920
1675952123295 29.119223022460936 15960
1675952128039 27.827435302734376 16000
1675952132739 27.649856567382812 16040
1675952137182 30.062155151367186 16080
1675952141797 29.502703857421874 16120
1675952146148 30.263430786132812 16160
1675952150626 30.157614135742186 16200
1675952155134 31.777471923828124 16240
1675952159731 28.795285034179688 16280
1675952164452 27.837863159179687 16320
1675952168893 30.127850341796876 16360
1675952173595 27.594805908203124 16400
1675952178031 30.85857238769531 16440
1675952182621 28.253213500976564 16480
1675952187342 28.371212768554688 16520
1675952191929 28.413055419921875 16560
1675952196276 31.3270751953125 16600
1675952200883 30.418072509765626 16640
1675952205235 29.273501586914062 16680
1675952209588 29.226547241210938 16720
1675952214429 26.783282470703124 16760
1675952219096 28.81038818359375 16800
1675952223514 28.659088134765625 16840
1675952227936 29.97889099121094 16880
1675952232577 27.255880737304686 16920
1675952237072 28.32544860839844 16960
1675952241427 28.91275634765625 17000
1675952246218 27.434780883789063 17040
1675952250663 30.45045166015625 17080
1675952255261 28.4585693359375 17120
1675952260112 28.478228759765624 17160
1675952264708 29.823019409179686 17200
1675952269405 29.590536499023436 17240
1675952274022 29.281494140625 17280
1675952278735 27.49638977050781 17320
1675952283540 26.83916015625 17360
1675952287893 30.53131103515625 17400
1675952292484 30.095236206054686 17440
1675952297066 29.565347290039064 17480
1675952301573 29.0078125 17520
1675952306347 27.888943481445313 17560
1675952311203 25.944662475585936 17600
1675952315819 29.49292907714844 17640
1675952320570 26.86129150390625 17680
1675952325109 29.43009033203125 17720
1675952329686 27.107199096679686 17760
1675952333998 31.49837646484375 17800
1675952338694 29.047103881835938 17840
1675952343058 30.821783447265624 17880
1675952347599 28.235501098632813 17920
1675952352395 26.957656860351562 17960
1675952357047 27.169390869140624 18000
1675952361370 31.112973022460938 18040
1675952366190 27.189266967773438 18080
1675952370970 26.527706909179688 18120
1675952375653 28.06583251953125 18160
1675952380234 28.690106201171876 18200
1675952384645 31.25847473144531 18240
1675952389350 27.501708984375 18280
1675952393981 28.390139770507812 18320
1675952398433 29.085552978515626 18360
1675952403028 30.09739990234375 18400
1675952407525 28.152655029296874 18440
1675952412186 28.323284912109376 18480
1675952416721 29.74707946777344 18520
1675952421398 29.38762512207031 18560
1675952426064 29.152322387695314 18600
1675952430619 26.908657836914063 18640
1675952434872 30.432717895507814 18680
1675952439474 28.853997802734376 18720
1675952444050 29.704833984375 18760
1675952448715 27.54283752441406 18800
1675952453276 28.72229919433594 18840
1675952457988 29.997708129882813 18880
1675952462653 27.652996826171876 18920
1675952467084 30.835369873046876 18960
1675952471863 27.93885498046875 19000
1675952476380 29.789230346679688 19040
1675952480855 28.99539794921875 19080
1675952485591 29.24657287597656 19120
1675952490118 28.3734130859375 19160
1675952494648 28.30939636230469 19200
1675952499442 28.62821044921875 19240
1675952504038 28.74242248535156 19280
1675952508408 31.263888549804687 19320
1675952512856 29.974386596679686 19360
1675952517366 30.59709777832031 19400
1675952522121 27.48418273925781 19440
1675952526643 30.142910766601563 19480
1675952531358 28.61722412109375 19520
1675952535881 26.289434814453124 19560
1675952540371 27.952743530273438 19600
1675952545052 26.9677001953125 19640
1675952549559 28.759487915039063 19680
1675952553976 30.41641845703125 19720
1675952558365 29.982144165039063 19760
1675952562841 30.07178955078125 19800
1675952567514 27.94864501953125 19840
1675952572185 28.021917724609374 19880
1675952576769 30.456689453125 19920
1675952581296 30.317822265625 19960
1675952585933 28.93643798828125 20000
1675952590599 30.08369140625 20040
1675952595189 29.682772827148437 20080
