1675512011219 0.7302024364471436 0
1675512011350 0.722729504108429 0
1675512011454 0.7132707834243774 0
1675512011604 0.6984043717384338 0
1675512011742 0.689128041267395 0
1675512011875 0.6785613894462585 0
1675512012012 0.6705677509307861 0
1675512012139 0.6620786190032959 0
1675512012281 0.6518567204475403 0
1675512012391 0.6470847725868225 0
1675512012506 0.6392006874084473 0
1675512012616 0.6336401700973511 0
1675512012735 0.6221145391464233 0
1675512012868 0.616169273853302 0
1675512012993 0.6084272265434265 0
1675512013122 0.6045390367507935 0
1675512013246 0.6003845930099487 0
1675512013356 0.5925110578536987 0
1675512013489 0.5924179553985596 0
1675512013634 0.5821460485458374 0
1675512013751 0.5829353332519531 0
1675512013890 0.5761950016021729 0
1675512014009 0.5740021467208862 0
1675512014132 0.565893828868866 0
1675512014255 0.5657426118850708 0
1675512014376 0.5632413029670715 0
1675512014490 0.5621354579925537 0
1675512014634 0.5577499866485596 0
1675512014777 0.55279541015625 0
1675512014887 0.551620602607727 0
1675512015027 0.5496711730957031 0
1675512015141 0.5505221486091614 0
1675512015272 0.541989803314209 0
1675512015393 0.5446466207504272 0
1675512015518 0.5394626259803772 0
1675512015640 0.5407862663269043 0
1675512015773 0.5349000692367554 0
1675512015919 0.5322823524475098 0
1675512016033 0.532845139503479 0
1675512016195 0.5254215598106384 0
1675512016355 0.5253100395202637 0
1675512016484 0.5280652046203613 0
1675512016639 0.5212770104408264 0
1675512016738 0.5294594168663025 0
1675512016846 0.5255810022354126 0
1675512016969 0.5232352614402771 0
1675512017095 0.5210198163986206 0
1675512017217 0.5221627354621887 0
1675512017356 0.5185385346412659 0
1675512017474 0.5182095170021057 0
1675512017588 0.5143514275550842 0
1675512017706 0.5145872235298157 0
1675512017841 0.5133568644523621 0
1675512017985 0.5082285404205322 0
1675512018088 0.5144864320755005 0
1675512018231 0.5113502740859985 0
1675512018385 0.50605309009552 0
1675512018515 0.5081863403320312 0
1675512018690 0.5049546360969543 0
1675512018884 0.5047259330749512 0
1675512019065 0.5040755271911621 0
1675512019220 0.5042349100112915 0
1675512019370 0.4991476237773895 0
1675512019500 0.5083536505699158 0
1675512019627 0.5043619275093079 0
1675512019753 0.5017711520195007 0
1675512019878 0.5016615390777588 0
1675512019989 0.5041040182113647 0
1675512020115 0.4999725818634033 0
1675512020223 0.5031740665435791 0
1675512020352 0.5021719932556152 0
1675512020487 0.4966297745704651 0
1675512020604 0.4966646730899811 0
1675512020732 0.49736467003822327 0
1675512020847 0.4991859495639801 0
1675512020953 0.4970507025718689 0
1675512021072 0.49577146768569946 0
1675512021193 0.49601125717163086 0
1675512021333 0.4913622736930847 0
1675512021448 0.4959382712841034 0
1675512021578 0.49288052320480347 0
1675512021721 0.4887635111808777 0
1675512021851 0.48836368322372437 0
1675512021965 0.4920414090156555 0
1675512022068 0.49639254808425903 0
1675512022187 0.4930943250656128 0
1675512022302 0.4934728741645813 0
1675512022420 0.49066653847694397 0
1675512022546 0.4874947965145111 0
1675512022678 0.48603159189224243 0
1675512022782 0.4924643635749817 0
1675512022894 0.4941467046737671 0
1675512023052 0.48674821853637695 0
1675512023161 0.49256837368011475 0
1675512023281 0.49047335982322693 0
1675512023397 0.49080726504325867 0
1675512023506 0.489075630903244 0
1675512023608 0.4926401674747467 0
1675512023718 0.4897175431251526 0
1675512023843 0.48758965730667114 0
1675512023963 0.4866626560688019 0
1675512024074 0.48752561211586 0
1675512024192 0.48504838347435 0
1675512024328 0.48380035161972046 0
1675512024447 0.4825558066368103 0
1675512024616 0.477999210357666 0
1675512024768 0.4836701452732086 0
1675512024884 0.4866861402988434 0
1675512025030 0.479388564825058 0
1675512025164 0.480989545583725 0
1675512025287 0.4815470278263092 0
1675512025390 0.4891353249549866 0
1675512025507 0.4856579303741455 0
1675512025638 0.48121219873428345 0
1675512025805 0.47717705368995667 0
1675512025917 0.48501646518707275 0
1675512026049 0.4834948778152466 0
1675512026167 0.48153847455978394 0
1675512026300 0.4805488586425781 0
1675512026438 0.4757199287414551 0
1675512026547 0.4814762771129608 0
1675512026660 0.48439309000968933 0
1675512026791 0.4777829349040985 0
1675512026914 0.480461448431015 0
1675512027016 0.485935240983963 0
1675512027134 0.47885799407958984 0
1675512027274 0.47617751359939575 0
1675512027378 0.4811142385005951 0
1675512027481 0.48177191615104675 0
1675512027621 0.47862187027931213 0
1675512027762 0.4759482145309448 0
1675512027905 0.47660815715789795 0
1675512028029 0.4829762279987335 0
1675512028179 0.4737493693828583 0
1675512028337 0.47232967615127563 0
1675512028471 0.4767248332500458 0
1675512028592 0.47928938269615173 0
1675512028717 0.47825345396995544 0
1675512028816 0.4829310178756714 0
1675512028917 0.48263922333717346 0
1675512029049 0.4746411442756653 0
1675512029195 0.47366493940353394 0
1675512029340 0.474295437335968 0
1675512029462 0.47583308815956116 0
1675512029569 0.48114925622940063 0
1675512029696 0.4770396649837494 0
1675512029806 0.4771042764186859 0
1675512029947 0.4724632203578949 0
1675512030088 0.4723968505859375 0
1675512030217 0.474563866853714 0
1675512030356 0.4759012460708618 0
1675512030502 0.4730682969093323 0
1675512030615 0.4762350022792816 0
1675512030717 0.48060619831085205 0
1675512030830 0.47637370228767395 0
1675512030955 0.47440528869628906 0
1675512031073 0.47637373208999634 0
