1675416433866 0.7282341122627258 0
1675416435010 0.7235468029975891 0
1675416436417 0.7118409276008606 0
1675416437646 0.7089253067970276 0
1675416438280 0.6984612345695496 0
1675416439063 0.6912510991096497 0
1675416439761 0.6865782141685486 0
1675416440666 0.6773227453231812 0
1675416442058 0.6673810482025146 0
1675416442943 0.662255048751831 0
1675416443856 0.6557981371879578 0
1675416444458 0.6509485244750977 0
1675416445434 0.653673529624939 0
1675416446802 0.63986736536026 0
1675416448162 0.6339178085327148 0
1675416449725 0.6280152797698975 0
1675416451137 0.621404230594635 0
1675416452469 0.6223722100257874 0
1675416453778 0.6167042255401611 0
1675416455211 0.6093973517417908 0
1675416455950 0.6074873805046082 0
1675416457121 0.604557991027832 0
1675416458135 0.6019803285598755 0
1675416459570 0.5965915322303772 0
1675416460670 0.5907542705535889 0
1675416461296 0.5869918465614319 0
1675416462538 0.5812262892723083 0
1675416463926 0.5811238884925842 0
1675416465307 0.5747828483581543 0
1675416466567 0.569260835647583 0
1675416467379 0.5732690691947937 0
1675416468738 0.5671542286872864 0
1675416469982 0.5648264288902283 0
1675416471206 0.5625331997871399 0
1675416472586 0.5607206225395203 0
1675416473854 0.5563637018203735 0
1675416475186 0.5560745000839233 0
1675416475787 0.5530487298965454 0
1675416477018 0.5545603036880493 0
1675416478287 0.5503228306770325 0
1675416479469 0.5422059893608093 0
1675416480354 0.5425865054130554 0
1675416481040 0.5407524108886719 0
1675416481766 0.5391268730163574 0
1675416483135 0.538296103477478 0
1675416484506 0.5385664701461792 0
1675416485810 0.5320138931274414 0
1675416487066 0.5370105504989624 0
1675416488358 0.5309934020042419 0
1675416489850 0.5302722454071045 0
1675416491395 0.5220362544059753 0
1675416492798 0.5287008881568909 0
1675416494122 0.5286417007446289 0
1675416495540 0.5244486331939697 0
1675416496962 0.5267289280891418 0
1675416497978 0.5206958055496216 0
1675416498707 0.5258400440216064 0
1675416499258 0.5265873074531555 0
1675416500033 0.5210097432136536 0
1675416501391 0.5152272582054138 0
1675416502718 0.5153212547302246 0
1675416504278 0.5097042322158813 0
1675416505650 0.5186982154846191 0
1675416507171 0.5102248787879944 0
1675416508578 0.5145823955535889 0
1675416510093 0.5120344758033752 0
1675416511728 0.5096682906150818 0
1675416513265 0.5117393732070923 0
1675416514545 0.5137962698936462 0
1675416516054 0.5047975778579712 0
1675416517442 0.5067529082298279 0
1675416518790 0.5037814974784851 0
1675416520390 0.5039342641830444 0
1675416521798 0.504708468914032 0
1675416523227 0.508286714553833 0
1675416524354 0.5046951770782471 0
1675416525925 0.4980089068412781 0
1675416527371 0.5039144158363342 0
1675416529114 0.5082228779792786 0
1675416531206 0.5052118897438049 0
1675416532802 0.5006504654884338 0
1675416534302 0.5011656880378723 0
1675416535098 0.5007082223892212 0
1675416535898 0.5035290122032166 0
1675416536767 0.4993267059326172 0
1675416538228 0.4966275095939636 0
1675416539669 0.496744304895401 0
1675416540989 0.4946282207965851 0
1675416541592 0.49900156259536743 0
1675416542538 0.49532556533813477 0
1675416544167 0.49524611234664917 0
1675416545738 0.4921610951423645 0
1675416546919 0.4936840832233429 0
1675416547970 0.48772570490837097 0
1675416549738 0.48729586601257324 0
1675416551306 0.4921325147151947 0
1675416552634 0.49815335869789124 0
1675416553966 0.49888017773628235 0
1675416555156 0.49147140979766846 0
1675416555923 0.4902447462081909 0
1675416556556 0.4930363595485687 0
1675416557600 0.4899829924106598 0
1675416559026 0.49197766184806824 0
1675416560548 0.4850083291530609 0
1675416561323 0.4900197982788086 0
1675416562211 0.48900797963142395 0
1675416562916 0.4879709780216217 0
1675416563407 0.49547457695007324 0
1675416564235 0.4869508445262909 0
1675416565085 0.49168750643730164 0
1675416566120 0.49018844962120056 0
1675416567202 0.48587557673454285 0
1675416568742 0.48854050040245056 0
1675416570359 0.48080188035964966 0
1675416571818 0.4892585575580597 0
1675416573402 0.4790981709957123 0
1675416574236 0.4862518906593323 0
1675416574808 0.48462873697280884 0
1675416575750 0.48716142773628235 0
1675416576474 0.48344317078590393 0
1675416577806 0.4792134165763855 0
1675416578838 0.48288288712501526 0
1675416579240 0.48800238966941833 0
