1675412965266 0.7254723906517029 0
1675412965910 0.7198612689971924 0
1675412966607 0.7059992551803589 0
1675412967570 0.6977924108505249 0
1675412968189 0.6912434697151184 0
1675412969274 0.6854205131530762 0
1675412970416 0.6794342994689941 0
1675412971430 0.6750077605247498 0
1675412972474 0.6650930643081665 0
1675412973708 0.6622426509857178 0
1675412974366 0.6571044325828552 0
1675412975097 0.6483888030052185 0
1675412976142 0.6409743428230286 0
1675412976986 0.6366509795188904 0
1675412977695 0.6318632960319519 0
1675412978410 0.6299956440925598 0
1675412979198 0.6226467490196228 0
1675412980173 0.6193388104438782 0
1675412981288 0.6157053112983704 0
1675412982298 0.6101916432380676 0
1675412983237 0.6036391258239746 0
1675412984118 0.5993501543998718 0
1675412985160 0.5978343486785889 0
1675412986082 0.5944002270698547 0
1675412986855 0.5879880785942078 0
1675412987788 0.5832406282424927 0
1675412988504 0.5816163420677185 0
1675412989458 0.5780060887336731 0
1675412990171 0.5778203010559082 0
1675412991136 0.5723715424537659 0
1675412992138 0.5685443878173828 0
1675412992918 0.5692262053489685 0
1675412993678 0.5635017156600952 0
1675412994208 0.5630701780319214 0
1675412995476 0.5580155253410339 0
1675412996269 0.5574310421943665 0
1675412996991 0.5499981045722961 0
1675412997945 0.552777886390686 0
1675412998666 0.5523859858512878 0
1675412999611 0.5497989058494568 0
1675413000380 0.5513706803321838 0
1675413001430 0.5471479892730713 0
1675413002266 0.5416820645332336 0
1675413003414 0.5436723232269287 0
1675413003951 0.5418038368225098 0
1675413004773 0.5415439009666443 0
1675413005632 0.5370275974273682 0
1675413006733 0.5365167856216431 0
1675413007382 0.5308530926704407 0
1675413008249 0.5305042862892151 0
1675413009034 0.5295519232749939 0
1675413009681 0.5254173874855042 0
1675413010566 0.5340172052383423 0
1675413011794 0.5254905223846436 0
1675413012929 0.5205304026603699 0
1675413014201 0.5199944376945496 0
1675413014977 0.5201813578605652 0
1675413015898 0.5171571969985962 0
1675413016547 0.5251279473304749 0
1675413017643 0.5201722383499146 0
1675413018318 0.5227208733558655 0
1675413018976 0.5212969183921814 0
1675413020003 0.516124963760376 0
1675413020616 0.5144525766372681 0
1675413021140 0.5174221992492676 0
1675413021665 0.5127118825912476 0
1675413022662 0.5102168917655945 0
1675413023558 0.5127940773963928 0
1675413024258 0.5169067978858948 0
1675413025267 0.5026383996009827 0
1675413026285 0.5071877241134644 0
1675413026984 0.5115386843681335 0
1675413027870 0.5081358551979065 0
1675413028594 0.5039615035057068 0
1675413029961 0.5048933625221252 0
1675413031242 0.5025586485862732 0
1675413032114 0.5052124261856079 0
1675413032873 0.5077150464057922 0
1675413033840 0.5032612085342407 0
1675413035137 0.5040808916091919 0
1675413036444 0.5028094053268433 0
1675413037745 0.5025959014892578 0
1675413039153 0.4968245327472687 0
1675413040505 0.5014365911483765 0
1675413041889 0.49651679396629333 0
1675413043253 0.5010449886322021 0
1675413044466 0.500008761882782 0
1675413045911 0.4989858567714691 0
1675413047007 0.4934290945529938 0
1675413048178 0.4977312982082367 0
1675413049574 0.49142658710479736 0
1675413050432 0.4961520731449127 0
1675413051340 0.4928945004940033 0
1675413052690 0.49835479259490967 0
1675413053978 0.4923630654811859 0
1675413055288 0.4903642535209656 0
1675413056549 0.4949658215045929 0
1675413057797 0.49647194147109985 0
1675413059154 0.49218735098838806 0
1675413060578 0.49187010526657104 0
1675413061767 0.49219781160354614 0
1675413062612 0.4873192012310028 0
1675413063444 0.49588465690612793 0
1675413064634 0.4929145872592926 0
1675413065528 0.49135711789131165 0
1675413066821 0.48946183919906616 0
1675413067506 0.49662765860557556 0
1675413068233 0.4940248131752014 0
1675413069217 0.48820844292640686 0
1675413070374 0.48151281476020813 0
1675413071302 0.48606744408607483 0
1675413072043 0.49495410919189453 0
1675413073282 0.4876348674297333 0
1675413074356 0.4875563681125641 0
1675413075201 0.48756104707717896 0
1675413076122 0.48702287673950195 0
1675413077407 0.4855707883834839 0
1675413078334 0.4905428886413574 0
1675413079066 0.4852135479450226 0
1675413079885 0.4817940294742584 0
1675413080773 0.48275408148765564 0
1675413081930 0.48691970109939575 0
1675413082157 0.49024197459220886 0
