1675445471530 0.7328866124153137 0
1675445471837 0.7231967449188232 0
1675445472075 0.7225675582885742 0
1675445472235 0.7220755815505981 0
1675445472450 0.7126123309135437 0
1675445472679 0.7065685987472534 0
1675445472928 0.6978657841682434 0
1675445473161 0.6930296421051025 0
1675445473361 0.6913998126983643 0
1675445473580 0.6842730045318604 0
1675445473836 0.6792171001434326 0
1675445474094 0.6736109852790833 0
1675445474327 0.6688555479049683 0
1675445474665 0.6603908538818359 0
1675445474921 0.6593279242515564 0
1675445475202 0.6534602642059326 0
1675445475411 0.6533918976783752 0
1675445475673 0.6431116461753845 0
1675445475907 0.6422467827796936 0
1675445476144 0.6391535997390747 0
1675445476346 0.6340665817260742 0
1675445476525 0.6324836015701294 0
1675445476710 0.624755859375 0
1675445476895 0.6244631409645081 0
1675445477129 0.6199561953544617 0
1675445477367 0.6178245544433594 0
1675445477577 0.6128676533699036 0
1675445477772 0.6111973524093628 0
1675445477997 0.604730486869812 0
1675445478227 0.6018091440200806 0
1675445478441 0.599312961101532 0
1675445478658 0.597429633140564 0
1675445478930 0.5911113619804382 0
1675445479170 0.5908138155937195 0
1675445479429 0.5909956693649292 0
1675445479656 0.5844501256942749 0
1675445479835 0.5845841765403748 0
1675445480072 0.5823469758033752 0
1675445480313 0.575326144695282 0
1675445480584 0.5735758543014526 0
1675445480784 0.5750449895858765 0
1675445481065 0.5718857049942017 0
1675445481302 0.5725561380386353 0
1675445481573 0.5639370679855347 0
1675445481793 0.5660548210144043 0
1675445482019 0.5621796250343323 0
1675445482232 0.5635262131690979 0
1675445482457 0.5613675713539124 0
1675445482663 0.5605772137641907 0
1675445482900 0.5579190254211426 0
1675445483111 0.5532334446907043 0
1675445483364 0.5520269870758057 0
1675445483633 0.5504041314125061 0
1675445483822 0.5512749552726746 0
1675445484084 0.548940122127533 0
1675445484279 0.5504564642906189 0
1675445484510 0.5408304333686829 0
1675445484784 0.5428884625434875 0
1675445485017 0.5395453572273254 0
1675445485286 0.5399419069290161 0
1675445485451 0.5426304340362549 0
1675445485706 0.5338603854179382 0
1675445485956 0.5376513600349426 0
1675445486156 0.5406782627105713 0
1675445486386 0.536918580532074 0
1675445486616 0.5344171524047852 0
1675445486802 0.5353481769561768 0
1675445487050 0.532218337059021 0
1675445487316 0.5274602770805359 0
1675445487515 0.5306880474090576 0
1675445487774 0.5231703519821167 0
1675445488088 0.5280394554138184 0
1675445488303 0.5299301147460938 0
1675445488519 0.5276399254798889 0
1675445488737 0.5280583500862122 0
1675445489012 0.5236682891845703 0
1675445489217 0.5262842178344727 0
1675445489411 0.5262390375137329 0
1675445489688 0.5211988091468811 0
1675445489910 0.5244535207748413 0
1675445490149 0.5180808305740356 0
1675445490389 0.5201224684715271 0
1675445490601 0.5200082063674927 0
1675445490892 0.5162461400032043 0
1675445491161 0.516473650932312 0
1675445491422 0.5158888697624207 0
1675445491613 0.5197007060050964 0
1675445491922 0.5115057826042175 0
1675445492180 0.5153265595436096 0
1675445492410 0.5128529667854309 0
1675445492678 0.5108705163002014 0
1675445492942 0.5123107433319092 0
1675445493154 0.512597918510437 0
1675445493455 0.5044881105422974 0
1675445493694 0.5104469060897827 0
1675445493927 0.5098803639411926 0
1675445494157 0.5074536204338074 0
1675445494388 0.5051350593566895 0
1675445494667 0.5084993839263916 0
1675445494911 0.5078333020210266 0
1675445495131 0.5072730183601379 0
1675445495317 0.5100024342536926 0
1675445495514 0.5089337825775146 0
1675445495778 0.5021886825561523 0
1675445496045 0.5020447373390198 0
1675445496293 0.5039626359939575 0
1675445496531 0.5039718747138977 0
1675445496769 0.5033382177352905 0
1675445496988 0.5028544068336487 0
1675445497243 0.5003857016563416 0
1675445497450 0.5038089156150818 0
1675445497633 0.5046334266662598 0
1675445497858 0.500457227230072 0
1675445498084 0.5017634630203247 0
1675445498281 0.5007508397102356 0
1675445498497 0.5011951923370361 0
1675445498723 0.4993751347064972 0
1675445498929 0.5019221305847168 0
1675445499146 0.4984787404537201 0
1675445499344 0.501130998134613 0
1675445499618 0.4949810802936554 0
1675445499820 0.5004000663757324 0
1675445500042 0.49920907616615295 0
1675445500221 0.5023258328437805 0
1675445500449 0.49483174085617065 0
1675445500660 0.49614641070365906 0
1675445500923 0.4955289959907532 0
1675445501212 0.49517008662223816 0
1675445501492 0.49265095591545105 0
1675445501715 0.4955902099609375 0
1675445502003 0.48979461193084717 0
1675445502220 0.49180546402931213 0
1675445502432 0.4921813905239105 0
1675445502661 0.49293768405914307 0
1675445502839 0.4961598813533783 0
1675445503067 0.49502962827682495 0
1675445503372 0.48700544238090515 0
1675445503586 0.4930035173892975 0
1675445503823 0.4901224970817566 0
1675445504048 0.49109554290771484 0
1675445504273 0.49189653992652893 0
1675445504455 0.4969063401222229 0
1675445504691 0.4907861053943634 0
1675445504981 0.48823419213294983 0
1675445505208 0.48864373564720154 0
1675445505416 0.49422207474708557 0
1675445505619 0.4923962354660034 0
1675445505831 0.4904516637325287 0
1675445506054 0.4898246228694916 0
1675445506256 0.49025213718414307 0
1675445506538 0.48684436082839966 0
1675445506796 0.4873996376991272 0
1675445507040 0.4838537573814392 0
1675445507287 0.4870578348636627 0
1675445507526 0.4875800907611847 0
1675445507856 0.48065638542175293 0
1675445508097 0.48365846276283264 0
1675445510229 0.4870355427265167 0
1675445510437 0.48938509821891785 0
1675445510669 0.486477255821228 0
1675445510917 0.48629340529441833 0
1675445511197 0.48186683654785156 0
1675445511432 0.4810341000556946 0
1675445511638 0.4884941875934601 0
1675445511873 0.48336225748062134 0
1675445512127 0.48197537660598755 0
1675445512368 0.48270726203918457 0
1675445512603 0.4834536015987396 0
1675445512768 0.49049532413482666 0
1675445513004 0.48582208156585693 0
1675445513259 0.48071542382240295 0
1675445513505 0.48244497179985046 0
1675445513718 0.48584479093551636 0
1675445514003 0.47948309779167175 0
1675445514214 0.48492613434791565 0
1675445514438 0.48260894417762756 0
1675445514683 0.479772686958313 0
1675445514901 0.48402339220046997 0
1675445515094 0.4857756793498993 0
1675445515322 0.4839000105857849 0
1675445515538 0.4823593199253082 0
1675445515737 0.4852825999259949 0
1675445515974 0.48101896047592163 0
1675445516196 0.4813956618309021 0
1675445516425 0.48320072889328003 0
1675445516706 0.4777912199497223 0
1675445517032 0.47445550560951233 0
1675445517247 0.48383069038391113 0
1675445517485 0.4833148419857025 0
1675445517761 0.4702858626842499 0
1675445517979 0.4792860448360443 0
1675445518187 0.48536819219589233 0
1675445518455 0.481219619512558 0
1675445518694 0.48090222477912903 0
1675445518904 0.48225244879722595 0
1675445519149 0.4795815348625183 0
1675445519379 0.4822854995727539 0
1675445519600 0.48161277174949646 0
1675445519831 0.4796430766582489 0
1675445520103 0.4772692322731018 0
1675445520323 0.47986897826194763 0
1675445520592 0.4714447557926178 0
1675445520782 0.4835011661052704 0
1675445521044 0.4766762852668762 0
1675445521235 0.4810764491558075 0
1675445521486 0.47812312841415405 0
1675445521823 0.4671195447444916 0
1675445522114 0.47237107157707214 0
1675445522380 0.47283807396888733 0
1675445522639 0.47570163011550903 0
1675445522839 0.4795399308204651 0
1675445523059 0.4814370274543762 0
1675445523242 0.4824730157852173 0
1675445523471 0.4761904776096344 0
1675445523737 0.4727875292301178 0
1675445523968 0.47457465529441833 0
1675445524179 0.47787347435951233 0
1675445524427 0.473589688539505 0
1675445524703 0.4754134714603424 0
1675445524930 0.4752684533596039 0
1675445525143 0.4773348271846771 0
1675445525379 0.4738542139530182 0
1675445525642 0.47317248582839966 0
1675445525903 0.47077804803848267 0
1675445526152 0.4755062162876129 0
1675445526381 0.4753529131412506 0
1675445526566 0.4798498749732971 0
1675445526787 0.47423720359802246 0
1675445527014 0.4736623167991638 0
1675445527244 0.47278571128845215 0
1675445527491 0.47299468517303467 0
1675445527747 0.472402960062027 0
1675445528014 0.4687348008155823 0
1675445528273 0.4712751805782318 0
1675445528483 0.4759977459907532 0
1675445528713 0.47748976945877075 0
1675445528980 0.4728037416934967 0
1675445529244 0.47322630882263184 0
1675445529440 0.4769357740879059 0
1675445529695 0.4736490249633789 0
1675445529918 0.47447946667671204 0
1675445530137 0.4723409414291382 0
1675445530345 0.4761313199996948 0
1675445530586 0.4732072055339813 0
1675445530859 0.4686262309551239 0
1675445531086 0.4740068316459656 0
1675445531305 0.47491732239723206 0
1675445531577 0.470589816570282 0
1675445531835 0.4697791337966919 0
1675445532106 0.4713973104953766 0
1675445532365 0.47104179859161377 0
1675445532612 0.47123053669929504 0
1675445532815 0.47519803047180176 0
1675445533049 0.4743061661720276 0
1675445533256 0.47364577651023865 0
1675445533485 0.4759793281555176 0
1675445533743 0.47081705927848816 0
1675445533957 0.4737788140773773 0
1675445534197 0.4706840217113495 0
1675445534475 0.4692886769771576 0
1675445534728 0.4697025418281555 0
1675445534969 0.4701007902622223 0
1675445535209 0.46959546208381653 0
1675445535438 0.46994689106941223 0
1675445535705 0.46662887930870056 0
1675445535940 0.4718153178691864 0
1675445536125 0.47413939237594604 0
1675445536366 0.46954983472824097 0
1675445536611 0.4691777229309082 0
1675445536834 0.47184163331985474 0
1675445537086 0.46837544441223145 0
1675445537349 0.46847453713417053 0
1675445537551 0.4738326072692871 0
1675445537779 0.4721298813819885 0
1675445538000 0.47094619274139404 0
1675445538236 0.46793273091316223 0
1675445538520 0.4654580056667328 0
1675445538744 0.4677644968032837 0
1675445538950 0.47490501403808594 0
1675445539153 0.47298040986061096 0
1675445539388 0.46871083974838257 0
1675445539667 0.4613763391971588 0
1675445539888 0.46920058131217957 0
1675445540118 0.4685201644897461 0
1675445540326 0.47275328636169434 0
1675445540491 0.47610577940940857 0
1675445540686 0.47617676854133606 0
1675445540902 0.4694754481315613 0
1675445541156 0.4671037793159485 0
1675445541382 0.4704867899417877 0
1675445541667 0.4620993137359619 0
1675445541922 0.4640944302082062 0
1675445542136 0.4707637429237366 0
1675445542357 0.4697856903076172 0
1675445542569 0.47017624974250793 0
1675445542897 0.45739656686782837 0
1675445543196 0.46279847621917725 0
1675445543427 0.46741753816604614 0
1675445543648 0.4670131504535675 0
1675445543933 0.4664019048213959 0
1675445544156 0.46730488538742065 0
1675445544383 0.4683493673801422 0
1675445544630 0.4622715711593628 0
1675445544881 0.46835651993751526 0
1675445545141 0.4626650810241699 0
1675445545425 0.4626312255859375 0
1675445545637 0.4683566987514496 0
1675445545863 0.467661052942276 0
1675445546106 0.46555399894714355 0
1675445546318 0.4694540798664093 0
1675445546533 0.47010350227355957 0
1675445546781 0.46640855073928833 0
1675445547012 0.46779167652130127 0
1675445547260 0.46553948521614075 0
1675445549451 0.46656283736228943 0
1675445549676 0.4665798544883728 0
1675445549915 0.46177244186401367 0
1675445550156 0.46143168210983276 0
1675445550364 0.46633586287498474 0
1675445550609 0.4665771424770355 0
1675445550781 0.474593847990036 0
1675445551023 0.4632985293865204 0
1675445551241 0.4668773412704468 0
1675445551500 0.4663883447647095 0
1675445551738 0.46471327543258667 0
1675445552001 0.46524694561958313 0
1675445552211 0.46979308128356934 0
1675445552516 0.4566328823566437 0
1675445552788 0.4650404155254364 0
1675445552985 0.4678741991519928 0
1675445553218 0.4695792496204376 0
1675445553414 0.4686724841594696 0
1675445553633 0.46739909052848816 0
1675445553850 0.4648028612136841 0
1675445554048 0.46886637806892395 0
1675445554280 0.4661923944950104 0
1675445554609 0.458307147026062 0
1675445554812 0.4692859649658203 0
1675445555097 0.4596717059612274 0
1675445555272 0.4712061583995819 0
1675445555491 0.46801555156707764 0
1675445555729 0.4652324318885803 0
1675445555958 0.4657309353351593 0
1675445556239 0.46179017424583435 0
1675445556466 0.4635161757469177 0
1675445556686 0.4650600850582123 0
1675445556921 0.4639177918434143 0
1675445557159 0.46263596415519714 0
1675445557399 0.46107375621795654 0
1675445557602 0.4657789468765259 0
1675445557811 0.46755537390708923 0
1675445558062 0.4622296094894409 0
1675445558331 0.4635646641254425 0
1675445558551 0.4648953676223755 0
1675445558766 0.46540582180023193 0
1675445558967 0.4649619460105896 0
1675445559196 0.46125558018684387 0
1675445559458 0.46414855122566223 0
1675445559665 0.46763384342193604 0
1675445559885 0.46339431405067444 0
1675445560129 0.46577805280685425 0
1675445560389 0.45922479033470154 0
1675445560616 0.46085891127586365 0
1675445560873 0.46014484763145447 0
1675445561064 0.46673110127449036 0
1675445561283 0.4629785120487213 0
1675445561587 0.4561100900173187 0
1675445561837 0.4604603350162506 0
1675445562109 0.4585413336753845 0
1675445562321 0.4643971025943756 0
1675445562518 0.4671306014060974 0
1675445562732 0.4642658531665802 0
1675445562968 0.4615183472633362 0
1675445563236 0.4606472849845886 0
1675445563487 0.4598923623561859 0
1675445563727 0.45961982011795044 0
1675445563912 0.4692173898220062 0
1675445564134 0.46501341462135315 0
1675445564361 0.46396154165267944 0
1675445564608 0.45773518085479736 0
1675445564874 0.4566596746444702 0
1675445565121 0.45757392048835754 0
1675445565343 0.4617449641227722 0
1675445565563 0.46220988035202026 0
1675445565800 0.462002694606781 0
1675445566043 0.4602333605289459 0
1675445566297 0.45969563722610474 0
1675445566496 0.4643094837665558 0
1675445566661 0.4687351584434509 0
1675445566892 0.460260272026062 0
1675445567101 0.4632652699947357 0
1675445567353 0.45796847343444824 0
1675445567593 0.4607362151145935 0
1675445567868 0.4571484923362732 0
1675445568113 0.4590337872505188 0
1675445568342 0.4644942879676819 0
1675445568601 0.4573311507701874 0
1675445568853 0.4578305780887604 0
1675445569057 0.46355345845222473 0
1675445569259 0.46332085132598877 0
1675445569521 0.4597391188144684 0
1675445569772 0.4565834701061249 0
1675445570017 0.4596889317035675 0
1675445570288 0.4539872705936432 0
1675445570538 0.4569666087627411 0
1675445570755 0.4603673219680786 0
1675445570937 0.4667340815067291 0
1675445571178 0.4579983055591583 0
1675445571454 0.45869961380958557 0
1675445571691 0.45863041281700134 0
1675445571906 0.46207696199417114 0
1675445572162 0.457529217004776 0
1675445572421 0.45976847410202026 0
1675445572620 0.46611452102661133 0
1675445572806 0.4665749669075012 0
1675445573094 0.4532913565635681 0
1675445573306 0.46480509638786316 0
1675445573515 0.46204450726509094 0
1675445573725 0.46147236227989197 0
1675445573978 0.4561334252357483 0
1675445574231 0.45739129185676575 0
1675445574463 0.4597380459308624 0
1675445574711 0.4567791819572449 0
1675445574955 0.4590751826763153 0
1675445575185 0.45865410566329956 0
1675445575405 0.4609195291996002 0
1675445575678 0.4555564224720001 0
1675445575888 0.46029335260391235 0
1675445576094 0.4625932574272156 0
1675445576370 0.4558316469192505 0
1675445576590 0.45863789319992065 0
1675445576845 0.4582229256629944 0
1675445577060 0.46070632338523865 0
1675445577306 0.455440878868103 0
1675445577551 0.4560078978538513 0
1675445577811 0.4589405059814453 0
1675445578015 0.46341416239738464 0
1675445578238 0.4590947926044464 0
1675445578435 0.46184688806533813 0
1675445578619 0.46341532468795776 0
1675445578800 0.46660760045051575 0
1675445578993 0.4634189307689667 0
1675445579207 0.4623371660709381 0
1675445579415 0.45917218923568726 0
1675445579671 0.45861104130744934 0
1675445579975 0.4546399712562561 0
1675445580230 0.4598082900047302 0
1675445580478 0.4554867744445801 0
1675445580709 0.45730820298194885 0
1675445580977 0.45671457052230835 0
1675445581217 0.45567065477371216 0
1675445581460 0.45416584610939026 0
1675445581668 0.4585830271244049 0
1675445581933 0.4543790817260742 0
1675445582193 0.453293114900589 0
1675445582462 0.4540237486362457 0
1675445582692 0.4593248963356018 0
1675445583015 0.4535690248012543 0
1675445583256 0.45885008573532104 0
1675445583496 0.45732876658439636 0
1675445583768 0.4529382586479187 0
1675445584032 0.45644354820251465 0
1675445584281 0.45577019453048706 0
1675445584502 0.45887491106987 0
1675445584776 0.4537881910800934 0
1675445585003 0.4574258625507355 0
1675445585243 0.45703625679016113 0
1675445585480 0.45683199167251587 0
1675445585699 0.45877909660339355 0
1675445585949 0.4548124074935913 0
1675445586205 0.457943856716156 0
1675445588336 0.4617837071418762 0
1675445588568 0.45679208636283875 0
1675445588751 0.4645864963531494 0
1675445588959 0.4560677707195282 0
1675445589224 0.4520122706890106 0
1675445589483 0.45685020089149475 0
1675445589706 0.46005716919898987 0
1675445589972 0.4573533833026886 0
1675445590156 0.46152445673942566 0
1675445590434 0.4512057304382324 0
1675445590656 0.4551986753940582 0
1675445590934 0.4513823986053467 0
1675445591142 0.45759525895118713 0
1675445591343 0.462058961391449 0
1675445591598 0.45590144395828247 0
1675445591853 0.4546307623386383 0
1675445592109 0.45384249091148376 0
1675445592358 0.45426255464553833 0
1675445592583 0.4577353000640869 0
1675445592833 0.4549320936203003 0
1675445593076 0.45470553636550903 0
1675445593301 0.4564545452594757 0
1675445593531 0.45730119943618774 0
1675445593779 0.45494499802589417 0
1675445593987 0.45938557386398315 0
1675445594200 0.45852911472320557 0
1675445594464 0.4520792067050934 0
1675445594683 0.4572722613811493 0
1675445594917 0.45575979351997375 0
1675445595111 0.4607722759246826 0
1675445595371 0.4543675184249878 0
1675445595626 0.45606526732444763 0
1675445595880 0.45393696427345276 0
1675445596122 0.4532403349876404 0
1675445596349 0.45456379652023315 0
1675445596563 0.46134504675865173 0
1675445596795 0.4541868567466736 0
1675445597025 0.45698872208595276 0
1675445597225 0.458387553691864 0
1675445597432 0.4622376263141632 0
1675445597659 0.45498883724212646 0
1675445597886 0.45451998710632324 0
1675445598118 0.45702481269836426 0
1675445598348 0.4546239674091339 0
1675445598602 0.4558492600917816 0
1675445598820 0.45833727717399597 0
1675445599042 0.45731988549232483 0
1675445599299 0.4566929042339325 0
1675445599545 0.4536646902561188 0
1675445599759 0.4598979651927948 0
1675445600008 0.45162415504455566 0
1675445600247 0.4526689052581787 0
1675445600492 0.4559163451194763 0
1675445600703 0.4567829370498657 0
1675445600965 0.4519854784011841 0
1675445601174 0.4573584794998169 0
1675445601407 0.45437172055244446 0
1675445601636 0.4556707739830017 0
1675445601907 0.4513072073459625 0
1675445602146 0.4543125629425049 0
1675445602383 0.45221850275993347 0
1675445602573 0.4596267342567444 0
1675445602781 0.4580543339252472 0
1675445602991 0.45920372009277344 0
1675445603219 0.45622625946998596 0
1675445603444 0.45586010813713074 0
1675445603728 0.4501490592956543 0
1675445603959 0.4564398527145386 0
1675445604221 0.44978588819503784 0
1675445604456 0.45621412992477417 0
1675445604722 0.44934725761413574 0
1675445604895 0.4608926773071289 0
1675445605153 0.4479699730873108 0
1675445605444 0.4530346691608429 0
1675445605689 0.45113620162010193 0
1675445605898 0.458757609128952 0
1675445606163 0.45426174998283386 0
1675445606444 0.44997891783714294 0
1675445606672 0.454141765832901 0
1675445606868 0.45934978127479553 0
1675445607113 0.45792052149772644 0
1675445607328 0.4551736116409302 0
1675445607568 0.4519956707954407 0
1675445607849 0.453482061624527 0
1675445608104 0.45709484815597534 0
1675445608334 0.4549548327922821 0
1675445608547 0.45534899830818176 0
1675445608834 0.4456721246242523 0
1675445609034 0.4590742290019989 0
1675445609307 0.45157912373542786 0
1675445609536 0.4556765556335449 0
1675445609745 0.45531338453292847 0
1675445609925 0.46162140369415283 0
1675445610204 0.4475174844264984 0
1675445610457 0.4486120641231537 0
1675445610703 0.45394062995910645 0
1675445610989 0.450693279504776 0
1675445611227 0.45372042059898376 0
1675445611466 0.4522207975387573 0
1675445611714 0.4514240324497223 0
1675445611965 0.44828009605407715 0
1675445612170 0.4581160545349121 0
1675445612394 0.45273545384407043 0
1675445612626 0.45378410816192627 0
1675445612886 0.44919121265411377 0
1675445613181 0.4472586512565613 0
1675445613365 0.45989182591438293 0
1675445613605 0.4515317678451538 0
1675445613808 0.4554290175437927 0
1675445614020 0.45574942231178284 0
1675445614265 0.4523502588272095 0
1675445614514 0.4519749879837036 0
1675445614739 0.4526838958263397 0
1675445614998 0.45054924488067627 0
1675445615266 0.44569018483161926 0
1675445615453 0.4578811526298523 0
1675445615660 0.45602044463157654 0
1675445615908 0.4522547125816345 0
1675445616115 0.45400699973106384 0
1675445616313 0.45559871196746826 0
1675445616635 0.4465167820453644 0
1675445616818 0.45943745970726013 0
1675445617106 0.4459969103336334 0
1675445617352 0.4527049958705902 0
1675445617601 0.45256713032722473 0
1675445617825 0.453558087348938 0
1675445618024 0.4556163251399994 0
1675445618281 0.45284613966941833 0
1675445618467 0.4589082896709442 0
1675445618638 0.46003615856170654 0
1675445618880 0.4510170519351959 0
1675445619109 0.45520225167274475 0
1675445619308 0.4566597044467926 0
1675445619556 0.45127591490745544 0
1675445619745 0.457705557346344 0
1675445619971 0.45290693640708923 0
1675445620186 0.45536428689956665 0
1675445620421 0.45480576157569885 0
1675445620619 0.4561750292778015 0
1675445620875 0.4481159746646881 0
1675445621100 0.45454251766204834 0
1675445621315 0.4544696509838104 0
1675445621518 0.45664483308792114 0
1675445621728 0.4514921009540558 0
1675445621950 0.45486313104629517 0
1675445622188 0.4517865777015686 0
1675445622416 0.45198482275009155 0
1675445622646 0.4522877335548401 0
1675445622883 0.4484727084636688 0
1675445623126 0.4517052471637726 0
1675445623353 0.45359498262405396 0
1675445623594 0.44982001185417175 0
1675445623832 0.4524267017841339 0
1675445624079 0.4532485902309418 0
1675445624349 0.44827988743782043 0
1675445624533 0.459932804107666 0
1675445624747 0.4499807059764862 0
1675445626936 0.44342729449272156 0
1675445627158 0.4535578191280365 0
1675445627396 0.4516802430152893 0
1675445627660 0.4519859552383423 0
1675445627881 0.4520466923713684 0
1675445628086 0.4527626633644104 0
1675445628324 0.4510003328323364 0
1675445628558 0.45033615827560425 0
1675445628745 0.4565092623233795 0
1675445629004 0.44889968633651733 0
1675445629224 0.45156776905059814 0
1675445629489 0.45121029019355774 0
1675445629712 0.4530161917209625 0
1675445629915 0.4553663432598114 0
1675445630116 0.4539111256599426 0
1675445630356 0.44923505187034607 0
1675445630579 0.4517531394958496 0
1675445630820 0.45127564668655396 0
1675445631037 0.4527137875556946 0
1675445631276 0.4533960521221161 0
1675445631533 0.4476075768470764 0
1675445631809 0.4464782178401947 0
1675445632002 0.45298001170158386 0
1675445632205 0.45444872975349426 0
1675445632441 0.45066386461257935 0
1675445632654 0.4527631402015686 0
1675445632924 0.4498724937438965 0
1675445633135 0.4523542821407318 0
1675445633331 0.4574730694293976 0
1675445633579 0.4510880410671234 0
1675445633852 0.4471442997455597 0
1675445634060 0.45510339736938477 0
1675445634301 0.4496571123600006 0
1675445634602 0.44442451000213623 0
1675445634847 0.4491210877895355 0
1675445635066 0.45089948177337646 0
1675445635326 0.4496700167655945 0
1675445635585 0.45017221570014954 0
1675445635806 0.44923728704452515 0
1675445636016 0.45294418931007385 0
1675445636266 0.4502674639225006 0
1675445636496 0.4504031836986542 0
1675445636734 0.45239731669425964 0
1675445637057 0.4480595588684082 0
1675445637392 0.44614577293395996 0
1675445637673 0.4521278142929077 0
1675445637970 0.4495842754840851 0
1675445638214 0.4529910683631897 0
1675445638434 0.4527336359024048 0
1675445638643 0.4524550437927246 0
1675445638927 0.4450562298297882 0
1675445639118 0.45446398854255676 0
1675445639389 0.4445517659187317 0
1675445639593 0.4582701325416565 0
1675445639878 0.44287559390068054 0
1675445640131 0.44892585277557373 0
1675445640374 0.44896289706230164 0
1675445640634 0.447487473487854 0
1675445640841 0.45531603693962097 0
1675445641104 0.4489041566848755 0
1675445641359 0.4479964077472687 0
1675445641558 0.45855194330215454 0
1675445641783 0.4514049291610718 0
1675445642017 0.45425984263420105 0
1675445642214 0.45252367854118347 0
1675445642484 0.4445743262767792 0
1675445642689 0.4511682689189911 0
1675445642883 0.455044686794281 0
1675445643135 0.44914451241493225 0
1675445643368 0.44950881600379944 0
1675445643625 0.4521917998790741 0
1675445643858 0.4521231949329376 0
1675445644080 0.44940999150276184 0
1675445644290 0.4535900056362152 0
1675445644548 0.44575580954551697 0
1675445644780 0.45082610845565796 0
1675445645047 0.4460316598415375 0
1675445645277 0.4505917727947235 0
1675445645576 0.44455283880233765 0
1675445645816 0.44971007108688354 0
1675445646081 0.4499713182449341 0
1675445646361 0.4472208321094513 0
1675445646595 0.45357924699783325 0
1675445646852 0.4491773843765259 0
1675445647117 0.4446023106575012 0
1675445647325 0.45101189613342285 0
1675445647545 0.4483243227005005 0
1675445647766 0.45279085636138916 0
1675445647962 0.45341235399246216 0
1675445648216 0.4494365453720093 0
1675445648396 0.4574008882045746 0
1675445648602 0.45402270555496216 0
1675445648802 0.45530059933662415 0
1675445648995 0.4547557830810547 0
1675445649207 0.45172759890556335 0
1675445649436 0.4498797059059143 0
1675445649665 0.4543602168560028 0
1675445649856 0.45804980397224426 0
1675445650130 0.4464142620563507 0
1675445650333 0.4533526599407196 0
1675445650607 0.44483858346939087 0
1675445650887 0.4452425241470337 0
1675445651154 0.4477596580982208 0
1675445651333 0.4566221237182617 0
1675445651602 0.44618794322013855 0
1675445651794 0.45633038878440857 0
1675445652005 0.4517960846424103 0
1675445652305 0.443271666765213 0
1675445652553 0.44946303963661194 0
1675445652855 0.44394999742507935 0
1675445653058 0.4526357650756836 0
1675445653252 0.45422932505607605 0
1675445653442 0.45498454570770264 0
1675445653669 0.4489434063434601 0
1675445653901 0.45398831367492676 0
1675445654158 0.44493597745895386 0
1675445654435 0.4426089823246002 0
1675445654695 0.4473417103290558 0
1675445654977 0.4508792459964752 0
1675445655267 0.4453684687614441 0
1675445655500 0.45043301582336426 0
1675445655753 0.4442897439002991 0
1675445655986 0.4494117498397827 0
1675445656242 0.4450816810131073 0
1675445656501 0.44457536935806274 0
1675445656717 0.44904160499572754 0
1675445656987 0.4459928870201111 0
1675445657210 0.45018789172172546 0
1675445657420 0.45220375061035156 0
1675445657712 0.44664081931114197 0
1675445657929 0.44987380504608154 0
1675445658170 0.4491680860519409 0
1675445658397 0.4503037631511688 0
1675445658657 0.44550061225891113 0
1675445658898 0.4462786316871643 0
1675445659086 0.45442214608192444 0
1675445659280 0.4513777196407318 0
1675445659529 0.44601961970329285 0
1675445659799 0.44566819071769714 0
1675445660022 0.4515608847141266 0
1675445660251 0.44830214977264404 0
1675445660511 0.4466966390609741 0
1675445660711 0.45556190609931946 0
1675445660963 0.44719451665878296 0
1675445661174 0.45151638984680176 0
1675445661371 0.45355603098869324 0
1675445661574 0.4520137310028076 0
1675445661840 0.4444795250892639 0
1675445662091 0.44483429193496704 0
1675445662323 0.44925761222839355 0
1675445662520 0.45491379499435425 0
1675445662732 0.45069727301597595 0
1675445662969 0.4536588490009308 0
1675445663210 0.44617247581481934 0
1675445663445 0.4499143958091736 0
1675445663684 0.45007625222206116 0
1675445663930 0.44490373134613037 0
