1675875441426 0.25277072191238403 0
1675875441503 0.25241929292678833 0
1675875441581 0.2522079646587372 0
1675875441659 0.2518731355667114 0
1675875441736 0.25197091698646545 0
1675875441815 0.2518043518066406 0
1675875441891 0.25138312578201294 0
1675875441967 0.25090742111206055 0
1675875442049 0.2509174346923828 0
1675875442131 0.25035157799720764 0
1675875442214 0.2504045367240906 0
1675875442296 0.2503521740436554 0
1675875442379 0.25006309151649475 0
1675875442461 0.2500106394290924 0
1675875442543 0.24970610439777374 0
1675875442625 0.24932527542114258 0
1675875442707 0.24922814965248108 0
1675875442796 0.2490435093641281 0
1675875442879 0.2487785369157791 0
1675875442962 0.24882104992866516 0
1675875443044 0.24842935800552368 0
1675875443125 0.24863910675048828 0
1675875443208 0.24818460643291473 0
1675875443290 0.24782806634902954 0
1675875443371 0.24758294224739075 0
1675875443454 0.24748580157756805 0
1675875443536 0.24756358563899994 0
1675875443617 0.24736948311328888 0
1675875443692 0.24679027497768402 0
1675875443876 0.24666818976402283 0
1675875443958 0.2463497519493103 0
1675875444041 0.24652281403541565 0
1675875444123 0.2461291253566742 0
1675875444205 0.2463236153125763 0
1675875444286 0.2460027039051056 0
1675875444368 0.24548104405403137 0
1675875444450 0.24542111158370972 0
1675875444533 0.24506394565105438 0
1675875444614 0.24517841637134552 0
1675875444697 0.24505826830863953 0
1675875444778 0.24410149455070496 0
1675875444860 0.244740292429924 0
1675875444942 0.24453850090503693 0
1675875445026 0.2446366846561432 0
1675875445108 0.24415713548660278 0
1675875445193 0.24436989426612854 0
1675875445277 0.2442340850830078 0
1675875445361 0.2435244619846344 0
1675875445446 0.2434159368276596 0
1675875445529 0.24381442368030548 0
1675875445612 0.2421119064092636 0
1675875445695 0.24323385953903198 0
1675875445778 0.2432202249765396 0
1675875445869 0.2421862930059433 0
1675875445950 0.24191971123218536 0
1675875446033 0.24212630093097687 0
1675875446117 0.2427557110786438 0
1675875446192 0.24068814516067505 0
1675875446372 0.24127323925495148 0
1675875446453 0.24107374250888824 0
1675875446535 0.2413492649793625 0
1675875446616 0.24065841734409332 0
1675875446697 0.23965229094028473 0
1675875446779 0.24050849676132202 0
1675875446860 0.24029749631881714 0
1675875446941 0.2397862821817398 0
1675875447022 0.2394484132528305 0
1675875447104 0.24064718186855316 0
1675875447185 0.2395159900188446 0
1675875447266 0.24015329778194427 0
1675875447347 0.23914702236652374 0
1675875447429 0.23893119394779205 0
1675875447511 0.23946571350097656 0
1675875447592 0.23841913044452667 0
1675875447674 0.2383890300989151 0
1675875447754 0.23944903910160065 0
1675875447839 0.2386242002248764 0
1675875447920 0.2372979372739792 0
1675875448002 0.23907503485679626 0
1675875448084 0.2380548119544983 0
1675875448166 0.2395881861448288 0
1675875448248 0.23886561393737793 0
1675875448329 0.23834408819675446 0
1675875448412 0.23669448494911194 0
1675875448493 0.2370932698249817 0
1675875448574 0.23540884256362915 0
1675875448648 0.23683635890483856 0
1675875448830 0.2357344776391983 0
1675875448908 0.23712995648384094 0
1675875448984 0.23556099832057953 0
1675875449060 0.2361551821231842 0
1675875449135 0.23642368614673615 0
1675875449211 0.23671013116836548 0
1675875449286 0.23694302141666412 0
1675875449361 0.23316340148448944 0
1675875449438 0.2384243756532669 0
1675875449512 0.23447123169898987 0
1675875449590 0.2340935617685318 0
1675875449679 0.23438748717308044 0
1675875449756 0.23306426405906677 0
1675875449832 0.23341117799282074 0
1675875449916 0.23323717713356018 0
1675875450000 0.23503614962100983 0
1675875450086 0.23376864194869995 0
1675875450168 0.23064488172531128 0
1675875450250 0.23525944352149963 0
1675875450328 0.23283642530441284 0
1675875450404 0.23231585323810577 0
1675875450478 0.23487645387649536 0
1675875450553 0.23396340012550354 0
1675875450628 0.23205603659152985 0
1675875450703 0.23079659044742584 0
1675875450778 0.23422591388225555 0
1675875450853 0.2321331799030304 0
1675875450927 0.23086002469062805 0
1675875450996 0.23129655420780182 0
1675875451166 0.23224607110023499 0
1675875451242 0.22915448248386383 0
1675875451316 0.23143281042575836 0
1675875451391 0.23164518177509308 0
1675875451466 0.2307744175195694 0
1675875451541 0.22937270998954773 0
1675875451616 0.2320541888475418 0
1675875451691 0.2351509928703308 0
1675875451766 0.22713422775268555 0
1675875451841 0.23045143485069275 0
1675875451916 0.23034372925758362 0
1675875451991 0.2287987768650055 0
1675875452078 0.22999511659145355 0
1675875452159 0.2303611785173416 0
1675875452242 0.23065084218978882 0
1675875452324 0.22728100419044495 0
1675875452406 0.22771167755126953 0
1675875452487 0.22999237477779388 0
1675875452569 0.22778038680553436 0
1675875452650 0.2282971292734146 0
1675875452732 0.22723177075386047 0
1675875452812 0.22878065705299377 0
1675875452893 0.22681859135627747 0
1675875452976 0.2252006083726883 0
1675875453059 0.22582410275936127 0
1675875453142 0.23225443065166473 0
1675875453227 0.225162535905838 0
1675875453310 0.22752030193805695 0
1675875453386 0.2273242175579071 0
1675875453569 0.22972920536994934 0
1675875453654 0.22520028054714203 0
1675875453737 0.22501389682292938 0
1675875453820 0.22726179659366608 0
1675875453906 0.22458799183368683 0
1675875453987 0.22773565351963043 0
1675875454068 0.22591499984264374 0
1675875454148 0.2267187386751175 0
1675875454231 0.22703465819358826 0
1675875454320 0.22393439710140228 0
1675875454402 0.22499693930149078 0
1675875454483 0.22524592280387878 0
1675875454565 0.22606877982616425 0
1675875454646 0.22122682631015778 0
1675875454728 0.2256729155778885 0
1675875454810 0.22103551030158997 0
1675875454892 0.22729091346263885 0
1675875454973 0.2274448275566101 0
1675875455056 0.22086010873317719 0
1675875455137 0.2235722541809082 0
1675875455219 0.22371037304401398 0
1675875455301 0.2246975153684616 0
1675875455383 0.22207137942314148 0
1675875455464 0.2222946286201477 0
1675875455546 0.22035476565361023 0
1675875455626 0.2190917432308197 0
1675875455707 0.2247709184885025 0
1675875455788 0.22053022682666779 0
1675875455862 0.22202736139297485 0
1675875456042 0.21777726709842682 0
1675875456123 0.2178223878145218 0
1675875456204 0.22287635505199432 0
1675875456284 0.2210237830877304 0
1675875456365 0.21874533593654633 0
1675875456449 0.22187337279319763 0
1675875456531 0.22479285299777985 0
1675875456612 0.22075940668582916 0
1675875456694 0.2209075391292572 0
1675875456776 0.22198376059532166 0
1675875456861 0.22142550349235535 0
1675875456943 0.22265464067459106 0
1675875457025 0.21794582903385162 0
1675875457107 0.2196628600358963 0
1675875457189 0.21907076239585876 0
1675875457270 0.21681270003318787 0
1675875457352 0.21913239359855652 0
1675875457433 0.22096723318099976 0
1675875457515 0.21522527933120728 0
1675875457597 0.22065456211566925 0
1675875457679 0.2170802503824234 0
1675875457760 0.22002410888671875 0
1675875457843 0.22265908122062683 0
1675875457927 0.22153456509113312 0
1675875458009 0.2206336110830307 0
1675875458097 0.215729758143425 0
1675875458178 0.2156117558479309 0
1675875458261 0.21814009547233582 0
1675875458336 0.2124270349740982 0
1675875458519 0.21685609221458435 0
1675875458601 0.21464620530605316 0
1675875458683 0.21439972519874573 0
1675875458766 0.22038060426712036 0
1675875458849 0.2203049659729004 0
1675875458930 0.21957212686538696 0
1675875459012 0.2127974033355713 0
1675875459093 0.2144095003604889 0
1675875459177 0.2138187140226364 0
1675875459258 0.21763388812541962 0
1675875459343 0.2168271690607071 0
1675875459426 0.21529485285282135 0
1675875459508 0.21528840065002441 0
1675875459590 0.2113255113363266 0
1675875459671 0.21286852657794952 0
1675875459754 0.2148224413394928 0
1675875459836 0.21647708117961884 0
1675875459921 0.21011227369308472 0
1675875460007 0.212334543466568 0
1675875460088 0.21480269730091095 0
1675875460172 0.21847279369831085 0
1675875460256 0.21623198688030243 0
1675875460337 0.21356426179409027 0
1675875460419 0.21277880668640137 0
1675875460501 0.21618297696113586 0
1675875460582 0.21393972635269165 0
1675875460663 0.2086912989616394 0
1675875460743 0.2103981077671051 0
1675875460817 0.21243463456630707 0
1675875460997 0.2107858955860138 0
1675875461077 0.21281132102012634 0
1675875461158 0.2131165862083435 0
1675875461240 0.21295246481895447 0
1675875461323 0.21035927534103394 0
1675875461405 0.2081969678401947 0
1675875461489 0.20941445231437683 0
1675875461572 0.21426798403263092 0
1675875461656 0.2130570262670517 0
1675875461737 0.2081032395362854 0
1675875461819 0.20902027189731598 0
1675875461900 0.2132798284292221 0
1675875461989 0.21321143209934235 0
1675875462073 0.2060784250497818 0
1675875462155 0.20613358914852142 0
1675875462239 0.21239148080348969 0
1675875462324 0.20824041962623596 0
1675875462405 0.20442475378513336 0
1675875462487 0.21014417707920074 0
1675875462567 0.21222223341464996 0
1675875462649 0.20690380036830902 0
1675875462730 0.21006269752979279 0
1675875462811 0.20963434875011444 0
1675875462893 0.20941972732543945 0
1675875462975 0.20678533613681793 0
1675875463056 0.20776189863681793 0
1675875463138 0.21102787554264069 0
1675875463218 0.20738236606121063 0
1675875463292 0.21335802972316742 0
1675875463475 0.20506273210048676 0
1675875463556 0.20489612221717834 0
1675875463637 0.20180657505989075 0
1675875463718 0.20076309144496918 0
1675875463800 0.2196393609046936 0
1675875463881 0.20437102019786835 0
1675875463963 0.2079961895942688 0
1675875464047 0.21159006655216217 0
1675875464129 0.200739324092865 0
1675875464213 0.20415647327899933 0
1675875464294 0.20652484893798828 0
1675875464375 0.21054722368717194 0
1675875464456 0.20543180406093597 0
1675875464538 0.20474457740783691 0
1675875464620 0.20916494727134705 0
1675875464700 0.20183870196342468 0
1675875464782 0.20041914284229279 0
1675875464863 0.2032444030046463 0
1675875464945 0.20248804986476898 0
1675875465026 0.20726990699768066 0
1675875465110 0.2022758424282074 0
1675875465191 0.20523770153522491 0
1675875465272 0.2089250236749649 0
1675875465353 0.20788779854774475 0
1675875465434 0.2026679813861847 0
1675875465516 0.2045983523130417 0
1675875465598 0.21052952110767365 0
1675875465679 0.19371157884597778 0
1675875465754 0.20535025000572205 0
1675875465938 0.19532251358032227 0
1675875466021 0.20649868249893188 0
1675875466103 0.19865736365318298 0
1675875466185 0.19037894904613495 0
1675875466267 0.2039560228586197 0
1675875466349 0.20190128684043884 0
1675875466430 0.20282068848609924 0
1675875466513 0.20489390194416046 0
1675875466595 0.2037253975868225 0
1675875466677 0.20471666753292084 0
1675875466759 0.19176359474658966 0
1675875466841 0.20507165789604187 0
1675875466923 0.20618145167827606 0
1675875467005 0.1912798285484314 0
1675875467087 0.21394462883472443 0
1675875467168 0.20511214435100555 0
1675875467250 0.2044599950313568 0
1675875467331 0.199880912899971 0
1675875467414 0.20589661598205566 0
1675875467496 0.20433320105075836 0
1675875467578 0.19999374449253082 0
1675875467660 0.19934159517288208 0
1675875467742 0.19309955835342407 0
1675875467823 0.1934850662946701 0
1675875467905 0.20102949440479279 0
1675875467988 0.19502736628055573 0
1675875468071 0.19660523533821106 0
1675875468159 0.19652466475963593 0
1675875468234 0.20545010268688202 0
1675875468419 0.19614523649215698 0
1675875468503 0.19390767812728882 0
1675875468584 0.1988145262002945 0
1675875468665 0.1936313956975937 0
1675875468747 0.20742535591125488 0
1675875468829 0.19853228330612183 0
1675875468911 0.20067694783210754 0
1675875468994 0.19246630370616913 0
1675875469076 0.1941831409931183 0
1675875469157 0.1919250190258026 0
1675875469238 0.20086254179477692 0
1675875469320 0.20420724153518677 0
1675875469402 0.2015530914068222 0
1675875469486 0.20439927279949188 0
1675875469568 0.1995857059955597 0
1675875469650 0.19596640765666962 0
1675875469731 0.1985744684934616 0
1675875469812 0.18666429817676544 0
1675875469895 0.19967328011989594 0
1675875469977 0.1994456946849823 0
1675875470059 0.19333146512508392 0
1675875470140 0.1886843591928482 0
1675875470221 0.18975462019443512 0
1675875470303 0.20278041064739227 0
1675875470384 0.1913183033466339 0
1675875470466 0.18622861802577972 0
1675875470549 0.1856955885887146 0
1675875470630 0.19291213154792786 0
1675875470705 0.20421837270259857 0
1675875470891 0.19210872054100037 0
1675875470974 0.18842078745365143 0
1675875471056 0.18507671356201172 0
1675875471136 0.201439768075943 0
1675875471219 0.18647292256355286 0
1675875471303 0.1951429843902588 0
1675875471387 0.19120563566684723 0
1675875471471 0.1882021576166153 0
1675875471554 0.20088252425193787 0
1675875471637 0.18605531752109528 0
1675875471720 0.19119921326637268 0
1675875471803 0.1943356990814209 0
1675875471887 0.19176378846168518 0
1675875471971 0.19716452062129974 0
1675875472054 0.19307754933834076 0
1675875472138 0.20061621069908142 0
1675875472221 0.18627001345157623 0
1675875472305 0.18247590959072113 0
1675875472389 0.204273521900177 0
1675875472472 0.19175413250923157 0
1675875472556 0.2001601904630661 0
1675875472640 0.19397832453250885 0
1675875472726 0.1880311220884323 0
1675875472811 0.18220902979373932 0
1675875472895 0.1845100373029709 0
1675875472979 0.19518089294433594 0
1675875473063 0.19743578135967255 0
1675875473146 0.18722523748874664 0
1675875473223 0.19536809623241425 0
1675875473407 0.19639945030212402 0
1675875473489 0.1987297683954239 0
1675875473570 0.1921631395816803 0
1675875473650 0.1926807016134262 0
1675875473731 0.2058236449956894 0
1675875473811 0.1878088414669037 0
1675875473893 0.1980828195810318 0
1675875473972 0.17972026765346527 0
1675875474053 0.1761082261800766 0
1675875474134 0.17899122834205627 0
1675875474215 0.18132919073104858 0
1675875474295 0.20391812920570374 0
1675875474376 0.18201224505901337 0
1675875474456 0.17378950119018555 0
1675875474537 0.1827862411737442 0
1675875474617 0.194511279463768 0
1675875474698 0.19412517547607422 0
1675875474780 0.1948048174381256 0
1675875474861 0.19288215041160583 0
1675875474941 0.18553973734378815 0
1675875475022 0.18955594301223755 0
1675875475102 0.18013930320739746 0
1675875475183 0.17793387174606323 0
1675875475263 0.17836640775203705 0
1675875475344 0.17541565001010895 0
1675875475424 0.19452053308486938 0
1675875475505 0.19759003818035126 0
1675875475585 0.18842259049415588 0
1675875475657 0.18566273152828217 0
1675875475826 0.1932847797870636 0
1675875475902 0.19056817889213562 0
1675875475977 0.198679581284523 0
1675875476052 0.17130360007286072 0
1675875476128 0.17835190892219543 0
1675875476202 0.18890699744224548 0
1675875476278 0.19392266869544983 0
1675875476354 0.18443098664283752 0
1675875476429 0.1873251050710678 0
1675875476504 0.1849682778120041 0
1675875476579 0.18561890721321106 0
1675875476653 0.19322194159030914 0
1675875476729 0.17682169377803802 0
1675875476803 0.18553142249584198 0
1675875476878 0.18150369822978973 0
1675875476953 0.17780464887619019 0
1675875477029 0.1944146305322647 0
1675875477105 0.20061784982681274 0
1675875477179 0.1770804226398468 0
1675875477254 0.1793460249900818 0
1675875477329 0.17569510638713837 0
1675875477405 0.17958293855190277 0
1675875477483 0.17314761877059937 0
1675875477564 0.1862836331129074 0
1675875477644 0.18521374464035034 0
1675875477725 0.17081886529922485 0
1675875477805 0.18912436068058014 0
1675875477886 0.1867343932390213 0
1675875477959 0.1907682865858078 0
1675875478138 0.170706108212471 0
1675875478213 0.19616732001304626 0
1675875478289 0.17876678705215454 0
1675875478363 0.18078754842281342 0
1675875478441 0.19028685986995697 0
1675875478519 0.18768742680549622 0
1675875478596 0.17413635551929474 0
1675875478671 0.18268781900405884 0
1675875478746 0.19447356462478638 0
1675875478823 0.18804343044757843 0
1675875478899 0.1890375167131424 0
1675875478975 0.17982079088687897 0
1675875479051 0.17940698564052582 0
1675875479126 0.18302568793296814 0
1675875479201 0.16639932990074158 0
1675875479276 0.18266288936138153 0
1675875479353 0.19074241816997528 0
1675875479428 0.17791835963726044 0
1675875479504 0.17807085812091827 0
1675875479579 0.1866639405488968 0
1675875479660 0.18049781024456024 0
1675875479746 0.186521515250206 0
1675875479828 0.17051993310451508 0
1675875479910 0.1774735450744629 0
1675875479992 0.18178896605968475 0
1675875480074 0.17394627630710602 0
1675875480157 0.17558521032333374 0
1675875480239 0.1873777061700821 0
1675875480314 0.18229037523269653 0
1675875480498 0.18964703381061554 0
1675875480579 0.18620885908603668 0
1675875480660 0.18194621801376343 0
1675875480742 0.18371424078941345 0
1675875480823 0.18052850663661957 0
1675875480904 0.1731584221124649 0
1675875480986 0.17061462998390198 0
1675875481068 0.17105580866336823 0
1675875481150 0.17137151956558228 0
1675875481232 0.17106887698173523 0
1675875481313 0.18343807756900787 0
1675875481395 0.1707635521888733 0
1675875481480 0.17772391438484192 0
1675875481564 0.17168006300926208 0
1675875481646 0.17222632467746735 0
1675875481728 0.17170654237270355 0
1675875481811 0.1768086552619934 0
1675875481890 0.1916736662387848 0
1675875481968 0.1740063577890396 0
1675875482044 0.18854676187038422 0
1675875482119 0.1801738142967224 0
1675875482195 0.1780874878168106 0
1675875482272 0.19238832592964172 0
1675875482348 0.1690162718296051 0
1675875482422 0.1916244775056839 0
1675875482497 0.18813484907150269 0
1675875482572 0.18565788865089417 0
1675875482646 0.18241922557353973 0
1675875482714 0.17414383590221405 0
1675875482884 0.18520377576351166 0
1675875482959 0.18269816040992737 0
1675875483036 0.17567144334316254 0
1675875483111 0.18440218269824982 0
1675875483186 0.18138696253299713 0
1675875483260 0.17655739188194275 0
1675875483336 0.1859605759382248 0
1675875483411 0.18766175210475922 0
1675875483488 0.1829342544078827 0
1675875483562 0.17675574123859406 0
1675875483639 0.17986196279525757 0
1675875483716 0.19041089713573456 0
1675875483796 0.1718330830335617 0
1675875483878 0.17535866796970367 0
1675875483961 0.16928908228874207 0
1675875484043 0.15431752800941467 0
1675875484125 0.17821702361106873 0
1675875484207 0.17772647738456726 0
1675875484289 0.16525784134864807 0
1675875484370 0.17438165843486786 0
1675875484452 0.18491366505622864 0
1675875484530 0.17395760118961334 0
1675875484605 0.16963614523410797 0
1675875484681 0.18486808240413666 0
1675875484756 0.16906289756298065 0
1675875484830 0.17094768583774567 0
1675875484904 0.1835038959980011 0
1675875484979 0.17102429270744324 0
1675875485048 0.17642271518707275 0
1675875485218 0.16856977343559265 0
1675875485293 0.1731898933649063 0
1675875485368 0.17166446149349213 0
1675875485443 0.18390187621116638 0
1675875485519 0.18567952513694763 0
1675875485595 0.1669905185699463 0
1675875485671 0.1738973706960678 0
1675875485747 0.1940610706806183 0
1675875485823 0.18073825538158417 0
1675875485898 0.16835205256938934 0
1675875485975 0.17389605939388275 0
1675875486049 0.19027726352214813 0
1675875486125 0.17547348141670227 0
1675875486199 0.17946487665176392 0
1675875486275 0.17927362024784088 0
1675875486350 0.1674174666404724 0
1675875486424 0.16976842284202576 0
1675875486499 0.18259716033935547 0
1675875486576 0.17813976109027863 0
1675875486650 0.1596272736787796 0
1675875486725 0.15859584510326385 0
1675875486799 0.18132716417312622 0
1675875486878 0.1660895049571991 0
1675875486959 0.19417282938957214 0
1675875487053 0.1628308892250061 0
1675875487134 0.18947425484657288 0
1675875487216 0.18259449303150177 0
1675875487298 0.16326090693473816 0
1675875487372 0.17067742347717285 0
1675875487552 0.17405816912651062 0
1675875487634 0.18810103833675385 0
1675875487715 0.1758379489183426 0
1675875487796 0.1732700914144516 0
1675875487877 0.17899711430072784 0
1675875487958 0.17926307022571564 0
1675875488041 0.17731107771396637 0
1675875488122 0.1512414813041687 0
1675875488204 0.18793494999408722 0
1675875488288 0.1693306416273117 0
1675875488369 0.18364596366882324 0
1675875488451 0.17440256476402283 0
1675875488533 0.1557479202747345 0
1675875488615 0.18538683652877808 0
1675875488697 0.17537444829940796 0
1675875488778 0.18787550926208496 0
1675875488861 0.17610104382038116 0
1675875488942 0.19263753294944763 0
1675875489024 0.1902226060628891 0
1675875489105 0.16802062094211578 0
1675875489187 0.16618654131889343 0
1675875489268 0.1635335236787796 0
1675875489351 0.16990582644939423 0
1675875489432 0.18389493227005005 0
1675875489515 0.17276662588119507 0
1675875489597 0.1596483737230301 0
1675875489678 0.1552506536245346 0
1675875489759 0.1573185920715332 0
1675875489834 0.1837087720632553 0
1675875490015 0.1712765395641327 0
1675875490096 0.15813685953617096 0
1675875490177 0.1602068990468979 0
1675875490260 0.17791493237018585 0
1675875490342 0.17693567276000977 0
1675875490423 0.17859645187854767 0
1675875490504 0.17585352063179016 0
1675875490586 0.16380338370800018 0
1675875490667 0.18805113434791565 0
1675875490751 0.18452444672584534 0
1675875490835 0.1660393327474594 0
1675875490916 0.16926591098308563 0
1675875490998 0.1781378537416458 0
1675875491080 0.14886635541915894 0
1675875491162 0.18476085364818573 0
1675875491243 0.18194285035133362 0
1675875491324 0.18679001927375793 0
1675875491405 0.1702258437871933 0
1675875491488 0.19376911222934723 0
1675875491568 0.18100768327713013 0
1675875491650 0.16977347433567047 0
1675875491732 0.16422265768051147 0
1675875491813 0.16993732750415802 0
1675875491895 0.1758400797843933 0
1675875491976 0.17980781197547913 0
1675875492057 0.18719792366027832 0
1675875492139 0.1764383167028427 0
1675875492221 0.15950222313404083 0
1675875492296 0.14469251036643982 0
1675875492478 0.16200360655784607 0
1675875492559 0.1819118708372116 0
1675875492642 0.17500311136245728 0
1675875492724 0.17252302169799805 0
1675875492806 0.15873213112354279 0
1675875492887 0.1647401601076126 0
1675875492969 0.17911209166049957 0
1675875493051 0.1882612258195877 0
1675875493133 0.159970223903656 0
1675875493215 0.19896052777767181 0
1675875493297 0.186122328042984 0
1675875493379 0.1655259132385254 0
1675875493458 0.16231080889701843 0
1675875493535 0.17458797991275787 0
1675875493610 0.1758260428905487 0
1675875493686 0.15859031677246094 0
1675875493761 0.16858014464378357 0
1675875493837 0.17238053679466248 0
1675875493912 0.18704573810100555 0
1675875493987 0.18890009820461273 0
1675875494063 0.16470052301883698 0
1675875494137 0.15905539691448212 0
1675875494214 0.17119507491588593 0
1675875494291 0.1728145033121109 0
1675875494367 0.15404139459133148 0
1675875494441 0.16433009505271912 0
1675875494518 0.1883825808763504 0
1675875494592 0.18324515223503113 0
1675875494661 0.1667041778564453 0
1675875494832 0.1669468879699707 0
1675875494907 0.16554242372512817 0
1675875494983 0.19009612500667572 0
1675875495058 0.16542720794677734 0
1675875495133 0.1504340022802353 0
1675875495209 0.15634821355342865 0
1675875495284 0.1853802353143692 0
1675875495358 0.17382121086120605 0
1675875495433 0.16944099962711334 0
1675875495508 0.1773923933506012 0
1675875495583 0.17105799913406372 0
1675875495658 0.17737160623073578 0
1675875495733 0.1738840788602829 0
1675875495807 0.18089541792869568 0
1675875495881 0.18110042810440063 0
1675875495956 0.17467212677001953 0
1675875496032 0.1782553344964981 0
1675875496109 0.1729154884815216 0
1675875496185 0.16551168262958527 0
1675875496261 0.1510731279850006 0
1675875496338 0.18241360783576965 0
1675875496413 0.15576554834842682 0
1675875496491 0.16405144333839417 0
1675875496567 0.17154593765735626 0
1675875496643 0.15938514471054077 0
1675875496718 0.17972856760025024 0
1675875496795 0.1883956640958786 0
1675875496871 0.17781813442707062 0
1675875496940 0.18608838319778442 0
1675875497117 0.1455359160900116 0
1675875497194 0.1668931096792221 0
1675875497269 0.15979313850402832 0
1675875497346 0.16264373064041138 0
1675875497430 0.1940363496541977 0
1675875497514 0.18208786845207214 0
1675875497598 0.17101499438285828 0
1675875497681 0.15638764202594757 0
1675875497765 0.1721033751964569 0
1675875497847 0.188862144947052 0
1675875497929 0.16197673976421356 0
1675875498011 0.19092194736003876 0
1675875498093 0.17242754995822906 0
1675875498176 0.17745202779769897 0
1675875498258 0.175294429063797 0
1675875498339 0.17320965230464935 0
1675875498421 0.16872192919254303 0
1675875498502 0.16227419674396515 0
1675875498584 0.18389903008937836 0
1675875498665 0.171815425157547 0
1675875498747 0.17039884626865387 0
1675875498828 0.17985986173152924 0
1675875498910 0.17149275541305542 0
1675875498991 0.1959906965494156 0
1675875499072 0.13639849424362183 0
1675875499153 0.17527225613594055 0
1675875499235 0.1826528012752533 0
1675875499316 0.1582687944173813 0
1675875499390 0.1718626618385315 0
1675875499573 0.16074928641319275 0
1675875499655 0.1873815953731537 0
1675875499736 0.17589707672595978 0
1675875499818 0.17214219272136688 0
1675875499901 0.16599436104297638 0
1675875499982 0.1698685735464096 0
1675875500064 0.16570092737674713 0
1675875500146 0.15520654618740082 0
1675875500227 0.16417893767356873 0
1675875500309 0.1855885535478592 0
1675875500397 0.19075676798820496 0
1675875500474 0.1615302711725235 0
1675875500549 0.15343986451625824 0
1675875500625 0.167106494307518 0
1675875500699 0.164632186293602 0
1675875500774 0.1650353968143463 0
1675875500849 0.18641431629657745 0
1675875500923 0.18633121252059937 0
1675875500998 0.1693042665719986 0
1675875501073 0.17942030727863312 0
1675875501148 0.1810416877269745 0
1675875501222 0.18786819279193878 0
1675875501297 0.17072919011116028 0
1675875501371 0.1629202961921692 0
1675875501446 0.1867104321718216 0
1675875501521 0.16560755670070648 0
1675875501596 0.1790776550769806 0
1675875501671 0.14613942801952362 0
1675875501740 0.16315020620822906 0
1675875501910 0.17373892664909363 0
1675875501985 0.17794227600097656 0
1675875502061 0.15109160542488098 0
1675875502136 0.1729700118303299 0
1675875502211 0.17933672666549683 0
1675875502286 0.17269055545330048 0
1675875502362 0.16694669425487518 0
1675875502439 0.15766851603984833 0
1675875502514 0.17922483384609222 0
1675875502588 0.16803187131881714 0
1675875502664 0.16425608098506927 0
1675875502738 0.1716521680355072 0
1675875502812 0.17429251968860626 0
1675875502887 0.1890275627374649 0
1675875502969 0.15494723618030548 0
1675875503045 0.18160445988178253 0
1675875503122 0.16238819062709808 0
1675875503198 0.16033847630023956 0
1675875503274 0.16360431909561157 0
1675875503350 0.1996106505393982 0
1675875503427 0.16998635232448578 0
1675875503503 0.1794508546590805 0
1675875503578 0.17190590500831604 0
1675875503653 0.16870541870594025 0
1675875503729 0.186598539352417 0
1675875503805 0.17546342313289642 0
1675875503880 0.15808768570423126 0
1675875503956 0.16011233627796173 0
1675875504027 0.17350994050502777 0
1675875504204 0.16599957644939423 0
1675875504281 0.15703164041042328 0
1675875504358 0.17351169884204865 0
1675875504441 0.1708957701921463 0
1675875504518 0.16872438788414001 0
1675875504593 0.19327054917812347 0
1675875504668 0.15690143406391144 0
1675875504742 0.16420993208885193 0
1675875504817 0.1843874603509903 0
1675875504891 0.1656617820262909 0
1675875504966 0.17954501509666443 0
1675875505042 0.17448680102825165 0
1675875505118 0.16779150068759918 0
1675875505193 0.1645779013633728 0
1675875505268 0.18225997686386108 0
1675875505342 0.1703481376171112 0
1675875505417 0.19341689348220825 0
1675875505498 0.16880440711975098 0
1675875505579 0.1887408345937729 0
1675875505660 0.1793038547039032 0
1675875505740 0.1847517043352127 0
1675875505821 0.18515758216381073 0
1675875505902 0.17524123191833496 0
1675875505982 0.15961450338363647 0
1675875506063 0.15276989340782166 0
1675875506143 0.1525021642446518 0
1675875506223 0.15745021402835846 0
1675875506304 0.16538196802139282 0
1675875506377 0.15538901090621948 0
1675875506556 0.1431608498096466 0
1675875506636 0.1676732748746872 0
1675875506717 0.17682449519634247 0
1675875506798 0.17659686505794525 0
1675875506879 0.17417043447494507 0
1675875506960 0.17147108912467957 0
1675875507042 0.1859309822320938 0
1675875507123 0.1521657556295395 0
1675875507204 0.18693318963050842 0
1675875507285 0.1947091966867447 0
1675875507366 0.18510358035564423 0
1675875507447 0.1633114218711853 0
1675875507528 0.13852450251579285 0
1675875507609 0.17613451182842255 0
1675875507690 0.17926262319087982 0
1675875507771 0.18364647030830383 0
1675875507852 0.18474741280078888 0
1675875507933 0.18492087721824646 0
1675875508015 0.16788217425346375 0
1675875508096 0.1594904363155365 0
1675875508178 0.1605500876903534 0
1675875508259 0.17742805182933807 0
1675875508341 0.1789996325969696 0
1675875508422 0.16135956346988678 0
1675875508504 0.15178214013576508 0
1675875508586 0.1552956998348236 0
1675875508668 0.16609621047973633 0
1675875508750 0.16293048858642578 0
1675875508826 0.19302856922149658 0
1675875509018 0.17351651191711426 0
1675875509101 0.20472301542758942 0
1675875509182 0.14981886744499207 0
1675875509263 0.15957100689411163 0
1675875509345 0.18374395370483398 0
1675875509426 0.15745769441127777 0
1675875509507 0.1679118275642395 0
1675875509588 0.15518461167812347 0
1675875509669 0.1561414897441864 0
1675875509758 0.16025468707084656 0
1675875509840 0.17739726603031158 0
1675875509921 0.1899133026599884 0
1675875510002 0.17198966443538666 0
1675875510084 0.16965875029563904 0
1675875510166 0.1714879721403122 0
1675875510248 0.1770215630531311 0
1675875510332 0.15451470017433167 0
1675875510415 0.18587550520896912 0
1675875510497 0.17457956075668335 0
1675875510578 0.16356529295444489 0
1675875510659 0.1745595633983612 0
1675875510740 0.1806654930114746 0
1675875510824 0.2004440575838089 0
1675875510907 0.15690496563911438 0
1675875510989 0.16887584328651428 0
1675875511070 0.16138321161270142 0
1675875511150 0.18817786872386932 0
1675875511229 0.15557827055454254 0
1675875511300 0.16241973638534546 0
1675875511478 0.17988280951976776 0
1675875511554 0.20126433670520782 0
1675875511630 0.16574417054653168 0
1675875511706 0.1809389740228653 0
1675875511782 0.14653386175632477 0
1675875511858 0.1652723252773285 0
1675875511935 0.15584026277065277 0
1675875512012 0.14450816810131073 0
1675875512089 0.14607957005500793 0
1675875512164 0.16446572542190552 0
1675875512240 0.18083836138248444 0
1675875512315 0.1764444261789322 0
1675875512391 0.15356950461864471 0
1675875512468 0.16778138279914856 0
1675875512546 0.1901806890964508 0
1675875512622 0.1830998808145523 0
1675875512699 0.18203559517860413 0
1675875512775 0.17283548414707184 0
1675875512851 0.17631419003009796 0
1675875512926 0.1760593205690384 0
1675875513003 0.17346978187561035 0
1675875513079 0.16227738559246063 0
1675875513156 0.1569182276725769 0
1675875513236 0.14367376267910004 0
1675875513312 0.19608210027217865 0
1675875513387 0.18197105824947357 0
1675875513463 0.1889369636774063 0
1675875513537 0.17340092360973358 0
1675875513607 0.1655176877975464 0
1675875513785 0.18407103419303894 0
1675875513862 0.16812656819820404 0
1675875513938 0.15558287501335144 0
1675875514015 0.1696418970823288 0
1675875514091 0.17753039300441742 0
1675875514166 0.16303887963294983 0
1675875514241 0.15865500271320343 0
1675875514315 0.17365169525146484 0
1675875514390 0.1720268577337265 0
1675875514468 0.1485888510942459 0
1675875514554 0.17224860191345215 0
1675875514636 0.15826721489429474 0
1675875514718 0.15048789978027344 0
1675875514799 0.1791365146636963 0
1675875514881 0.18143299221992493 0
1675875514962 0.18768538534641266 0
1675875515043 0.16502363979816437 0
1675875515124 0.16176313161849976 0
1675875515204 0.18411628901958466 0
1675875515285 0.1741919070482254 0
1675875515367 0.15638238191604614 0
1675875515448 0.20124393701553345 0
1675875515529 0.15792898833751678 0
1675875515610 0.17529422044754028 0
1675875515691 0.17885176837444305 0
1675875515772 0.18782977759838104 0
1675875515854 0.16384628415107727 0
1675875515935 0.17277804017066956 0
1675875516009 0.17188875377178192 0
1675875516189 0.1858173906803131 0
1675875516269 0.17216619849205017 0
1675875516351 0.1728059947490692 0
1675875516431 0.15944133698940277 0
1675875516512 0.1623615175485611 0
1675875516595 0.15041488409042358 0
1675875516677 0.15336570143699646 0
1675875516758 0.1572122871875763 0
1675875516841 0.16488800942897797 0
1675875516923 0.17658731341362 0
1675875517005 0.1813364326953888 0
1675875517087 0.17507730424404144 0
1675875517169 0.15601380169391632 0
1675875517251 0.19334787130355835 0
1675875517333 0.16799093782901764 0
1675875517414 0.18949593603610992 0
1675875517496 0.17027166485786438 0
1675875517577 0.18538755178451538 0
1675875517658 0.1562322974205017 0
1675875517739 0.1596519947052002 0
1675875517821 0.16888467967510223 0
1675875517902 0.18503743410110474 0
1675875517983 0.16422827541828156 0
1675875518065 0.17663799226284027 0
1675875518147 0.16075187921524048 0
1675875518228 0.17074312269687653 0
1675875518309 0.1772581785917282 0
1675875518391 0.18640325963497162 0
1675875518468 0.17018164694309235 0
1675875518654 0.18013827502727509 0
1675875518737 0.1695958971977234 0
1675875518818 0.1820957213640213 0
1675875518903 0.14844448864459991 0
1675875518985 0.18842945992946625 0
1675875519066 0.19602146744728088 0
1675875519147 0.17474989593029022 0
1675875519228 0.15816830098628998 0
1675875519309 0.18106597661972046 0
1675875519391 0.15866850316524506 0
1675875519472 0.15204539895057678 0
1675875519553 0.1617719978094101 0
1675875519635 0.18077491223812103 0
1675875519716 0.16748054325580597 0
1675875519797 0.1836385428905487 0
1675875519878 0.17770181596279144 0
1675875519960 0.1585472673177719 0
1675875520041 0.15645474195480347 0
1675875520123 0.1589188426733017 0
1675875520203 0.16827750205993652 0
1675875520284 0.16546133160591125 0
1675875520364 0.17233845591545105 0
1675875520445 0.1779879480600357 0
1675875520526 0.1516154408454895 0
1675875520608 0.17491565644741058 0
1675875520689 0.17864219844341278 0
1675875520770 0.17965395748615265 0
1675875520851 0.15983732044696808 0
1675875520924 0.1882200539112091 0
