1675872781790 0.017298147082328796 0
1675872782483 0.6511694431304932 40
1675872783120 1.0428529739379884 80
1675872783800 0.6311259746551514 120
1675872784443 0.6594100952148437 160
1675872785109 0.6645755290985107 200
1675872785776 0.6620402336120605 240
1675872786440 0.6658999919891357 280
1675872787061 0.6592204570770264 320
1675872787703 0.6499281883239746 360
1675872788372 0.6379715442657471 400
1675872789016 0.6055651187896729 440
1675872789643 0.6207089900970459 480
1675872790281 0.6084444046020507 520
1675872790917 0.5801813125610351 560
1675872791551 0.6048457622528076 600
1675872792190 0.600557279586792 640
1675872792840 0.5885554313659668 680
1675872793480 0.5979566097259521 720
1675872794129 0.6069191455841064 760
1675872794791 0.5975858688354492 800
1675872795454 0.6067078113555908 840
1675872796101 0.6191839218139649 880
1675872796778 0.600918960571289 920
1675872797450 0.600964879989624 960
1675872798081 0.6039942264556885 1000
1675872798715 0.6086979866027832 1040
1675872799377 0.6069759368896485 1080
1675872800036 0.6010250091552735 1120
1675872800690 0.5722350120544434 1160
1675872801341 0.5961845397949219 1200
1675872801992 0.610108470916748 1240
1675872802673 0.6188836574554444 1280
1675872803313 0.5819669246673584 1320
1675872803979 0.6055723190307617 1360
1675872804656 0.595913314819336 1400
1675872805291 0.608829927444458 1440
1675872805938 0.6022724151611328 1480
1675872806572 0.6017687797546387 1520
1675872807226 0.5871426105499268 1560
1675872807888 0.6087598323822021 1600
1675872808637 0.6140565872192383 1640
1675872809399 0.6176547527313232 1680
1675872810058 0.607903242111206 1720
1675872810715 0.6089086055755615 1760
1675872811332 0.6140642166137695 1800
1675872811963 0.594438123703003 1840
1675872812593 0.6107760429382324 1880
1675872813217 0.6023190021514893 1920
1675872813865 0.6180443286895752 1960
1675872814516 0.6112477779388428 2000
1675872815150 0.5811263084411621 2040
1675872815802 0.6024006366729736 2080
1675872816479 0.5972618103027344 2120
1675872817152 0.6079520225524903 2160
1675872817788 0.6016534805297852 2200
1675872818507 0.5741865158081054 2240
1675872819141 0.6027607917785645 2280
1675872819780 0.6203700065612793 2320
1675872820457 0.5888377666473389 2360
1675872821083 0.5956252098083497 2400
1675872821715 0.6052858352661132 2440
1675872822369 0.5797520637512207 2480
1675872823017 0.6137561321258544 2520
1675872823687 0.5960144519805908 2560
1675872824306 0.5887569427490235 2600
1675872824949 0.5953624725341797 2640
1675872825610 0.6065810203552247 2680
1675872826249 0.6026848793029785 2720
1675872826898 0.5852373123168946 2760
1675872827523 0.5894349575042724 2800
1675872828163 0.6265489101409912 2840
1675872828835 0.6021862030029297 2880
1675872829478 0.5947858810424804 2920
1675872830128 0.5981462478637696 2960
1675872830768 0.6063036441802978 3000
1675872831456 0.5961022853851319 3040
1675872832111 0.5765988826751709 3080
1675872832741 0.5927067756652832 3120
1675872833410 0.6055851936340332 3160
1675872834032 0.6101259708404541 3200
1675872834683 0.6009469509124756 3240
1675872835317 0.5911656379699707 3280
1675872835981 0.5981964588165283 3320
1675872836635 0.5931402206420898 3360
1675872837283 0.6029816627502441 3400
1675872837915 0.5880178451538086 3440
1675872838558 0.5999301433563232 3480
1675872839214 0.6026957035064697 3520
1675872839867 0.5944688796997071 3560
1675872840500 0.5944592952728271 3600
1675872841156 0.599866247177124 3640
1675872841793 0.6072063446044922 3680
1675872842471 0.5818413257598877 3720
1675872843121 0.5854788303375245 3760
1675872843771 0.6137021541595459 3800
1675872844418 0.607191801071167 3840
1675872845061 0.5881176948547363 3880
1675872845699 0.6159342765808106 3920
1675872846356 0.6045026302337646 3960
1675872847005 0.6028590202331543 4000
1675872847691 0.5967805862426758 4040
1675872848343 0.6084990501403809 4080
1675872848986 0.5851370334625244 4120
1675872849616 0.5767427921295166 4160
1675872850319 0.6141754150390625 4200
1675872851015 0.6022300243377685 4240
1675872851685 0.5852748870849609 4280
1675872852362 0.6032705783843995 4320
1675872853136 0.5869937896728515 4360
1675872853773 0.5933013916015625 4400
1675872854442 0.5870248794555664 4440
1675872855097 0.6010404586791992 4480
1675872855758 0.5838085174560547 4520
1675872856390 0.6286480903625489 4560
1675872857029 0.5888852596282959 4600
1675872857671 0.6028489112854004 4640
1675872858301 0.5789187908172607 4680
1675872858991 0.5890390396118164 4720
1675872859749 0.5821756362915039 4760
1675872860492 0.5857240676879882 4800
1675872861129 0.6094602584838867 4840
1675872861859 0.5873326301574707 4880
1675872862601 0.598832654953003 4920
1675872863334 0.6183735370635987 4960
1675872864033 0.5882635116577148 5000
1675872864712 0.5927401542663574 5040
1675872865488 0.6021607875823974 5080
1675872866230 0.6105685234069824 5120
1675872866963 0.5836191654205323 5160
1675872867631 0.6420169353485108 5200
1675872868371 0.576908540725708 5240
1675872869027 0.6079650402069092 5280
1675872869649 0.6061390399932861 5320
1675872870263 0.6027266502380371 5360
1675872870862 0.5905813217163086 5400
1675872871485 0.616209888458252 5440
1675872872144 0.6012077331542969 5480
1675872872802 0.5953135967254639 5520
1675872873439 0.6125673770904541 5560
1675872874132 0.5806983947753906 5600
1675872874923 0.6012697696685791 5640
1675872875615 0.5773367404937744 5680
1675872876328 0.5873047828674316 5720
1675872876958 0.578529167175293 5760
1675872877607 0.6025992870330811 5800
1675872878255 0.6177363395690918 5840
1675872878923 0.6151614189147949 5880
1675872879705 0.6112691402435303 5920
1675872880366 0.5777922630310058 5960
1675872881012 0.5794935703277588 6000
1675872881622 0.6070716381072998 6040
1675872882217 0.5924519062042236 6080
1675872882844 0.5945116996765136 6120
1675872883501 0.5544003963470459 6160
1675872884098 0.5780071258544922 6200
1675872884734 0.4760092258453369 6240
1675872885353 0.4057319164276123 6280
1675872885963 0.5190791130065918 6320
1675872886584 0.4948774814605713 6360
1675872887209 0.3954859972000122 6400
1675872887819 0.3797221422195435 6440
1675872888450 0.34942073822021485 6480
1675872889111 0.34432685375213623 6520
1675872889710 0.5050071716308594 6560
1675872890354 0.3814723014831543 6600
1675872890993 0.37181835174560546 6640
1675872891677 0.3977165937423706 6680
1675872892298 0.40502076148986815 6720
1675872892923 0.3739133834838867 6760
1675872893711 0.36419656276702883 6800
1675872894342 0.3414546012878418 6840
1675872894962 0.3438534736633301 6880
1675872895612 0.34478781223297117 6920
1675872896287 0.32057485580444334 6960
1675872896988 0.32514729499816897 7000
1675872897667 0.3335927248001099 7040
1675872898370 0.364850115776062 7080
1675872899089 0.2935598134994507 7120
1675872899785 0.3528726100921631 7160
1675872900507 0.36385369300842285 7200
1675872901179 0.3107768535614014 7240
1675872901857 0.34699835777282717 7280
1675872902521 0.3080422401428223 7320
1675872903205 0.32676599025726316 7360
1675872903893 0.28626441955566406 7400
1675872904667 0.4179558277130127 7440
1675872905384 0.30294907093048096 7480
1675872906037 0.32454915046691896 7520
1675872906709 0.3822458744049072 7560
1675872907366 0.3287062168121338 7600
1675872908037 0.3833173274993896 7640
1675872908751 0.32755255699157715 7680
1675872909438 0.3581640005111694 7720
1675872910075 0.32672977447509766 7760
1675872910718 0.3250941514968872 7800
1675872911357 0.2773686408996582 7840
1675872912002 0.3404780149459839 7880
1675872912673 0.3268256902694702 7920
1675872913348 0.33155179023742676 7960
1675872914030 0.29387803077697755 8000
1675872914735 0.3461634397506714 8040
1675872915408 0.3408003568649292 8080
1675872916102 0.3131189107894897 8120
1675872916761 0.3270226240158081 8160
1675872917419 0.24749038219451905 8200
1675872918098 0.28444268703460696 8240
1675872918760 0.3049050807952881 8280
1675872919407 0.32333056926727294 8320
1675872920083 0.33919515609741213 8360
1675872920792 0.3752826452255249 8400
1675872921455 0.3383246898651123 8440
1675872922096 0.29390406608581543 8480
1675872922801 0.298708176612854 8520
1675872923511 0.3291990518569946 8560
1675872924238 0.29822630882263185 8600
1675872924897 0.34220061302185056 8640
1675872925531 0.32315328121185305 8680
1675872926156 0.2706808567047119 8720
1675872926882 0.3026639223098755 8760
1675872927584 0.25591068267822265 8800
1675872928264 0.3685769557952881 8840
1675872928925 0.3333964109420776 8880
1675872929584 0.280417275428772 8920
1675872930269 0.2869945287704468 8960
1675872930942 0.3093054533004761 9000
1675872931618 0.35602214336395266 9040
1675872932297 0.3200859308242798 9080
1675872932944 0.29249000549316406 9120
1675872933620 0.3203336000442505 9160
1675872934291 0.2740675687789917 9200
1675872934932 0.35273888111114504 9240
1675872935615 0.2232144594192505 9280
1675872936312 0.32989134788513186 9320
1675872936946 0.2856752395629883 9360
1675872937621 0.2885941505432129 9400
1675872938301 0.3196277618408203 9440
1675872938976 0.2682971954345703 9480
1675872939657 0.31480720043182375 9520
1675872940347 0.30228462219238283 9560
1675872941058 0.34374423027038575 9600
1675872941718 0.35633506774902346 9640
1675872942402 0.261108922958374 9680
1675872943041 0.35216217041015624 9720
1675872943676 0.3265693187713623 9760
1675872944335 0.33454596996307373 9800
1675872944985 0.33513031005859373 9840
1675872945687 0.27817692756652834 9880
1675872946409 0.3135917901992798 9920
1675872947092 0.29482269287109375 9960
1675872947747 0.3814613103866577 10000
1675872948414 0.30282063484191896 10040
1675872953145 0.2535022974014282 10080
1675872953830 0.3240505218505859 10120
1675872954542 0.3087266206741333 10160
1675872955206 0.2913050174713135 10200
1675872955854 0.2853980541229248 10240
1675872956494 0.3389286041259766 10280
1675872957138 0.3376282215118408 10320
1675872957785 0.32035462856292723 10360
1675872958511 0.3397105932235718 10400
1675872959255 0.31536340713500977 10440
1675872959906 0.32248427867889407 10480
1675872960600 0.3002753496170044 10520
1675872961255 0.26295616626739504 10560
1675872961966 0.2815819263458252 10600
1675872962623 0.29492812156677245 10640
1675872963361 0.31920342445373534 10680
1675872964062 0.34931786060333253 10720
1675872964818 0.3238271951675415 10760
1675872965526 0.26625425815582277 10800
1675872966184 0.3283834934234619 10840
1675872966889 0.28953769207000735 10880
1675872967544 0.23674163818359376 10920
1675872968228 0.33796956539154055 10960
1675872968916 0.35377957820892336 11000
1675872969611 0.2983755350112915 11040
1675872970260 0.37509818077087403 11080
1675872970919 0.32636213302612305 11120
1675872971539 0.31457009315490725 11160
1675872972170 0.33053975105285643 11200
1675872972806 0.32638347148895264 11240
1675872973406 0.2844542026519775 11280
1675872974027 0.30625338554382325 11320
1675872974647 0.3346635580062866 11360
1675872975258 0.22879250049591066 11400
1675872975865 0.24127702713012694 11440
1675872976474 0.27879836559295657 11480
1675872977115 0.31300764083862304 11520
1675872977758 0.32682926654815675 11560
1675872978381 0.2714545488357544 11600
1675872978984 0.299609112739563 11640
1675872979600 0.3439476013183594 11680
1675872980230 0.31985952854156496 11720
1675872980855 0.3433180332183838 11760
1675872981482 0.3011899948120117 11800
1675872982096 0.3133745908737183 11840
1675872982734 0.2902048587799072 11880
1675872983405 0.32950220108032224 11920
1675872983996 0.281585168838501 11960
1675872984636 0.2769837617874146 12000
1675872985232 0.25986268520355227 12040
1675872985847 0.31579511165618895 12080
1675872986509 0.3701384782791138 12120
1675872987117 0.2697798252105713 12160
1675872987771 0.3295407772064209 12200
1675872988396 0.26799259185791013 12240
1675872989012 0.34219233989715575 12280
1675872989648 0.33336803913116453 12320
1675872990259 0.3214574813842773 12360
1675872990861 0.28255884647369384 12400
1675872991486 0.3003364086151123 12440
1675872992091 0.2877186298370361 12480
1675872992725 0.32830986976623533 12520
1675872993328 0.2500589847564697 12560
1675872993954 0.31417527198791506 12600
1675872994561 0.24324350357055663 12640
1675872995167 0.3038820266723633 12680
1675872995790 0.2951956272125244 12720
1675872996429 0.21565573215484618 12760
1675872997057 0.31826152801513674 12800
1675872997678 0.34613349437713625 12840
1675872998280 0.28714470863342284 12880
1675872998933 0.31772456169128416 12920
1675872999558 0.3308505296707153 12960
1675873000169 0.31696290969848634 13000
1675873000784 0.3104447841644287 13040
1675873001477 0.2905741214752197 13080
1675873002130 0.34662613868713377 13120
1675873002767 0.3450714349746704 13160
1675873003401 0.23056533336639404 13200
1675873004024 0.2905363321304321 13240
1675873004661 0.27271764278411864 13280
1675873005315 0.28722643852233887 13320
1675873006017 0.3127889156341553 13360
1675873006626 0.3326216459274292 13400
1675873007235 0.32306933403015137 13440
1675873007886 0.28443734645843505 13480
1675873008567 0.3049759864807129 13520
1675873009210 0.33027617931365966 13560
1675873009848 0.2871923685073853 13600
1675873010539 0.23894333839416504 13640
1675873011236 0.3252387285232544 13680
1675873011873 0.2632966756820679 13720
1675873012562 0.242881178855896 13760
1675873013255 0.3262889862060547 13800
1675873013907 0.2515188455581665 13840
1675873014524 0.29642305374145506 13880
1675873015113 0.25107150077819823 13920
1675873015724 0.3023937940597534 13960
1675873016428 0.3375523805618286 14000
1675873017085 0.3018303155899048 14040
1675873017786 0.32966468334197996 14080
1675873018468 0.3050149202346802 14120
1675873019115 0.31618056297302244 14160
1675873019800 0.32788772583007814 14200
1675873020440 0.3397782802581787 14240
1675873021155 0.2846728086471558 14280
1675873021797 0.3530896663665771 14320
1675873022452 0.27123920917510985 14360
1675873023126 0.3005723714828491 14400
1675873023809 0.2921841382980347 14440
1675873024485 0.3436180591583252 14480
1675873025137 0.28800814151763915 14520
1675873025801 0.2789271593093872 14560
1675873026444 0.29864213466644285 14600
1675873027137 0.4231973648071289 14640
1675873027822 0.3411106586456299 14680
1675873028521 0.2885878086090088 14720
1675873029216 0.31351184844970703 14760
1675873029912 0.33932383060455323 14800
1675873030607 0.3177103281021118 14840
1675873031270 0.3089461088180542 14880
1675873031907 0.23531601428985596 14920
1675873032561 0.31800022125244143 14960
1675873033216 0.24502062797546387 15000
1675873033847 0.2896693706512451 15040
1675873034523 0.2706876754760742 15080
1675873035149 0.2602704524993896 15120
1675873035815 0.2880001783370972 15160
1675873036470 0.3752988576889038 15200
1675873037107 0.25619001388549806 15240
1675873037737 0.27255613803863527 15280
1675873038388 0.29258713722229 15320
1675873039043 0.3431858539581299 15360
1675873039708 0.2703538179397583 15400
1675873040372 0.306226921081543 15440
1675873041037 0.2396223783493042 15480
1675873041673 0.27988152503967284 15520
1675873042368 0.30115063190460206 15560
1675873043089 0.3252896547317505 15600
1675873043702 0.32197046279907227 15640
1675873044351 0.26079516410827636 15680
1675873045059 0.2846723794937134 15720
1675873045765 0.29094719886779785 15760
1675873046432 0.2931444883346558 15800
1675873047110 0.24285421371459961 15840
1675873047795 0.3062549114227295 15880
1675873048476 0.28226594924926757 15920
1675873049151 0.35407485961914065 15960
1675873049793 0.36647787094116213 16000
1675873050502 0.3232455015182495 16040
1675873051204 0.291519021987915 16080
1675873051962 0.2417151689529419 16120
1675873052672 0.2104395866394043 16160
1675873053339 0.3222376585006714 16200
1675873054015 0.26113994121551515 16240
1675873054691 0.25713262557983396 16280
1675873055447 0.2572792053222656 16320
1675873056356 0.3202939510345459 16360
1675873057167 0.3147444725036621 16400
1675873057899 0.3223813772201538 16440
1675873058563 0.3087646484375 16480
1675873059227 0.2667562246322632 16520
1675873059969 0.28120367527008056 16560
1675873060692 0.32123284339904784 16600
1675873061386 0.3132882595062256 16640
1675873062027 0.28894021511077883 16680
1675873062676 0.28036625385284425 16720
1675873063412 0.33763298988342283 16760
1675873064103 0.29723894596099854 16800
1675873064774 0.28955960273742676 16840
1675873065517 0.289624547958374 16880
1675873066177 0.29057552814483645 16920
1675873066892 0.28368434906005857 16960
1675873067573 0.2647481679916382 17000
1675873068265 0.28510727882385256 17040
1675873068953 0.2489103317260742 17080
1675873069647 0.27459723949432374 17120
1675873070319 0.24103550910949706 17160
1675873070991 0.2736367225646973 17200
1675873071758 0.28794207572937014 17240
1675873072513 0.23827528953552246 17280
1675873073171 0.31118509769439695 17320
1675873073816 0.24854254722595215 17360
1675873074455 0.2683573722839355 17400
1675873075143 0.1927112579345703 17440
1675873075786 0.35285015106201173 17480
1675873076398 0.2625706911087036 17520
1675873077150 0.2547707796096802 17560
1675873077879 0.370003867149353 17600
1675873078582 0.283368444442749 17640
1675873079319 0.3079061985015869 17680
1675873080058 0.28188726902008054 17720
1675873080730 0.3209400653839111 17760
1675873081444 0.2814700841903687 17800
1675873082182 0.27477052211761477 17840
1675873082854 0.19166325330734252 17880
1675873083551 0.3027818202972412 17920
1675873084247 0.29297876358032227 17960
1675873084911 0.2907168626785278 18000
1675873085598 0.22926385402679444 18040
1675873086231 0.2953248262405396 18080
1675873086880 0.29537124633789064 18120
1675873087491 0.2607127666473389 18160
1675873088099 0.28082082271575926 18200
1675873088695 0.21490080356597902 18240
1675873089338 0.2113163709640503 18280
1675873089918 0.27234621047973634 18320
1675873090509 0.2811813592910767 18360
1675873091168 0.2840005159378052 18400
1675873091757 0.3217564582824707 18440
1675873092381 0.2566847562789917 18480
1675873092988 0.23778917789459228 18520
1675873093602 0.23373034000396728 18560
1675873094221 0.29017348289489747 18600
1675873094831 0.23491711616516114 18640
1675873095448 0.26590518951416015 18680
1675873096034 0.2889852523803711 18720
1675873096672 0.19785453081130983 18760
1675873097285 0.22737653255462648 18800
1675873097896 0.21616268157958984 18840
1675873098523 0.3113231897354126 18880
1675873099180 0.2676134824752808 18920
1675873099787 0.2505103588104248 18960
1675873100450 0.21229867935180663 19000
1675873101287 0.2562591791152954 19040
1675873101976 0.2745002269744873 19080
1675873102720 0.2611098051071167 19120
1675873103457 0.24091410636901855 19160
1675873104133 0.29036726951599123 19200
1675873104794 0.22755131721496583 19240
1675873105446 0.2843453407287598 19280
1675873106138 0.19323829412460328 19320
1675873106886 0.25682389736175537 19360
1675873107514 0.20646839141845702 19400
1675873108128 0.2621591806411743 19440
1675873108774 0.22985439300537108 19480
1675873109367 0.20348215103149414 19520
1675873109977 0.25245835781097414 19560
1675873110594 0.2602530479431152 19600
1675873111207 0.2561089277267456 19640
1675873111809 0.2604327917098999 19680
1675873112426 0.1824761986732483 19720
1675873113031 0.28185453414916994 19760
1675873113684 0.21071581840515136 19800
1675873114287 0.289070200920105 19840
1675873114907 0.28078460693359375 19880
1675873115599 0.19809120893478394 19920
1675873116229 0.2554359436035156 19960
1675873116904 0.22444698810577393 20000
1675873117555 0.26679024696350095 20040
1675873118168 0.284023380279541 20080
1675873122385 0.1723262310028076 20120
1675873122992 0.24109246730804443 20160
1675873123627 0.2284404754638672 20200
1675873124277 0.20734114646911622 20240
1675873124877 0.24078681468963622 20280
1675873125483 0.24363725185394286 20320
1675873126080 0.21605393886566163 20360
1675873126710 0.27802362442016604 20400
1675873127320 0.3015273571014404 20440
1675873127962 0.2689089059829712 20480
1675873128585 0.23788173198699952 20520
1675873129196 0.24654722213745117 20560
1675873129803 0.20259597301483154 20600
1675873130419 0.21289103031158446 20640
1675873131176 0.23718843460083008 20680
1675873132110 0.25960705280303953 20720
1675873132724 0.25546903610229493 20760
1675873133327 0.24365315437316895 20800
1675873133926 0.2090994119644165 20840
1675873134520 0.22285745143890381 20880
1675873135173 0.21431632041931153 20920
1675873135786 0.17959270477294922 20960
1675873136385 0.27285821437835694 21000
1675873136994 0.2486506700515747 21040
1675873137600 0.19777450561523438 21080
1675873138241 0.2543445587158203 21120
1675873138879 0.2472926139831543 21160
1675873139513 0.21782782077789306 21200
1675873140131 0.2588155746459961 21240
1675873140776 0.23621504306793212 21280
1675873141366 0.20374045372009278 21320
1675873142002 0.22702574729919434 21360
1675873142627 0.27879838943481444 21400
1675873143320 0.17329671382904052 21440
1675873144088 0.19718366861343384 21480
1675873144727 0.17131991386413575 21520
1675873145361 0.262185263633728 21560
1675873146013 0.22727859020233154 21600
1675873146670 0.2261195421218872 21640
1675873147315 0.22361385822296143 21680
1675873147984 0.23898379802703856 21720
1675873148633 0.21619727611541747 21760
1675873149287 0.23771393299102783 21800
1675873149943 0.2237917423248291 21840
1675873150637 0.20599548816680907 21880
1675873151301 0.2587369203567505 21920
1675873151979 0.27648708820343015 21960
1675873152677 0.21796905994415283 22000
1675873153330 0.20512733459472657 22040
1675873153963 0.1981082320213318 22080
1675873154650 0.21159803867340088 22120
1675873155305 0.3330467700958252 22160
1675873156005 0.23764462471008302 22200
1675873156652 0.21103358268737793 22240
1675873157328 0.23953964710235595 22280
1675873158041 0.2748198747634888 22320
1675873158703 0.26792967319488525 22360
1675873159375 0.22010338306427002 22400
1675873160070 0.20700759887695314 22440
1675873160839 0.21112534999847413 22480
1675873161517 0.2061983585357666 22520
1675873162180 0.23556649684906006 22560
1675873162872 0.20913753509521485 22600
1675873163506 0.20735390186309816 22640
1675873164183 0.2124295711517334 22680
1675873164829 0.17065730094909667 22720
1675873165477 0.2259606122970581 22760
1675873166095 0.16593786478042602 22800
1675873166732 0.21005806922912598 22840
1675873167470 0.24552743434906005 22880
1675873168084 0.2547025203704834 22920
1675873168698 0.21127674579620362 22960
1675873169293 0.2562131404876709 23000
1675873169904 0.18909868001937866 23040
1675873170569 0.21052651405334472 23080
1675873171166 0.18135316371917726 23120
1675873171770 0.25065252780914304 23160
1675873172405 0.247841215133667 23200
1675873173151 0.17421131134033202 23240
1675873173883 0.18614842891693115 23280
1675873174572 0.18601385354995728 23320
1675873175275 0.22643711566925048 23360
1675873176215 0.1816119909286499 23400
1675873176895 0.2325080156326294 23440
1675873177573 0.2528204917907715 23480
1675873178258 0.2431790351867676 23520
1675873178878 0.20140182971954346 23560
1675873179489 0.21134841442108154 23600
1675873180099 0.23543479442596435 23640
1675873180699 0.15704671144485474 23680
1675873181311 0.2272566318511963 23720
1675873181907 0.1823494553565979 23760
1675873182552 0.13045800924301149 23800
1675873183232 0.2536524772644043 23840
1675873183872 0.17303791046142578 23880
1675873184526 0.19548686742782592 23920
1675873185181 0.17606737613677978 23960
1675873185858 0.20075128078460694 24000
1675873186512 0.2253199338912964 24040
1675873187176 0.26161372661590576 24080
1675873187825 0.19050437211990356 24120
1675873188442 0.2064277410507202 24160
1675873189131 0.20833101272583007 24200
1675873189842 0.22537097930908204 24240
1675873190524 0.17720539569854737 24280
1675873191219 0.20771734714508056 24320
1675873191883 0.23080008029937743 24360
1675873192517 0.15516021251678466 24400
1675873193185 0.16262824535369874 24440
1675873193844 0.1839928150177002 24480
1675873194530 0.2515522003173828 24520
1675873195210 0.12760976552963257 24560
1675873195873 0.2058032751083374 24600
1675873196517 0.18780165910720825 24640
1675873197163 0.27737884521484374 24680
1675873197802 0.22000181674957275 24720
1675873198464 0.21238253116607667 24760
1675873199113 0.22675783634185792 24800
1675873199745 0.24272394180297852 24840
1675873200403 0.24285707473754883 24880
1675873201044 0.1798257827758789 24920
1675873201669 0.14609349966049195 24960
1675873202309 0.18186081647872926 25000
1675873202944 0.14210089445114135 25040
1675873203598 0.29751107692718504 25080
1675873204271 0.1664154648780823 25120
1675873204947 0.19036593437194824 25160
1675873205611 0.17063573598861695 25200
1675873206331 0.23443048000335692 25240
1675873207015 0.15341269969940186 25280
1675873207629 0.18017663955688476 25320
1675873208346 0.1679404854774475 25360
1675873209034 0.1967308282852173 25400
1675873209715 0.19141747951507568 25440
1675873210474 0.2534207582473755 25480
1675873211131 0.15379344224929808 25520
1675873211839 0.1813088059425354 25560
1675873212495 0.21108238697052 25600
1675873213222 0.23910820484161377 25640
1675873213806 0.20756325721740723 25680
1675873214451 0.17570313215255737 25720
1675873215143 0.17619893550872803 25760
1675873215746 0.20758302211761476 25800
1675873216358 0.1864434599876404 25840
1675873216993 0.17457412481307982 25880
1675873217623 0.19903924465179443 25920
1675873218314 0.1808794140815735 25960
1675873218981 0.2408994197845459 26000
1675873219621 0.2648660182952881 26040
1675873220333 0.22258529663085938 26080
1675873221062 0.19606215953826905 26120
1675873221707 0.16763901710510254 26160
1675873222477 0.12706528902053832 26200
1675873223268 0.190818452835083 26240
1675873224000 0.16376328468322754 26280
1675873224701 0.1697765588760376 26320
1675873225398 0.1643580675125122 26360
1675873226034 0.20656473636627198 26400
1675873226742 0.19827502965927124 26440
1675873227437 0.22253768444061278 26480
1675873228080 0.17264397144317628 26520
1675873228752 0.1643383741378784 26560
1675873229377 0.17597311735153198 26600
1675873230033 0.21231069564819335 26640
1675873230770 0.18543246984481812 26680
1675873231435 0.17302560806274414 26720
1675873232050 0.16339389085769654 26760
1675873232689 0.2043396234512329 26800
1675873233350 0.2150508165359497 26840
1675873233958 0.14171470403671266 26880
1675873234571 0.20569512844085694 26920
1675873235166 0.16658978462219237 26960
1675873235761 0.1369098424911499 27000
1675873236384 0.19614313840866088 27040
1675873237025 0.2030947685241699 27080
1675873237704 0.14093652963638306 27120
1675873238418 0.1778883934020996 27160
1675873239166 0.15581005811691284 27200
1675873239904 0.1947973132133484 27240
1675873240626 0.18786747455596925 27280
1675873241348 0.1585412621498108 27320
1675873242122 0.1874224066734314 27360
1675873242821 0.19231895208358765 27400
1675873243522 0.13688671588897705 27440
1675873244150 0.12615652084350587 27480
1675873244752 0.18391364812850952 27520
1675873245336 0.14545269012451173 27560
1675873245951 0.15694152116775512 27600
1675873246564 0.2589827537536621 27640
1675873247193 0.21629760265350342 27680
1675873247799 0.19413187503814697 27720
1675873248412 0.16635948419570923 27760
1675873249014 0.19889236688613893 27800
1675873249622 0.1878359794616699 27840
1675873250273 0.1491381883621216 27880
1675873250905 0.151982843875885 27920
1675873251543 0.17792259454727172 27960
1675873252143 0.17011626958847045 28000
1675873252795 0.17828575372695923 28040
1675873253431 0.14765965938568115 28080
1675873254035 0.22896065711975097 28120
1675873254629 0.2007021427154541 28160
1675873255233 0.18069837093353272 28200
1675873255860 0.19326802492141723 28240
1675873256491 0.12299472093582153 28280
1675873257130 0.14723007678985595 28320
1675873257724 0.19837533235549926 28360
1675873258410 0.22092928886413574 28400
1675873259017 0.1829054832458496 28440
1675873259631 0.19072450399398805 28480
1675873260367 0.17028121948242186 28520
1675873261104 0.16723836660385133 28560
1675873261775 0.13783444166183473 28600
1675873262380 0.1609129786491394 28640
1675873262978 0.1634983777999878 28680
1675873263613 0.18321624994277955 28720
1675873264227 0.23799691200256348 28760
1675873264848 0.1167251706123352 28800
1675873265446 0.15532275438308715 28840
1675873266081 0.16741976737976075 28880
1675873266713 0.18011226654052734 28920
1675873267322 0.18852776288986206 28960
1675873267948 0.14052298069000244 29000
1675873268541 0.1461191415786743 29040
1675873269139 0.23246314525604247 29080
1675873269767 0.15588632822036744 29120
1675873270413 0.15740931034088135 29160
1675873270997 0.1758555769920349 29200
1675873271627 0.20986225605010986 29240
1675873272257 0.1481776714324951 29280
1675873272856 0.17242324352264404 29320
1675873273474 0.1517277956008911 29360
1675873274063 0.15539852380752564 29400
1675873274667 0.20222775936126708 29440
1675873275286 0.18717584609985352 29480
1675873275912 0.16631158590316772 29520
1675873276531 0.15811918973922728 29560
1675873277153 0.17254103422164918 29600
1675873277785 0.15773518085479737 29640
1675873278407 0.2037275791168213 29680
1675873279020 0.15417838096618652 29720
1675873279633 0.13970301151275635 29760
1675873280262 0.18169538974761962 29800
1675873280891 0.1599507212638855 29840
1675873281510 0.18341001272201538 29880
1675873282154 0.18530315160751343 29920
1675873282758 0.14229811429977418 29960
1675873283358 0.19410605430603028 30000
1675873283961 0.15760213136672974 30040
1675873284572 0.16190476417541505 30080
1675873285209 0.24541497230529785 30120
1675873289438 0.10051337480545045 30160
1675873290057 0.15737723112106322 30200
1675873290687 0.16315392255783082 30240
1675873291313 0.14559122323989868 30280
1675873291955 0.22775132656097413 30320
1675873292599 0.16077862977981566 30360
1675873293209 0.14614063501358032 30400
1675873293837 0.21724119186401367 30440
1675873294469 0.21417362689971925 30480
1675873295072 0.17956486940383912 30520
1675873295654 0.151348876953125 30560
1675873296268 0.18579707145690919 30600
1675873296877 0.13980538845062257 30640
1675873297504 0.1531352400779724 30680
1675873298130 0.13866900205612182 30720
1675873298752 0.19684692621231079 30760
1675873299366 0.1565205931663513 30800
1675873299976 0.17343660593032836 30840
1675873300618 0.2966810941696167 30880
1675873301236 0.14571700096130372 30920
1675873301855 0.14312736988067626 30960
1675873302483 0.15113415718078613 31000
1675873303071 0.17906097173690796 31040
1675873303676 0.2150031328201294 31080
1675873304270 0.14764312505722046 31120
1675873304898 0.15090340375900269 31160
1675873305513 0.16789772510528564 31200
1675873306151 0.18817441463470458 31240
1675873306801 0.16471486091613768 31280
1675873307422 0.19903068542480468 31320
1675873308022 0.12451678514480591 31360
1675873308683 0.157550585269928 31400
1675873309275 0.15544118881225585 31440
1675873309869 0.1263028621673584 31480
1675873310470 0.15286645889282227 31520
1675873311086 0.13421283960342406 31560
1675873311707 0.19523404836654662 31600
1675873312309 0.15023311376571655 31640
1675873313041 0.1771609902381897 31680
1675873313656 0.14783768653869628 31720
1675873314251 0.1676629066467285 31760
1675873314853 0.15418862104415892 31800
1675873315479 0.1762430787086487 31840
1675873316138 0.14912480115890503 31880
1675873316769 0.16926767826080322 31920
1675873317388 0.1714509606361389 31960
1675873317994 0.20338878631591797 32000
1675873318591 0.12126442193984985 32040
1675873319240 0.1565000057220459 32080
1675873319842 0.1478506326675415 32120
1675873320461 0.13227912187576293 32160
1675873321043 0.23330917358398437 32200
1675873321667 0.19335335493087769 32240
1675873322261 0.14573460817337036 32280
1675873322861 0.12498815059661865 32320
1675873323458 0.1851293921470642 32360
1675873324051 0.1518117904663086 32400
1675873324663 0.15931307077407836 32440
1675873325331 0.15229216814041138 32480
1675873325949 0.1442490577697754 32520
1675873326539 0.14825143814086914 32560
1675873327247 0.2004500150680542 32600
1675873327861 0.13389735221862792 32640
1675873328473 0.16990514993667602 32680
1675873329073 0.1519569754600525 32720
1675873329674 0.1223981499671936 32760
1675873330270 0.16221401691436768 32800
1675873330894 0.10660825967788697 32840
1675873331485 0.15178364515304565 32880
1675873332112 0.20416009426116943 32920
1675873332716 0.17985984086990356 32960
1675873333323 0.12680190801620483 33000
1675873333939 0.15185550451278687 33040
1675873334575 0.14447247982025146 33080
1675873335185 0.13805885314941407 33120
1675873335834 0.16242276430130004 33160
1675873336443 0.16865782737731932 33200
1675873337059 0.1763513207435608 33240
1675873337689 0.15705724954605102 33280
1675873338283 0.1348565936088562 33320
1675873338885 0.14547019004821776 33360
1675873339595 0.17413939237594606 33400
1675873340198 0.14969091415405272 33440
1675873340800 0.16254431009292603 33480
1675873341402 0.15927258729934693 33520
1675873342055 0.16300164461135863 33560
1675873342650 0.1509340763092041 33600
1675873343268 0.13861312866210937 33640
1675873343896 0.23809008598327636 33680
1675873344507 0.08328235745429993 33720
1675873345109 0.15032719373703002 33760
1675873345741 0.1728252649307251 33800
1675873346379 0.10478464365005494 33840
1675873346988 0.16591234207153321 33880
1675873347585 0.1414015531539917 33920
1675873348161 0.1705823063850403 33960
1675873348768 0.13175934553146362 34000
1675873349374 0.1720592975616455 34040
1675873350000 0.15503664016723634 34080
1675873350604 0.16573750972747803 34120
1675873351245 0.1646193265914917 34160
1675873351905 0.18099416494369508 34200
1675873352504 0.1388993740081787 34240
1675873353102 0.19484093189239501 34280
1675873353708 0.13603801727294923 34320
1675873354324 0.1706974744796753 34360
1675873354947 0.17305972576141357 34400
1675873355529 0.12145925760269165 34440
1675873356127 0.12594038248062134 34480
1675873356749 0.12700183391571046 34520
1675873357341 0.19990341663360595 34560
1675873357955 0.10574419498443603 34600
1675873358549 0.1736939549446106 34640
1675873359136 0.14035613536834718 34680
1675873359739 0.1974875807762146 34720
1675873360331 0.16505916118621827 34760
1675873360953 0.14943535327911378 34800
1675873361579 0.15925519466400145 34840
1675873362189 0.20250210762023926 34880
1675873362810 0.1393759846687317 34920
1675873363441 0.17296280860900878 34960
1675873364068 0.1293899893760681 35000
1675873364668 0.15144771337509155 35040
1675873365291 0.12222239971160889 35080
1675873365898 0.12986286878585815 35120
1675873366516 0.1394659996032715 35160
1675873367129 0.14153393507003784 35200
1675873367786 0.12659914493560792 35240
1675873368439 0.21448886394500732 35280
1675873369082 0.13350086212158202 35320
1675873369678 0.14644651412963866 35360
1675873370336 0.15714561939239502 35400
1675873370946 0.18522509336471557 35440
1675873371543 0.14933451414108276 35480
1675873372141 0.1495120882987976 35520
1675873372756 0.1556083083152771 35560
1675873373356 0.1365267038345337 35600
1675873373941 0.17646785974502563 35640
1675873374594 0.14599159955978394 35680
1675873375242 0.18910354375839233 35720
1675873375823 0.12901021242141725 35760
1675873376444 0.17610390186309816 35800
1675873377052 0.1562604546546936 35840
1675873377672 0.14199210405349733 35880
1675873378277 0.13477402925491333 35920
1675873378896 0.1469327211380005 35960
1675873379484 0.15067347288131713 36000
1675873380088 0.1529490113258362 36040
1675873380737 0.24194762706756592 36080
1675873381366 0.17599143981933593 36120
1675873382033 0.156954562664032 36160
1675873382646 0.16475136280059816 36200
1675873383261 0.15654100179672242 36240
1675873383910 0.1378609538078308 36280
1675873384495 0.11326535940170288 36320
1675873385087 0.15059586763381957 36360
1675873385685 0.14609287977218627 36400
1675873386292 0.1373965859413147 36440
1675873386910 0.16737608909606932 36480
1675873387535 0.1556840419769287 36520
1675873388177 0.1678333282470703 36560
1675873388776 0.12789692878723144 36600
1675873389402 0.18959945440292358 36640
1675873390006 0.17426072359085082 36680
1675873390640 0.15503668785095215 36720
1675873391255 0.14544930458068847 36760
1675873391847 0.1297696352005005 36800
1675873392445 0.171017324924469 36840
1675873393065 0.20049781799316407 36880
1675873393666 0.11174955368041992 36920
1675873394275 0.15264517068862915 36960
1675873394881 0.1531965732574463 37000
1675873395496 0.10864467620849609 37040
1675873396089 0.1280324339866638 37080
1675873396714 0.14000037908554078 37120
1675873397401 0.09702633619308472 37160
1675873398026 0.17251819372177124 37200
1675873398632 0.16101205348968506 37240
1675873399261 0.12537078857421874 37280
1675873399848 0.17202020883560182 37320
1675873400493 0.12407102584838867 37360
1675873401089 0.1377069354057312 37400
1675873401705 0.14688003063201904 37440
1675873402295 0.1391727566719055 37480
1675873402952 0.11526488065719605 37520
1675873403584 0.20716638565063478 37560
1675873404178 0.11897844076156616 37600
1675873404850 0.10421102046966553 37640
1675873405462 0.23570649623870848 37680
1675873406069 0.16151477098464967 37720
1675873406677 0.16866512298583985 37760
1675873407265 0.14389140605926515 37800
1675873407899 0.14717189073562623 37840
1675873408498 0.1438643217086792 37880
1675873409163 0.13020155429840088 37920
1675873409799 0.12422194480895996 37960
1675873410389 0.1441158652305603 38000
1675873410991 0.15164389610290527 38040
1675873411592 0.16743485927581786 38080
1675873412197 0.11819469928741455 38120
1675873412831 0.16191513538360597 38160
1675873413430 0.16290650367736817 38200
1675873414067 0.14864281415939332 38240
1675873414658 0.18610599040985107 38280
1675873415304 0.10119256973266602 38320
1675873415910 0.11628385782241821 38360
1675873416502 0.1422882318496704 38400
1675873417121 0.19931597709655763 38440
1675873417745 0.12830886840820313 38480
1675873418381 0.1563726544380188 38520
1675873418979 0.13277560472488403 38560
1675873419563 0.13548402786254882 38600
1675873420188 0.1320222496986389 38640
1675873420809 0.13997490406036378 38680
1675873421432 0.10208203792572021 38720
1675873422035 0.14749070405960082 38760
1675873422680 0.17855451107025147 38800
1675873423329 0.1189504623413086 38840
1675873423946 0.11067906618118287 38880
1675873424573 0.1563406467437744 38920
1675873425185 0.14211533069610596 38960
1675873425833 0.15050798654556274 39000
1675873426439 0.12439614534378052 39040
1675873427025 0.10927255153656006 39080
1675873427656 0.17328673601150513 39120
1675873428273 0.12325419187545776 39160
1675873428883 0.14744423627853392 39200
1675873429487 0.14494041204452515 39240
1675873430075 0.1771819233894348 39280
1675873430683 0.1095429539680481 39320
1675873431279 0.14542983770370482 39360
1675873431875 0.14129798412322997 39400
1675873432473 0.11934338808059693 39440
1675873433126 0.1361331582069397 39480
1675873433744 0.1135819673538208 39520
1675873434341 0.1610087513923645 39560
1675873434996 0.13084039688110352 39600
1675873435709 0.13569858074188232 39640
1675873436436 0.13016054630279542 39680
1675873437165 0.14714558124542237 39720
1675873437859 0.12104899883270263 39760
1675873438449 0.10805286169052124 39800
1675873439043 0.12761664390563965 39840
1675873439660 0.13507022857666015 39880
1675873440304 0.14007338285446166 39920
1675873440923 0.1578545331954956 39960
1675873441530 0.11810063123703003 40000
1675873442180 0.16735879182815552 40040
1675873442792 0.1456214427947998 40080
1675873443391 0.1611882209777832 40120
1675873443993 0.17268364429473876 40160
1675873448273 0.06394097208976746 40200
1675873448897 0.1324891209602356 40240
1675873449522 0.13589318990707397 40280
1675873450157 0.12838585376739503 40320
1675873450750 0.12829715013504028 40360
1675873451405 0.15033830404281617 40400
1675873452004 0.13839681148529054 40440
1675873452616 0.15821826457977295 40480
1675873453214 0.1708086371421814 40520
1675873453823 0.14597479104995728 40560
1675873454464 0.1372790217399597 40600
1675873455058 0.14124548435211182 40640
1675873455672 0.11474797725677491 40680
1675873456283 0.13366339206695557 40720
1675873456901 0.12565337419509887 40760
1675873457506 0.1453559637069702 40800
1675873458130 0.16320868730545043 40840
1675873458772 0.14354652166366577 40880
1675873459380 0.12792254686355592 40920
1675873460008 0.13846287727355958 40960
1675873460609 0.12577579021453858 41000
1675873461224 0.1354098439216614 41040
1675873461876 0.17233126163482665 41080
1675873462481 0.15317682027816773 41120
1675873463095 0.12297555208206176 41160
1675873463727 0.12905468940734863 41200
1675873464345 0.13600437641143798 41240
1675873464956 0.14540433883666992 41280
1675873465589 0.14692234992980957 41320
1675873466186 0.18149857521057128 41360
1675873466829 0.12136106491088867 41400
1675873467425 0.13607277870178222 41440
1675873468084 0.120924973487854 41480
1675873468687 0.1272702693939209 41520
1675873469294 0.0920676589012146 41560
1675873469894 0.11012285947799683 41600
1675873470493 0.14221904277801514 41640
1675873471112 0.13045405149459838 41680
1675873471722 0.189678955078125 41720
1675873472325 0.11356000900268555 41760
1675873472938 0.14050908088684083 41800
1675873473565 0.15302165746688842 41840
1675873474168 0.14765830039978028 41880
1675873474816 0.15015842914581298 41920
1675873475440 0.12097011804580689 41960
1675873476075 0.15267887115478515 42000
1675873476697 0.1812685251235962 42040
1675873477300 0.13217099905014038 42080
1675873477924 0.13904205560684205 42120
1675873478525 0.1543768048286438 42160
1675873479160 0.13872575759887695 42200
1675873479755 0.1884253740310669 42240
1675873480359 0.15552483797073363 42280
1675873480952 0.12400314807891846 42320
1675873481550 0.10997151136398316 42360
1675873482182 0.16982957124710082 42400
1675873482781 0.14488309621810913 42440
1675873483402 0.1486143708229065 42480
1675873484039 0.12364687919616699 42520
1675873484714 0.15418397188186644 42560
1675873485305 0.13354146480560303 42600
1675873485980 0.15485130548477172 42640
1675873486611 0.13048429489135743 42680
1675873487273 0.12753372192382811 42720
1675873487921 0.12543847560882568 42760
1675873488522 0.09756269454956054 42800
1675873489126 0.1345728874206543 42840
1675873489728 0.11310290098190308 42880
1675873490350 0.11580463647842407 42920
1675873490974 0.1940499424934387 42960
1675873491593 0.1437212586402893 43000
1675873492200 0.11100797653198242 43040
1675873492851 0.1549867033958435 43080
1675873493455 0.14088006019592286 43120
1675873494049 0.13949798345565795 43160
1675873494661 0.12274008989334106 43200
1675873495272 0.16824573278427124 43240
1675873495884 0.15106358528137206 43280
1675873496499 0.1083720564842224 43320
1675873497164 0.11478210687637329 43360
1675873497775 0.13751356601715087 43400
1675873498380 0.1412681221961975 43440
1675873498992 0.11571711301803589 43480
1675873499590 0.13272968530654908 43520
1675873500219 0.15007396936416625 43560
1675873500863 0.11382145881652832 43600
1675873501466 0.13332276344299315 43640
1675873502056 0.1322600245475769 43680
1675873502712 0.19608943462371825 43720
1675873503295 0.08240454196929932 43760
1675873503930 0.14332162141799926 43800
1675873504564 0.1605588674545288 43840
1675873505177 0.09211978912353516 43880
1675873505780 0.1511925458908081 43920
1675873506393 0.14092204570770264 43960
1675873507057 0.13069278001785278 44000
1675873507668 0.16178776025772096 44040
1675873508300 0.12236950397491456 44080
1675873508901 0.1182179570198059 44120
1675873509494 0.17056567668914796 44160
1675873510112 0.1539499878883362 44200
1675873510693 0.1636985182762146 44240
1675873511317 0.14575579166412353 44280
1675873511932 0.15829091072082518 44320
1675873512525 0.12879520654678345 44360
1675873513140 0.15428485870361328 44400
1675873513740 0.15080881118774414 44440
1675873514370 0.1274630308151245 44480
1675873514979 0.11621934175491333 44520
1675873515623 0.10870349407196045 44560
1675873516245 0.18161184787750245 44600
1675873516886 0.09650828242301941 44640
1675873517492 0.15840303897857666 44680
1675873518123 0.12260468006134033 44720
1675873518705 0.13211606740951537 44760
1675873519341 0.1486642837524414 44800
1675873519943 0.1573602080345154 44840
1675873520537 0.14235520362854004 44880
1675873521181 0.18242205381393434 44920
1675873521802 0.12323124408721924 44960
1675873522450 0.1558505892753601 45000
1675873523029 0.12424298524856567 45040
1675873523627 0.12933702468872071 45080
1675873524296 0.1080727219581604 45120
1675873524892 0.10507521629333497 45160
1675873525514 0.11071113348007203 45200
1675873526111 0.12929725646972656 45240
1675873526740 0.1141332745552063 45280
1675873527341 0.13931078910827638 45320
1675873527947 0.1280754804611206 45360
1675873528550 0.09744506478309631 45400
1675873529192 0.1522963047027588 45440
1675873529842 0.0963351309299469 45480
1675873530467 0.13552145957946776 45520
1675873531056 0.15799421072006226 45560
1675873531675 0.10141329765319824 45600
1675873532284 0.10615341663360596 45640
1675873532893 0.1277868151664734 45680
1675873533508 0.14354391098022462 45720
1675873534123 0.15990300178527833 45760
1675873534735 0.11659209728240967 45800
1675873535340 0.10075145959854126 45840
1675873535925 0.1345155119895935 45880
1675873536530 0.145663321018219 45920
1675873537171 0.1377967357635498 45960
1675873537761 0.10814453363418579 46000
1675873538383 0.12863433361053467 46040
1675873538968 0.12330015897750854 46080
1675873539580 0.15746217966079712 46120
1675873540227 0.16625938415527344 46160
1675873540809 0.13970214128494263 46200
1675873541425 0.12912803888320923 46240
1675873542034 0.1041569709777832 46280
1675873542651 0.1082335352897644 46320
1675873543261 0.08795946836471558 46360
1675873543871 0.12716938257217408 46400
1675873544474 0.10451443195343017 46440
1675873545153 0.11229202747344971 46480
1675873545773 0.13475600481033326 46520
1675873546412 0.1393871307373047 46560
1675873547082 0.13052237033843994 46600
1675873547680 0.11262407302856445 46640
1675873548333 0.13774815797805787 46680
1675873548941 0.15826852321624757 46720
1675873549526 0.1375206232070923 46760
1675873550144 0.13475420475006103 46800
1675873550755 0.11073262691497802 46840
1675873551366 0.10767881870269776 46880
1675873551968 0.1705954909324646 46920
1675873552575 0.09693907499313355 46960
1675873553179 0.12548437118530273 47000
1675873553775 0.13925111293792725 47040
1675873554405 0.08523570895195007 47080
1675873554997 0.1051622748374939 47120
1675873555642 0.12851134538650513 47160
1675873556260 0.10741947889328003 47200
1675873556968 0.14265093803405762 47240
1675873557608 0.11650612354278564 47280
1675873558214 0.09222708940505982 47320
1675873558785 0.14534916877746581 47360
1675873559421 0.11366932392120362 47400
1675873560001 0.10904091596603394 47440
1675873560639 0.1197454571723938 47480
1675873561261 0.12714492082595824 47520
1675873561875 0.08951039314270019 47560
1675873562473 0.12907590866088867 47600
1675873563074 0.11221902370452881 47640
1675873563691 0.0955868661403656 47680
1675873564295 0.1514840006828308 47720
1675873564931 0.15207078456878662 47760
1675873565531 0.12040024995803833 47800
1675873566139 0.11182998418807984 47840
1675873566780 0.1491418242454529 47880
1675873567409 0.1044188380241394 47920
1675873568027 0.11821060180664063 47960
1675873568607 0.10475143194198608 48000
1675873569212 0.08504406213760377 48040
1675873569821 0.1353670597076416 48080
1675873570468 0.12068414688110352 48120
1675873571090 0.11607400178909302 48160
1675873571705 0.13645575046539307 48200
1675873572311 0.1533380627632141 48240
1675873572918 0.145859694480896 48280
1675873573539 0.12853432893753053 48320
1675873574168 0.08384368419647217 48360
1675873574773 0.09751170873641968 48400
1675873575371 0.12990596294403076 48440
1675873575964 0.15101996660232545 48480
1675873576560 0.12563687562942505 48520
1675873577193 0.1359710693359375 48560
1675873577834 0.13115301132202148 48600
1675873578485 0.10211175680160522 48640
1675873579089 0.10285985469818115 48680
1675873579702 0.13477826118469238 48720
1675873580338 0.13054335117340088 48760
1675873580954 0.12333861589431763 48800
1675873581603 0.20566849708557128 48840
1675873582236 0.10609458684921265 48880
1675873582878 0.10930637121200562 48920
1675873583480 0.14690278768539428 48960
1675873584094 0.15310137271881102 49000
1675873584686 0.16393184661865234 49040
1675873585281 0.10409392118453979 49080
1675873585898 0.10410209894180297 49120
1675873586501 0.12929610013961793 49160
1675873587168 0.13626163005828856 49200
1675873587769 0.11064631938934326 49240
1675873588372 0.13679397106170654 49280
1675873588972 0.1416664719581604 49320
1675873589592 0.1125377893447876 49360
1675873590239 0.2352454900741577 49400
1675873590895 0.13442119359970092 49440
1675873591517 0.10731184482574463 49480
1675873592134 0.12923028469085693 49520
1675873592715 0.1190727949142456 49560
1675873593336 0.14248974323272706 49600
1675873593920 0.12451986074447632 49640
1675873594521 0.13058868646621705 49680
1675873595119 0.11732293367385864 49720
1675873595706 0.1528375744819641 49760
1675873596312 0.12427691221237183 49800
1675873596950 0.13645180463790893 49840
1675873597559 0.14678890705108644 49880
1675873598225 0.11594066619873047 49920
1675873598870 0.12957736253738403 49960
1675873599486 0.1763870358467102 50000
1675873600107 0.10520825386047364 50040
1675873600734 0.16088242530822755 50080
1675873601344 0.11269568204879761 50120
1675873601966 0.13517986536026 50160
1675873602578 0.15161569118499757 50200
1675873606693 0.045937365293502806 50240
1675873607311 0.12612751722335816 50280
1675873607943 0.12919267416000366 50320
1675873608562 0.12885738611221315 50360
1675873609261 0.11363729238510131 50400
1675873609865 0.12326277494430542 50440
1675873610470 0.13598427772521973 50480
1675873611090 0.1632569909095764 50520
1675873611723 0.15080376863479614 50560
1675873612339 0.1270811676979065 50600
1675873612936 0.13334407806396484 50640
1675873613547 0.14209847450256347 50680
1675873614173 0.10855445861816407 50720
1675873614780 0.12415170669555664 50760
1675873615418 0.10551127195358276 50800
1675873616020 0.13366628885269166 50840
1675873616659 0.1301480770111084 50880
1675873617286 0.1532249331474304 50920
1675873617879 0.11582576036453247 50960
1675873618483 0.14631760120391846 51000
1675873619086 0.13909541368484496 51040
1675873619725 0.10654741525650024 51080
1675873620336 0.14106626510620118 51120
1675873620927 0.14126436710357665 51160
1675873621538 0.1457951307296753 51200
1675873622138 0.11918160915374756 51240
1675873622748 0.09402268528938293 51280
1675873623380 0.12461162805557251 51320
1675873623979 0.12080276012420654 51360
1675873624609 0.16453677415847778 51400
1675873625226 0.12402247190475464 51440
1675873625835 0.10749285221099854 51480
1675873626443 0.11408534049987792 51520
1675873627105 0.12025699615478516 51560
1675873627716 0.08609639406204224 51600
1675873628323 0.11058377027511597 51640
1675873628907 0.12197563648223878 51680
1675873629499 0.11101635694503784 51720
1675873630116 0.1506322979927063 51760
1675873630718 0.1013794183731079 51800
1675873631320 0.11240319013595582 51840
1675873631906 0.1234248161315918 51880
1675873632505 0.11334500312805176 51920
1675873633109 0.1503443479537964 51960
1675873633739 0.11091456413269044 52000
1675873634340 0.12357608079910279 52040
1675873634938 0.16468726396560668 52080
1675873635537 0.1264580011367798 52120
1675873636173 0.13578876256942748 52160
1675873636803 0.12524152994155885 52200
1675873637399 0.11184312105178833 52240
1675873637992 0.15238291025161743 52280
1675873638619 0.15371443033218385 52320
1675873639257 0.11652798652648926 52360
1675873639863 0.10129066705703735 52400
1675873640484 0.1417088031768799 52440
1675873641084 0.14262571334838867 52480
1675873641683 0.13406895399093627 52520
1675873642332 0.11436126232147217 52560
1675873642925 0.13964622020721434 52600
1675873643623 0.1279447078704834 52640
1675873644220 0.13505871295928956 52680
1675873644984 0.11135523319244385 52720
1675873645639 0.13261520862579346 52760
1675873646255 0.13532208204269408 52800
1675873646888 0.11714928150177002 52840
1675873647527 0.10886610746383667 52880
1675873648193 0.08981252312660218 52920
1675873648834 0.11956106424331665 52960
1675873649493 0.17813488245010375 53000
1675873650153 0.1650869607925415 53040
1675873650803 0.09892829656600952 53080
1675873651462 0.12616274356842042 53120
1675873652117 0.1298733949661255 53160
1675873652769 0.1265615463256836 53200
1675873653426 0.1013765811920166 53240
1675873654083 0.13401538133621216 53280
1675873654761 0.1460438370704651 53320
1675873655455 0.1208406925201416 53360
1675873656088 0.09254341721534728 53400
1675873656732 0.12552913427352905 53440
1675873657374 0.13871897459030152 53480
1675873658006 0.10647616386413575 53520
1675873658645 0.12875381708145142 53560
1675873659311 0.13260493278503419 53600
1675873659949 0.15200841426849365 53640
1675873660602 0.11952769756317139 53680
1675873661553 0.11356221437454224 53720
1675873662244 0.1616682767868042 53760
1675873662878 0.07396606206893921 53800
1675873663523 0.12911005020141603 53840
1675873664149 0.15934157371520996 53880
1675873664781 0.08996034264564515 53920
1675873665428 0.13180707693099974 53960
1675873666086 0.1411232352256775 54000
1675873666725 0.11891413927078247 54040
1675873667369 0.12396552562713622 54080
1675873668020 0.1296972870826721 54120
1675873668702 0.11997097730636597 54160
1675873669343 0.1447106957435608 54200
1675873669984 0.10287970304489136 54240
1675873670640 0.14143308401107788 54280
1675873671278 0.12162253856658936 54320
1675873671916 0.15212485790252686 54360
1675873672580 0.10475312471389771 54400
1675873673254 0.16119917631149291 54440
1675873673899 0.12401752471923828 54480
1675873674546 0.14955753087997437 54520
1675873675205 0.11144329309463501 54560
1675873675866 0.1017927885055542 54600
1675873676520 0.1604107975959778 54640
1675873677150 0.11005221605300904 54680
1675873677821 0.1194310188293457 54720
1675873678509 0.12740567922592164 54760
1675873679174 0.1328972101211548 54800
1675873679812 0.14602776765823364 54840
1675873680440 0.1823798894882202 54880
1675873681076 0.16162657737731934 54920
1675873681711 0.1743993878364563 54960
1675873682352 0.12538992166519164 55000
1675873682992 0.16016401052474977 55040
1675873683629 0.12704063653945924 55080
1675873684263 0.11356574296951294 55120
1675873684951 0.09199132919311523 55160
1675873685615 0.11765692234039307 55200
1675873686253 0.09336161017417907 55240
1675873686903 0.12301379442214966 55280
1675873687531 0.11791750192642211 55320
1675873688180 0.15919681787490844 55360
1675873688816 0.1399637222290039 55400
1675873689461 0.10293655395507813 55440
1675873690088 0.13780970573425294 55480
1675873690748 0.10985046625137329 55520
1675873691402 0.12321237325668336 55560
1675873692055 0.14497119188308716 55600
1675873692698 0.1008156418800354 55640
1675873693334 0.10948058366775512 55680
1675873693974 0.10078557729721069 55720
1675873694623 0.13511546850204467 55760
1675873695288 0.11994929313659668 55800
1675873695937 0.1286746621131897 55840
1675873696594 0.09236065149307252 55880
1675873697285 0.10380994081497193 55920
1675873697933 0.1412743330001831 55960
1675873698569 0.1144094705581665 56000
1675873699223 0.10800933837890625 56040
1675873699880 0.10564548969268799 56080
1675873700516 0.10647962093353272 56120
1675873701157 0.13413710594177247 56160
1675873701790 0.14213664531707765 56200
1675873702451 0.1464919328689575 56240
1675873703103 0.10903785228729249 56280
1675873703764 0.12160983085632324 56320
1675873704425 0.07256951928138733 56360
1675873705076 0.1295682430267334 56400
1675873705705 0.11884065866470336 56440
1675873706348 0.10664340257644653 56480
1675873706990 0.0994824469089508 56520
1675873707606 0.14104653596878053 56560
1675873708244 0.11757704019546508 56600
1675873708915 0.11773661375045777 56640
1675873709575 0.11432684659957885 56680
1675873710218 0.12180564403533936 56720
1675873710867 0.14941438436508178 56760
1675873711513 0.09473838210105896 56800
1675873712162 0.13286246061325074 56840
1675873712781 0.10276491641998291 56880
1675873713421 0.1088828444480896 56920
1675873714077 0.16929481029510499 56960
1675873714753 0.09434193968772889 57000
1675873715391 0.11367166042327881 57040
1675873716031 0.12209546566009521 57080
1675873716674 0.08104817271232605 57120
1675873717333 0.08720441460609436 57160
1675873718000 0.10157210826873779 57200
1675873718632 0.12803465127944946 57240
1675873719283 0.12892725467681884 57280
1675873719908 0.0919184923171997 57320
1675873720563 0.09844404458999634 57360
1675873721234 0.14855575561523438 57400
1675873721896 0.09955217242240906 57440
1675873722555 0.10311279296875 57480
1675873723219 0.11663882732391358 57520
1675873723923 0.12883419990539552 57560
1675873724573 0.1006316900253296 57600
1675873725224 0.1267625331878662 57640
1675873725869 0.10600982904434204 57680
1675873726505 0.07575940489768981 57720
1675873727165 0.2603452205657959 57760
1675873727832 0.14775556325912476 57800
1675873728512 0.12871814966201783 57840
1675873729193 0.11264588832855224 57880
1675873729862 0.13818230628967285 57920
1675873730506 0.12424070835113525 57960
1675873731161 0.11908249855041504 58000
1675873731837 0.10084339380264282 58040
1675873732510 0.07029237151145935 58080
1675873733156 0.13297759294509887 58120
1675873733793 0.11501612663269042 58160
1675873734460 0.12078245878219604 58200
1675873735134 0.14204763174057006 58240
1675873735789 0.18357003927230836 58280
1675873736458 0.16184535026550292 58320
1675873737100 0.09933450818061829 58360
1675873737767 0.10789594650268555 58400
1675873738399 0.10741525888442993 58440
1675873739033 0.12395268678665161 58480
1675873739684 0.14975554943084718 58520
1675873740319 0.14272146224975585 58560
1675873740935 0.13124154806137084 58600
1675873741598 0.13448225259780883 58640
1675873742233 0.109639573097229 58680
1675873742865 0.09256154298782349 58720
1675873743516 0.12202565670013428 58760
1675873744156 0.09112270474433899 58800
1675873744811 0.11212550401687622 58840
1675873745437 0.15177128314971924 58880
1675873746077 0.09886903166770936 58920
1675873746707 0.10712636709213257 58960
1675873747353 0.11156269311904907 59000
1675873747990 0.11741735935211181 59040
1675873748634 0.14011341333389282 59080
1675873749279 0.08544848561286926 59120
1675873749955 0.10083541870117188 59160
1675873750579 0.11663720607757569 59200
1675873751231 0.12483370304107666 59240
1675873751859 0.0993357002735138 59280
1675873752522 0.1669412612915039 59320
1675873753163 0.11855576038360596 59360
1675873753790 0.09664349555969239 59400
1675873754421 0.123031747341156 59440
1675873755066 0.11976677179336548 59480
1675873755710 0.08909215331077576 59520
1675873756344 0.10191454887390136 59560
1675873757050 0.10743089914321899 59600
1675873757693 0.13670775890350342 59640
1675873758344 0.11884787082672119 59680
1675873758993 0.10003387928009033 59720
1675873759673 0.10913782119750977 59760
1675873760294 0.12347387075424195 59800
1675873760963 0.25241427421569823 59840
1675873761601 0.08702542781829833 59880
1675873762259 0.09747025966644288 59920
1675873762965 0.09727857708930969 59960
1675873763618 0.10227960348129272 60000
1675873764257 0.14535722732543946 60040
1675873764919 0.09719341397285461 60080
1675873765565 0.12234394550323487 60120
1675873766194 0.09948966503143311 60160
1675873766832 0.1597110629081726 60200
1675873767470 0.14839125871658326 60240
1675873771617 0.024142560362815858 60280
1675873772264 0.10567446947097778 60320
1675873772912 0.12161054611206054 60360
1675873773546 0.1066411018371582 60400
1675873774194 0.11563445329666137 60440
1675873774832 0.09976738691329956 60480
1675873775477 0.11336536407470703 60520
1675873776116 0.14464728832244872 60560
1675873776784 0.1309671401977539 60600
1675873777434 0.13623886108398436 60640
1675873778075 0.14901007413864137 60680
1675873778743 0.11953082084655761 60720
1675873779408 0.11415338516235352 60760
1675873780039 0.10098614692687988 60800
1675873780704 0.11304928064346313 60840
1675873781333 0.1257713794708252 60880
1675873781959 0.13586803674697875 60920
1675873782596 0.12816846370697021 60960
1675873783245 0.09680289030075073 61000
1675873783886 0.11997108459472657 61040
1675873784535 0.1589439868927002 61080
1675873785184 0.06969143748283387 61120
1675873785818 0.1378057837486267 61160
1675873786498 0.135143506526947 61200
1675873787136 0.12610491514205932 61240
1675873787786 0.11590088605880737 61280
1675873788420 0.0846799910068512 61320
1675873789084 0.13167797327041625 61360
1675873789733 0.1424834609031677 61400
1675873790385 0.1656724214553833 61440
1675873791030 0.10737634897232055 61480
1675873791676 0.10990073680877685 61520
1675873792338 0.11508663892745971 61560
1675873792978 0.10785582065582275 61600
1675873793640 0.06566718220710754 61640
1675873794308 0.1465405821800232 61680
1675873794967 0.1099807858467102 61720
1675873795626 0.10160689353942871 61760
1675873796284 0.13331795930862428 61800
1675873796956 0.09846036434173584 61840
1675873797590 0.104012131690979 61880
1675873798248 0.13112503290176392 61920
1675873798896 0.101358962059021 61960
1675873799554 0.13998333215713502 62000
1675873800176 0.10223660469055176 62040
1675873800852 0.11289284229278565 62080
1675873801483 0.14192657470703124 62120
1675873802098 0.12778890132904053 62160
1675873802756 0.11080243587493896 62200
1675873803397 0.13487983942031861 62240
1675873804085 0.11463909149169922 62280
1675873804726 0.13768962621688843 62320
1675873805409 0.1668008089065552 62360
1675873806049 0.10292584896087646 62400
1675873806694 0.11657235622406006 62440
1675873807354 0.12457810640335083 62480
1675873808023 0.14396140575408936 62520
1675873808661 0.14751641750335692 62560
1675873809300 0.10316336154937744 62600
1675873809957 0.15256844758987426 62640
1675873810641 0.11075859069824219 62680
1675873811276 0.14912989139556884 62720
1675873811931 0.12784301042556762 62760
1675873812563 0.11625078916549683 62800
1675873813206 0.11978577375411988 62840
1675873813840 0.12318553924560546 62880
1675873814464 0.08473085165023804 62920
1675873815107 0.11983823776245117 62960
1675873815779 0.10599570274353028 63000
1675873816415 0.15086593627929687 63040
1675873817036 0.14008285999298095 63080
1675873817674 0.0947813093662262 63120
1675873818304 0.11694391965866088 63160
1675873818974 0.10617072582244873 63200
1675873819617 0.12327039241790771 63240
1675873820268 0.09064677357673645 63280
1675873820894 0.1183638334274292 63320
1675873821589 0.14022305011749267 63360
1675873822215 0.13927857875823973 63400
1675873822847 0.07546924352645874 63440
1675873823497 0.10480622053146363 63480
1675873824160 0.11096818447113037 63520
1675873824793 0.10823566913604736 63560
1675873825428 0.10655988454818725 63600
1675873826066 0.12647408246994019 63640
1675873826716 0.11093822717666627 63680
1675873827347 0.11569987535476685 63720
1675873828015 0.10879343748092651 63760
1675873828668 0.14036482572555542 63800
1675873829377 0.08603264093399048 63840
1675873830077 0.11324063539505005 63880
1675873830722 0.1590764880180359 63920
1675873831376 0.09189982414245605 63960
1675873832006 0.1064653754234314 64000
1675873832660 0.1303848147392273 64040
1675873833297 0.1105473518371582 64080
1675873833914 0.11142590045928955 64120
1675873834567 0.1038552165031433 64160
1675873835208 0.11947063207626343 64200
1675873835921 0.14786119461059571 64240
1675873836575 0.08749319314956665 64280
1675873837198 0.13286163806915283 64320
1675873837827 0.11475461721420288 64360
1675873838460 0.11761902570724488 64400
1675873839084 0.15531585216522217 64440
1675873839718 0.135435950756073 64480
1675873840371 0.12075557708740234 64520
1675873841001 0.13478376865386962 64560
1675873841633 0.09117786884307862 64600
1675873842263 0.10226305723190307 64640
1675873842910 0.15536333322525026 64680
1675873843554 0.11201975345611573 64720
1675873844188 0.12192569971084595 64760
1675873844877 0.09304404258728027 64800
1675873845545 0.1513649344444275 64840
1675873846151 0.14188177585601808 64880
1675873846801 0.15740363597869872 64920
1675873847426 0.13516114950180053 64960
1675873848033 0.1529083728790283 65000
1675873848653 0.10621588230133057 65040
1675873849329 0.1352401852607727 65080
1675873850079 0.11162670850753784 65120
1675873850758 0.09242388606071472 65160
1675873851411 0.1025087594985962 65200
1675873852031 0.07720451354980469 65240
1675873852630 0.11400333642959595 65280
1675873853231 0.10243562459945679 65320
1675873853855 0.09518620371818542 65360
1675873854465 0.1245566725730896 65400
1675873855073 0.1286844253540039 65440
1675873855708 0.07034547328948974 65480
1675873856372 0.13712581396102905 65520
1675873856956 0.09641551971435547 65560
1675873857570 0.11772032976150512 65600
1675873858149 0.12418785095214843 65640
1675873858758 0.09904572367668152 65680
1675873859390 0.09960631728172302 65720
1675873860038 0.10533713102340699 65760
1675873860749 0.11312731504440307 65800
1675873861451 0.12318525314331055 65840
1675873862193 0.13395071029663086 65880
1675873862888 0.0823928713798523 65920
1675873863508 0.09166930913925171 65960
1675873864193 0.13171448707580566 66000
1675873864977 0.0981992781162262 66040
1675873865640 0.13142914772033693 66080
1675873866324 0.11083345413208008 66120
1675873867019 0.09927734732627869 66160
1675873867622 0.13394174575805665 66200
1675873868213 0.15634114742279054 66240
1675873868825 0.13417671918869017 66280
1675873869429 0.11976184844970703 66320
1675873870112 0.09491407871246338 66360
1675873870755 0.07084963321685792 66400
1675873871417 0.09688083529472351 66440
1675873872090 0.09849413633346557 66480
1675873872723 0.09040558934211732 66520
1675873873348 0.10516867637634278 66560
1675873874011 0.13304388523101807 66600
1675873874696 0.10902788639068603 66640
1675873875403 0.1133533239364624 66680
1675873876103 0.11283180713653565 66720
1675873876759 0.11220794916152954 66760
1675873877388 0.1309649705886841 66800
1675873878043 0.11591074466705323 66840
1675873878679 0.13622480630874634 66880
1675873879316 0.08611786365509033 66920
1675873879990 0.10683550834655761 66960
1675873880646 0.15239609479904176 67000
1675873881285 0.09740885496139526 67040
1675873881932 0.09894409775733948 67080
1675873882551 0.10794408321380615 67120
1675873883187 0.09255954623222351 67160
1675873883838 0.07613807320594787 67200
1675873884521 0.08935640454292297 67240
1675873885203 0.22001681327819825 67280
1675873885838 0.10824408531188964 67320
1675873886477 0.12089687585830688 67360
1675873887119 0.06386302709579468 67400
1675873887797 0.13158103227615356 67440
1675873888458 0.11573143005371093 67480
1675873889083 0.0998850405216217 67520
1675873889764 0.10660442113876342 67560
1675873890410 0.11527018547058106 67600
1675873891027 0.09036495685577392 67640
1675873891674 0.1032819151878357 67680
1675873892310 0.1157066822052002 67720
1675873892964 0.08763917684555053 67760
1675873893632 0.09793911576271057 67800
1675873894262 0.1414409875869751 67840
1675873894912 0.12546842098236083 67880
1675873895584 0.09461962580680847 67920
1675873896236 0.11537026166915894 67960
1675873896871 0.10659421682357788 68000
1675873897510 0.12421082258224488 68040
1675873898135 0.07187209129333497 68080
1675873898804 0.08913341164588928 68120
1675873899464 0.11632460355758667 68160
1675873900113 0.07891639471054077 68200
1675873900742 0.14050230979919434 68240
1675873901367 0.09674566388130187 68280
1675873902010 0.19420794248580933 68320
1675873902682 0.13299719095230103 68360
1675873903341 0.10927087068557739 68400
1675873903998 0.11328681707382202 68440
1675873904662 0.10697300434112549 68480
1675873905322 0.12502782344818114 68520
1675873905983 0.12159301042556762 68560
1675873906640 0.11299117803573608 68600
1675873907271 0.1105695366859436 68640
1675873907946 0.1416097402572632 68680
1675873908603 0.09842079877853394 68720
1675873909255 0.07929649353027343 68760
1675873909883 0.11777659654617309 68800
1675873910534 0.07243797183036804 68840
1675873911218 0.13885520696640014 68880
1675873911895 0.1210362434387207 68920
1675873912543 0.09071399569511414 68960
1675873913179 0.09563385844230651 69000
1675873913807 0.10430393218994141 69040
1675873914419 0.11045560836791993 69080
1675873915073 0.1387423276901245 69120
1675873915727 0.07977337837219238 69160
1675873916384 0.08810741305351258 69200
1675873917024 0.10730919837951661 69240
1675873917678 0.13544323444366455 69280
1675873918348 0.10342510938644409 69320
1675873918989 0.1432703733444214 69360
1675873919676 0.11444964408874511 69400
1675873920311 0.10189681053161621 69440
1675873920994 0.1143444299697876 69480
1675873921638 0.10837434530258179 69520
1675873922324 0.10198166370391845 69560
1675873922961 0.09271237254142761 69600
1675873923583 0.08788116574287415 69640
1675873924249 0.11538753509521485 69680
1675873924890 0.12238174676895142 69720
1675873925545 0.11024534702301025 69760
1675873926230 0.10244601964950562 69800
1675873926885 0.0995339572429657 69840
1675873927543 0.13233362436294555 69880
1675873928200 0.08563674092292786 69920
1675873928873 0.09222228527069092 69960
1675873929521 0.09254407286643981 70000
1675873930164 0.11418962478637695 70040
1675873930861 0.1149860143661499 70080
1675873931573 0.12809725999832153 70120
1675873932219 0.09431197643280029 70160
1675873932863 0.10128138065338135 70200
1675873933497 0.10765174627304078 70240
1675873934120 0.14956576824188234 70280
1675873938281 0.009835077822208405 70320
1675873938962 0.1024513840675354 70360
1675873939608 0.08921530842781067 70400
1675873940269 0.1015093445777893 70440
1675873940891 0.11855893135070801 70480
1675873941520 0.10131676197052002 70520
1675873942163 0.09388846158981323 70560
1675873942818 0.1462201476097107 70600
1675873943442 0.11301461458206177 70640
1675873944082 0.1406511664390564 70680
1675873944728 0.09908691048622131 70720
1675873945412 0.1315847396850586 70760
1675873946056 0.07969895005226135 70800
1675873946689 0.1162523627281189 70840
1675873947329 0.10423274040222168 70880
1675873947968 0.12939250469207764 70920
1675873948665 0.1301896572113037 70960
1675873949315 0.11427302360534668 71000
1675873949957 0.11961166858673096 71040
1675873950635 0.10600469112396241 71080
1675873951278 0.14469330310821532 71120
1675873951939 0.09831796288490295 71160
1675873952574 0.11580560207366944 71200
1675873953202 0.11863812208175659 71240
1675873953835 0.1309720277786255 71280
1675873954474 0.1087765097618103 71320
1675873955108 0.08407184481620789 71360
1675873955757 0.12923387289047242 71400
1675873956419 0.13172247409820556 71440
1675873957092 0.14822350740432738 71480
1675873957755 0.10764546394348144 71520
1675873958393 0.12016277313232422 71560
1675873959037 0.09274694919586182 71600
1675873959710 0.11789858341217041 71640
1675873960354 0.0784645438194275 71680
1675873960998 0.07828236818313598 71720
1675873961647 0.10723873376846313 71760
1675873962275 0.09996834993362427 71800
1675873962961 0.17134253978729247 71840
1675873963602 0.08255197405815125 71880
1675873964305 0.12227696180343628 71920
1675873965000 0.13225923776626586 71960
1675873965639 0.11331000328063964 72000
1675873966281 0.16295263767242432 72040
1675873966960 0.08939247727394103 72080
1675873967619 0.12758017778396608 72120
1675873968281 0.13779044151306152 72160
1675873968919 0.13468177318573 72200
1675873969564 0.11212682723999023 72240
1675873970192 0.1780673861503601 72280
1675873970861 0.12608418464660645 72320
1675873971497 0.16410473585128785 72360
1675873972128 0.19619910717010497 72400
1675873972754 0.11270866394042969 72440
1675873973389 0.13905869722366332 72480
1675873974025 0.1142549991607666 72520
1675873974712 0.12696095705032348 72560
1675873975359 0.14581093788146973 72600
1675873976005 0.09093445539474487 72640
1675873976678 0.22743449211120606 72680
1675873977320 0.11647863388061523 72720
1675873977950 0.16683923006057738 72760
1675873978588 0.12053821086883545 72800
1675873979232 0.10896052122116089 72840
1675873979886 0.12115623950958251 72880
1675873980547 0.11422048807144165 72920
1675873981202 0.10649480819702148 72960
1675873981872 0.10960229635238647 73000
1675873982506 0.1189639687538147 73040
1675873983164 0.12866212129592897 73080
1675873983824 0.15403363704681397 73120
1675873984443 0.07678843736648559 73160
1675873985088 0.1221271276473999 73200
1675873985778 0.11601721048355103 73240
1675873986449 0.12777458429336547 73280
1675873987100 0.11414042711257935 73320
1675873987734 0.15520156621932985 73360
1675873988461 0.14640671014785767 73400
1675873989124 0.1630811095237732 73440
1675873989792 0.11237719058990478 73480
1675873990420 0.1025747537612915 73520
1675873991064 0.10932176113128662 73560
1675873991715 0.14214084148406983 73600
1675873992344 0.1063115119934082 73640
1675873992985 0.1586572051048279 73680
1675873993623 0.14339401721954345 73720
1675873994274 0.13899887800216676 73760
1675873994918 0.11330189704895019 73800
1675873995564 0.14028621912002565 73840
1675873996235 0.10880411863327026 73880
1675873996913 0.12374708652496338 73920
1675873997604 0.14761340618133545 73960
1675873998308 0.12356902360916137 74000
1675873998966 0.11803092956542968 74040
1675873999603 0.1413726329803467 74080
1675874000238 0.11815160512924194 74120
1675874000940 0.1275844931602478 74160
1675874001575 0.10769599676132202 74200
1675874002201 0.12022844552993775 74240
1675874002847 0.16320807933807374 74280
1675874003509 0.12925595045089722 74320
1675874004154 0.12860037088394166 74360
1675874004815 0.12657757997512817 74400
1675874005481 0.1454026699066162 74440
1675874006122 0.13305579423904418 74480
1675874006759 0.10608717203140258 74520
1675874007453 0.1218535304069519 74560
1675874008094 0.12143943309783936 74600
1675874008769 0.09987336993217469 74640
1675874009456 0.11629440784454345 74680
1675874010150 0.14723758697509765 74720
1675874010841 0.11496796607971191 74760
1675874011483 0.10081758499145507 74800
1675874012126 0.10677828788757324 74840
1675874012749 0.14197080135345458 74880
1675874013399 0.1323109269142151 74920
1675874014046 0.13424705266952514 74960
1675874014697 0.12126680612564086 75000
1675874015378 0.15942099094390869 75040
1675874016029 0.11061561107635498 75080
1675874016668 0.12721359729766846 75120
1675874017304 0.11842857599258423 75160
1675874017944 0.10296088457107544 75200
1675874018576 0.1078189492225647 75240
1675874019229 0.10071277618408203 75280
1675874019885 0.09628340005874633 75320
1675874020530 0.09286820888519287 75360
1675874021172 0.09449949264526367 75400
1675874021840 0.11685055494308472 75440
1675874022498 0.12900846004486083 75480
1675874023159 0.06103425025939942 75520
1675874023809 0.12784265279769896 75560
1675874024503 0.12350523471832275 75600
1675874025143 0.12009360790252685 75640
1675874025768 0.1256513237953186 75680
1675874026392 0.12178909778594971 75720
1675874027064 0.08594642281532287 75760
1675874027690 0.11167325973510742 75800
1675874028318 0.11857476234436035 75840
1675874028971 0.11974875926971436 75880
1675874029609 0.14299468994140624 75920
1675874030264 0.07111172080039978 75960
1675874030913 0.09855014085769653 76000
1675874031557 0.12995294332504273 76040
1675874032223 0.10621408224105836 76080
1675874032867 0.08999744057655334 76120
1675874033531 0.1454257845878601 76160
1675874034156 0.09640834927558899 76200
1675874034821 0.13064273595809936 76240
1675874035489 0.16773515939712524 76280
1675874036121 0.1358770251274109 76320
1675874036777 0.11340891122817993 76360
1675874037407 0.1112667441368103 76400
1675874038051 0.06948813796043396 76440
1675874038705 0.0969969630241394 76480
1675874039325 0.10539213418960572 76520
1675874039994 0.1148801565170288 76560
1675874040635 0.09284901022911071 76600
1675874041288 0.14646284580230712 76640
1675874041929 0.10251066684722901 76680
1675874042557 0.12481651306152344 76720
1675874043191 0.1750285506248474 76760
1675874043845 0.1200927734375 76800
1675874044507 0.13475043773651124 76840
1675874045174 0.1106449007987976 76880
1675874045851 0.14893670082092286 76920
1675874046514 0.08604394793510436 76960
1675874047167 0.11393005847930908 77000
1675874047800 0.15742586851119994 77040
1675874048487 0.11008331775665284 77080
1675874049133 0.10472735166549682 77120
1675874049804 0.1085393786430359 77160
1675874050450 0.09403876662254333 77200
1675874051105 0.07603269815444946 77240
1675874051752 0.09702053666114807 77280
1675874052372 0.1486520767211914 77320
1675874053002 0.09875229597091675 77360
1675874053630 0.1240532636642456 77400
1675874054283 0.07573007345199585 77440
1675874054926 0.11627631187438965 77480
1675874055557 0.12371935844421386 77520
1675874056255 0.09114776253700256 77560
1675874056888 0.09572158455848694 77600
1675874057556 0.12343305349349976 77640
1675874058204 0.14837439060211183 77680
1675874058868 0.10879689455032349 77720
1675874059503 0.1170161247253418 77760
1675874060136 0.10804980993270874 77800
1675874060778 0.33073863983154295 77840
1675874061438 0.17948514223098755 77880
1675874062076 0.15684551000595093 77920
1675874062707 0.12014044523239135 77960
1675874063385 0.1690133810043335 78000
1675874064053 0.14517537355422974 78040
1675874064693 0.13421722650527954 78080
1675874065349 0.13274450302124025 78120
1675874066037 0.12761979103088378 78160
1675874066693 0.15286319255828856 78200
1675874067329 0.11769617795944214 78240
1675874067969 0.133207368850708 78280
1675874068637 0.12875492572784425 78320
1675874069263 0.18188728094100953 78360
1675874069925 0.1731086015701294 78400
1675874070570 0.12217191457748414 78440
1675874071193 0.11952754259109497 78480
1675874071833 0.08697953224182128 78520
1675874072481 0.13304286003112792 78560
1675874073110 0.1381119966506958 78600
1675874073808 0.13126493692398072 78640
1675874074462 0.11042195558547974 78680
1675874075083 0.1307373285293579 78720
1675874075730 0.23873095512390136 78760
1675874076375 0.09990044832229614 78800
1675874077006 0.10349913835525512 78840
1675874077638 0.08649131655693054 78880
1675874078274 0.12233115434646606 78920
1675874078909 0.11257644891738891 78960
1675874079541 0.11457712650299072 79000
1675874080177 0.12763115167617797 79040
1675874080832 0.126052188873291 79080
1675874081458 0.19436155557632445 79120
1675874082096 0.13242913484573365 79160
1675874082743 0.11459444761276245 79200
1675874083403 0.12812392711639403 79240
1675874084048 0.1157078742980957 79280
1675874084696 0.15755895376205445 79320
1675874085332 0.13056222200393677 79360
1675874086018 0.13226689100265504 79400
1675874086699 0.10642049312591553 79440
1675874087363 0.11921449899673461 79480
1675874088020 0.11175749301910401 79520
1675874088690 0.10879417657852172 79560
1675874089325 0.10815970897674561 79600
1675874089996 0.09496732354164124 79640
1675874090630 0.0917917788028717 79680
1675874091290 0.1097720742225647 79720
1675874091935 0.1315791964530945 79760
1675874092613 0.10127358436584473 79800
1675874093260 0.12972863912582397 79840
1675874093931 0.10824165344238282 79880
1675874094589 0.11979734897613525 79920
1675874095235 0.09621936678886414 79960
1675874095910 0.08749807476997376 80000
1675874096583 0.11275418996810913 80040
1675874097229 0.09646892547607422 80080
1675874097869 0.15141091346740723 80120
1675874098500 0.11730366945266724 80160
1675874099163 0.07737963199615479 80200
1675874099842 0.2651768445968628 80240
1675874100474 0.13509783744812012 80280
1675874101091 0.13119618892669677 80320
