1675354342711 0.7224597334861755 0
1675354342922 0.7181244492530823 0
1675354343152 0.7104781866073608 0
1675354343359 0.7044767141342163 0
1675354343557 0.6974994540214539 0
1675354343828 0.6884278059005737 0
1675354344072 0.6833041906356812 0
1675354344281 0.6781686544418335 0
1675354344490 0.6718466281890869 0
1675354344705 0.6650190353393555 0
1675354344924 0.6581815481185913 0
1675354345207 0.6508022546768188 0
1675354345437 0.6476890444755554 0
1675354345643 0.6427450776100159 0
1675354345862 0.6377058625221252 0
1675354346115 0.6313778758049011 0
1675354346354 0.6259105801582336 0
1675354346571 0.622081458568573 0
1675354346787 0.6179077625274658 0
1675354347063 0.6117533445358276 0
1675354347331 0.6087576150894165 0
1675354347538 0.6036519408226013 0
1675354347850 0.5963837504386902 0
1675354348040 0.5984203219413757 0
1675354348289 0.5910480618476868 0
1675354348514 0.5895179510116577 0
1675354348773 0.5832968354225159 0
1675354349046 0.5782948136329651 0
1675354349297 0.5768905878067017 0
1675354349544 0.5743260383605957 0
1675354349757 0.5736104846000671 0
1675354349951 0.5692954063415527 0
1675354350235 0.567558228969574 0
1675354350461 0.5643410682678223 0
1675354350786 0.5562950968742371 0
1675354351014 0.5597656965255737 0
1675354351251 0.5536928772926331 0
1675354351487 0.5541774034500122 0
1675354351690 0.5535208582878113 0
1675354351950 0.5465013384819031 0
1675354352191 0.5460698008537292 0
1675354352498 0.5411056280136108 0
1675354352760 0.5442208647727966 0
1675354353042 0.5384697318077087 0
1675354353272 0.5372160077095032 0
1675354353525 0.5374325513839722 0
1675354353797 0.5335904955863953 0
1675354354110 0.5313031673431396 0
1675354354325 0.5348996520042419 0
1675354354570 0.5300532579421997 0
1675354354847 0.5297508835792542 0
1675354355072 0.5278897881507874 0
1675354355283 0.528744101524353 0
1675354355553 0.5239869356155396 0
1675354355792 0.5244525074958801 0
1675354356044 0.5213026404380798 0
1675354356252 0.5264157652854919 0
1675354356483 0.5192459225654602 0
1675354356711 0.5207687616348267 0
1675354356944 0.5187489986419678 0
1675354357189 0.5154418349266052 0
1675354357412 0.5197515487670898 0
1675354357619 0.518488883972168 0
1675354357816 0.519926905632019 0
1675354358002 0.5172581672668457 0
1675354358243 0.5154411196708679 0
1675354358455 0.5142062902450562 0
1675354358705 0.510683536529541 0
1675354358914 0.5124068260192871 0
1675354359128 0.5096667408943176 0
1675354359380 0.5118659734725952 0
1675354359600 0.507742166519165 0
1675354359792 0.5123483538627625 0
1675354360053 0.5054494738578796 0
1675354360248 0.5102553367614746 0
1675354360506 0.5012950897216797 0
1675354360734 0.5034254193305969 0
1675354360976 0.502941370010376 0
1675354361188 0.5043909549713135 0
1675354361406 0.5055736899375916 0
1675354361656 0.5002244710922241 0
1675354361874 0.5022927522659302 0
1675354362109 0.4991927146911621 0
1675354362377 0.49629008769989014 0
1675354362618 0.4999632239341736 0
1675354362801 0.5046076774597168 0
1675354363045 0.5008081793785095 0
1675354363262 0.4971178472042084 0
1675354363483 0.49816441535949707 0
1675354363676 0.5005557537078857 0
1675354363850 0.5027232766151428 0
1675354364096 0.4947570264339447 0
1675354364338 0.4938684105873108 0
1675354364489 0.5023491382598877 0
1675354364715 0.4950953423976898 0
1675354364922 0.49658122658729553 0
1675354365144 0.4961073100566864 0
1675354365399 0.4924916625022888 0
1675354365624 0.4952654242515564 0
1675354365859 0.4923289716243744 0
1675354366073 0.4920393228530884 0
1675354366278 0.4929165840148926 0
1675354366483 0.4932337701320648 0
1675354366688 0.49322184920310974 0
1675354366962 0.4869699478149414 0
1675354367180 0.4903767704963684 0
1675354367403 0.4896929860115051 0
1675354367634 0.4910007119178772 0
1675354367902 0.48438185453414917 0
1675354368154 0.4870332181453705 0
1675354368393 0.4890063405036926 0
1675354368613 0.4886322021484375 0
1675354368862 0.48888760805130005 0
1675354369077 0.48876893520355225 0
1675354369259 0.4917217791080475 0
1675354369543 0.48210805654525757 0
1675354369801 0.4838971495628357 0
1675354370078 0.4790973663330078 0
1675354370285 0.4891784191131592 0
1675354370522 0.4851610064506531 0
1675354370785 0.4811531603336334 0
1675354370984 0.4871201515197754 0
1675354371018 0.4771471321582794 0
