1675416209419 0.7261592745780945 0
1675416210290 0.7165122628211975 0
1675416211688 0.7033528685569763 0
1675416212969 0.6988533735275269 0
1675416214302 0.6881552338600159 0
1675416214769 0.6818370223045349 0
1675416216009 0.6753858923912048 0
1675416217298 0.6659286022186279 0
1675416218662 0.6593626141548157 0
1675416219806 0.6517550945281982 0
1675416220446 0.6457362174987793 0
1675416221486 0.6409901976585388 0
1675416222772 0.6353552341461182 0
1675416224088 0.6302826404571533 0
1675416225276 0.6268708109855652 0
1675416226462 0.6191375255584717 0
1675416227714 0.6140260100364685 0
1675416228964 0.6102678775787354 0
1675416230522 0.6051236987113953 0
1675416232605 0.6004219651222229 0
1675416233723 0.6001704931259155 0
1675416235041 0.592779815196991 0
1675416236270 0.5876017212867737 0
1675416237422 0.5892190337181091 0
1675416238698 0.5804661512374878 0
1675416240057 0.575257420539856 0
1675416241163 0.5752807855606079 0
1675416241966 0.5692050457000732 0
1675416243087 0.5663542747497559 0
1675416244590 0.5625234246253967 0
1675416245704 0.5612602233886719 0
1675416246762 0.5574865937232971 0
1675416247818 0.5556305646896362 0
1675416249089 0.5527645945549011 0
1675416250570 0.5495709776878357 0
1675416251785 0.5526946187019348 0
1675416253070 0.5460311770439148 0
1675416254557 0.5417852401733398 0
1675416255462 0.5381845235824585 0
1675416256422 0.5407907962799072 0
1675416257657 0.5416255593299866 0
1675416258928 0.5328060984611511 0
1675416259430 0.5360478162765503 0
1675416259940 0.5357667803764343 0
1675416260516 0.5321033596992493 0
1675416261392 0.5296956300735474 0
1675416262609 0.5261157751083374 0
1675416263996 0.5229734182357788 0
1675416265370 0.5259367823600769 0
1675416266822 0.5219360589981079 0
1675416267449 0.5206633806228638 0
1675416268475 0.5161285400390625 0
1675416269032 0.5189934372901917 0
1675416270226 0.5177913308143616 0
1675416271626 0.5155015587806702 0
1675416272442 0.5129598379135132 0
1675416273056 0.5150205492973328 0
1675416274230 0.515417754650116 0
1675416274933 0.5151667594909668 0
1675416275873 0.5084972381591797 0
1675416277162 0.5147131681442261 0
1675416278789 0.5072020292282104 0
1675416280222 0.5104383826255798 0
1675416281317 0.5075827240943909 0
1675416282498 0.5099839568138123 0
1675416283802 0.5037261843681335 0
1675416285054 0.5093533396720886 0
1675416285771 0.5081242322921753 0
1675416286914 0.5072553157806396 0
1675416288321 0.5052260756492615 0
1675416289679 0.5025866627693176 0
1675416291094 0.5011516809463501 0
1675416292471 0.5010229349136353 0
1675416293686 0.501527726650238 0
1675416295062 0.4964240789413452 0
1675416296339 0.49517104029655457 0
1675416297841 0.5061548352241516 0
1675416299150 0.4975249767303467 0
1675416300462 0.5000112652778625 0
1675416302371 0.4944837987422943 0
1675416303476 0.4966976046562195 0
1675416304778 0.4990245997905731 0
1675416306189 0.4916650354862213 0
1675416307294 0.4917910695075989 0
1675416308650 0.4939385950565338 0
1675416309922 0.49274754524230957 0
1675416311154 0.49229133129119873 0
1675416312200 0.49300387501716614 0
1675416313286 0.49231094121932983 0
1675416314574 0.4910590946674347 0
1675416315937 0.4902481436729431 0
1675416317273 0.4914591908454895 0
1675416318765 0.48555779457092285 0
1675416319982 0.49297064542770386 0
1675416321302 0.4889700710773468 0
1675416322753 0.4901634454727173 0
1675416324183 0.4873489439487457 0
1675416325458 0.49010005593299866 0
1675416326922 0.48659980297088623 0
1675416328290 0.4851449131965637 0
1675416329549 0.4841967225074768 0
1675416331058 0.48777323961257935 0
1675416332670 0.4886801242828369 0
1675416333546 0.4904850125312805 0
1675416334599 0.48401862382888794 0
1675416335960 0.48510998487472534 0
1675416337396 0.4854189455509186 0
1675416338556 0.4893377721309662 0
1675416339586 0.4780887961387634 0
1675416341418 0.4811396598815918 0
1675416342475 0.4856736361980438 0
1675416343887 0.48131293058395386 0
1675416345178 0.4825826585292816 0
1675416346526 0.48861342668533325 0
1675416347884 0.4863773286342621 0
1675416349694 0.48044657707214355 0
1675416350860 0.4849032163619995 0
1675416352266 0.48528802394866943 0
1675416353017 0.4749167263507843 0
1675416353545 0.4923292398452759 0
1675416354890 0.47302699089050293 0
1675416356257 0.4805853068828583 0
1675416357066 0.474465012550354 0
