1675783769618 0.684580385684967 0
1675783775217 0.6847617030143738 0
1675783775277 0.677584707736969 0
1675783775347 0.6771361827850342 0
1675783775406 0.6466546654701233 0
1675783775460 0.6785551309585571 0
1675783775512 0.6821783185005188 0
1675783775558 0.6783230304718018 0
1675783775608 0.6767709851264954 0
1675783775656 0.6285076141357422 0
1675783775706 0.6201058626174927 0
1675783775752 0.6205374598503113 0
1675783775798 0.650844395160675 0
1675783775849 0.6389021277427673 0
1675783775896 0.6709970235824585 0
1675783775955 0.5815953612327576 0
1675783775997 0.6766214370727539 0
1675783776044 0.581093966960907 0
1675783776093 0.5989002585411072 0
1675783776151 0.5803489089012146 0
1675783776200 0.5163503289222717 0
1675783776244 0.5964146852493286 0
1675783776297 0.5391939878463745 0
1675783776344 0.5311003923416138 0
1675783776395 0.7320904731750488 0
1675783776449 0.4468775987625122 0
1675783776499 0.6180516481399536 0
1675783776548 0.7659519910812378 0
1675783776600 0.5363821387290955 0
1675783776645 0.7652245163917542 0
1675783776691 0.590675950050354 0
1675783776740 0.7564964890480042 0
1675783776787 0.5744084119796753 0
1675783776838 0.7522322535514832 0
1675783776882 0.6432403326034546 0
1675783776928 0.6351280212402344 0
1675783776974 0.5285466313362122 0
1675783777081 0.49798583984375 0
1675783777206 0.6368325352668762 0
1675783777274 0.5089737772941589 0
1675783777329 0.5892558097839355 0
1675783777379 0.5980241298675537 0
1675783777429 0.48071804642677307 0
1675783777476 0.5577908158302307 0
1675783777523 0.5225507616996765 0
1675783777575 0.694379448890686 0
1675783777627 0.6027707457542419 0
1675783777675 0.5060698986053467 0
1675783777723 0.5343906879425049 0
1675783777766 0.6430196166038513 0
1675783777815 0.5786741375923157 0
1675783777861 0.5238062143325806 0
1675783777912 0.48803672194480896 0
1675783777959 0.6455115675926208 0
1675783778006 0.6705065369606018 0
1675783778058 0.7347740530967712 0
1675783778110 0.44882631301879883 0
1675783778158 0.5304374694824219 0
1675783778201 0.6667672395706177 0
1675783778255 0.7115008234977722 0
1675783778307 0.5123833417892456 0
1675783778352 0.60977703332901 0
1675783778399 0.5928887128829956 0
1675783778452 0.7294832468032837 0
1675783778499 0.4785420000553131 0
1675783778544 0.6537219285964966 0
1675783778589 0.5314805507659912 0
1675783778633 0.5208241939544678 0
1675783778683 0.6774811744689941 0
1675783778736 0.45154187083244324 0
1675783778779 0.7114734649658203 0
1675783778826 0.6834481954574585 0
1675783778872 0.54030442237854 0
1675783778924 0.47228384017944336 0
1675783778969 0.6294049024581909 0
1675783779015 0.5304499864578247 0
1675783779074 0.680587887763977 0
1675783779123 0.4917105436325073 0
1675783779170 0.552188515663147 0
1675783779217 0.6759539246559143 0
1675783779270 0.4890197217464447 0
1675783779324 0.6319277882575989 0
1675783779372 0.6090676188468933 0
1675783779417 0.5491548180580139 0
1675783779462 0.546761155128479 0
1675783779514 0.5048363208770752 0
1675783779557 0.5847090482711792 0
1675783779605 0.5335797071456909 0
1675783779650 0.48532211780548096 0
1675783779697 0.539925217628479 0
1675783779744 0.622894287109375 0
1675783779788 0.6817300915718079 0
1675783779829 0.5137231349945068 0
1675783779874 0.5207902789115906 0
1675783779924 0.39696282148361206 0
1675783779971 0.5663139820098877 0
1675783780021 0.4430690407752991 0
1675783780063 0.5210021138191223 0
1675783780113 0.6605350971221924 0
1675783780162 0.35537347197532654 0
