1675611693810 0.6640169620513916 0
1675611694055 0.6374306082725525 0
1675611694299 0.617866575717926 0
1675611694561 0.599023699760437 0
1675611694792 0.5832496285438538 0
1675611695047 0.5654464960098267 0
1675611695304 0.5529147386550903 0
1675611695553 0.5391110181808472 0
1675611695761 0.5274102091789246 0
1675611696004 0.5137181878089905 0
1675611696233 0.5057908296585083 0
1675611696488 0.49419161677360535 0
1675611696679 0.49167582392692566 0
1675611696907 0.4808863401412964 0
1675611697170 0.4727359712123871 0
1675611697437 0.4667242169380188 0
1675611697662 0.46419575810432434 0
1675611697887 0.4599469304084778 0
1675611698108 0.4553530514240265 0
1675611698323 0.45129692554473877 0
1675611698531 0.44932886958122253 0
1675611698756 0.44466668367385864 0
1675611698975 0.44346168637275696 0
1675611699244 0.4381278455257416 0
1675611699482 0.4369325339794159 0
1675611699733 0.43242284655570984 0
1675611699961 0.43093469738960266 0
1675611700172 0.432075172662735 0
1675611700464 0.42441442608833313 0
1675611700714 0.42403486371040344 0
1675611700924 0.42625826597213745 0
1675611701189 0.4203275740146637 0
1675611701444 0.41867178678512573 0
1675611701670 0.41827425360679626 0
1675611701906 0.4154890179634094 0
1675611702119 0.4175591468811035 0
1675611702338 0.41482412815093994 0
1675611702559 0.4141128361225128 0
1675611702788 0.412841260433197 0
1675611703034 0.4089146554470062 0
1675611703261 0.4088839888572693 0
1675611703491 0.4073614478111267 0
1675611703732 0.40578851103782654 0
1675611703988 0.4030313491821289 0
1675611704245 0.4018775224685669 0
1675611704469 0.4032708406448364 0
1675611704679 0.4022000730037689 0
1675611704908 0.40247300267219543 0
1675611705121 0.3997873365879059 0
1675611705332 0.4001017212867737 0
1675611705558 0.39643701910972595 0
1675611705780 0.394138365983963 0
1675611706007 0.39406856894493103 0
1675611706204 0.39587023854255676 0
1675611706419 0.39300698041915894 0
1675611706654 0.39280495047569275 0
1675611706899 0.39079344272613525 0
1675611707178 0.38942766189575195 0
1675611707452 0.38978058099746704 0
1675611707718 0.3855447471141815 0
1675611707925 0.38975489139556885 0
1675611708147 0.3871840536594391 0
1675611708354 0.3876701891422272 0
1675611708586 0.3861325979232788 0
1675611708847 0.3842030465602875 0
1675611709091 0.3843291997909546 0
1675611709314 0.3852449953556061 0
1675611709540 0.3860323131084442 0
1675611709744 0.3873162865638733 0
1675611709978 0.3840695023536682 0
1675611710220 0.38257908821105957 0
1675611710437 0.3836399018764496 0
1675611710654 0.38345813751220703 0
1675611710875 0.3853815197944641 0
1675611711095 0.3817659318447113 0
1675611711337 0.3799467384815216 0
1675611711542 0.38255682587623596 0
1675611711788 0.3781096339225769 0
1675611712016 0.37993094325065613 0
1675611712227 0.3802167475223541 0
1675611712462 0.3790155053138733 0
1675611712692 0.3760010600090027 0
1675611712933 0.37606438994407654 0
1675611713148 0.3783019185066223 0
1675611713357 0.37981826066970825 0
1675611713579 0.3781590461730957 0
1675611713842 0.3756681978702545 0
1675611714092 0.3753281831741333 0
1675611714330 0.3720094561576843 0
1675611714586 0.373237282037735 0
1675611714829 0.3748526871204376 0
1675611715048 0.37376946210861206 0
1675611715262 0.3737238645553589 0
1675611715495 0.3708711564540863 0
1675611715718 0.37098661065101624 0
1675611715947 0.3734608590602875 0
1675611716178 0.3704209327697754 0
1675611716384 0.3710758686065674 0
1675611716600 0.37095707654953003 0
1675611716816 0.36919015645980835 0
1675611717026 0.37057825922966003 0
1675611717237 0.36987704038619995 0
1675611717510 0.36325255036354065 0
1675611717776 0.36120086908340454 0
1675611718004 0.3659951686859131 0
1675611718236 0.366006463766098 0
1675611718485 0.36388343572616577 0
1675611718711 0.3646168112754822 0
1675611718935 0.3666645884513855 0
1675611719163 0.3639238476753235 0
1675611719378 0.3651367127895355 0
1675611719609 0.36649978160858154 0
1675611719851 0.36559733748435974 0
1675611720105 0.3616364002227783 0
1675611720318 0.36551737785339355 0
1675611720542 0.3636482059955597 0
1675611720762 0.3640422821044922 0
1675611720988 0.3629935085773468 0
1675611721215 0.362208753824234 0
1675611721434 0.3629207909107208 0
1675611721651 0.36604782938957214 0
1675611721902 0.3654341697692871 0
1675611722156 0.36330708861351013 0
1675611722408 0.3593697249889374 0
1675611722609 0.3664206564426422 0
1675611722818 0.36416390538215637 0
1675611723032 0.36316168308258057 0
1675611723309 0.35846418142318726 0
1675611723551 0.35896265506744385 0
1675611723852 0.3568812906742096 0
1675611724114 0.3589884340763092 0
1675611724351 0.358843594789505 0
1675611724560 0.36279359459877014 0
1675611724778 0.3608276844024658 0
1675611724969 0.36516493558883667 0
1675611725216 0.35828351974487305 0
1675611725442 0.3579055964946747 0
1675611725691 0.3566069006919861 0
1675611725960 0.3595178425312042 0
1675611726192 0.36090898513793945 0
1675611726425 0.35864004492759705 0
1675611726658 0.35773661732673645 0
1675611726891 0.3584311008453369 0
1675611727117 0.35732707381248474 0
1675611727321 0.35975316166877747 0
1675611727588 0.3525768518447876 0
1675611727806 0.3602719008922577 0
1675611728009 0.3604765236377716 0
1675611728251 0.35545599460601807 0
1675611728465 0.3582095503807068 0
1675611728670 0.3588379919528961 0
1675611728882 0.35779568552970886 0
1675611729096 0.3578137159347534 0
1675611729327 0.3551274538040161 0
1675611729527 0.35896435379981995 0
1675611729761 0.35413986444473267 0
1675611729976 0.35722729563713074 0
1675611731468 0.3580677807331085 0
1675611731664 0.36379632353782654 0
1675611731897 0.35784536600112915 0
1675611732133 0.3555161654949188 0
1675611732356 0.35824617743492126 0
1675611732555 0.35947272181510925 0
1675611732787 0.35462912917137146 0
1675611733021 0.3562672436237335 0
1675611733241 0.3558047115802765 0
1675611733490 0.3492451608181 0
1675611733694 0.3580680787563324 0
1675611733914 0.353848397731781 0
1675611734130 0.3553214371204376 0
1675611734350 0.35402151942253113 0
1675611734584 0.35139110684394836 0
1675611734795 0.3555322289466858 0
1675611735018 0.35317346453666687 0
1675611735243 0.3541259765625 0
1675611735473 0.3530263900756836 0
1675611735696 0.35452213883399963 0
1675611735918 0.3547552824020386 0
1675611736147 0.35408973693847656 0
1675611736382 0.3543153405189514 0
1675611736600 0.3558028042316437 0
1675611736858 0.3535808026790619 0
1675611737131 0.3512163758277893 0
1675611737354 0.3592725098133087 0
1675611737603 0.35679247975349426 0
1675611737860 0.3516749441623688 0
1675611738082 0.3547745645046234 0
1675611738340 0.34984156489372253 0
1675611738560 0.3549441397190094 0
1675611738789 0.35239341855049133 0
1675611739018 0.3536968231201172 0
1675611739256 0.34885963797569275 0
1675611739484 0.3522277772426605 0
1675611739725 0.3496844172477722 0
1675611739978 0.35345253348350525 0
1675611740206 0.35641753673553467 0
1675611740440 0.3540736138820648 0
1675611740651 0.35592448711395264 0
1675611740899 0.3500576913356781 0
1675611741114 0.35574182868003845 0
1675611741327 0.3544565439224243 0
1675611741529 0.3557232618331909 0
1675611741759 0.354268342256546 0
1675611742015 0.34838199615478516 0
1675611742234 0.35245028138160706 0
1675611742445 0.35353371500968933 0
1675611742653 0.35359987616539 0
1675611742850 0.3549095690250397 0
1675611743067 0.3514346182346344 0
1675611743319 0.348060667514801 0
1675611743550 0.3550386130809784 0
1675611743809 0.3537655770778656 0
1675611744093 0.3449392020702362 0
1675611744310 0.35515424609184265 0
1675611744528 0.3538459837436676 0
1675611744790 0.3454393446445465 0
1675611745007 0.35461267828941345 0
1675611745245 0.35118305683135986 0
1675611745483 0.35435643792152405 0
1675611745726 0.35056015849113464 0
1675611745985 0.352714478969574 0
1675611746205 0.35593855381011963 0
1675611746419 0.3524082601070404 0
1675611746641 0.35166627168655396 0
1675611746843 0.354989618062973 0
1675611747050 0.35336145758628845 0
1675611747279 0.34984949231147766 0
1675611747521 0.3524799346923828 0
1675611747753 0.35186365246772766 0
1675611748027 0.34570884704589844 0
1675611748250 0.3525519371032715 0
1675611748447 0.3555753827095032 0
1675611748663 0.3503292500972748 0
1675611748867 0.3550799489021301 0
1675611749102 0.3475583791732788 0
1675611749301 0.35451021790504456 0
1675611749514 0.35203757882118225 0
1675611749720 0.35490548610687256 0
1675611749935 0.35415220260620117 0
1675611750171 0.3524910807609558 0
1675611750401 0.35130950808525085 0
1675611750687 0.34508952498435974 0
1675611750931 0.35190674662590027 0
1675611751152 0.3531348705291748 0
1675611751375 0.35517191886901855 0
1675611751626 0.35193124413490295 0
1675611751901 0.35017693042755127 0
1675611752137 0.3543427884578705 0
1675611752382 0.35025739669799805 0
1675611752643 0.3493025302886963 0
1675611752886 0.3508366644382477 0
1675611753140 0.3510798215866089 0
1675611753381 0.35265353322029114 0
1675611753619 0.3486611545085907 0
1675611753835 0.3514883816242218 0
1675611754061 0.3545883595943451 0
1675611754296 0.34961751103401184 0
1675611754533 0.3476890027523041 0
1675611754765 0.3480456471443176 0
1675611754991 0.35047096014022827 0
1675611755216 0.35008373856544495 0
1675611755454 0.34944799542427063 0
1675611755666 0.3511902093887329 0
1675611755907 0.3478035032749176 0
1675611756135 0.3496399521827698 0
1675611756348 0.3520314395427704 0
1675611756565 0.3510091006755829 0
1675611756809 0.35187017917633057 0
1675611757033 0.35226336121559143 0
1675611757252 0.3516862094402313 0
1675611757478 0.3511693775653839 0
1675611757680 0.3545425534248352 0
1675611757887 0.3533267378807068 0
1675611758124 0.3462013900279999 0
1675611758359 0.35055336356163025 0
1675611758582 0.34894832968711853 0
1675611758791 0.35202449560165405 0
1675611758990 0.3544224500656128 0
1675611759226 0.3495829403400421 0
1675611759443 0.3524807393550873 0
1675611759656 0.35356637835502625 0
1675611759916 0.3489603102207184 0
1675611760157 0.3502742648124695 0
1675611760413 0.3466961681842804 0
1675611760696 0.34499427676200867 0
1675611760916 0.3518482446670532 0
1675611761160 0.3462959825992584 0
1675611761399 0.34701836109161377 0
1675611761616 0.3505606949329376 0
1675611761838 0.3505558967590332 0
1675611762099 0.34914910793304443 0
1675611762364 0.3455464243888855 0
1675611762562 0.3536435067653656 0
1675611762756 0.35338425636291504 0
1675611762966 0.35129624605178833 0
1675611763165 0.35189658403396606 0
1675611763395 0.34812894463539124 0
1675611763593 0.3533312678337097 0
1675611763797 0.3525623083114624 0
1675611763998 0.35329779982566833 0
1675611764222 0.3481763005256653 0
1675611764476 0.34688782691955566 0
1675611764698 0.34886518120765686 0
1675611764899 0.3522762656211853 0
1675611765116 0.3494435250759125 0
1675611765321 0.3515431582927704 0
1675611765529 0.3504515588283539 0
1675611765750 0.3492963910102844 0
1675611765956 0.3520658314228058 0
1675611766184 0.3492410480976105 0
1675611766388 0.35277849435806274 0
1675611766650 0.3475530445575714 0
1675611766902 0.3477477431297302 0
1675611767161 0.3462432026863098 0
1675611768656 0.3520411550998688 0
1675611768890 0.34701108932495117 0
1675611769128 0.3450916111469269 0
1675611769333 0.3495623767375946 0
1675611769542 0.3511727452278137 0
1675611769748 0.34992697834968567 0
1675611769961 0.3504648208618164 0
1675611770181 0.35048961639404297 0
1675611770394 0.35021379590034485 0
1675611770596 0.3532925546169281 0
1675611770814 0.34985387325286865 0
1675611771012 0.3531542122364044 0
1675611771227 0.3505067527294159 0
1675611771446 0.3519974946975708 0
1675611771645 0.35287967324256897 0
1675611771863 0.35020914673805237 0
1675611772112 0.3502293527126312 0
1675611772353 0.34761127829551697 0
1675611772608 0.34617531299591064 0
1675611772843 0.34847137331962585 0
1675611773046 0.3533957898616791 0
1675611773264 0.3509109616279602 0
1675611773504 0.3480303883552551 0
1675611773761 0.34516364336013794 0
1675611774001 0.34815359115600586 0
1675611774195 0.3552215099334717 0
1675611774421 0.35011062026023865 0
1675611774632 0.3515632450580597 0
1675611774876 0.34752294421195984 0
1675611775101 0.35010382533073425 0
1675611775317 0.35028237104415894 0
1675611775536 0.35013291239738464 0
1675611775774 0.34777671098709106 0
1675611775991 0.34958115220069885 0
1675611776227 0.3460271656513214 0
1675611776434 0.3525228500366211 0
1675611776662 0.35134074091911316 0
1675611776899 0.3475506603717804 0
1675611777107 0.3530817925930023 0
1675611777323 0.35033202171325684 0
1675611777556 0.3511320650577545 0
1675611777782 0.3538776636123657 0
1675611777984 0.35361993312835693 0
1675611778213 0.3479219079017639 0
1675611778435 0.34947964549064636 0
1675611778643 0.3510962128639221 0
1675611778874 0.3505820035934448 0
1675611779080 0.3537118434906006 0
1675611779297 0.3508135676383972 0
1675611779499 0.35244613885879517 0
1675611779718 0.3495528995990753 0
1675611779946 0.34909555315971375 0
1675611780149 0.35192641615867615 0
1675611780356 0.3518925905227661 0
1675611780587 0.3473336100578308 0
1675611780813 0.34804603457450867 0
1675611781050 0.349649578332901 0
1675611781265 0.3552711308002472 0
1675611781486 0.35119882225990295 0
1675611781734 0.348113089799881 0
1675611781933 0.35832685232162476 0
1675611782162 0.3509116768836975 0
1675611782381 0.3528689444065094 0
1675611782587 0.3526248633861542 0
1675611782829 0.34871116280555725 0
1675611783076 0.3445001244544983 0
1675611783300 0.3492836058139801 0
1675611783537 0.34687456488609314 0
1675611783769 0.34713509678840637 0
1675611784017 0.3438659608364105 0
1675611784199 0.357716828584671 0
1675611784423 0.34908074140548706 0
1675611784696 0.34749937057495117 0
1675611784899 0.3545956313610077 0
1675611785114 0.35470256209373474 0
1675611785334 0.35058078169822693 0
1675611785591 0.348906010389328 0
1675611785818 0.35267868638038635 0
1675611786100 0.34288138151168823 0
1675611786348 0.34876731038093567 0
1675611786590 0.3481508493423462 0
1675611786854 0.34406888484954834 0
1675611787104 0.3436289131641388 0
1675611787347 0.3497576117515564 0
1675611787622 0.3477477729320526 0
1675611787837 0.3550908863544464 0
1675611788087 0.34835147857666016 0
1675611788323 0.350279301404953 0
1675611788547 0.3502372205257416 0
1675611788785 0.34692636132240295 0
1675611789054 0.348897248506546 0
1675611789301 0.3501543700695038 0
1675611789525 0.35163959860801697 0
1675611789727 0.35179638862609863 0
1675611789925 0.35303613543510437 0
1675611790136 0.3501337766647339 0
1675611790357 0.35191401839256287 0
1675611790572 0.35024693608283997 0
1675611790800 0.3469606637954712 0
1675611791017 0.3491317331790924 0
1675611791248 0.35047799348831177 0
1675611791467 0.3517858386039734 0
1675611791727 0.3446827530860901 0
1675611791961 0.3490949869155884 0
1675611792186 0.3509509861469269 0
1675611792424 0.34844449162483215 0
1675611792696 0.34685125946998596 0
1675611792916 0.3524550199508667 0
1675611793187 0.34708234667778015 0
1675611793435 0.3486904501914978 0
1675611793691 0.349120169878006 0
1675611793914 0.35291212797164917 0
1675611794135 0.35060369968414307 0
1675611794357 0.34918496012687683 0
1675611794576 0.3501024842262268 0
1675611794819 0.34877607226371765 0
1675611795020 0.35338401794433594 0
1675611795224 0.35275086760520935 0
1675611795469 0.34562695026397705 0
1675611795710 0.3472566306591034 0
1675611795957 0.34323611855506897 0
1675611796190 0.3473987579345703 0
1675611796397 0.3517187833786011 0
1675611796606 0.3512757122516632 0
1675611796848 0.34961792826652527 0
1675611797104 0.3473963737487793 0
1675611797333 0.35303598642349243 0
1675611797594 0.34741342067718506 0
1675611797883 0.34681186079978943 0
1675611798159 0.3491171896457672 0
1675611798393 0.34979450702667236 0
1675611798614 0.34848010540008545 0
1675611798894 0.34501153230667114 0
1675611799174 0.3462088704109192 0
1675611799401 0.3528331518173218 0
1675611799632 0.3522111177444458 0
1675611799878 0.35019415616989136 0
1675611800125 0.34851840138435364 0
1675611800353 0.3533645570278168 0
1675611800549 0.35463187098503113 0
1675611800779 0.34722208976745605 0
1675611801018 0.3500748872756958 0
1675611801315 0.3437238931655884 0
1675611801560 0.34507372975349426 0
1675611801755 0.35481637716293335 0
1675611801995 0.3509048521518707 0
1675611802225 0.35094359517097473 0
1675611802446 0.350679486989975 0
1675611802717 0.3447202742099762 0
1675611802981 0.34933993220329285 0
1675611803219 0.35255712270736694 0
1675611803446 0.3487580120563507 0
1675611803705 0.34758010506629944 0
1675611803957 0.34458547830581665 0
1675611804208 0.3448481559753418 0
1675611804441 0.34883832931518555 0
1675611804698 0.3472873270511627 0
1675611806177 0.34889334440231323 0
1675611806416 0.34800490736961365 0
1675611806671 0.3447067439556122 0
1675611806886 0.35004639625549316 0
1675611807084 0.35415101051330566 0
1675611807315 0.3473643362522125 0
1675611807553 0.3488295078277588 0
1675611807801 0.3450685739517212 0
1675611808019 0.3510667085647583 0
1675611808253 0.3474418520927429 0
1675611808494 0.34496399760246277 0
1675611808724 0.34864458441734314 0
1675611808950 0.3497811257839203 0
1675611809179 0.34756699204444885 0
1675611809391 0.35098424553871155 0
1675611809595 0.3535339832305908 0
1675611809801 0.3538927435874939 0
1675611810031 0.35009098052978516 0
1675611810299 0.3442075550556183 0
1675611810565 0.34654971957206726 0
1675611810801 0.3457960784435272 0
1675611811047 0.3489861786365509 0
1675611811258 0.3542499840259552 0
1675611811462 0.3531748056411743 0
1675611811701 0.3484005928039551 0
1675611811935 0.35012322664260864 0
1675611812172 0.35042744874954224 0
1675611812436 0.34396257996559143 0
1675611812654 0.35048365592956543 0
1675611812891 0.3453073501586914 0
1675611813124 0.3502890467643738 0
1675611813372 0.3462250828742981 0
1675611813585 0.352085679769516 0
1675611813826 0.3461969196796417 0
1675611814055 0.3486759662628174 0
1675611814282 0.3488989770412445 0
1675611814510 0.3484380841255188 0
1675611814736 0.34779757261276245 0
1675611814958 0.34975627064704895 0
1675611815161 0.35415682196617126 0
1675611815401 0.34586817026138306 0
1675611815622 0.34899821877479553 0
1675611815826 0.3527661859989166 0
1675611816032 0.35184726119041443 0
1675611816261 0.3470099866390228 0
1675611816490 0.3478253185749054 0
1675611816707 0.34951460361480713 0
1675611816916 0.35157039761543274 0
1675611817186 0.3485066592693329 0
1675611817478 0.34661784768104553 0
1675611817731 0.34548670053482056 0
1675611817937 0.35247135162353516 0
1675611818183 0.3472987413406372 0
1675611818402 0.3512689769268036 0
1675611818616 0.34976866841316223 0
1675611818873 0.3467864990234375 0
1675611819103 0.34952569007873535 0
1675611819311 0.35202327370643616 0
1675611819505 0.35418951511383057 0
1675611819725 0.350170761346817 0
1675611819963 0.3465171158313751 0
1675611820200 0.3527110815048218 0
1675611820447 0.34913215041160583 0
1675611820700 0.3479422330856323 0
1675611820938 0.350934237241745 0
1675611821195 0.3501061499118805 0
1675611821456 0.3491939604282379 0
1675611821716 0.34912267327308655 0
1675611821969 0.3532125651836395 0
1675611822267 0.3464496433734894 0
1675611822547 0.34961169958114624 0
1675611822833 0.34777870774269104 0
1675611823111 0.34711164236068726 0
1675611823326 0.3530425727367401 0
1675611823561 0.347873717546463 0
1675611823806 0.34921541810035706 0
1675611824063 0.3452684283256531 0
1675611824264 0.3513161838054657 0
1675611824522 0.3410273492336273 0
1675611824761 0.3442384600639343 0
1675611824976 0.3495848774909973 0
1675611825199 0.3481732904911041 0
1675611825434 0.34587886929512024 0
1675611825640 0.35234037041664124 0
1675611825881 0.34653329849243164 0
1675611826105 0.34951838850975037 0
1675611826330 0.34858089685440063 0
1675611826589 0.34911012649536133 0
1675611826828 0.35180798172950745 0
1675611827123 0.3482760787010193 0
1675611827357 0.35202741622924805 0
1675611827638 0.3481464982032776 0
1675611827843 0.35235223174095154 0
1675611828100 0.34581801295280457 0
1675611828330 0.34884992241859436 0
1675611828558 0.34897172451019287 0
1675611828803 0.3512321412563324 0
1675611829017 0.3501647710800171 0
1675611829255 0.3459266126155853 0
1675611829473 0.3484790325164795 0
1675611829685 0.34943556785583496 0
1675611829885 0.35128313302993774 0
1675611830084 0.3526137173175812 0
1675611830285 0.3530266284942627 0
1675611830525 0.3529282510280609 0
1675611830758 0.3477599322795868 0
1675611830957 0.3515275716781616 0
1675611831169 0.3494076430797577 0
1675611831415 0.34506407380104065 0
1675611831620 0.3502569794654846 0
1675611831823 0.35096555948257446 0
1675611832079 0.3474539518356323 0
1675611832327 0.34367096424102783 0
1675611832557 0.34742459654808044 0
1675611832822 0.34640660881996155 0
1675611833103 0.3458167314529419 0
1675611833334 0.3497251868247986 0
1675611833562 0.3491162657737732 0
1675611833778 0.35279715061187744 0
1675611834021 0.346161812543869 0
1675611834260 0.34697529673576355 0
1675611834472 0.3496847152709961 0
1675611834675 0.35033267736434937 0
1675611834897 0.3462086617946625 0
1675611835104 0.34972435235977173 0
1675611835293 0.35513025522232056 0
1675611835499 0.3521462380886078 0
1675611835721 0.34849146008491516 0
1675611835926 0.34980499744415283 0
1675611836142 0.3473301827907562 0
1675611836345 0.3502274751663208 0
1675611836565 0.34906166791915894 0
1675611836787 0.3496456742286682 0
1675611836976 0.3542403280735016 0
1675611837180 0.35161104798316956 0
1675611837391 0.35057857632637024 0
1675611837608 0.34990450739860535 0
1675611837818 0.35409510135650635 0
1675611838065 0.3442438542842865 0
1675611838247 0.35495811700820923 0
1675611838477 0.3460497558116913 0
1675611838687 0.3497611880302429 0
1675611838887 0.35148078203201294 0
1675611839095 0.34952080249786377 0
1675611839338 0.34391650557518005 0
1675611839552 0.3490871489048004 0
1675611839757 0.3501545786857605 0
1675611839978 0.34653833508491516 0
1675611840193 0.3483771085739136 0
1675611840400 0.3493128716945648 0
1675611840603 0.3502558469772339 0
1675611840835 0.3464416265487671 0
1675611841029 0.3517693877220154 0
1675611841234 0.35106292366981506 0
1675611841449 0.34687262773513794 0
1675611841674 0.3464299440383911 0
1675611841894 0.35113903880119324 0
1675611843359 0.34636354446411133 0
1675611843587 0.3470149338245392 0
1675611843795 0.3494425415992737 0
1675611844002 0.35306820273399353 0
1675611844215 0.3489302098751068 0
1675611844429 0.3479122221469879 0
1675611844652 0.3474961519241333 0
1675611844860 0.3495747148990631 0
1675611845088 0.3463902175426483 0
1675611845326 0.3438035845756531 0
1675611845555 0.34668341279029846 0
1675611845779 0.3474734127521515 0
1675611845968 0.3534424602985382 0
1675611846225 0.34105202555656433 0
1675611846475 0.34340474009513855 0
1675611846675 0.35127952694892883 0
1675611846861 0.3550570011138916 0
1675611847069 0.3521153926849365 0
1675611847305 0.3471858501434326 0
1675611847593 0.3420846164226532 0
1675611847857 0.34936705231666565 0
1675611848126 0.34741851687431335 0
1675611848360 0.3509148359298706 0
1675611848610 0.3507894277572632 0
1675611848848 0.3489542007446289 0
1675611849083 0.35080692172050476 0
1675611849331 0.35064464807510376 0
1675611849597 0.34929773211479187 0
1675611849881 0.3482138514518738 0
1675611850128 0.34889456629753113 0
1675611850388 0.3475554287433624 0
1675611850624 0.35041123628616333 0
1675611850868 0.3490425944328308 0
1675611851112 0.3481294810771942 0
1675611851388 0.3489633798599243 0
1675611851621 0.3519042134284973 0
1675611851869 0.3480921685695648 0
1675611852048 0.3565250337123871 0
1675611852271 0.3471151888370514 0
1675611852479 0.35258597135543823 0
1675611852682 0.35021182894706726 0
1675611852918 0.3478904962539673 0
1675611853159 0.34751877188682556 0
1675611853373 0.3515181839466095 0
1675611853682 0.3390486240386963 0
1675611853885 0.3501109778881073 0
1675611854139 0.350119411945343 0
1675611854419 0.3445452153682709 0
1675611854630 0.350436270236969 0
1675611854875 0.3434469699859619 0
1675611855087 0.34862515330314636 0
1675611855309 0.34851378202438354 0
1675611855530 0.3476777970790863 0
1675611855756 0.34964463114738464 0
1675611855981 0.3499692380428314 0
1675611856242 0.34554100036621094 0
1675611856460 0.3492518961429596 0
1675611856719 0.3516698479652405 0
1675611857001 0.3492550551891327 0
1675611857272 0.3501070439815521 0
1675611857533 0.35009047389030457 0
1675611857779 0.3448488116264343 0
1675611858084 0.3419383466243744 0
1675611858338 0.35063159465789795 0
1675611858566 0.34800267219543457 0
1675611858827 0.3420870304107666 0
1675611859075 0.347761332988739 0
1675611859295 0.3502601385116577 0
1675611859525 0.34980112314224243 0
1675611859808 0.34799909591674805 0
1675611860089 0.34917640686035156 0
1675611860352 0.346404492855072 0
1675611860657 0.3484768569469452 0
1675611860953 0.34592127799987793 0
1675611861183 0.34979939460754395 0
1675611861401 0.3494965732097626 0
1675611861610 0.3503493368625641 0
1675611861832 0.34770187735557556 0
1675611862045 0.3525178134441376 0
1675611862299 0.34525078535079956 0
1675611862526 0.35156095027923584 0
1675611862766 0.3502601981163025 0
1675611863006 0.34823986887931824 0
1675611863252 0.35219624638557434 0
1675611863473 0.3480371832847595 0
1675611863675 0.35205990076065063 0
1675611863887 0.35126668214797974 0
1675611864139 0.3491056561470032 0
1675611864365 0.34988099336624146 0
1675611864577 0.3486544191837311 0
1675611864771 0.3532482981681824 0
1675611865027 0.34818577766418457 0
1675611865238 0.35043516755104065 0
1675611865484 0.34333550930023193 0
1675611865696 0.34992170333862305 0
1675611865908 0.3507280647754669 0
1675611866116 0.3516385853290558 0
1675611866352 0.34474870562553406 0
1675611866571 0.34716856479644775 0
1675611866820 0.34279865026474 0
1675611867057 0.34528058767318726 0
1675611867265 0.3508133590221405 0
1675611867494 0.34716516733169556 0
1675611867712 0.34782302379608154 0
1675611867930 0.34825316071510315 0
1675611868176 0.3476001024246216 0
1675611868427 0.3463733494281769 0
1675611868647 0.3482418954372406 0
1675611868868 0.3502713739871979 0
1675611869109 0.3443555235862732 0
1675611869370 0.34945961833000183 0
1675611869599 0.3499782383441925 0
1675611869829 0.3495934009552002 0
1675611870074 0.34795987606048584 0
1675611870301 0.34902462363243103 0
1675611870526 0.3472016453742981 0
1675611870785 0.3428991138935089 0
1675611870985 0.35123947262763977 0
1675611871178 0.35204094648361206 0
1675611871385 0.3503116965293884 0
1675611871600 0.34963005781173706 0
1675611871880 0.33591923117637634 0
1675611872100 0.3498630225658417 0
1675611872301 0.35143521428108215 0
1675611872522 0.3468835949897766 0
1675611872750 0.3454950153827667 0
1675611872979 0.3456188440322876 0
1675611873220 0.3441706895828247 0
1675611873460 0.34723812341690063 0
1675611873695 0.3492732644081116 0
1675611873921 0.3461648225784302 0
1675611874128 0.3500724732875824 0
1675611874337 0.34872931241989136 0
1675611874573 0.34926488995552063 0
1675611874786 0.35015368461608887 0
1675611874992 0.3499593138694763 0
1675611875193 0.3511796295642853 0
1675611875419 0.34647274017333984 0
1675611875617 0.35141587257385254 0
1675611875821 0.35023102164268494 0
1675611876046 0.3474981486797333 0
1675611876264 0.35098448395729065 0
1675611876466 0.3496302664279938 0
1675611876669 0.3492887318134308 0
1675611876866 0.35096296668052673 0
1675611877083 0.3460492491722107 0
1675611877315 0.3428919315338135 0
1675611877531 0.3483535945415497 0
1675611877751 0.3487400710582733 0
1675611877955 0.349666029214859 0
1675611878167 0.34833550453186035 0
1675611878397 0.34478288888931274 0
1675611878603 0.34854841232299805 0
1675611878823 0.3450906574726105 0
1675611879051 0.3512202501296997 0
1675611879278 0.3488735854625702 0
1675611879465 0.3520386815071106 0
