1675511920057 0.7356748580932617 0
1675511920159 0.7298813462257385 0
1675511920286 0.7181395292282104 0
1675511920409 0.7053087949752808 0
1675511920552 0.6955011487007141 0
1675511920653 0.690085768699646 0
1675511920794 0.6778780817985535 0
1675511920908 0.6703888177871704 0
1675511921039 0.6614558100700378 0
1675511921163 0.6550669074058533 0
1675511921284 0.6477414965629578 0
1675511921426 0.6397649049758911 0
1675511921563 0.6335052251815796 0
1675511921715 0.6267666816711426 0
1675511921830 0.620853066444397 0
1675511921947 0.616720974445343 0
1675511922061 0.6132583618164062 0
1675511922190 0.6084268093109131 0
1675511922307 0.6015532612800598 0
1675511922410 0.6001521944999695 0
1675511922559 0.5928810834884644 0
1675511922703 0.5901938080787659 0
1675511922815 0.5873012542724609 0
1675511922914 0.5856075286865234 0
1675511923052 0.578168511390686 0
1675511923171 0.5777766704559326 0
1675511923307 0.575334370136261 0
1675511923426 0.5724778175354004 0
1675511923544 0.5701082944869995 0
1675511923657 0.5650614500045776 0
1675511923778 0.5641340613365173 0
1675511923921 0.5608196258544922 0
1675511924044 0.5598326921463013 0
1675511924177 0.5533047318458557 0
1675511924343 0.5512812733650208 0
1675511924475 0.552560567855835 0
1675511924600 0.5498982667922974 0
1675511924736 0.5486963391304016 0
1675511924861 0.5470427870750427 0
1675511924995 0.5448271036148071 0
1675511925160 0.5437082052230835 0
1675511925311 0.5416508316993713 0
1675511925465 0.5375136733055115 0
1675511925600 0.5377545356750488 0
1675511925710 0.538165807723999 0
1675511925832 0.5370857119560242 0
1675511925963 0.5335674285888672 0
1675511926084 0.5303885340690613 0
1675511926201 0.5357436537742615 0
1675511926316 0.5325034856796265 0
1675511926443 0.5270311236381531 0
1675511926564 0.5291361808776855 0
1675511926698 0.5276245474815369 0
1675511926826 0.5257551074028015 0
1675511926974 0.5214666128158569 0
1675511927084 0.5256977081298828 0
1675511927205 0.5248732566833496 0
1675511927335 0.5209305286407471 0
1675511927465 0.519701361656189 0
1675511927581 0.518623411655426 0
1675511927713 0.5179274082183838 0
1675511927863 0.5169448256492615 0
1675511927999 0.5141716003417969 0
1675511928119 0.516917884349823 0
1675511928247 0.514943540096283 0
1675511928372 0.5116897225379944 0
1675511928487 0.5138024091720581 0
1675511928615 0.5112683176994324 0
1675511928761 0.5110151171684265 0
1675511928889 0.5087229609489441 0
1675511929035 0.5072148442268372 0
1675511929150 0.5105964541435242 0
1675511929280 0.5119908452033997 0
1675511929381 0.5120722651481628 0
1675511929488 0.509685218334198 0
1675511929586 0.5089631080627441 0
1675511929710 0.5061487555503845 0
1675511929844 0.5050951838493347 0
1675511929962 0.5055781602859497 0
1675511930065 0.5088123679161072 0
1675511930224 0.4970102608203888 0
1675511930362 0.4996111989021301 0
1675511930473 0.502351701259613 0
1675511930588 0.5033973455429077 0
1675511930726 0.49890705943107605 0
1675511930857 0.4998878240585327 0
1675511930975 0.5019956827163696 0
1675511931075 0.5029277801513672 0
1675511931210 0.5015214085578918 0
1675511931360 0.4950752258300781 0
1675511931483 0.4963319003582001 0
1675511931639 0.49273717403411865 0
1675511931771 0.494255393743515 0
1675511931900 0.49585795402526855 0
1675511932007 0.4970255494117737 0
1675511932112 0.4963863790035248 0
1675511932226 0.49872076511383057 0
1675511932382 0.4929625689983368 0
1675511932492 0.49801215529441833 0
1675511932615 0.49506664276123047 0
1675511932727 0.49314647912979126 0
1675511932852 0.49113813042640686 0
1675511932973 0.49126508831977844 0
1675511933095 0.4939040541648865 0
1675511933196 0.4955194592475891 0
1675511933307 0.4906558096408844 0
1675511933409 0.49544084072113037 0
1675511933547 0.4882139563560486 0
1675511933667 0.4882845878601074 0
1675511933775 0.49492719769477844 0
1675511933914 0.4875016212463379 0
1675511934042 0.4878275990486145 0
1675511934195 0.48577365279197693 0
1675511934293 0.4942837059497833 0
1675511934400 0.4891778826713562 0
1675511934531 0.48804402351379395 0
1675511934659 0.4863503873348236 0
1675511934786 0.48869308829307556 0
1675511934899 0.49014416337013245 0
1675511935045 0.4817899763584137 0
1675511935164 0.48886650800704956 0
1675511935280 0.4879102110862732 0
1675511935417 0.4847758710384369 0
1675511935539 0.4846363961696625 0
1675511935661 0.4842830300331116 0
1675511935784 0.4864038825035095 0
1675511935911 0.4832059442996979 0
1675511936051 0.4801750183105469 0
1675511936155 0.48758620023727417 0
1675511936269 0.4877627193927765 0
1675511936407 0.4823839068412781 0
1675511936544 0.4829949140548706 0
1675511936674 0.48197871446609497 0
1675511936799 0.4816516637802124 0
1675511936934 0.48322200775146484 0
1675511937069 0.48460301756858826 0
1675511937191 0.48260000348091125 0
1675511937302 0.48225879669189453 0
1675511937448 0.4776087999343872 0
1675511937582 0.479096382856369 0
1675511937691 0.4808805286884308 0
1675511937814 0.4802957773208618 0
1675511937975 0.47628769278526306 0
1675511938110 0.48089444637298584 0
1675511938261 0.4743366837501526 0
1675511938382 0.4789937436580658 0
1675511938515 0.47515669465065 0
1675511938659 0.4770442843437195 0
1675511938801 0.47696590423583984 0
1675511938921 0.48021525144577026 0
1675511939060 0.475655734539032 0
1675511939212 0.47944048047065735 0
1675511939313 0.4843553304672241 0
1675511939422 0.4807615578174591 0
1675511939564 0.4765772819519043 0
1675511939695 0.47686272859573364 0
1675511939805 0.4789545238018036 0
