1675602623017 1.4725313186645508 0
1675602623255 1.452804684638977 0
1675602623479 1.4499163627624512 0
1675602623699 1.429550051689148 0
1675602623939 1.4092730283737183 0
1675602624183 1.4108598232269287 0
1675602624471 1.3999607563018799 0
1675602624709 1.4105952978134155 0
1675602624969 1.3970756530761719 0
1675602625211 1.3997129201889038 0
1675602625435 1.410826325416565 0
1675602625682 1.4011499881744385 0
1675602625921 1.3945716619491577 0
1675602626128 1.4067620038986206 0
1675602626352 1.3978650569915771 0
1675602626590 1.387485384941101 0
1675602626798 1.4018189907073975 0
1675602627023 1.393460988998413 0
1675602627258 1.3920536041259766 0
1675602627505 1.4035122394561768 0
1675602627767 1.3867686986923218 0
1675602627996 1.392666220664978 0
1675602628210 1.403746485710144 0
1675602628442 1.3882887363433838 0
1675602628704 1.3794082403182983 0
1675602628987 1.3612680435180664 0
1675602629216 1.3956903219223022 0
1675602629477 1.3751837015151978 0
1675602629701 1.3943538665771484 0
1675602629926 1.3941935300827026 0
1675602630145 1.3989920616149902 0
1675602630366 1.392817735671997 0
1675602630617 1.3822693824768066 0
1675602630855 1.3965175151824951 0
1675602631094 1.3807419538497925 0
1675602631342 1.3922570943832397 0
1675602631592 1.3835567235946655 0
1675602631842 1.3896151781082153 0
1675602632109 1.376384973526001 0
1675602632350 1.3980388641357422 0
1675602632582 1.3905340433120728 0
1675602632797 1.411401629447937 0
1675602633061 1.3864319324493408 0
1675602633338 1.3754597902297974 0
1675602633577 1.4020442962646484 0
1675602633791 1.400011420249939 0
1675602634004 1.4020333290100098 0
1675602634238 1.3885329961776733 0
1675602634469 1.3828250169754028 0
1675602634716 1.3726178407669067 0
1675602635034 1.3631283044815063 0
1675602635289 1.3836050033569336 0
1675602635539 1.3817386627197266 0
1675602635758 1.393553376197815 0
1675602635989 1.3850747346878052 0
1675602636216 1.3854502439498901 0
1675602636454 1.3793938159942627 0
1675602636690 1.3739118576049805 0
1675602636929 1.3862755298614502 0
1675602637202 1.3709543943405151 0
1675602637464 1.3861994743347168 0
1675602637723 1.381475567817688 0
1675602637978 1.3805122375488281 0
1675602638193 1.4125624895095825 0
1675602638445 1.3847109079360962 0
1675602638673 1.390498399734497 0
1675602638893 1.3987431526184082 0
1675602639137 1.3745660781860352 0
1675602639402 1.3773187398910522 0
1675602639631 1.3898059129714966 0
1675602639860 1.3887321949005127 0
1675602640099 1.3811304569244385 0
1675602640319 1.3950586318969727 0
1675602640541 1.388168215751648 0
1675602640782 1.3792496919631958 0
1675602641004 1.3899496793746948 0
1675602641233 1.3859909772872925 0
1675602641482 1.3789347410202026 0
1675602641719 1.3827799558639526 0
1675602641960 1.3790788650512695 0
1675602642185 1.3937150239944458 0
1675602642408 1.3894201517105103 0
1675602642636 1.3850651979446411 0
1675602642859 1.387265920639038 0
1675602643067 1.4004669189453125 0
1675602643287 1.3963851928710938 0
1675602643538 1.3728941679000854 0
1675602643745 1.3980824947357178 0
1675602643971 1.38843834400177 0
1675602644207 1.3803632259368896 0
1675602644456 1.37760329246521 0
1675602644696 1.3778494596481323 0
1675602644924 1.3924919366836548 0
1675602645173 1.3723047971725464 0
1675602645420 1.3676751852035522 0
1675602645647 1.3871656656265259 0
1675602645885 1.374812364578247 0
1675602646114 1.386818289756775 0
1675602646332 1.3974323272705078 0
1675602646566 1.3805489540100098 0
1675602646794 1.3927338123321533 0
1675602647030 1.3771387338638306 0
1675602647262 1.380379557609558 0
1675602647488 1.385239839553833 0
1675602647708 1.404042363166809 0
1675602647955 1.3925011157989502 0
1675602648223 1.3804138898849487 0
1675602648473 1.3907358646392822 0
1675602648737 1.3735005855560303 0
1675602649007 1.361228346824646 0
1675602649233 1.4050168991088867 0
1675602649458 1.4037103652954102 0
1675602649687 1.3970973491668701 0
1675602649963 1.375083088874817 0
1675602650270 1.3628751039505005 0
1675602650526 1.3982774019241333 0
1675602650773 1.3739888668060303 0
1675602650984 1.398288369178772 0
1675602651219 1.379657506942749 0
1675602651446 1.384649634361267 0
1675602651687 1.3806008100509644 0
1675602651905 1.3897379636764526 0
1675602652135 1.3872876167297363 0
1675602652355 1.3959852457046509 0
1675602652581 1.3864848613739014 0
1675602652821 1.383003830909729 0
1675602653089 1.369189739227295 0
1675602653308 1.4003883600234985 0
1675602653546 1.3947525024414062 0
1675602653804 1.3887401819229126 0
1675602654059 1.3841313123703003 0
1675602654336 1.3804889917373657 0
1675602654582 1.3917653560638428 0
1675602654828 1.3830740451812744 0
1675602655066 1.397943377494812 0
1675602655361 1.3759573698043823 0
1675602655632 1.3932503461837769 0
1675602655930 1.3735581636428833 0
1675602656229 1.3816254138946533 0
1675602656492 1.3950693607330322 0
1675602656759 1.3936657905578613 0
1675602657043 1.3703455924987793 0
1675602657290 1.3941706418991089 0
1675602657564 1.3728172779083252 0
1675602657809 1.3840010166168213 0
1675602658039 1.4046335220336914 0
1675602658293 1.388837218284607 0
1675602658551 1.388505458831787 0
1675602658808 1.3788175582885742 0
1675602659050 1.3923404216766357 0
1675602659313 1.3790305852890015 0
1675602659579 1.37606942653656 0
1675602659868 1.3822680711746216 0
1675602660128 1.3763504028320312 0
1675602660371 1.3910143375396729 0
1675602660616 1.396000623703003 0
1675602660871 1.3750536441802979 0
1675602662393 1.3872915506362915 0
1675602662671 1.3855669498443604 0
1675602662970 1.3709254264831543 0
1675602663274 1.3683717250823975 0
1675602663539 1.394640564918518 0
1675602663824 1.378149390220642 0
1675602664090 1.3830350637435913 0
1675602664357 1.3775866031646729 0
1675602664578 1.3888622522354126 0
1675602664796 1.3874366283416748 0
1675602665011 1.3915568590164185 0
1675602665244 1.3781176805496216 0
1675602665474 1.3892879486083984 0
1675602665707 1.378129482269287 0
1675602665913 1.4003535509109497 0
1675602666147 1.377685785293579 0
1675602666360 1.3966760635375977 0
1675602666571 1.3924920558929443 0
1675602666827 1.3567359447479248 0
1675602667048 1.3862992525100708 0
1675602667297 1.3857451677322388 0
1675602667528 1.403080940246582 0
1675602667769 1.390893578529358 0
1675602668010 1.3761202096939087 0
1675602668216 1.4040392637252808 0
1675602668420 1.4024335145950317 0
1675602668624 1.4016964435577393 0
1675602668823 1.413331389427185 0
1675602669029 1.4022748470306396 0
1675602669247 1.3904345035552979 0
1675602669442 1.4152147769927979 0
1675602669667 1.3901606798171997 0
1675602669884 1.3916488885879517 0
1675602670145 1.367531418800354 0
1675602670385 1.392760992050171 0
1675602670613 1.384828805923462 0
1675602670823 1.3959388732910156 0
1675602671051 1.3878432512283325 0
1675602671292 1.381342887878418 0
1675602671621 1.3538833856582642 0
1675602671836 1.3983795642852783 0
1675602672053 1.3947094678878784 0
1675602672272 1.3900070190429688 0
1675602672557 1.3540911674499512 0
1675602672798 1.3890103101730347 0
1675602673048 1.3802434206008911 0
1675602673288 1.393076777458191 0
1675602673536 1.3917373418807983 0
1675602673768 1.3847187757492065 0
1675602673989 1.3911464214324951 0
1675602674184 1.4056615829467773 0
1675602674407 1.3857556581497192 0
1675602674618 1.3977913856506348 0
1675602674840 1.3828365802764893 0
1675602675057 1.3889625072479248 0
1675602675256 1.4027085304260254 0
1675602675470 1.3939388990402222 0
1675602675753 1.3522251844406128 0
1675602675990 1.3909209966659546 0
1675602676205 1.4040662050247192 0
1675602676448 1.3720890283584595 0
1675602676678 1.379604697227478 0
1675602676902 1.3830175399780273 0
1675602677129 1.3918087482452393 0
1675602677384 1.3876103162765503 0
1675602677692 1.3534337282180786 0
1675602677953 1.3773612976074219 0
1675602678196 1.3883090019226074 0
1675602678429 1.395823359489441 0
1675602678641 1.3931715488433838 0
1675602678875 1.3770350217819214 0
1675602679110 1.3773671388626099 0
1675602679323 1.392300009727478 0
1675602679553 1.3790838718414307 0
1675602679782 1.3834214210510254 0
1675602680007 1.3937004804611206 0
1675602680260 1.365027666091919 0
1675602680520 1.3643054962158203 0
1675602680762 1.3676868677139282 0
1675602680982 1.3819870948791504 0
1675602681209 1.3835618495941162 0
1675602681430 1.385380506515503 0
1675602681660 1.3824502229690552 0
1675602681896 1.3713284730911255 0
1675602682126 1.3731908798217773 0
1675602682357 1.3808492422103882 0
1675602682600 1.3757706880569458 0
1675602682827 1.3827323913574219 0
1675602683041 1.3988621234893799 0
1675602683303 1.3762843608856201 0
1675602683530 1.4016458988189697 0
1675602683758 1.3935028314590454 0
1675602683980 1.3855501413345337 0
1675602684186 1.3994574546813965 0
1675602684422 1.372812271118164 0
1675602684620 1.40614914894104 0
1675602684856 1.3758639097213745 0
1675602685101 1.375054121017456 0
1675602685358 1.3700337409973145 0
1675602685594 1.399978756904602 0
1675602685821 1.3894790410995483 0
1675602686067 1.3659398555755615 0
1675602686292 1.3814153671264648 0
1675602686503 1.3941078186035156 0
1675602686729 1.381941318511963 0
1675602686942 1.394520878791809 0
1675602687170 1.3801029920578003 0
1675602687398 1.3840173482894897 0
1675602687630 1.3816890716552734 0
1675602687874 1.3826874494552612 0
1675602688114 1.3918510675430298 0
1675602688355 1.3900307416915894 0
1675602688607 1.3653031587600708 0
1675602688851 1.3770551681518555 0
1675602689083 1.383211374282837 0
1675602689342 1.3653367757797241 0
1675602689581 1.3913251161575317 0
1675602689834 1.370703935623169 0
1675602690040 1.3998838663101196 0
1675602690297 1.359958529472351 0
1675602690552 1.3624387979507446 0
1675602690816 1.363944411277771 0
1675602691042 1.4010965824127197 0
1675602691297 1.3771958351135254 0
1675602691604 1.3458302021026611 0
1675602691869 1.392120599746704 0
1675602692095 1.39478600025177 0
1675602692331 1.3790007829666138 0
1675602692564 1.3876856565475464 0
1675602692894 1.373780369758606 0
1675602693148 1.399247407913208 0
1675602693387 1.3909872770309448 0
1675602693642 1.3986316919326782 0
1675602693913 1.3875281810760498 0
1675602694178 1.39358651638031 0
1675602694477 1.3680744171142578 0
1675602694737 1.3791576623916626 0
1675602694997 1.3697316646575928 0
1675602695265 1.3748053312301636 0
1675602695528 1.3957850933074951 0
1675602695824 1.3843930959701538 0
1675602696078 1.385333776473999 0
1675602696320 1.3929388523101807 0
1675602696568 1.394766092300415 0
1675602696830 1.3798115253448486 0
1675602697073 1.3878259658813477 0
1675602697324 1.387101650238037 0
1675602697559 1.3969485759735107 0
1675602697799 1.401505708694458 0
1675602698132 1.3401645421981812 0
1675602698401 1.3812105655670166 0
1675602698642 1.3897817134857178 0
1675602698906 1.3722645044326782 0
1675602699136 1.3813304901123047 0
1675602699404 1.3585115671157837 0
1675602699642 1.3957617282867432 0
1675602699887 1.3798043727874756 0
1675602701759 1.3854877948760986 0
1675602702009 1.4125304222106934 0
1675602702275 1.3994710445404053 0
1675602702529 1.3911532163619995 0
1675602702805 1.3943476676940918 0
1675602703121 1.3668276071548462 0
1675602703382 1.4069111347198486 0
1675602703699 1.3720537424087524 0
1675602704023 1.3633471727371216 0
1675602704299 1.3870168924331665 0
1675602704583 1.3749375343322754 0
1675602704880 1.375845193862915 0
1675602705157 1.3899067640304565 0
1675602705458 1.3742753267288208 0
1675602705725 1.3963929414749146 0
1675602706045 1.361840009689331 0
1675602706330 1.3836463689804077 0
1675602706618 1.386286973953247 0
1675602706900 1.389255166053772 0
1675602707182 1.387954831123352 0
1675602707470 1.3845816850662231 0
1675602707749 1.3943504095077515 0
1675602708040 1.384443759918213 0
1675602708350 1.3732389211654663 0
1675602708615 1.389339804649353 0
1675602708900 1.381511926651001 0
1675602709195 1.3634908199310303 0
1675602709497 1.3681409358978271 0
1675602709801 1.3664062023162842 0
1675602710066 1.398151159286499 0
1675602710356 1.383561611175537 0
1675602710645 1.3851357698440552 0
1675602710946 1.3755099773406982 0
1675602711207 1.4035271406173706 0
1675602711525 1.3627288341522217 0
1675602711792 1.3985148668289185 0
1675602712060 1.3830642700195312 0
1675602712323 1.390919804573059 0
1675602712626 1.3658335208892822 0
1675602712934 1.369497537612915 0
1675602713198 1.3957287073135376 0
1675602713473 1.3903969526290894 0
1675602713784 1.3647382259368896 0
1675602714058 1.389994740486145 0
1675602714334 1.3904616832733154 0
1675602714594 1.4010567665100098 0
1675602714894 1.37397038936615 0
1675602715188 1.3743221759796143 0
1675602715458 1.394858717918396 0
1675602715765 1.3676406145095825 0
1675602716055 1.3828439712524414 0
1675602716325 1.3962671756744385 0
1675602716619 1.392691731452942 0
1675602716979 1.3512790203094482 0
1675602717274 1.3870398998260498 0
1675602717530 1.409873127937317 0
1675602717812 1.3932329416275024 0
1675602718086 1.400083303451538 0
1675602718358 1.3990075588226318 0
1675602718660 1.380658745765686 0
1675602718914 1.4065077304840088 0
1675602719213 1.3724956512451172 0
1675602719499 1.387465476989746 0
1675602719804 1.3696397542953491 0
1675602720078 1.3864001035690308 0
1675602720343 1.4001576900482178 0
1675602720626 1.3864279985427856 0
1675602720946 1.3694528341293335 0
1675602721237 1.380409598350525 0
1675602721512 1.3883509635925293 0
1675602721786 1.3913822174072266 0
1675602722071 1.383447527885437 0
1675602722387 1.361704707145691 0
1675602722689 1.3739482164382935 0
1675602722981 1.3827704191207886 0
1675602723278 1.3773235082626343 0
1675602723548 1.3978843688964844 0
1675602723866 1.360062837600708 0
1675602724179 1.3664988279342651 0
1675602724485 1.3710107803344727 0
1675602724798 1.3637434244155884 0
1675602725088 1.380743145942688 0
1675602725374 1.3838341236114502 0
1675602725642 1.3987815380096436 0
1675602725946 1.3695027828216553 0
1675602726206 1.402483582496643 0
1675602726493 1.3831185102462769 0
1675602726783 1.3798675537109375 0
1675602727094 1.370619535446167 0
1675602727361 1.3970433473587036 0
1675602727643 1.388493299484253 0
1675602727919 1.3887288570404053 0
1675602728218 1.3798856735229492 0
1675602728514 1.3778172731399536 0
1675602728800 1.385249137878418 0
1675602729069 1.3958195447921753 0
1675602729342 1.3878008127212524 0
1675602729629 1.3816782236099243 0
1675602729882 1.4071381092071533 0
1675602730161 1.3890373706817627 0
1675602730458 1.3790854215621948 0
1675602730753 1.3796418905258179 0
1675602731050 1.3783056735992432 0
1675602731328 1.392045259475708 0
1675602731607 1.3869646787643433 0
1675602731894 1.3869661092758179 0
1675602732176 1.3897563219070435 0
1675602732470 1.3786026239395142 0
1675602732793 1.366906762123108 0
1675602733099 1.3695542812347412 0
1675602733360 1.4041346311569214 0
1675602733673 1.3625905513763428 0
1675602733977 1.3726187944412231 0
1675602734249 1.3951964378356934 0
1675602734550 1.370985746383667 0
1675602734834 1.3917754888534546 0
1675602735152 1.372965693473816 0
1675602735447 1.3778727054595947 0
1675602735714 1.3887345790863037 0
1675602735997 1.3887296915054321 0
1675602736284 1.384926438331604 0
1675602736558 1.3951386213302612 0
1675602736856 1.376015067100525 0
1675602737140 1.3944557905197144 0
1675602737468 1.3638992309570312 0
1675602737754 1.3865762948989868 0
1675602738061 1.3795355558395386 0
1675602738351 1.3849613666534424 0
1675602738627 1.3911595344543457 0
1675602738885 1.4079996347427368 0
1675602739163 1.3902186155319214 0
1675602739423 1.4088776111602783 0
1675602739736 1.366147756576538 0
1675602740023 1.3732094764709473 0
1675602740318 1.3753738403320312 0
1675602740603 1.3886926174163818 0
1675602740884 1.3837558031082153 0
1675602741149 1.400353193283081 0
1675602741449 1.3707034587860107 0
1675602741735 1.3761392831802368 0
1675602742029 1.3749834299087524 0
1675602742242 1.415398359298706 0
1675602742521 1.389855980873108 0
1675602742796 1.395795464515686 0
1675602743058 1.3985326290130615 0
1675602743336 1.390971302986145 0
1675602743634 1.3758227825164795 0
1675602743917 1.3882391452789307 0
1675602744190 1.3844633102416992 0
1675602744488 1.3735241889953613 0
1675602744785 1.3740853071212769 0
1675602745077 1.3776119947433472 0
1675602745371 1.371091604232788 0
1675602745641 1.3920578956604004 0
1675602745893 1.4045436382293701 0
1675602746208 1.3695677518844604 0
1675602746494 1.377994418144226 0
1675602748465 1.373369812965393 0
1675602748748 1.385979413986206 0
1675602749043 1.3759565353393555 0
1675602749310 1.3980786800384521 0
1675602749569 1.4040112495422363 0
1675602749875 1.379894495010376 0
1675602750157 1.3869037628173828 0
1675602750440 1.3902122974395752 0
1675602750701 1.4008455276489258 0
1675602751010 1.3666223287582397 0
1675602751308 1.3764917850494385 0
1675602751592 1.3899636268615723 0
1675602751885 1.3792529106140137 0
1675602752168 1.385341763496399 0
1675602752433 1.3882980346679688 0
1675602752704 1.4002270698547363 0
1675602752982 1.3885679244995117 0
1675602753277 1.3768999576568604 0
1675602753569 1.3769242763519287 0
1675602753823 1.3938502073287964 0
1675602754080 1.3944789171218872 0
1675602754392 1.3609964847564697 0
1675602754692 1.3776001930236816 0
1675602755000 1.3745293617248535 0
1675602755301 1.381154179573059 0
1675602755599 1.380165696144104 0
1675602755907 1.3732151985168457 0
1675602756187 1.3863861560821533 0
1675602756443 1.402999758720398 0
1675602756725 1.3856655359268188 0
1675602756988 1.3859490156173706 0
1675602757273 1.3856908082962036 0
1675602757578 1.3705577850341797 0
1675602757855 1.38943350315094 0
1675602758115 1.4044476747512817 0
1675602758399 1.3872592449188232 0
1675602758713 1.368175983428955 0
1675602759011 1.3684208393096924 0
1675602759269 1.397831916809082 0
1675602759543 1.3943051099777222 0
1675602759829 1.3819502592086792 0
1675602760120 1.3795690536499023 0
1675602760417 1.3750773668289185 0
1675602760683 1.395957112312317 0
1675602760977 1.3835515975952148 0
1675602761269 1.377671480178833 0
1675602761536 1.3980824947357178 0
1675602761789 1.4103970527648926 0
1675602762078 1.3841314315795898 0
1675602762342 1.3909708261489868 0
1675602762630 1.3913122415542603 0
1675602762923 1.3796987533569336 0
1675602763226 1.3708281517028809 0
1675602763511 1.3841878175735474 0
1675602763795 1.386399507522583 0
1675602764090 1.3755728006362915 0
1675602764383 1.3659673929214478 0
1675602764669 1.3744430541992188 0
1675602764941 1.3904558420181274 0
1675602765206 1.4057695865631104 0
1675602765495 1.381591796875 0
1675602765789 1.378843069076538 0
1675602766081 1.3763182163238525 0
1675602766382 1.3714406490325928 0
1675602766670 1.3821618556976318 0
1675602766947 1.3891923427581787 0
1675602767223 1.3908824920654297 0
1675602767504 1.389033555984497 0
1675602767793 1.3846906423568726 0
1675602768084 1.381043791770935 0
1675602768407 1.361298680305481 0
1675602768696 1.3810757398605347 0
1675602768981 1.3848810195922852 0
1675602769274 1.3729193210601807 0
1675602769580 1.3722069263458252 0
1675602769873 1.3813713788986206 0
1675602770170 1.376970648765564 0
1675602770499 1.3610275983810425 0
1675602770796 1.37338387966156 0
1675602771062 1.3979761600494385 0
1675602771381 1.3630893230438232 0
1675602771667 1.3867387771606445 0
1675602771936 1.4028737545013428 0
1675602772217 1.3916085958480835 0
1675602772540 1.3627684116363525 0
1675602772824 1.3902077674865723 0
1675602773090 1.4039322137832642 0
1675602773376 1.3922518491744995 0
1675602773671 1.3835395574569702 0
1675602773971 1.3764188289642334 0
1675602774255 1.3881691694259644 0
1675602774554 1.3790225982666016 0
1675602774822 1.3974051475524902 0
1675602775121 1.377257227897644 0
1675602775414 1.3792798519134521 0
1675602775688 1.391704797744751 0
1675602775961 1.3966535329818726 0
1675602776269 1.3668638467788696 0
1675602776555 1.3824350833892822 0
1675602776862 1.3668712377548218 0
1675602777148 1.3865547180175781 0
1675602777426 1.3916014432907104 0
1675602777712 1.387062907218933 0
1675602778025 1.3633452653884888 0
1675602778304 1.38923180103302 0
1675602778571 1.3957288265228271 0
1675602778846 1.3928169012069702 0
1675602779110 1.4003819227218628 0
1675602779377 1.3961783647537231 0
1675602779661 1.3949328660964966 0
1675602779946 1.388139247894287 0
1675602780209 1.404471516609192 0
1675602780453 1.4055471420288086 0
1675602780749 1.3768720626831055 0
1675602781095 1.3395084142684937 0
1675602781366 1.3986434936523438 0
1675602781633 1.404034972190857 0
1675602781890 1.3943448066711426 0
1675602782220 1.3661807775497437 0
1675602782530 1.3785533905029297 0
1675602782820 1.3782246112823486 0
1675602783110 1.3815886974334717 0
1675602783439 1.3682911396026611 0
1675602783759 1.3658177852630615 0
1675602784037 1.3974400758743286 0
1675602784329 1.3847582340240479 0
1675602784622 1.384820818901062 0
1675602784899 1.3910804986953735 0
1675602785221 1.3592711687088013 0
1675602785522 1.3752918243408203 0
1675602785819 1.3745206594467163 0
1675602786112 1.3805979490280151 0
1675602786381 1.384724497795105 0
1675602786663 1.3806744813919067 0
1675602786933 1.3997375965118408 0
1675602787220 1.3837652206420898 0
1675602787523 1.3702642917633057 0
1675602787778 1.4073814153671265 0
1675602788068 1.3838353157043457 0
1675602788361 1.3820468187332153 0
1675602788677 1.3655493259429932 0
1675602788986 1.3722468614578247 0
1675602789287 1.378488302230835 0
1675602789556 1.3995614051818848 0
1675602789842 1.3874448537826538 0
1675602790118 1.3929548263549805 0
1675602790435 1.3677773475646973 0
1675602790751 1.3701510429382324 0
1675602791033 1.3881886005401611 0
1675602791319 1.384520411491394 0
1675602791618 1.3816713094711304 0
1675602791892 1.3981611728668213 0
1675602792181 1.3833250999450684 0
1675602792504 1.3571982383728027 0
1675602792782 1.382675051689148 0
1675602793072 1.3867179155349731 0
1675602793339 1.3971726894378662 0
1675602795262 1.3702504634857178 0
1675602795574 1.3599141836166382 0
1675602795867 1.372788429260254 0
1675602796154 1.3765311241149902 0
1675602796457 1.3717461824417114 0
1675602796728 1.3897603750228882 0
1675602797039 1.3694654703140259 0
1675602797349 1.3649832010269165 0
1675602797627 1.3941501379013062 0
1675602797894 1.3910200595855713 0
1675602798149 1.405261516571045 0
1675602798455 1.3741307258605957 0
1675602798758 1.3792146444320679 0
1675602799019 1.4046279191970825 0
1675602799325 1.367079496383667 0
1675602799631 1.372936487197876 0
1675602799930 1.3748853206634521 0
1675602800233 1.3744539022445679 0
1675602800513 1.388550877571106 0
1675602800776 1.4025222063064575 0
1675602801049 1.3861055374145508 0
1675602801328 1.3846263885498047 0
1675602801626 1.3875658512115479 0
1675602801911 1.377813458442688 0
1675602802214 1.3754464387893677 0
1675602802505 1.386030673980713 0
1675602802780 1.397446870803833 0
1675602803066 1.3798407316207886 0
1675602803327 1.3991572856903076 0
1675602803645 1.3806358575820923 0
1675602803935 1.3816930055618286 0
1675602804236 1.384652853012085 0
1675602804516 1.3826628923416138 0
1675602804792 1.383614182472229 0
1675602805066 1.3942694664001465 0
1675602805352 1.3889931440353394 0
1675602805638 1.3828189373016357 0
1675602805901 1.402424931526184 0
1675602806213 1.362465500831604 0
1675602806521 1.3707587718963623 0
1675602806787 1.3986889123916626 0
1675602807076 1.3759857416152954 0
1675602807360 1.3785243034362793 0
1675602807645 1.3880548477172852 0
1675602807896 1.4009793996810913 0
1675602808173 1.3831788301467896 0
1675602808494 1.3628592491149902 0
1675602808805 1.3667184114456177 0
1675602809097 1.378896951675415 0
1675602809399 1.372164011001587 0
1675602809688 1.381477952003479 0
1675602809952 1.399802565574646 0
1675602810234 1.3874952793121338 0
1675602810508 1.389750361442566 0
1675602810784 1.3902579545974731 0
1675602811045 1.3982359170913696 0
1675602811335 1.3836495876312256 0
1675602811604 1.3976192474365234 0
1675602811919 1.3727749586105347 0
1675602812208 1.3821853399276733 0
1675602812495 1.384547472000122 0
1675602812772 1.3864209651947021 0
1675602813065 1.3763983249664307 0
1675602813333 1.3982570171356201 0
1675602813592 1.406262993812561 0
1675602813885 1.3759194612503052 0
1675602814174 1.395858883857727 0
1675602814471 1.3755072355270386 0
1675602814739 1.3951140642166138 0
1675602815010 1.3983004093170166 0
1675602815336 1.3774813413619995 0
1675602815625 1.3838471174240112 0
1675602815906 1.3913350105285645 0
1675602816181 1.396042823791504 0
1675602816487 1.3752599954605103 0
1675602816754 1.3951908349990845 0
1675602817041 1.3867350816726685 0
1675602817330 1.3828918933868408 0
1675602817621 1.3748375177383423 0
1675602817880 1.3961743116378784 0
1675602818155 1.3933086395263672 0
1675602818441 1.3815374374389648 0
1675602818726 1.3815107345581055 0
1675602819003 1.387602686882019 0
1675602819285 1.3790291547775269 0
1675602819567 1.3882542848587036 0
1675602819851 1.382459282875061 0
1675602820118 1.3894819021224976 0
1675602820411 1.3725500106811523 0
1675602820676 1.3969608545303345 0
1675602820962 1.3862090110778809 0
1675602821276 1.368691325187683 0
1675602821545 1.3929697275161743 0
1675602821834 1.3739070892333984 0
1675602822100 1.3900988101959229 0
1675602822404 1.389345407485962 0
1675602822712 1.3603734970092773 0
1675602822973 1.3921884298324585 0
1675602823254 1.379420518875122 0
1675602823510 1.3926647901535034 0
1675602823774 1.3902205228805542 0
1675602824056 1.3822888135910034 0
1675602824349 1.3805195093154907 0
1675602824633 1.3785324096679688 0
1675602824901 1.3862428665161133 0
1675602825179 1.3936783075332642 0
1675602825470 1.3795984983444214 0
1675602825744 1.3926727771759033 0
1675602825996 1.3952274322509766 0
1675602826301 1.3741953372955322 0
1675602826589 1.3724762201309204 0
1675602826843 1.393821358680725 0
1675602827108 1.3829740285873413 0
1675602827389 1.3841387033462524 0
1675602827634 1.4046423435211182 0
1675602827926 1.3818120956420898 0
1675602828219 1.3825503587722778 0
1675602828532 1.369092345237732 0
1675602828892 1.3334087133407593 0
1675602829168 1.3924139738082886 0
1675602829500 1.3513250350952148 0
1675602829807 1.3733030557632446 0
1675602830100 1.3777470588684082 0
1675602830406 1.3716033697128296 0
1675602830688 1.3855204582214355 0
1675602830983 1.3672173023223877 0
1675602831255 1.387771725654602 0
1675602831552 1.3895630836486816 0
1675602831813 1.4022127389907837 0
1675602832094 1.3925561904907227 0
1675602832390 1.384223461151123 0
1675602832729 1.3560092449188232 0
1675602833012 1.3870950937271118 0
1675602833309 1.3790767192840576 0
1675602833593 1.385846495628357 0
1675602833903 1.3717375993728638 0
1675602834174 1.3940606117248535 0
1675602834488 1.3662174940109253 0
1675602834774 1.3869210481643677 0
1675602835079 1.3709492683410645 0
1675602835361 1.3772108554840088 0
1675602835635 1.3881412744522095 0
1675602835927 1.3813700675964355 0
1675602836244 1.3642972707748413 0
1675602836560 1.3691811561584473 0
1675602836832 1.3966752290725708 0
1675602837130 1.383752465248108 0
1675602837399 1.3990471363067627 0
1675602837674 1.3971079587936401 0
1675602837962 1.3868860006332397 0
1675602838266 1.3781464099884033 0
1675602838541 1.394938588142395 0
1675602838836 1.380441427230835 0
1675602839113 1.3948116302490234 0
1675602839372 1.3957207202911377 0
1675602839635 1.4071694612503052 0
1675602839917 1.3811057806015015 0
