1675865001743 0.6083951592445374 0
1675865001980 0.6106590628623962 0
1675865002225 0.6105838418006897 0
1675865002441 0.6117359399795532 0
1675865002631 0.6153854727745056 0
1675865002865 0.6067905426025391 0
1675865003103 0.6023048758506775 0
1675865003331 0.6049693822860718 0
1675865003555 0.6056103706359863 0
1675865003747 0.6100295782089233 0
1675865003983 0.6087614893913269 0
1675865004225 0.6073432564735413 0
1675865004494 0.5967065095901489 0
1675865004690 0.6053920984268188 0
1675865004917 0.599958062171936 0
1675865005159 0.5944380760192871 0
1675865005388 0.5955995917320251 0
1675865005621 0.596616268157959 0
1675865005856 0.5967198014259338 0
1675865006121 0.5883626937866211 0
1675865006359 0.5938419103622437 0
1675865006596 0.5910142660140991 0
1675865006814 0.5943087339401245 0
1675865007079 0.5831282138824463 0
1675865007296 0.5928987264633179 0
1675865007546 0.590170681476593 0
1675865007811 0.5839307904243469 0
1675865008040 0.5933257937431335 0
1675865008246 0.5957051515579224 0
1675865008475 0.5904926061630249 0
1675865008719 0.5876771807670593 0
1675865008959 0.5838757753372192 0
1675865009177 0.5877864360809326 0
1675865009419 0.5815591812133789 0
1675865009660 0.5790539979934692 0
1675865009896 0.5799264311790466 0
1675865010123 0.5812521576881409 0
1675865010373 0.5762208700180054 0
1675865010630 0.5792540907859802 0
1675865010852 0.582628607749939 0
1675865011067 0.5801411867141724 0
1675865011259 0.5851163864135742 0
1675865011512 0.5771355628967285 0
1675865011744 0.5770391821861267 0
1675865011975 0.5754522681236267 0
1675865012244 0.5704471468925476 0
1675865012452 0.578210711479187 0
1675865012701 0.5702863335609436 0
1675865012939 0.5693199634552002 0
1675865013151 0.5774120688438416 0
1675865013378 0.5703145265579224 0
1675865013569 0.5781771540641785 0
1675865013786 0.5740854144096375 0
1675865013983 0.5754680633544922 0
1675865014210 0.5700536370277405 0
1675865014409 0.5757336020469666 0
1675865014615 0.5706341862678528 0
1675865014824 0.5686528086662292 0
1675865015041 0.5677472949028015 0
1675865015257 0.5670559406280518 0
1675865015494 0.5625311136245728 0
1675865015699 0.5732623934745789 0
1675865015942 0.5587052702903748 0
1675865016161 0.5611953139305115 0
1675865016390 0.5586051344871521 0
1675865016626 0.5556960701942444 0
1675865016839 0.5635291934013367 0
1675865017065 0.5568546652793884 0
1675865017294 0.5551360249519348 0
1675865017521 0.5542231202125549 0
1675865017703 0.5626539587974548 0
1675865017910 0.556962251663208 0
1675865018134 0.5517404675483704 0
1675865018346 0.5566633939743042 0
1675865018545 0.5567840933799744 0
1675865018764 0.5501118898391724 0
1675865018963 0.5542963743209839 0
1675865019168 0.5521228313446045 0
1675865019361 0.5542446970939636 0
1675865019571 0.5495656132698059 0
1675865019785 0.5514804720878601 0
1675865019983 0.5507764220237732 0
1675865020194 0.5462809801101685 0
1675865020419 0.5449429750442505 0
1675865020667 0.5395640730857849 0
1675865020880 0.5466464161872864 0
1675865021105 0.5446522831916809 0
1675865021318 0.5445516109466553 0
1675865021534 0.5446284413337708 0
1675865021756 0.5383254885673523 0
1675865021974 0.5406703948974609 0
1675865022216 0.534678041934967 0
1675865022464 0.5353726148605347 0
1675865022795 0.5370134115219116 0
1675865023086 0.5398520231246948 0
1675865023375 0.5359532237052917 0
1675865023590 0.5329720973968506 0
1675865023795 0.5354045033454895 0
1675865024009 0.5306721329689026 0
1675865024215 0.5315538644790649 0
1675865024430 0.5289729833602905 0
1675865024629 0.5307958126068115 0
1675865024834 0.5302265286445618 0
1675865025058 0.5267412662506104 0
1675865025246 0.5300383567810059 0
1675865025465 0.5246564745903015 0
1675865025699 0.5231409072875977 0
1675865025895 0.5268213748931885 0
1675865026111 0.5215850472450256 0
1675865026352 0.5138553380966187 0
1675865026549 0.5227087140083313 0
1675865026755 0.5193187594413757 0
1675865026951 0.5199742913246155 0
1675865027171 0.5138009190559387 0
1675865027389 0.513909637928009 0
1675865027601 0.5130957961082458 0
1675865027818 0.5124168992042542 0
1675865028015 0.5154257416725159 0
1675865028215 0.5126650333404541 0
1675865028424 0.5108966827392578 0
1675865028633 0.5091255903244019 0
1675865028884 0.4988199770450592 0
1675865029093 0.5076848268508911 0
1675865029299 0.5058527588844299 0
1675865029531 0.4989793002605438 0
1675865029739 0.503046452999115 0
1675865029950 0.5010246634483337 0
1675865030195 0.49510860443115234 0
1675865030437 0.4956280291080475 0
1675865030648 0.4999145567417145 0
1675865030860 0.49624547362327576 0
1675865031072 0.4939024746417999 0
1675865031305 0.4897533059120178 0
1675865031527 0.4901597201824188 0
1675865031768 0.4876096844673157 0
1675865031991 0.48874250054359436 0
1675865032243 0.487347811460495 0
1675865032471 0.4869351089000702 0
1675865032706 0.48473650217056274 0
1675865032931 0.48108822107315063 0
1675865033120 0.4854719638824463 0
1675865033343 0.47727733850479126 0
1675865033533 0.4821774661540985 0
1675865033729 0.4799846112728119 0
1675865033958 0.4730639159679413 0
1675865034194 0.4708356261253357 0
1675865034409 0.4716336727142334 0
1675865034619 0.4727846384048462 0
1675865034860 0.46454840898513794 0
1675865035061 0.4694628417491913 0
1675865035293 0.4629362225532532 0
1675865035492 0.4670470356941223 0
1675865035706 0.4625367224216461 0
1675865035903 0.46264827251434326 0
1675865036125 0.45897769927978516 0
1675865036327 0.4578932225704193 0
1675865036528 0.4561580717563629 0
1675865038002 0.4530794024467468 0
1675865038245 0.4509558379650116 0
1675865038489 0.44662854075431824 0
1675865038708 0.4479960501194 0
1675865038903 0.4469069242477417 0
1675865039096 0.44623932242393494 0
1675865039308 0.4421194791793823 0
1675865039520 0.4402410089969635 0
1675865039728 0.4395975172519684 0
1675865039948 0.43541646003723145 0
1675865040149 0.43687868118286133 0
1675865040376 0.42856892943382263 0
1675865040584 0.43105804920196533 0
1675865040801 0.4266829192638397 0
1675865041025 0.4210131764411926 0
1675865041266 0.4193253219127655 0
1675865041489 0.4172680675983429 0
1675865041712 0.4157916307449341 0
1675865041920 0.4143257141113281 0
1675865042145 0.40836623311042786 0
1675865042377 0.4084910452365875 0
1675865042591 0.40560469031333923 0
1675865042820 0.40030497312545776 0
1675865043030 0.4028298258781433 0
1675865043255 0.39839527010917664 0
1675865043462 0.3956930339336395 0
1675865043692 0.39228302240371704 0
1675865043913 0.38960152864456177 0
1675865044129 0.3858720660209656 0
1675865044349 0.3820606768131256 0
1675865044541 0.3832061290740967 0
1675865044791 0.3721199929714203 0
1675865044998 0.3749207854270935 0
1675865045199 0.37234336137771606 0
1675865045393 0.37080687284469604 0
1675865045619 0.3627016544342041 0
1675865045835 0.3603494465351105 0
1675865046035 0.3591098487377167 0
1675865046272 0.35180169343948364 0
1675865046495 0.3527158796787262 0
1675865046742 0.3427703380584717 0
1675865046937 0.3475797772407532 0
1675865047162 0.3374028205871582 0
1675865047365 0.3364804685115814 0
1675865047575 0.33180299401283264 0
1675865047782 0.3285413086414337 0
1675865047975 0.32649800181388855 0
1675865048183 0.31981390714645386 0
1675865048414 0.3155534863471985 0
1675865048653 0.3113307058811188 0
1675865048875 0.30727052688598633 0
1675865049080 0.3032594919204712 0
1675865049288 0.2983033061027527 0
1675865049509 0.29267412424087524 0
1675865049705 0.2890942394733429 0
1675865049895 0.28682658076286316 0
1675865050105 0.2791769802570343 0
1675865050342 0.2725485861301422 0
1675865050595 0.265358030796051 0
1675865050871 0.2606296241283417 0
1675865051059 0.26004278659820557 0
1675865051284 0.25289031863212585 0
1675865051510 0.2467990219593048 0
1675865051756 0.2401905208826065 0
1675865051963 0.2363116592168808 0
1675865052219 0.22713615000247955 0
1675865052455 0.22547176480293274 0
1675865052688 0.21967200934886932 0
1675865052916 0.21429142355918884 0
1675865053146 0.2075822353363037 0
1675865053388 0.19999460875988007 0
1675865053587 0.1951400190591812 0
1675865053785 0.1892179697751999 0
1675865053999 0.18227511644363403 0
1675865054225 0.17542734742164612 0
1675865054447 0.1711646020412445 0
1675865054660 0.1640409380197525 0
1675865054884 0.15674124658107758 0
1675865055098 0.15089723467826843 0
1675865055317 0.14522193372249603 0
1675865055536 0.13862858712673187 0
1675865055761 0.13182297348976135 0
1675865055987 0.12538529932498932 0
1675865056209 0.11929449439048767 0
1675865056416 0.113370880484581 0
1675865056652 0.10840670764446259 0
1675865056878 0.10168727487325668 0
1675865057097 0.09695935994386673 0
1675865057334 0.09101977199316025 0
1675865057558 0.08499585837125778 0
1675865057774 0.07963571697473526 0
1675865057995 0.07445459812879562 0
1675865058195 0.06945443898439407 0
1675865058410 0.06629989296197891 0
1675865058652 0.0645541399717331 0
1675865058872 0.05780443921685219 0
1675865059092 0.0547720268368721 0
1675865059292 0.05011271312832832 0
1675865059511 0.04720862954854965 0
1675865059745 0.04522278159856796 0
1675865059975 0.04284185916185379 0
1675865060199 0.040537044405937195 0
1675865060407 0.03854650259017944 0
1675865060623 0.03639371320605278 0
1675865060857 0.03671102598309517 0
1675865061076 0.03501066565513611 0
1675865061313 0.034306369721889496 0
1675865061533 0.03270159661769867 0
1675865061754 0.02995903231203556 0
1675865061999 0.03326234966516495 0
1675865062205 0.028019938617944717 0
1675865062423 0.029222501441836357 0
1675865062615 0.024098370224237442 0
1675865062821 0.027241751551628113 0
1675865063025 0.02649879641830921 0
1675865063242 0.024802163243293762 0
1675865063481 0.026674196124076843 0
1675865063736 0.02474789321422577 0
1675865064016 0.02802415005862713 0
1675865064273 0.023767627775669098 0
1675865064533 0.0234611164778471 0
1675865064798 0.024048808962106705 0
1675865065093 0.02591928094625473 0
1675865065356 0.022864971309900284 0
1675865065599 0.02008821628987789 0
1675865065894 0.02489561401307583 0
1675865066164 0.022815102711319923 0
1675865066448 0.025864377617836 0
1675865066700 0.019994953647255898 0
1675865066994 0.02192656137049198 0
1675865067260 0.022983016446232796 0
1675865067534 0.02224026806652546 0
1675865067800 0.023493457585573196 0
1675865068049 0.02128281071782112 0
1675865068327 0.023804912343621254 0
1675865068573 0.022557396441698074 0
1675865068801 0.020931774750351906 0
1675865069045 0.022258751094341278 0
1675865069255 0.018047353252768517 0
1675865069483 0.023281613364815712 0
1675865069711 0.02221447043120861 0
1675865069951 0.021372152492403984 0
1675865070199 0.02450336329638958 0
1675865070391 0.01746138371527195 0
1675865070599 0.018924621865153313 0
1675865070807 0.01923597790300846 0
1675865071078 0.028743969276547432 0
1675865071286 0.018003882840275764 0
1675865071544 0.022378437221050262 0
1675865071801 0.022555911913514137 0
1675865072058 0.016697632148861885 0
1675865072292 0.019639868289232254 0
1675865072507 0.01701437495648861 0
1675865072738 0.019112614914774895 0
1675865072946 0.015341527760028839 0
1675865073184 0.021069349721074104 0
1675865073391 0.020031623542308807 0
1675865074880 0.019505484029650688 0
1675865075084 0.019084548577666283 0
1675865075331 0.021471193060278893 0
1675865075558 0.01819375529885292 0
1675865075774 0.01980184204876423 0
1675865075982 0.01728072762489319 0
1675865076185 0.01899031363427639 0
1675865076403 0.020066311582922935 0
1675865076596 0.017920522019267082 0
1675865076791 0.01569323055446148 0
1675865077019 0.018400555476546288 0
1675865077245 0.01852954924106598 0
1675865077479 0.02145993523299694 0
1675865077715 0.0217610914260149 0
1675865077927 0.019244156777858734 0
1675865078132 0.018536768853664398 0
1675865078330 0.01762869954109192 0
1675865078534 0.01591021753847599 0
1675865078760 0.02060929499566555 0
1675865078947 0.01699298806488514 0
1675865079185 0.024819251149892807 0
1675865079394 0.01994900591671467 0
1675865079584 0.015889601781964302 0
1675865079805 0.021088426932692528 0
1675865080007 0.01711931824684143 0
1675865080192 0.015889830887317657 0
1675865080445 0.020737944170832634 0
1675865080688 0.019868966192007065 0
1675865080921 0.019011925905942917 0
1675865081129 0.016331665217876434 0
1675865081436 0.027409518137574196 0
1675865081679 0.017793480306863785 0
1675865081929 0.017009397968649864 0
1675865082195 0.018205806612968445 0
1675865082472 0.021258674561977386 0
1675865082725 0.01871376484632492 0
1675865083019 0.022688644006848335 0
1675865083270 0.01647760346531868 0
1675865083551 0.021722009405493736 0
1675865083772 0.0196588933467865 0
1675865083969 0.01699741557240486 0
1675865084183 0.01938764378428459 0
1675865084398 0.019427573308348656 0
1675865084603 0.01824621483683586 0
1675865084813 0.019586922600865364 0
1675865085034 0.018742479383945465 0
1675865085295 0.01783338375389576 0
1675865085505 0.01666501723229885 0
1675865085723 0.016512982547283173 0
1675865085951 0.01801411062479019 0
1675865086182 0.01918896846473217 0
1675865086406 0.021526958793401718 0
1675865086636 0.018901808187365532 0
1675865086876 0.020313000306487083 0
1675865087140 0.020236819982528687 0
1675865087379 0.017561057582497597 0
1675865087602 0.016076048836112022 0
1675865087853 0.01983756385743618 0
1675865088069 0.01704271323978901 0
1675865088338 0.025695838034152985 0
1675865088590 0.021104352548718452 0
1675865088836 0.01691531389951706 0
1675865089088 0.0211197342723608 0
1675865089344 0.021281257271766663 0
1675865089576 0.01785869523882866 0
1675865089782 0.013551551848649979 0
1675865090010 0.016872776672244072 0
1675865090261 0.021265896037220955 0
1675865090488 0.01796729676425457 0
1675865090718 0.018859192728996277 0
1675865090909 0.015157897025346756 0
1675865091147 0.02244815230369568 0
1675865091367 0.01965486630797386 0
1675865091581 0.017750423401594162 0
1675865091850 0.021315092220902443 0
1675865092144 0.021455563604831696 0
1675865092357 0.015057151205837727 0
1675865092621 0.024311266839504242 0
1675865092933 0.029165487736463547 0
1675865093140 0.016929136589169502 0
1675865093366 0.02030089497566223 0
1675865093578 0.018901947885751724 0
1675865093799 0.019970964640378952 0
1675865094011 0.01978079043328762 0
1675865094251 0.022101249545812607 0
1675865094482 0.021585052832961082 0
1675865094711 0.019912468269467354 0
1675865094921 0.017180129885673523 0
1675865095098 0.013433449901640415 0
1675865095319 0.01881926693022251 0
1675865095541 0.018017390742897987 0
1675865095764 0.018380701541900635 0
1675865095983 0.01769890822470188 0
1675865096208 0.01789802871644497 0
1675865096444 0.02083664946258068 0
1675865096657 0.017367729917168617 0
1675865096902 0.01676817238330841 0
1675865097162 0.017927637323737144 0
1675865097424 0.017061850056052208 0
1675865097721 0.023613372817635536 0
1675865097995 0.019826320931315422 0
1675865098301 0.023822618648409843 0
1675865098533 0.014925307594239712 0
1675865098792 0.02567356638610363 0
1675865099017 0.017439834773540497 0
1675865099234 0.01696900464594364 0
1675865099491 0.024435237050056458 0
1675865099691 0.01638864167034626 0
1675865099895 0.016948379576206207 0
1675865100093 0.0172624159604311 0
1675865100286 0.017014864832162857 0
1675865100486 0.016048049554228783 0
1675865100707 0.020831303671002388 0
1675865100970 0.024695226922631264 0
1675865101186 0.01685038022696972 0
1675865101388 0.016074853017926216 0
1675865101611 0.02074359357357025 0
1675865101917 0.019922897219657898 0
1675865102168 0.01961321383714676 0
1675865102380 0.018124569207429886 0
1675865102598 0.02004670351743698 0
1675865102832 0.02178828977048397 0
1675865103020 0.014990934170782566 0
1675865103269 0.021642262116074562 0
1675865103523 0.021683242172002792 0
1675865103762 0.019664037972688675 0
1675865103992 0.018380826339125633 0
1675865104237 0.021160047501325607 0
1675865104491 0.02161797508597374 0
1675865104720 0.018635287880897522 0
1675865104924 0.017170703038573265 0
1675865105171 0.02322518266737461 0
1675865105368 0.016390474513173103 0
1675865105547 0.013768194243311882 0
1675865105759 0.018429521471261978 0
1675865105955 0.017462559044361115 0
1675865106153 0.017647944390773773 0
1675865106410 0.018625479191541672 0
1675865106722 0.025003986433148384 0
1675865106983 0.019724374637007713 0
1675865107191 0.017486197873950005 0
1675865107401 0.017447642982006073 0
1675865107642 0.023740850389003754 0
1675865107836 0.014961712062358856 0
1675865108051 0.0182030089199543 0
1675865108279 0.01825471594929695 0
1675865108491 0.01771167293190956 0
1675865108732 0.02041277103126049 0
1675865109018 0.02297567017376423 0
1675865109279 0.01907917857170105 0
1675865109539 0.018551494926214218 0
1675865109774 0.016481662169098854 0
1675865109978 0.017541740089654922 0
1675865110209 0.02219540998339653 0
1675865110423 0.01991226337850094 0
1675865110639 0.01830565743148327 0
1675865110865 0.019156357273459435 0
