1675511861006 0.7394500970840454 0
1675511861139 0.7306641340255737 0
1675511861268 0.7209973335266113 0
1675511861386 0.7091813087463379 0
1675511861522 0.6956350803375244 0
1675511861633 0.6922091245651245 0
1675511861768 0.677869975566864 0
1675511861893 0.6734572649002075 0
1675511862020 0.6650307774543762 0
1675511862161 0.6550371646881104 0
1675511862289 0.6501073241233826 0
1675511862417 0.6367581486701965 0
1675511862554 0.6322060823440552 0
1675511862685 0.627800464630127 0
1675511862817 0.6238505840301514 0
1675511862949 0.6169093251228333 0
1675511863075 0.6102709770202637 0
1675511863209 0.6037448644638062 0
1675511863349 0.5978019833564758 0
1675511863474 0.595055878162384 0
1675511863593 0.5942806601524353 0
1675511863720 0.5847721695899963 0
1675511863852 0.582176685333252 0
1675511863968 0.5818564295768738 0
1675511864105 0.5766178369522095 0
1675511864217 0.5723031163215637 0
1675511864372 0.5700765252113342 0
1675511864521 0.5633912086486816 0
1675511864637 0.5634933114051819 0
1675511864771 0.5638001561164856 0
1675511864897 0.5578224062919617 0
1675511865042 0.5519204139709473 0
1675511865148 0.5545633435249329 0
1675511865286 0.5498364567756653 0
1675511865397 0.5516921281814575 0
1675511865514 0.5454812049865723 0
1675511865655 0.5427901744842529 0
1675511865793 0.5402817726135254 0
1675511865918 0.5396528840065002 0
1675511866034 0.5376248359680176 0
1675511866192 0.5336605310440063 0
1675511866307 0.5369707345962524 0
1675511866447 0.5310074687004089 0
1675511866617 0.5292927622795105 0
1675511866770 0.528010904788971 0
1675511866909 0.5265166759490967 0
1675511867051 0.5268169641494751 0
1675511867178 0.5271922945976257 0
1675511867321 0.520319402217865 0
1675511867478 0.5174719095230103 0
1675511867608 0.5211290717124939 0
1675511867730 0.5191306471824646 0
1675511867876 0.5197260975837708 0
1675511867977 0.5190684199333191 0
1675511868079 0.5207517743110657 0
1675511868208 0.5137373805046082 0
1675511868324 0.5145732760429382 0
1675511868472 0.5103172659873962 0
1675511868635 0.5081741213798523 0
1675511868772 0.5084407329559326 0
1675511868899 0.510741114616394 0
1675511869037 0.5090431571006775 0
1675511869153 0.509559690952301 0
1675511869292 0.5068950653076172 0
1675511869424 0.5047023892402649 0
1675511869567 0.5041494965553284 0
1675511869694 0.5049943327903748 0
1675511869830 0.505472719669342 0
1675511869967 0.49874088168144226 0
1675511870077 0.5041354298591614 0
1675511870194 0.5043438076972961 0
1675511870314 0.5003706216812134 0
1675511870440 0.4993301331996918 0
1675511870555 0.49821043014526367 0
1675511870666 0.5016756057739258 0
1675511870812 0.49574899673461914 0
1675511870935 0.4987335801124573 0
1675511871082 0.4935804307460785 0
1675511871180 0.5009968876838684 0
1675511871280 0.49815380573272705 0
1675511871409 0.49343588948249817 0
1675511871532 0.4972494840621948 0
1675511871651 0.4972976744174957 0
1675511871790 0.49213722348213196 0
1675511871925 0.4938671588897705 0
1675511872033 0.4950252175331116 0
1675511872175 0.49062538146972656 0
1675511872324 0.48812830448150635 0
1675511872449 0.49248117208480835 0
1675511872571 0.49311965703964233 0
1675511872705 0.48954057693481445 0
1675511872817 0.491201251745224 0
1675511872943 0.48880258202552795 0
1675511873075 0.48898962140083313 0
1675511873233 0.48509737849235535 0
1675511873357 0.4864407181739807 0
1675511873476 0.4896773397922516 0
1675511873575 0.49074888229370117 0
1675511873670 0.49198028445243835 0
1675511873786 0.4894731938838959 0
1675511873914 0.48669692873954773 0
1675511874035 0.4872541129589081 0
1675511874171 0.4847995340824127 0
1675511874307 0.4863453805446625 0
1675511874429 0.48570194840431213 0
1675511874549 0.4847885072231293 0
1675511874687 0.4823540449142456 0
1675511874869 0.47654208540916443 0
1675511875014 0.4793858528137207 0
1675511875120 0.4862866997718811 0
1675511875267 0.4770646095275879 0
1675511875378 0.4859539270401001 0
1675511875538 0.47851938009262085 0
1675511875672 0.4800538718700409 0
1675511875839 0.4774727523326874 0
1675511875959 0.48490986227989197 0
1675511876082 0.4817579388618469 0
1675511876202 0.48156994581222534 0
1675511876335 0.48290175199508667 0
1675511876473 0.4769580364227295 0
1675511876602 0.48268088698387146 0
1675511876705 0.4855411946773529 0
1675511876818 0.48312583565711975 0
1675511876946 0.47966817021369934 0
1675511877070 0.4793756604194641 0
1675511877214 0.4800424873828888 0
1675511877326 0.48097336292266846 0
1675511877470 0.47288694977760315 0
1675511877590 0.47836682200431824 0
1675511877704 0.4813081622123718 0
1675511877851 0.476053923368454 0
1675511877957 0.47959139943122864 0
1675511878084 0.4761069118976593 0
1675511878192 0.4806474447250366 0
1675511878309 0.4786936938762665 0
1675511878448 0.4741257131099701 0
1675511878566 0.4800085425376892 0
1675511878696 0.4773899018764496 0
1675511878844 0.47327950596809387 0
1675511878961 0.47641709446907043 0
1675511879084 0.478250652551651 0
1675511879201 0.4788037836551666 0
1675511879354 0.4711727201938629 0
1675511879476 0.4764862358570099 0
1675511879630 0.47449469566345215 0
1675511879766 0.4725855588912964 0
1675511879894 0.4748339056968689 0
1675511880031 0.4768705666065216 0
1675511880146 0.47819197177886963 0
1675511880294 0.47246813774108887 0
1675511880425 0.4723982810974121 0
1675511880547 0.47473081946372986 0
1675511880657 0.4787427484989166 0
1675511880792 0.47188103199005127 0
1675511880951 0.46723639965057373 0
1675511881076 0.4715365767478943 0
1675511881214 0.47015225887298584 0
