1675280168333 0.7276344299316406 0
1675280168593 0.7201409339904785 0
1675280168807 0.7149396538734436 0
1675280169045 0.7064533233642578 0
1675280169294 0.700019121170044 0
1675280169541 0.6916809678077698 0
1675280169812 0.6845975518226624 0
1675280170053 0.6797471046447754 0
1675280170260 0.6740819811820984 0
1675280170468 0.6664173007011414 0
1675280170762 0.6613882184028625 0
1675280171031 0.6555953621864319 0
1675280171243 0.6517605781555176 0
1675280171493 0.6446161270141602 0
1675280171796 0.638560950756073 0
1675280172042 0.6341428160667419 0
1675280172260 0.6305206418037415 0
1675280172498 0.6258691549301147 0
1675280172745 0.6214462518692017 0
1675280172967 0.6159735918045044 0
1675280173167 0.6116921901702881 0
1675280173403 0.6102387309074402 0
1675280173643 0.6036977767944336 0
1675280173909 0.6006404757499695 0
1675280174200 0.5940158367156982 0
1675280174443 0.5946521162986755 0
1675280174646 0.5902681946754456 0
1675280174870 0.5881665945053101 0
1675280175130 0.5817447304725647 0
1675280175331 0.5804855823516846 0
1675280175529 0.5777435302734375 0
1675280175780 0.5730650424957275 0
1675280176039 0.5735941529273987 0
1675280176269 0.5682837963104248 0
1675280176514 0.5639527440071106 0
1675280176746 0.5651218891143799 0
1675280176984 0.5589989423751831 0
1675280177197 0.5608310699462891 0
1675280177441 0.5558573603630066 0
1675280177676 0.5532551407814026 0
1675280177914 0.5522783994674683 0
1675280178196 0.5461198091506958 0
1675280178465 0.5462055802345276 0
1675280178681 0.547217607498169 0
1675280178903 0.5480679273605347 0
1675280179204 0.5406606793403625 0
1675280179485 0.5379624962806702 0
1675280179715 0.536469578742981 0
1675280179906 0.5420557260513306 0
1675280180112 0.5365729928016663 0
1675280180324 0.5347568988800049 0
1675280180481 0.5375046133995056 0
1675280180729 0.5295577049255371 0
1675280180973 0.5317957401275635 0
1675280181200 0.5291194915771484 0
1675280181397 0.5292299389839172 0
1675280181627 0.5270273089408875 0
1675280181853 0.5263946056365967 0
1675280182067 0.5268841981887817 0
1675280182284 0.5271978378295898 0
1675280182467 0.5232585072517395 0
1675280182675 0.5202609300613403 0
1675280182939 0.5175277590751648 0
1675280183133 0.5224111080169678 0
1675280183357 0.5169253349304199 0
1675280183597 0.5156545639038086 0
1675280183862 0.5145798921585083 0
1675280184062 0.518180251121521 0
1675280184302 0.5153101086616516 0
1675280184519 0.5147965550422668 0
1675280184824 0.5068269371986389 0
1675280185127 0.5084174871444702 0
1675280185324 0.513778030872345 0
1675280185578 0.5059776902198792 0
1675280185823 0.5077323913574219 0
1675280186050 0.5068967938423157 0
1675280186258 0.5060855150222778 0
1675280186524 0.50673508644104 0
1675280186798 0.504673182964325 0
1675280187043 0.5072669386863708 0
1675280187242 0.5106953382492065 0
1675280187472 0.504844069480896 0
1675280187706 0.50251305103302 0
1675280187953 0.505751371383667 0
1675280188188 0.4994024634361267 0
1675280188413 0.5026189684867859 0
1675280188638 0.5019829869270325 0
1675280188863 0.5013434290885925 0
1675280189133 0.4991876184940338 0
1675280189353 0.5001871585845947 0
1675280189606 0.4991186559200287 0
1675280189803 0.5018548369407654 0
1675280189974 0.504460871219635 0
1675280190222 0.49525949358940125 0
1675280190415 0.5034400820732117 0
1675280190638 0.49802809953689575 0
1675280190948 0.4926718473434448 0
1675280191223 0.4924652874469757 0
1675280191450 0.49569782614707947 0
1675280191669 0.4956890940666199 0
1675280191900 0.494503378868103 0
1675280192144 0.496336966753006 0
1675280192366 0.49312859773635864 0
1675280192625 0.4928930103778839 0
1675280192836 0.4977313280105591 0
1675280193069 0.49373432993888855 0
1675280193317 0.4928467571735382 0
1675280193602 0.49116599559783936 0
1675280193846 0.48983192443847656 0
1675280194100 0.48896676301956177 0
1675280194329 0.49449658393859863 0
1675280194550 0.4929253160953522 0
1675280194770 0.4871542155742645 0
1675280195035 0.4896875023841858 0
1675280195262 0.49366462230682373 0
1675280195502 0.4869234263896942 0
1675280195713 0.49169299006462097 0
1675280195973 0.4884961247444153 0
1675280196195 0.4873706102371216 0
1675280196420 0.4881814122200012 0
1675280196681 0.4850241541862488 0
1675280196919 0.4850651025772095 0
1675280197113 0.4893541932106018 0
1675280197330 0.4916679561138153 0
1675280197587 0.4816960394382477 0
1675280197846 0.4838128685951233 0
1675280198041 0.488878458738327 0
1675280198263 0.48501092195510864 0
1675280198495 0.4856456220149994 0
1675280198736 0.48421594500541687 0
1675280198951 0.4845537543296814 0
1675280199204 0.48374924063682556 0
1675280199492 0.4812450408935547 0
1675280199759 0.47896772623062134 0
1675280200039 0.48262831568717957 0
1675280200285 0.4836561381816864 0
1675280200532 0.4827941358089447 0
1675280200719 0.4851590394973755 0
1675280200924 0.48434868454933167 0
1675280201148 0.4817628264427185 0
1675280201343 0.4829419255256653 0
1675280201560 0.48686906695365906 0
1675280201813 0.4811841547489166 0
1675280202023 0.4810212552547455 0
1675280202358 0.47081196308135986 0
1675280202576 0.478516161441803 0
1675280202796 0.4797344207763672 0
1675280203053 0.4768902659416199 0
1675280203276 0.48186349868774414 0
1675280203460 0.48381033539772034 0
1675280203685 0.47919556498527527 0
1675280203948 0.477115273475647 0
1675280204165 0.4811853766441345 0
1675280204440 0.47449153661727905 0
1675280204678 0.47512397170066833 0
1675280204865 0.48126986622810364 0
1675280205069 0.4789898097515106 0
