1675175763063 0.7272143363952637 0
1675175770377 0.7264165878295898 0
1675175770813 0.7233389019966125 0
1675175771251 0.7207029461860657 0
1675175771854 0.7153187990188599 0
1675175772502 0.7109952569007874 0
1675175772971 0.708931565284729 0
1675175773615 0.705298662185669 0
1675175774104 0.7045012712478638 0
1675175774629 0.7010204792022705 0
1675175775126 0.7004290819168091 0
1675175775604 0.6987795829772949 0
1675175776062 0.6959387063980103 0
1675175776536 0.6928678154945374 0
1675175777139 0.6905088424682617 0
1675175777558 0.6902830600738525 0
1675175778233 0.6849247217178345 0
1675175778824 0.6831275224685669 0
1675175779371 0.6797439455986023 0
1675175779858 0.679328203201294 0
1675175780349 0.67822265625 0
1675175780788 0.6757998466491699 0
1675175781283 0.6721168160438538 0
1675175781758 0.6716651916503906 0
1675175782277 0.6667273044586182 0
1675175782752 0.665081799030304 0
1675175783263 0.6619669795036316 0
1675175783772 0.6619857549667358 0
1675175784414 0.6553389430046082 0
1675175784948 0.6542696952819824 0
1675175785523 0.6507660746574402 0
1675175786085 0.6500853300094604 0
1675175786554 0.6477075219154358 0
1675175787045 0.6453384160995483 0
1675175787652 0.6392404437065125 0
1675175788084 0.6405476927757263 0
1675175788787 0.633974552154541 0
1675175789359 0.6344197988510132 0
1675175789891 0.6310616135597229 0
1675175790455 0.6297316551208496 0
1675175790916 0.6310679912567139 0
1675175791541 0.6222012042999268 0
1675175792138 0.6217375993728638 0
1675175792581 0.6228376030921936 0
1675175793087 0.6177398562431335 0
1675175793644 0.6128541231155396 0
1675175794141 0.6135076284408569 0
1675175794518 0.6159648299217224 0
1675175794989 0.6096039414405823 0
1675175795524 0.6071615815162659 0
1675175795992 0.6070060133934021 0
1675175796494 0.6033601760864258 0
1675175796965 0.6018825769424438 0
1675175797366 0.6014032363891602 0
1675175797855 0.5981895327568054 0
1675175798372 0.5930345058441162 0
1675175798909 0.5914738178253174 0
1675175799461 0.5901042819023132 0
1675175800049 0.5846633315086365 0
1675175800631 0.5822063684463501 0
1675175801249 0.580936849117279 0
1675175801746 0.5826675295829773 0
1675175802091 0.5862182378768921 0
1675175802516 0.5810797810554504 0
1675175803171 0.57636958360672 0
1675175803570 0.5799933671951294 0
1675175804045 0.579621434211731 0
1675175804661 0.5701891183853149 0
1675175805201 0.5699413418769836 0
1675175805739 0.5702667832374573 0
1675175806230 0.569690465927124 0
1675175806845 0.5682443380355835 0
1675175807404 0.5636242032051086 0
1675175808040 0.561030924320221 0
1675175808560 0.5591047406196594 0
1675175809064 0.5619587302207947 0
1675175809648 0.5578276515007019 0
1675175810074 0.561313271522522 0
1675175810664 0.5542739033699036 0
1675175811174 0.5547974109649658 0
1675175811615 0.5549505352973938 0
1675175812098 0.5558680295944214 0
1675175812697 0.5486454367637634 0
1675175813203 0.5515550971031189 0
1675175813665 0.5533439517021179 0
1675175814160 0.5464772582054138 0
1675175814750 0.5447939038276672 0
1675175815254 0.547257125377655 0
1675175815782 0.545538067817688 0
1675175816285 0.5433636903762817 0
1675175816761 0.542194128036499 0
1675175817236 0.5419448018074036 0
1675175817735 0.5392017960548401 0
1675175818293 0.5371820330619812 0
1675175818784 0.5397982597351074 0
1675175819307 0.537488579750061 0
1675175819739 0.5392835140228271 0
1675175820230 0.5388226509094238 0
1675175820808 0.5316699743270874 0
1675175821417 0.529780387878418 0
1675175821883 0.5380560755729675 0
1675175822370 0.5327262878417969 0
1675175822894 0.5319080352783203 0
1675175823397 0.5334320068359375 0
1675175823836 0.5339890718460083 0
1675175824348 0.5288455486297607 0
1675175824918 0.5276787281036377 0
1675175825528 0.5226038694381714 0
1675175826100 0.5213063359260559 0
1675175826584 0.5246595740318298 0
1675175827134 0.5226710438728333 0
1675175827618 0.526200532913208 0
1675175828131 0.5238111615180969 0
1675175828727 0.5221182703971863 0
1675175829304 0.5225517153739929 0
1675175829728 0.5228187441825867 0
1675175830120 0.5240811109542847 0
1675175830605 0.5217337608337402 0
1675175831004 0.5219368934631348 0
1675175831494 0.5189877152442932 0
1675175832033 0.5195595026016235 0
1675175832437 0.5195898413658142 0
1675175832923 0.5150179862976074 0
1675175833488 0.5180550813674927 0
1675175833941 0.519442617893219 0
1675175834552 0.5147398710250854 0
1675175835023 0.5160159468650818 0
1675175835476 0.5178309082984924 0
1675175836009 0.5124783515930176 0
1675175836479 0.5115720629692078 0
1675175837079 0.510658860206604 0
1675175837549 0.5107442736625671 0
1675175838193 0.5050308108329773 0
1675175838862 0.5048384070396423 0
1675175839369 0.5109643340110779 0
1675175839985 0.5063993334770203 0
1675175840492 0.5129418969154358 0
1675175840980 0.5120351314544678 0
1675175841513 0.5111225843429565 0
1675175841869 0.5078063011169434 0
1675175851132 0.5110569596290588 0
1675175851651 0.506150484085083 0
1675175852104 0.5083499550819397 0
1675175852636 0.5054327249526978 0
1675175853243 0.5053665041923523 0
1675175853724 0.5101540684700012 0
1675175854165 0.5058215856552124 0
1675175854541 0.5082368850708008 0
1675175855027 0.5031986236572266 0
1675175855563 0.5029310584068298 0
1675175856078 0.5038250088691711 0
1675175856690 0.4987965226173401 0
1675175857173 0.5038543939590454 0
1675175857706 0.5019678473472595 0
1675175858245 0.4983628988265991 0
1675175858692 0.5021448135375977 0
1675175859206 0.5003746747970581 0
1675175859676 0.4988556504249573 0
1675175860197 0.5008515119552612 0
1675175860755 0.4938866198062897 0
1675175861308 0.4990819990634918 0
1675175861752 0.503070592880249 0
1675175862263 0.4983849823474884 0
1675175862703 0.5028700828552246 0
1675175863350 0.4911297559738159 0
1675175863927 0.4946461319923401 0
1675175864420 0.4974919855594635 0
1675175864874 0.4985237717628479 0
1675175865484 0.49477046728134155 0
1675175866065 0.4915773868560791 0
1675175866401 0.5019320845603943 0
1675175866863 0.4976138770580292 0
1675175867363 0.49564287066459656 0
1675175867806 0.4970521926879883 0
1675175868322 0.4925190210342407 0
1675175868790 0.49534645676612854 0
1675175869353 0.4930358827114105 0
1675175869888 0.49205994606018066 0
1675175870374 0.4961321949958801 0
1675175870870 0.48997145891189575 0
1675175871417 0.4912383258342743 0
1675175871796 0.4979817271232605 0
1675175872337 0.4912223517894745 0
1675175872893 0.4913501739501953 0
1675175873404 0.49208685755729675 0
1675175873913 0.49430134892463684 0
1675175874476 0.48770013451576233 0
1675175874953 0.49190837144851685 0
1675175875389 0.4914100170135498 0
1675175876053 0.48447462916374207 0
1675175876521 0.48932376503944397 0
1675175876972 0.4906933605670929 0
1675175877372 0.494109570980072 0
1675175877788 0.49341675639152527 0
1675175878275 0.48778021335601807 0
1675175878700 0.49277886748313904 0
1675175879141 0.4932369589805603 0
1675175879516 0.49360164999961853 0
1675175880065 0.4858212172985077 0
1675175880576 0.4877622425556183 0
1675175881147 0.4871501624584198 0
1675175881688 0.4883306324481964 0
1675175882198 0.4917592704296112 0
1675175882724 0.4845697283744812 0
1675175883200 0.4859599471092224 0
1675175883679 0.4850142002105713 0
1675175884242 0.48411428928375244 0
1675175884708 0.4900187849998474 0
1675175885316 0.48248663544654846 0
1675175885808 0.48509636521339417 0
1675175886326 0.48204681277275085 0
1675175886741 0.48468148708343506 0
1675175887237 0.4846319556236267 0
1675175887699 0.48630690574645996 0
1675175888185 0.48639291524887085 0
1675175888608 0.48837003111839294 0
1675175889108 0.4855101406574249 0
1675175889508 0.4868867099285126 0
1675175890051 0.48083415627479553 0
1675175890685 0.4821428656578064 0
1675175891232 0.48122039437294006 0
1675175891690 0.48868799209594727 0
1675175892196 0.48466500639915466 0
1675175892669 0.4828118085861206 0
1675175893030 0.48870402574539185 0
1675175893537 0.4812254309654236 0
1675175894141 0.4797781705856323 0
1675175894649 0.4807724356651306 0
1675175895147 0.4837198257446289 0
1675175895515 0.4854434132575989 0
1675175895963 0.48256856203079224 0
1675175896563 0.48025810718536377 0
1675175897034 0.4844001531600952 0
1675175897672 0.47522827982902527 0
1675175898365 0.47770920395851135 0
1675175899026 0.47691094875335693 0
1675175899473 0.48298579454421997 0
1675175899956 0.47802111506462097 0
1675175900494 0.47539570927619934 0
1675175901084 0.477510541677475 0
1675175901465 0.48606351017951965 0
1675175901925 0.48223498463630676 0
1675175902393 0.48124998807907104 0
1675175902931 0.4795655608177185 0
1675175903420 0.47783276438713074 0
1675175903834 0.481033056974411 0
1675175904352 0.477744460105896 0
1675175904848 0.4811006188392639 0
1675175905274 0.4798753261566162 0
1675175905775 0.47736600041389465 0
1675175906216 0.47927677631378174 0
1675175906812 0.4745042324066162 0
1675175907394 0.4752868413925171 0
1675175907806 0.48311924934387207 0
1675175908374 0.47467759251594543 0
1675175908909 0.4786895215511322 0
1675175909393 0.477051317691803 0
1675175909884 0.48032745718955994 0
1675175910530 0.47152552008628845 0
1675175910903 0.484955370426178 0
1675175911459 0.4775846600532532 0
1675175911938 0.4767918288707733 0
1675175912630 0.47231364250183105 0
1675175913136 0.4770708680152893 0
1675175913708 0.4735138714313507 0
1675175914232 0.4767569303512573 0
1675175914831 0.471132755279541 0
1675175915359 0.47540947794914246 0
1675175915806 0.4772225618362427 0
1675175916280 0.4789360463619232 0
1675175916866 0.47395268082618713 0
1675175917298 0.4787731170654297 0
1675175917816 0.4735618829727173 0
1675175918351 0.47538289427757263 0
1675175918954 0.4711582064628601 0
1675175919428 0.47902464866638184 0
1675175919909 0.4747474491596222 0
1675175920433 0.47226691246032715 0
1675175920994 0.4702342748641968 0
1675175921239 0.47870883345603943 0
1675175930278 0.47526445984840393 0
1675175930761 0.4751015603542328 0
1675175931258 0.47241610288619995 0
1675175931717 0.4763457477092743 0
1675175932181 0.47331637144088745 0
1675175932671 0.4752200245857239 0
1675175933108 0.4782286286354065 0
1675175933724 0.472662091255188 0
1675175934173 0.47818881273269653 0
1675175934839 0.47212350368499756 0
1675175935329 0.4774727523326874 0
1675175935878 0.4721619188785553 0
1675175936391 0.47557660937309265 0
1675175936803 0.4803239405155182 0
1675175937487 0.4677329957485199 0
1675175938095 0.4714207351207733 0
1675175938605 0.47099700570106506 0
1675175939110 0.4729444086551666 0
1675175939685 0.47391608357429504 0
1675175940082 0.4749567210674286 0
1675175940511 0.47785890102386475 0
1675175941040 0.47427791357040405 0
1675175941575 0.4696137011051178 0
1675175942082 0.47289544343948364 0
1675175942479 0.47662609815597534 0
1675175943034 0.4721287786960602 0
1675175943604 0.4743974506855011 0
1675175944130 0.4700140357017517 0
1675175944646 0.4722905158996582 0
1675175945173 0.47064897418022156 0
1675175945668 0.47019410133361816 0
1675175946108 0.4765487313270569 0
1675175946682 0.46578559279441833 0
1675175947135 0.47356146574020386 0
1675175947876 0.46532243490219116 0
1675175948466 0.4682900309562683 0
1675175949092 0.46873876452445984 0
1675175949707 0.47039705514907837 0
1675175950196 0.470916211605072 0
1675175950642 0.4742540419101715 0
1675175951054 0.4781349301338196 0
1675175951538 0.4734255075454712 0
1675175951983 0.47369810938835144 0
1675175952444 0.4713228940963745 0
1675175952891 0.47442883253097534 0
1675175953486 0.4708148241043091 0
1675175953925 0.4748159348964691 0
1675175954495 0.47074517607688904 0
1675175955026 0.46961018443107605 0
1675175955463 0.4741348624229431 0
1675175956002 0.47000187635421753 0
1675175956565 0.46865376830101013 0
1675175957202 0.4633658230304718 0
1675175957682 0.4690788984298706 0
1675175958243 0.46708711981773376 0
1675175958772 0.4680476188659668 0
1675175959322 0.47125163674354553 0
1675175959851 0.4692850410938263 0
1675175960401 0.470958411693573 0
1675175961013 0.46583104133605957 0
1675175961496 0.46893060207366943 0
1675175962031 0.46644219756126404 0
1675175962712 0.46466949582099915 0
1675175963233 0.4681975245475769 0
1675175963797 0.4684547483921051 0
1675175964396 0.4700589179992676 0
1675175964991 0.4663657546043396 0
1675175965522 0.4666774868965149 0
1675175966042 0.46738362312316895 0
1675175966376 0.47598522901535034 0
1675175966902 0.46761631965637207 0
1675175967438 0.4643990695476532 0
1675175967981 0.469195693731308 0
1675175968497 0.4684617817401886 0
1675175968948 0.4680197536945343 0
1675175969540 0.46659138798713684 0
1675175970121 0.4671333134174347 0
1675175970542 0.4704262912273407 0
1675175971046 0.4730812907218933 0
1675175971515 0.4702284038066864 0
1675175972100 0.4655399024486542 0
1675175972540 0.47057780623435974 0
1675175973099 0.4652441442012787 0
1675175973567 0.4666817784309387 0
1675175974050 0.4704844057559967 0
1675175974621 0.4658251404762268 0
1675175975134 0.4676680862903595 0
1675175975672 0.46600162982940674 0
1675175976080 0.47401413321495056 0
1675175976526 0.4697510302066803 0
1675175976916 0.4725238084793091 0
1675175977336 0.47029975056648254 0
1675175977861 0.46279892325401306 0
1675175978400 0.4694593846797943 0
1675175978945 0.46290987730026245 0
1675175979495 0.4669550359249115 0
1675175980012 0.46428182721138 0
1675175980540 0.4652501046657562 0
1675175980984 0.47196605801582336 0
1675175981460 0.4673139750957489 0
1675175981974 0.4662589728832245 0
1675175982409 0.4706042408943176 0
1675175982975 0.46394842863082886 0
1675175983563 0.46355050802230835 0
1675175984191 0.4601766765117645 0
1675175984586 0.4712224006652832 0
1675175984987 0.4691760241985321 0
1675175985434 0.4672917425632477 0
1675175985813 0.47307658195495605 0
1675175986314 0.4642639756202698 0
1675175986854 0.46328097581863403 0
1675175987350 0.4670516848564148 0
1675175987907 0.46543025970458984 0
1675175988498 0.461166650056839 0
1675175989103 0.4629083573818207 0
1675175989624 0.46807771921157837 0
1675175990239 0.4626821279525757 0
1675175990756 0.4676279127597809 0
1675175991424 0.46069058775901794 0
1675175991874 0.4690783619880676 0
1675175992489 0.4591681957244873 0
1675175993007 0.46711602807044983 0
1675175993557 0.4645922780036926 0
1675175993974 0.46983879804611206 0
1675175994497 0.46490800380706787 0
1675175994946 0.4694584012031555 0
1675175995339 0.4700472056865692 0
1675175995937 0.46083903312683105 0
1675175996493 0.4655905067920685 0
1675175997035 0.46471819281578064 0
1675175997541 0.4625678062438965 0
1675175998111 0.46119844913482666 0
1675175998630 0.4664713442325592 0
1675175999104 0.46744146943092346 0
1675175999654 0.4630943834781647 0
1675176000285 0.46392878890037537 0
1675176000725 0.4701264500617981 0
1675176001361 0.463150292634964 0
1675176001871 0.46774888038635254 0
1675176002188 0.46024367213249207 0
1675176011957 0.46376195549964905 0
1675176012575 0.45547720789909363 0
1675176013064 0.46430182456970215 0
1675176013504 0.46806979179382324 0
1675176013945 0.46671950817108154 0
1675176014421 0.4667418897151947 0
1675176014895 0.46673133969306946 0
1675176015529 0.4608708322048187 0
1675176016049 0.4643862545490265 0
1675176016499 0.46442389488220215 0
1675176017046 0.46548664569854736 0
1675176017586 0.4641895294189453 0
1675176018074 0.46322721242904663 0
1675176018548 0.46846964955329895 0
1675176019018 0.4660807251930237 0
1675176019675 0.4605211019515991 0
1675176020260 0.4616467356681824 0
1675176020836 0.4635239541530609 0
1675176021423 0.46250271797180176 0
1675176021846 0.4681706428527832 0
1675176022336 0.46493402123451233 0
1675176022827 0.46495822072029114 0
1675176023293 0.46494853496551514 0
1675176023808 0.4664704501628876 0
1675176024414 0.4622674882411957 0
1675176024985 0.45969250798225403 0
1675176025500 0.4624039828777313 0
1675176026009 0.46116435527801514 0
1675176026483 0.4636922776699066 0
1675176027069 0.4631789028644562 0
1675176027518 0.46890977025032043 0
1675176027969 0.4629369378089905 0
1675176028475 0.4650956094264984 0
1675176028953 0.4611533582210541 0
1675176029724 0.4516822099685669 0
1675176030250 0.45916837453842163 0
1675176030857 0.4638955891132355 0
1675176031371 0.46266037225723267 0
1675176032006 0.4572441875934601 0
1675176032662 0.45801109075546265 0
1675176033109 0.4655615985393524 0
1675176033656 0.4626568555831909 0
1675176034120 0.4632880389690399 0
1675176034579 0.4629595875740051 0
1675176035063 0.46177950501441956 0
1675176035661 0.45825260877609253 0
1675176036259 0.45834648609161377 0
1675176036838 0.4585997760295868 0
1675176037441 0.4607847034931183 0
1675176037887 0.46327826380729675 0
1675176038279 0.4698934257030487 0
1675176038739 0.4654829800128937 0
1675176039216 0.4632349908351898 0
1675176039774 0.46015238761901855 0
1675176040263 0.46461161971092224 0
1675176040784 0.4645066261291504 0
1675176041273 0.4659014642238617 0
1675176041722 0.46248501539230347 0
1675176042234 0.4624166488647461 0
1675176042710 0.4646166265010834 0
1675176043229 0.4611716568470001 0
1675176043846 0.45786452293395996 0
1675176044396 0.461328387260437 0
1675176045020 0.4570712745189667 0
1675176045567 0.46341967582702637 0
1675176046097 0.4611273407936096 0
1675176046714 0.45630669593811035 0
1675176047242 0.45929449796676636 0
1675176047765 0.46067795157432556 0
1675176048256 0.45995450019836426 0
1675176048859 0.4626358449459076 0
1675176049341 0.4645821452140808 0
1675176049853 0.46439477801322937 0
1675176050383 0.46136415004730225 0
1675176050926 0.45966631174087524 0
1675176051397 0.46277543902397156 0
1675176052078 0.45270049571990967 0
1675176052645 0.4589883089065552 0
1675176053304 0.4559865891933441 0
1675176053866 0.46494102478027344 0
1675176054305 0.4648171663284302 0
1675176054724 0.46483752131462097 0
1675176055210 0.4622339606285095 0
1675176055739 0.46332016587257385 0
1675176056180 0.4629833996295929 0
1675176056638 0.4629804193973541 0
1675176057111 0.4626259505748749 0
1675176057657 0.46280714869499207 0
1675176058229 0.4601130783557892 0
1675176058911 0.4555205702781677 0
1675176059460 0.45957112312316895 0
1675176060053 0.4625745415687561 0
1675176060725 0.4529920220375061 0
1675176061338 0.45710116624832153 0
1675176061814 0.4654034376144409 0
1675176062253 0.462145060300827 0
1675176062861 0.4608173966407776 0
1675176063376 0.4620332717895508 0
1675176063874 0.4616989493370056 0
1675176064300 0.46549561619758606 0
1675176064840 0.459090918302536 0
1675176065317 0.4599168002605438 0
1675176065766 0.46339350938796997 0
1675176066158 0.4672088027000427 0
1675176066653 0.46188265085220337 0
1675176067171 0.464173823595047 0
1675176067618 0.4630109965801239 0
1675176068136 0.4621342718601227 0
1675176068623 0.464804083108902 0
1675176069095 0.45998576283454895 0
1675176069652 0.45948880910873413 0
1675176070058 0.4674054682254791 0
1675176070501 0.4641002118587494 0
1675176070942 0.4658503532409668 0
1675176071593 0.4541643261909485 0
1675176072193 0.46037787199020386 0
1675176072657 0.46021395921707153 0
1675176073199 0.4582797586917877 0
1675176073626 0.462048202753067 0
1675176074224 0.4543227255344391 0
1675176074672 0.4621638357639313 0
1675176075150 0.46155667304992676 0
1675176075645 0.462429016828537 0
1675176076338 0.45289888978004456 0
1675176076823 0.4604312479496002 0
1675176077361 0.45972734689712524 0
1675176078023 0.4565725326538086 0
1675176078515 0.46136051416397095 0
1675176079054 0.4605872929096222 0
1675176079691 0.457037091255188 0
1675176080158 0.4627050757408142 0
1675176080667 0.46385133266448975 0
1675176081117 0.46323907375335693 0
1675176081675 0.4586148262023926 0
1675176082355 0.45347627997398376 0
1675176082849 0.4592421352863312 0
1675176083218 0.4659765660762787 0
1675176083655 0.4607239365577698 0
1675176084090 0.46379202604293823 0
1675176084376 0.46336764097213745 0
1675176093892 0.4601250886917114 0
1675176094337 0.45945417881011963 0
1675176094977 0.45783552527427673 0
1675176095552 0.4557187855243683 0
1675176096160 0.45401567220687866 0
1675176096653 0.46087417006492615 0
1675176097104 0.4625204801559448 0
1675176097583 0.4575674831867218 0
1675176098000 0.46509671211242676 0
1675176098609 0.4547986090183258 0
1675176099178 0.4602740406990051 0
1675176099683 0.45817193388938904 0
1675176100233 0.4587760865688324 0
1675176100774 0.45482927560806274 0
1675176101406 0.4545666575431824 0
1675176101896 0.457053005695343 0
1675176102397 0.4581771492958069 0
1675176102938 0.45444661378860474 0
1675176103544 0.454319566488266 0
1675176104033 0.45730698108673096 0
1675176104578 0.45642638206481934 0
1675176105200 0.45674586296081543 0
1675176105797 0.4553724527359009 0
1675176106299 0.4596308767795563 0
1675176106738 0.4660588204860687 0
1675176107221 0.4606896638870239 0
1675176107684 0.45947563648223877 0
1675176108342 0.45046114921569824 0
1675176108875 0.4590126574039459 0
1675176109357 0.46239665150642395 0
1675176109797 0.4642685353755951 0
1675176110225 0.46231481432914734 0
1675176110795 0.45489978790283203 0
1675176111369 0.45562171936035156 0
1675176111997 0.45397162437438965 0
1675176112538 0.4611825942993164 0
1675176113025 0.4599606394767761 0
1675176113610 0.4544927775859833 0
1675176114126 0.4525136649608612 0
1675176114599 0.4603615403175354 0
1675176115105 0.4586447775363922 0
1675176115574 0.460202693939209 0
1675176116034 0.45964401960372925 0
1675176116511 0.45888760685920715 0
1675176117061 0.4561055898666382 0
1675176117567 0.4563537538051605 0
1675176118057 0.4616381824016571 0
1675176118565 0.4575536549091339 0
1675176119014 0.46155187487602234 0
1675176119482 0.4602125287055969 0
1675176119887 0.46412625908851624 0
1675176120384 0.4603760540485382 0
1675176120967 0.4521026909351349 0
1675176121476 0.46214476227760315 0
1675176121970 0.46097949147224426 0
1675176122537 0.4568149149417877 0
1675176123008 0.46110960841178894 0
1675176123421 0.463714599609375 0
1675176123975 0.4568358063697815 0
1675176124564 0.45837485790252686 0
1675176125156 0.4587615430355072 0
1675176125743 0.4585249423980713 0
1675176126310 0.45466145873069763 0
1675176126914 0.45565176010131836 0
1675176127394 0.4605206847190857 0
1675176127814 0.46223369240760803 0
1675176128377 0.459671288728714 0
1675176128921 0.45256102085113525 0
1675176129463 0.45753777027130127 0
1675176129983 0.4557454288005829 0
1675176130432 0.462022602558136 0
1675176130886 0.4635155498981476 0
1675176131279 0.46133849024772644 0
1675176131809 0.4589768350124359 0
1675176132440 0.4554018974304199 0
1675176132885 0.45997560024261475 0
1675176133375 0.45683911442756653 0
1675176133971 0.45734280347824097 0
1675176134485 0.45762190222740173 0
1675176134941 0.46106424927711487 0
1675176135468 0.4545409381389618 0
1675176135938 0.46135151386260986 0
1675176136420 0.4582079350948334 0
1675176136924 0.456418514251709 0
1675176137474 0.4550969898700714 0
1675176138014 0.456095814704895 0
1675176138457 0.4620206654071808 0
1675176138971 0.4628179371356964 0
1675176139558 0.4546661674976349 0
1675176140098 0.4571106731891632 0
1675176140603 0.45893019437789917 0
1675176141092 0.4600564241409302 0
1675176141627 0.4562009572982788 0
1675176141982 0.46345067024230957 0
1675176142575 0.45336616039276123 0
1675176142979 0.462401807308197 0
1675176143581 0.45379796624183655 0
1675176144070 0.4630057215690613 0
1675176144596 0.4554779529571533 0
1675176145161 0.4510883390903473 0
1675176145766 0.45166924595832825 0
1675176146158 0.46161389350891113 0
1675176146534 0.46335673332214355 0
1675176146995 0.4602796137332916 0
1675176147648 0.4538572132587433 0
1675176148263 0.44910019636154175 0
1675176148717 0.4597892165184021 0
1675176149129 0.4614315330982208 0
1675176149623 0.45825353264808655 0
1675176150071 0.45884060859680176 0
1675176150668 0.4560454785823822 0
1675176151173 0.4572030305862427 0
1675176151660 0.4591640532016754 0
1675176152323 0.44721436500549316 0
1675176152863 0.4583909213542938 0
1675176153420 0.4554809033870697 0
1675176153952 0.45824193954467773 0
1675176154508 0.462552547454834 0
1675176154924 0.4624238610267639 0
1675176155470 0.4538820683956146 0
1675176156109 0.4523032009601593 0
1675176156651 0.45693469047546387 0
1675176157085 0.4643269181251526 0
1675176157526 0.46251818537712097 0
1675176158036 0.45822444558143616 0
1675176158717 0.4494779706001282 0
1675176159313 0.45591408014297485 0
1675176159788 0.45558518171310425 0
1675176160138 0.46479251980781555 0
1675176160679 0.45913687348365784 0
1675176161196 0.4595690965652466 0
1675176161701 0.45882949233055115 0
1675176162434 0.45235148072242737 0
1675176162909 0.4587646722793579 0
1675176163585 0.4498196840286255 0
1675176164084 0.457932710647583 0
1675176164634 0.4518730342388153 0
1675176165123 0.4599590003490448 0
1675176165746 0.4550723731517792 0
1675176166010 0.45549097657203674 0
1675176175373 0.4578809142112732 0
1675176175834 0.4584272801876068 0
1675176176359 0.4539196193218231 0
1675176176856 0.4567742347717285 0
1675176177363 0.4565139412879944 0
1675176177889 0.4528338313102722 0
1675176178457 0.45314639806747437 0
1675176178977 0.4571753144264221 0
1675176179443 0.45832398533821106 0
1675176180070 0.4565858840942383 0
1675176180628 0.45435959100723267 0
1675176181006 0.4630640745162964 0
1675176181609 0.4529108703136444 0
1675176182121 0.45841971039772034 0
1675176182700 0.4534730315208435 0
1675176183228 0.4542355537414551 0
1675176183706 0.4574882388114929 0
1675176184097 0.46264567971229553 0
1675176184514 0.45927679538726807 0
1675176184978 0.45995602011680603 0
1675176185493 0.45751848816871643 0
1675176186110 0.4530397653579712 0
1675176186620 0.4574236273765564 0
1675176187163 0.45228633284568787 0
1675176187790 0.44999930262565613 0
1675176188257 0.45876064896583557 0
1675176188707 0.4574686586856842 0
1675176189169 0.45849788188934326 0
1675176189652 0.45590534806251526 0
1675176190032 0.4611069858074188 0
1675176190586 0.4517348110675812 0
1675176191033 0.4601498544216156 0
1675176191592 0.45422452688217163 0
1675176192285 0.44993096590042114 0
1675176192698 0.4633311331272125 0
1675176193325 0.45070013403892517 0
1675176194394 0.45268577337265015 0
1675176195121 0.45908087491989136 0
1675176195803 0.45587196946144104 0
1675176196446 0.45508164167404175 0
1675176197098 0.4575709104537964 0
1675176197657 0.45181742310523987 0
1675176198132 0.4586600065231323 0
1675176198771 0.4484228789806366 0
1675176199368 0.4550479054450989 0
1675176199913 0.4521288275718689 0
1675176200459 0.45198026299476624 0
1675176201001 0.45473188161849976 0
1675176201566 0.45622125267982483 0
1675176202214 0.4511241614818573 0
1675176202842 0.44995197653770447 0
1675176203274 0.459875226020813 0
1675176203852 0.4519752562046051 0
1675176204455 0.44949448108673096 0
1675176204862 0.4613499641418457 0
1675176205338 0.455379843711853 0
1675176205884 0.4554842710494995 0
1675176206372 0.45955589413642883 0
1675176206913 0.4519246518611908 0
1675176207382 0.45692169666290283 0
1675176207959 0.45223966240882874 0
1675176208488 0.4567124545574188 0
1675176209136 0.4526353180408478 0
1675176209631 0.456612229347229 0
1675176210070 0.46071696281433105 0
1675176210486 0.4600820541381836 0
1675176210953 0.4600609540939331 0
1675176211619 0.45013001561164856 0
1675176212240 0.4521874189376831 0
1675176212874 0.45767509937286377 0
1675176213568 0.4514126777648926 0
1675176214312 0.4498777389526367 0
1675176214782 0.46241021156311035 0
1675176215365 0.45079508423805237 0
1675176215950 0.45302408933639526 0
1675176216540 0.4525145888328552 0
1675176217150 0.4534701108932495 0
1675176217725 0.4504252076148987 0
1675176218227 0.45555493235588074 0
1675176218717 0.45355719327926636 0
1675176219217 0.4568236768245697 0
1675176219636 0.4620842933654785 0
1675176220147 0.45815885066986084 0
1675176220623 0.45859819650650024 0
1675176221229 0.4502843916416168 0
1675176221717 0.4565756618976593 0
1675176222186 0.4621738791465759 0
1675176222730 0.4552392363548279 0
1675176223256 0.4529469907283783 0
1675176223738 0.4592907130718231 0
1675176224293 0.4528825581073761 0
1675176224829 0.4520570933818817 0
1675176225298 0.45883482694625854 0
1675176225682 0.4620177447795868 0
1675176226244 0.4524596929550171 0
1675176226822 0.4505327641963959 0
1675176227317 0.4542428255081177 0
1675176227842 0.45752620697021484 0
1675176228308 0.4584614336490631 0
1675176228781 0.4579651653766632 0
1675176229347 0.45189058780670166 0
1675176229976 0.4518124759197235 0
1675176230729 0.4495609402656555 0
1675176231196 0.45851364731788635 0
1675176231669 0.45982998609542847 0
1675176232294 0.45536404848098755 0
1675176232866 0.45334726572036743 0
1675176233386 0.4574132263660431 0
1675176233988 0.4552958905696869 0
1675176234721 0.44597288966178894 0
1675176235336 0.4555239677429199 0
1675176235879 0.4556148946285248 0
1675176236469 0.4545234441757202 0
1675176236966 0.45627352595329285 0
1675176237506 0.45183220505714417 0
1675176238112 0.4492150843143463 0
1675176238611 0.4611780345439911 0
1675176239308 0.4473404288291931 0
1675176239747 0.4569971263408661 0
1675176240301 0.4532683789730072 0
1675176240866 0.4530946910381317 0
1675176241413 0.45822569727897644 0
1675176241978 0.45206084847450256 0
1675176242531 0.4506934583187103 0
1675176243037 0.4569801986217499 0
1675176243574 0.456177294254303 0
1675176244361 0.4441457688808441 0
1675176244883 0.45526033639907837 0
1675176245419 0.4555155038833618 0
1675176245941 0.45599764585494995 0
1675176246502 0.4526386559009552 0
1675176247131 0.4515865743160248 0
1675176247737 0.4567714333534241 0
1675176248238 0.4533054530620575 0
1675176248636 0.4601496160030365 0
1675176249086 0.4571712911128998 0
1675176249563 0.45984429121017456 0
1675176250121 0.45148447155952454 0
1675176250691 0.45212721824645996 0
1675176250979 0.4558251202106476 0
1675176260713 0.44964495301246643 0
1675176261214 0.4563088119029999 0
1675176261656 0.4587933123111725 0
1675176262150 0.4557957649230957 0
1675176262636 0.45417752861976624 0
1675176263213 0.44944190979003906 0
1675176263638 0.4580794870853424 0
1675176264175 0.454452246427536 0
1675176264696 0.4530075490474701 0
1675176265155 0.45641180872917175 0
1675176265672 0.4519454538822174 0
1675176266116 0.4621436893939972 0
1675176266593 0.4566079378128052 0
1675176267032 0.4594711661338806 0
1675176267644 0.45059481263160706 0
1675176268151 0.4552413523197174 0
1675176268609 0.4575325548648834 0
1675176269145 0.4530751407146454 0
1675176269773 0.4502401351928711 0
1675176270224 0.4571172893047333 0
1675176270733 0.45585760474205017 0
1675176271436 0.4477733075618744 0
1675176271985 0.45241907238960266 0
1675176272588 0.4488176107406616 0
1675176273229 0.4496361315250397 0
1675176273794 0.4514145255088806 0
1675176274366 0.4512641131877899 0
1675176274891 0.45443597435951233 0
1675176275424 0.45088881254196167 0
1675176276038 0.4516875445842743 0
1675176276571 0.4534166753292084 0
1675176277121 0.4524870216846466 0
1675176277671 0.44927042722702026 0
1675176278215 0.45118844509124756 0
1675176278769 0.4523598253726959 0
1675176279324 0.45160624384880066 0
1675176279958 0.4515041708946228 0
1675176280457 0.4551240801811218 0
1675176280942 0.4534139633178711 0
1675176281520 0.4521297216415405 0
1675176282062 0.45484358072280884 0
1675176282621 0.44991686940193176 0
1675176283146 0.45448166131973267 0
1675176283574 0.4588674306869507 0
1675176284122 0.44986432790756226 0
1675176284565 0.4559316039085388 0
1675176285067 0.4594624936580658 0
1675176285537 0.456481397151947 0
1675176286049 0.45680713653564453 0
1675176286439 0.46095961332321167 0
1675176286951 0.45689669251441956 0
1675176287515 0.44950419664382935 0
1675176288007 0.45520931482315063 0
1675176288756 0.44634395837783813 0
1675176289176 0.4607093632221222 0
1675176289699 0.45792409777641296 0
1675176290199 0.45583122968673706 0
1675176290683 0.4565678536891937 0
1675176291114 0.45761939883232117 0
1675176291774 0.45355239510536194 0
1675176292266 0.45570868253707886 0
1675176292897 0.4457945227622986 0
1675176293543 0.44592535495758057 0
1675176294004 0.45936119556427 0
1675176294599 0.452257364988327 0
1675176295377 0.44376567006111145 0
1675176295980 0.44581544399261475 0
1675176296457 0.4563032388687134 0
1675176297168 0.4478076994419098 0
1675176297563 0.45913395285606384 0
1675176298162 0.4491008222103119 0
1675176298762 0.4493105113506317 0
1675176299253 0.4540294110774994 0
1675176299777 0.4577566981315613 0
1675176300345 0.45456773042678833 0
1675176301200 0.44872280955314636 0
1675176301881 0.45010820031166077 0
1675176302432 0.4529879689216614 0
1675176303053 0.4497772753238678 0
1675176303665 0.4551011919975281 0
1675176304308 0.4506811201572418 0
1675176304862 0.45468956232070923 0
1675176305313 0.45438021421432495 0
1675176305787 0.4534217417240143 0
1675176306245 0.4566197991371155 0
1675176306730 0.4556547701358795 0
1675176307279 0.4539671540260315 0
1675176307752 0.4573506712913513 0
1675176308263 0.4549735188484192 0
1675176308869 0.45211338996887207 0
1675176309423 0.4514290392398834 0
1675176309986 0.45156481862068176 0
1675176310652 0.4479456841945648 0
1675176311248 0.4527333676815033 0
1675176311855 0.4498257637023926 0
1675176312318 0.45439058542251587 0
1675176312947 0.4478152394294739 0
1675176313435 0.45337340235710144 0
1675176313926 0.45062723755836487 0
1675176314380 0.4522307813167572 0
1675176314928 0.45524081587791443 0
1675176315561 0.4445042014122009 0
1675176316120 0.44853127002716064 0
1675176316635 0.4543769061565399 0
1675176317230 0.44904032349586487 0
1675176317737 0.4562813937664032 0
1675176318276 0.4519362449645996 0
1675176318790 0.4604475796222687 0
1675176319328 0.4479597210884094 0
1675176319887 0.4510416090488434 0
1675176320375 0.45221027731895447 0
1675176320849 0.4558296799659729 0
1675176321426 0.448129802942276 0
1675176321820 0.4598381221294403 0
1675176322437 0.45004042983055115 0
1675176323010 0.450351357460022 0
1675176323547 0.45062029361724854 0
1675176324055 0.4545063078403473 0
1675176324503 0.4562036097049713 0
1675176324982 0.45538750290870667 0
1675176325521 0.4525347948074341 0
1675176326110 0.44850653409957886 0
1675176326633 0.4495669901371002 0
1675176327159 0.45219939947128296 0
1675176327803 0.44628050923347473 0
1675176328314 0.45283806324005127 0
1675176328821 0.45417365431785583 0
1675176329481 0.4478324055671692 0
1675176329950 0.45604050159454346 0
1675176330461 0.4524921774864197 0
1675176330853 0.45939043164253235 0
1675176331383 0.4514266550540924 0
1675176331857 0.4571491777896881 0
1675176332255 0.4612809121608734 0
1675176332757 0.45381543040275574 0
1675176333242 0.4548928141593933 0
1675176333706 0.45833203196525574 0
1675176334287 0.4503793716430664 0
1675176334845 0.44768819212913513 0
1675176335079 0.45362287759780884 0
1675176344985 0.4518294334411621 0
1675176345581 0.4495706558227539 0
1675176346229 0.44730350375175476 0
1675176346672 0.4628506004810333 0
1675176347188 0.45874470472335815 0
1675176347890 0.44562724232673645 0
1675176348545 0.4499521851539612 0
1675176349103 0.45050835609436035 0
1675176349740 0.4508172571659088 0
1675176350284 0.450406551361084 0
1675176350968 0.4473186433315277 0
1675176351418 0.4559641480445862 0
1675176352101 0.448972225189209 0
1675176352573 0.4533749520778656 0
1675176353057 0.4533066153526306 0
1675176353754 0.44327935576438904 0
1675176354331 0.4520551860332489 0
1675176354873 0.4492049217224121 0
1675176355345 0.4595929980278015 0
1675176355855 0.45328816771507263 0
1675176356438 0.45264574885368347 0
1675176356926 0.4582161605358124 0
1675176357440 0.45439791679382324 0
1675176358019 0.44784194231033325 0
1675176358663 0.44910162687301636 0
1675176359220 0.4483030140399933 0
1675176359766 0.451025128364563 0
1675176360460 0.4421114921569824 0
1675176361028 0.45316100120544434 0
1675176361666 0.447273313999176 0
1675176362284 0.4501984119415283 0
1675176362960 0.4462345838546753 0
1675176363522 0.4547307789325714 0
1675176364045 0.45555832982063293 0
1675176364533 0.4565245807170868 0
1675176365202 0.4434007406234741 0
1675176365834 0.44901448488235474 0
1675176366332 0.45741990208625793 0
1675176366881 0.45195263624191284 0
1675176367519 0.4504753649234772 0
1675176367995 0.4539051651954651 0
1675176368477 0.45723339915275574 0
1675176369124 0.44701388478279114 0
1675176369636 0.4539538025856018 0
1675176370204 0.45001858472824097 0
1675176370703 0.4541659653186798 0
1675176371138 0.45580244064331055 0
1675176371766 0.4484223425388336 0
1675176372379 0.44875743985176086 0
1675176372930 0.44957873225212097 0
1675176373466 0.4523513913154602 0
1675176373995 0.45410123467445374 0
1675176374669 0.44555845856666565 0
1675176375238 0.4501785635948181 0
1675176375880 0.44950544834136963 0
1675176376449 0.4491671323776245 0
1675176376955 0.4563809931278229 0
1675176377452 0.45547735691070557 0
1675176377867 0.4597509205341339 0
1675176378435 0.45034584403038025 0
1675176378944 0.4517674446105957 0
1675176379525 0.45277535915374756 0
1675176380023 0.4532836377620697 0
1675176380510 0.4511275291442871 0
1675176381103 0.4533972144126892 0
1675176381657 0.44786757230758667 0
1675176382248 0.45297619700431824 0
1675176382678 0.4562672972679138 0
1675176383243 0.45108622312545776 0
1675176383824 0.45041707158088684 0
1675176384448 0.45037102699279785 0
1675176384992 0.4529692232608795 0
1675176385461 0.4552587866783142 0
1675176385961 0.4511723220348358 0
1675176386407 0.4553459584712982 0
1675176386894 0.45766526460647583 0
1675176387449 0.45188772678375244 0
1675176388000 0.44993409514427185 0
1675176388541 0.4529120624065399 0
1675176389024 0.453732430934906 0
1675176389509 0.453268826007843 0
1675176390101 0.45351263880729675 0
1675176390702 0.4476343095302582 0
1675176391212 0.4582808315753937 0
1675176391729 0.45175066590309143 0
1675176392278 0.45553573966026306 0
1675176392821 0.44684889912605286 0
1675176393412 0.4458944797515869 0
1675176393926 0.4506101608276367 0
1675176394437 0.4560214877128601 0
1675176394983 0.4521476924419403 0
1675176395677 0.4398684501647949 0
1675176396354 0.4443381130695343 0
1675176396994 0.4506452679634094 0
1675176397581 0.4534255564212799 0
1675176398166 0.44957730174064636 0
1675176398726 0.4484277367591858 0
1675176399202 0.4543118476867676 0
1675176399709 0.45430609583854675 0
1675176400192 0.4548681080341339 0
1675176400634 0.45447537302970886 0
1675176401153 0.44971174001693726 0
1675176401667 0.4507867991924286 0
1675176402220 0.451698362827301 0
1675176402791 0.45029398798942566 0
1675176403293 0.45462143421173096 0
1675176403752 0.4576819837093353 0
1675176404355 0.44819730520248413 0
1675176404855 0.4499240517616272 0
1675176405428 0.44672587513923645 0
1675176406015 0.4505625367164612 0
1675176406513 0.4542069435119629 0
1675176407025 0.4506930112838745 0
1675176407572 0.4496445655822754 0
1675176408022 0.4535219967365265 0
1675176408591 0.4504733085632324 0
1675176409138 0.45012974739074707 0
1675176409546 0.4569256901741028 0
1675176410077 0.451546847820282 0
1675176410627 0.44978874921798706 0
1675176411096 0.45382094383239746 0
1675176411688 0.4500965178012848 0
1675176412311 0.4468226134777069 0
1675176412812 0.45042648911476135 0
1675176413346 0.44865262508392334 0
1675176413858 0.4533233046531677 0
1675176414439 0.44808661937713623 0
1675176414827 0.4554820954799652 0
1675176415445 0.45005708932876587 0
1675176416056 0.4454596936702728 0
1675176416542 0.45660459995269775 0
1675176417096 0.4492909610271454 0
1675176417533 0.45744195580482483 0
1675176418101 0.4475677013397217 0
1675176418667 0.44760337471961975 0
1675176419205 0.4509567618370056 0
1675176419781 0.44835278391838074 0
1675176420329 0.447543203830719 0
1675176420765 0.45840609073638916 0
1675176420952 0.4632728695869446 0
