1675874951900 0.3343318998813629 0
1675874951984 0.328403502702713 0
1675874952070 0.3222725987434387 0
1675874952154 0.3153858780860901 0
1675874952235 0.3082432746887207 0
1675874952319 0.303266316652298 0
1675874952401 0.29849040508270264 0
1675874952483 0.2959044575691223 0
1675874952565 0.29096782207489014 0
1675874952646 0.2836058437824249 0
1675874952729 0.28753015398979187 0
1675874952811 0.2786974608898163 0
1675874952893 0.2717166841030121 0
1675874952977 0.2679302394390106 0
1675874953059 0.26143309473991394 0
1675874953141 0.2631794512271881 0
1675874953223 0.25799328088760376 0
1675874953304 0.2567273676395416 0
1675874953386 0.25827914476394653 0
1675874953468 0.24602632224559784 0
1675874953551 0.24690879881381989 0
1675874953634 0.24319125711917877 0
1675874953717 0.23586606979370117 0
1675874953798 0.23016485571861267 0
1675874953881 0.2216372936964035 0
1675874953962 0.22177620232105255 0
1675874954044 0.2273901253938675 0
1675874954126 0.2160685509443283 0
1675874954201 0.22260385751724243 0
1675874954395 0.22152119874954224 0
1675874954478 0.2225264608860016 0
1675874954561 0.2144070416688919 0
1675874954645 0.2191990464925766 0
1675874954731 0.2053338587284088 0
1675874954812 0.2087598294019699 0
1675874954895 0.20371106266975403 0
1675874954976 0.2077934890985489 0
1675874955058 0.20238114893436432 0
1675874955141 0.1958530992269516 0
1675874955224 0.2048294097185135 0
1675874955306 0.1906060129404068 0
1675874955389 0.20181506872177124 0
1675874955471 0.19030457735061646 0
1675874955556 0.19127872586250305 0
1675874955638 0.19585344195365906 0
1675874955720 0.19214008748531342 0
1675874955802 0.19700931012630463 0
1675874955885 0.1770426481962204 0
1675874955970 0.2020607739686966 0
1675874956052 0.20205050706863403 0
1675874956134 0.18344798684120178 0
1675874956218 0.1972886472940445 0
1675874956301 0.19419029355049133 0
1675874956384 0.18278692662715912 0
1675874956467 0.17534799873828888 0
1675874956550 0.18356627225875854 0
1675874956632 0.16606035828590393 0
1675874956708 0.177668958902359 0
1675874956889 0.17962965369224548 0
1675874956973 0.17366920411586761 0
1675874957055 0.1746835559606552 0
1675874957139 0.16725103557109833 0
1675874957221 0.17346534132957458 0
1675874957303 0.17634159326553345 0
1675874957386 0.17473940551280975 0
1675874957468 0.17839209735393524 0
1675874957554 0.17781558632850647 0
1675874957636 0.18711520731449127 0
1675874957719 0.18309806287288666 0
1675874957801 0.16878964006900787 0
1675874957884 0.18597759306430817 0
1675874957967 0.16617849469184875 0
1675874958049 0.17124876379966736 0
1675874958132 0.1849464476108551 0
1675874958214 0.1631409078836441 0
1675874958296 0.1708957701921463 0
1675874958379 0.19117380678653717 0
1675874958461 0.189458429813385 0
1675874958546 0.174825057387352 0
1675874958628 0.17801761627197266 0
1675874958711 0.18036627769470215 0
1675874958793 0.18286186456680298 0
1675874958874 0.15380138158798218 0
1675874958959 0.16053923964500427 0
1675874959041 0.17050249874591827 0
1675874959123 0.1782902032136917 0
1675874959198 0.17010483145713806 0
1675874959380 0.18254034221172333 0
1675874959462 0.17119458317756653 0
1675874959546 0.16016840934753418 0
1675874959628 0.14986196160316467 0
1675874959711 0.17725977301597595 0
1675874959793 0.16358186304569244 0
1675874959876 0.1768915057182312 0
1675874959959 0.16652902960777283 0
1675874960041 0.1668124794960022 0
1675874960124 0.17151178419589996 0
1675874960206 0.16780982911586761 0
1675874960288 0.16063518822193146 0
1675874960372 0.17874832451343536 0
1675874960454 0.18622003495693207 0
1675874960538 0.17921476066112518 0
1675874960620 0.18838398158550262 0
1675874960702 0.16985385119915009 0
1675874960784 0.16922198235988617 0
1675874960867 0.18329909443855286 0
1675874960951 0.1622621864080429 0
1675874961033 0.1411987692117691 0
1675874961115 0.16890713572502136 0
1675874961196 0.17790675163269043 0
1675874961275 0.15420983731746674 0
1675874961355 0.1679936796426773 0
1675874961433 0.19539685547351837 0
1675874961513 0.18975591659545898 0
1675874961594 0.1667071133852005 0
1675874961668 0.17245396971702576 0
1675874961841 0.17407584190368652 0
1675874961921 0.16048221290111542 0
1675874962003 0.1693955957889557 0
1675874962084 0.181939035654068 0
1675874962167 0.17524929344654083 0
1675874962248 0.1982785165309906 0
1675874962330 0.1662822663784027 0
1675874962410 0.17321975529193878 0
1675874962486 0.18287773430347443 0
1675874962562 0.1690058410167694 0
1675874962637 0.17040906846523285 0
1675874962714 0.14538760483264923 0
1675874962788 0.1652100533246994 0
1675874962865 0.1635277271270752 0
1675874962941 0.16382114589214325 0
1675874963024 0.17057792842388153 0
1675874963106 0.18073716759681702 0
1675874963188 0.16699686646461487 0
1675874963270 0.18467430770397186 0
1675874963354 0.16192685067653656 0
1675874963434 0.17766718566417694 0
1675874963518 0.1754751205444336 0
1675874963601 0.16814015805721283 0
1675874963681 0.17137672007083893 0
1675874963764 0.16672156751155853 0
1675874963845 0.16705085337162018 0
1675874963927 0.17419873178005219 0
1675874964007 0.1630113571882248 0
1675874964087 0.15941743552684784 0
1675874964266 0.1578056812286377 0
1675874964346 0.179419606924057 0
1675874964427 0.16058366000652313 0
1675874964508 0.18284021317958832 0
1675874964588 0.16416645050048828 0
1675874964668 0.1588650345802307 0
1675874964748 0.16365449130535126 0
1675874964829 0.15564213693141937 0
1675874964911 0.20525367558002472 0
1675874964993 0.17606301605701447 0
1675874965075 0.16593772172927856 0
1675874965156 0.17161063849925995 0
1675874965239 0.17168749868869781 0
1675874965324 0.16468511521816254 0
1675874965404 0.149903804063797 0
1675874965484 0.1648579090833664 0
1675874965565 0.1721821278333664 0
1675874965645 0.1918441504240036 0
1675874965727 0.16852545738220215 0
1675874965806 0.1453242003917694 0
1675874965886 0.1610139161348343 0
1675874965974 0.17223294079303741 0
1675874966054 0.1913744956254959 0
1675874966141 0.18519695103168488 0
1675874966223 0.1872413158416748 0
1675874966306 0.17266584932804108 0
1675874966388 0.16277503967285156 0
1675874966468 0.1889982968568802 0
1675874966543 0.15233178436756134 0
1675874966722 0.19580134749412537 0
1675874966803 0.17273762822151184 0
1675874966884 0.18695928156375885 0
1675874966966 0.1824769824743271 0
1675874967050 0.16632342338562012 0
1675874967135 0.15765376389026642 0
1675874967217 0.17802788317203522 0
1675874967298 0.15807095170021057 0
1675874967381 0.16452184319496155 0
1675874967462 0.16368484497070312 0
1675874967545 0.17520999908447266 0
1675874967625 0.16713960468769073 0
1675874967716 0.16837164759635925 0
1675874967797 0.17392505705356598 0
1675874967878 0.16232241690158844 0
1675874967960 0.163248211145401 0
1675874968042 0.20208850502967834 0
1675874968125 0.14272651076316833 0
1675874968205 0.17315571010112762 0
1675874968285 0.17113780975341797 0
1675874968366 0.180788055062294 0
1675874968446 0.18240031599998474 0
1675874968529 0.16311559081077576 0
1675874968609 0.1738022416830063 0
1675874968689 0.15704354643821716 0
1675874968768 0.17754383385181427 0
1675874968850 0.15321587026119232 0
1675874968930 0.17054717242717743 0
1675874969004 0.161703422665596 0
1675874969190 0.16042397916316986 0
1675874969269 0.17754891514778137 0
1675874969356 0.16884002089500427 0
1675874969435 0.16017481684684753 0
1675874969515 0.17590469121932983 0
1675874969597 0.15827418863773346 0
1675874969677 0.17774370312690735 0
1675874969758 0.15083016455173492 0
1675874969838 0.1887228637933731 0
1675874969918 0.1677936166524887 0
1675874969998 0.184116393327713 0
1675874970078 0.18035490810871124 0
1675874970173 0.170187845826149 0
1675874970252 0.17212718725204468 0
1675874970331 0.1862645000219345 0
1675874970413 0.1655041128396988 0
1675874970491 0.16208800673484802 0
1675874970571 0.1568218320608139 0
1675874970651 0.1739436537027359 0
1675874970732 0.17205502092838287 0
1675874970812 0.1705794632434845 0
1675874970891 0.17719493806362152 0
1675874970974 0.17909924685955048 0
1675874971053 0.14254958927631378 0
1675874971138 0.18317705392837524 0
1675874971220 0.16595976054668427 0
1675874971300 0.15431950986385345 0
1675874971381 0.18387295305728912 0
1675874971454 0.1819945126771927 0
1675874971630 0.17167772352695465 0
1675874971709 0.159365713596344 0
1675874971789 0.17507298290729523 0
1675874971868 0.1634683459997177 0
1675874971947 0.16953597962856293 0
1675874972027 0.17587357759475708 0
1675874972108 0.1648385375738144 0
1675874972188 0.1596115380525589 0
1675874972269 0.18926917016506195 0
1675874972349 0.1649634689092636 0
1675874972430 0.15547896921634674 0
1675874972511 0.18258848786354065 0
1675874972592 0.1513713002204895 0
1675874972673 0.20634032785892487 0
1675874972754 0.16085560619831085 0
1675874972833 0.170365571975708 0
1675874972914 0.18958620727062225 0
1675874972993 0.1601402461528778 0
1675874973072 0.16490647196769714 0
1675874973154 0.177968367934227 0
1675874973236 0.1733582466840744 0
1675874973315 0.17957209050655365 0
1675874973398 0.1709681898355484 0
1675874973478 0.16892173886299133 0
1675874973558 0.17754001915454865 0
1675874973637 0.16008678078651428 0
1675874973717 0.174313023686409 0
1675874973796 0.16745837032794952 0
1675874973870 0.1596871167421341 0
1675874974048 0.1358785480260849 0
1675874974128 0.1682424396276474 0
1675874974208 0.18287213146686554 0
1675874974288 0.17120231688022614 0
1675874974370 0.17778877913951874 0
1675874974451 0.19508439302444458 0
1675874974535 0.16098295152187347 0
1675874974614 0.14730991423130035 0
1675874974695 0.16524578630924225 0
1675874974774 0.17067950963974 0
1675874974855 0.16745056211948395 0
1675874974938 0.16704048216342926 0
1675874975020 0.18578235805034637 0
1675874975100 0.15864066779613495 0
1675874975192 0.19128428399562836 0
1675874975270 0.16648508608341217 0
1675874975349 0.16710558533668518 0
1675874975429 0.2012198269367218 0
1675874975509 0.17372362315654755 0
1675874975590 0.1673632264137268 0
1675874975670 0.18202966451644897 0
1675874975751 0.16309833526611328 0
1675874975831 0.16789455711841583 0
1675874975911 0.17428730428218842 0
1675874975992 0.16554488241672516 0
1675874976071 0.17250731587409973 0
1675874976153 0.17380040884017944 0
1675874976232 0.1569412648677826 0
1675874976304 0.1694803535938263 0
1675874976481 0.1687358170747757 0
1675874976560 0.1755421757698059 0
1675874976640 0.16664162278175354 0
1675874976720 0.15344175696372986 0
1675874976800 0.19498619437217712 0
1675874976879 0.1846245378255844 0
1675874976960 0.17890645563602448 0
1675874977040 0.17275243997573853 0
1675874977121 0.1796588897705078 0
1675874977201 0.16896064579486847 0
1675874977281 0.15762975811958313 0
1675874977361 0.16639971733093262 0
1675874977439 0.1600794792175293 0
1675874977518 0.1605348140001297 0
1675874977599 0.1716318279504776 0
1675874977677 0.17384061217308044 0
1675874977756 0.1746170073747635 0
1675874977837 0.1664583832025528 0
1675874977919 0.18607331812381744 0
1675874977999 0.17025788128376007 0
1675874978079 0.19334419071674347 0
1675874978161 0.1488984227180481 0
1675874978240 0.16495610773563385 0
1675874978320 0.16810601949691772 0
1675874978402 0.16323277354240417 0
1675874978482 0.15824837982654572 0
1675874978558 0.17738167941570282 0
1675874978631 0.16710753738880157 0
1675874978699 0.17417821288108826 0
1675874978868 0.1723363846540451 0
1675874978950 0.1740603744983673 0
1675874979030 0.14433063566684723 0
1675874979112 0.18076804280281067 0
1675874979200 0.17074964940547943 0
1675874979279 0.13698650896549225 0
1675874979375 0.17622046172618866 0
1675874979454 0.16656795144081116 0
1675874979541 0.18085063993930817 0
1675874979613 0.19054557383060455 0
1675874979689 0.16488857567310333 0
1675874979770 0.1884644776582718 0
1675874979850 0.1704903542995453 0
1675874979943 0.16784556210041046 0
1675874980017 0.16716818511486053 0
1675874980106 0.19007904827594757 0
1675874980180 0.1642574518918991 0
1675874980252 0.15894486010074615 0
1675874980325 0.15118907392024994 0
1675874980398 0.16647273302078247 0
1675874980470 0.18697232007980347 0
1675874980543 0.16857203841209412 0
1675874980617 0.18555085361003876 0
1675874980691 0.16746200621128082 0
1675874980767 0.16819831728935242 0
1675874980846 0.17403563857078552 0
1675874980926 0.16277296841144562 0
1675874981006 0.1720014214515686 0
1675874981079 0.17931506037712097 0
1675874981259 0.18152646720409393 0
1675874981337 0.1650860756635666 0
1675874981417 0.1427495926618576 0
1675874981496 0.18536870181560516 0
1675874981576 0.1722438484430313 0
1675874981655 0.14385494589805603 0
1675874981736 0.18359532952308655 0
1675874981816 0.16536344587802887 0
1675874981897 0.15524636209011078 0
1675874981978 0.18475325405597687 0
1675874982066 0.19813480973243713 0
1675874982149 0.1458454132080078 0
1675874982229 0.16628538072109222 0
1675874982309 0.17657098174095154 0
1675874982388 0.1582830399274826 0
1675874982467 0.17410501837730408 0
1675874982548 0.17785963416099548 0
1675874982628 0.1748725324869156 0
1675874982708 0.17646273970603943 0
1675874982788 0.1842132955789566 0
1675874982871 0.17930494248867035 0
1675874982953 0.17931032180786133 0
1675874983034 0.16627751290798187 0
1675874983115 0.1741851419210434 0
1675874983192 0.15696848928928375 0
1675874983268 0.1571657806634903 0
1675874983345 0.18065042793750763 0
1675874983420 0.17943409085273743 0
1675874983488 0.15982800722122192 0
1675874983656 0.1832357794046402 0
1675874983732 0.15777546167373657 0
1675874983806 0.16277185082435608 0
1675874983880 0.16687645018100739 0
1675874983957 0.169802725315094 0
1675874984031 0.16167645156383514 0
1675874984108 0.16701145470142365 0
1675874984188 0.1906895935535431 0
1675874984263 0.16375674307346344 0
1675874984339 0.16238723695278168 0
1675874984413 0.17425641417503357 0
1675874984487 0.17780333757400513 0
1675874984564 0.16804386675357819 0
1675874984637 0.17213846743106842 0
1675874984711 0.1793948858976364 0
1675874984784 0.1766282021999359 0
1675874984861 0.1594132035970688 0
1675874984941 0.17741826176643372 0
1675874985021 0.18146641552448273 0
1675874985101 0.18017299473285675 0
1675874985180 0.16613326966762543 0
1675874985266 0.15527911484241486 0
1675874985348 0.18765440583229065 0
1675874985428 0.17068883776664734 0
1675874985509 0.17169086635112762 0
1675874985590 0.1612495630979538 0
1675874985670 0.18781159818172455 0
1675874985752 0.1595369130373001 0
1675874985824 0.15123596787452698 0
1675874986002 0.14858293533325195 0
1675874986081 0.15940289199352264 0
1675874986163 0.16202035546302795 0
1675874986243 0.18215571343898773 0
1675874986324 0.1615762859582901 0
1675874986405 0.18995743989944458 0
1675874986485 0.1780756264925003 0
1675874986565 0.19491979479789734 0
1675874986644 0.1648135483264923 0
1675874986726 0.18328115344047546 0
1675874986806 0.17099139094352722 0
1675874986885 0.17475667595863342 0
1675874986966 0.1901974081993103 0
1675874987046 0.16297321021556854 0
1675874987127 0.1635863035917282 0
1675874987206 0.1589006632566452 0
1675874987287 0.15747295320034027 0
1675874987368 0.17439986765384674 0
1675874987450 0.15696004033088684 0
1675874987530 0.1866881400346756 0
1675874987611 0.16927365958690643 0
1675874987691 0.19092492759227753 0
1675874987770 0.1838912069797516 0
1675874987850 0.17704710364341736 0
1675874987931 0.14618396759033203 0
1675874988011 0.16449518501758575 0
1675874988096 0.18228411674499512 0
1675874988176 0.14772380888462067 0
1675874988249 0.16218359768390656 0
1675874988425 0.16197095811367035 0
1675874988504 0.15507283806800842 0
1675874988584 0.14704842865467072 0
1675874988663 0.16222400963306427 0
1675874988745 0.1567484438419342 0
1675874988824 0.18870991468429565 0
1675874988903 0.17210406064987183 0
1675874988983 0.16928577423095703 0
1675874989063 0.1846819967031479 0
1675874989142 0.17268183827400208 0
1675874989223 0.1641029715538025 0
1675874989303 0.17087841033935547 0
1675874989383 0.18729816377162933 0
1675874989463 0.1974482238292694 0
1675874989544 0.17531245946884155 0
1675874989623 0.16146673262119293 0
1675874989704 0.16024939715862274 0
1675874989784 0.18081039190292358 0
1675874989864 0.19121916592121124 0
1675874989946 0.17097464203834534 0
1675874990026 0.16473358869552612 0
1675874990107 0.17627117037773132 0
1675874990188 0.16039817035198212 0
1675874990267 0.17334455251693726 0
1675874990350 0.17070627212524414 0
1675874990429 0.15643218159675598 0
1675874990510 0.1871464103460312 0
1675874990590 0.17790409922599792 0
1675874990663 0.14601126313209534 0
1675874990841 0.1626567244529724 0
1675874990923 0.17033056914806366 0
1675874991003 0.15224619209766388 0
1675874991084 0.16874708235263824 0
1675874991165 0.18582113087177277 0
1675874991245 0.16095322370529175 0
1675874991335 0.1826116442680359 0
1675874991415 0.17448370158672333 0
1675874991497 0.1643040031194687 0
1675874991578 0.16033105552196503 0
1675874991659 0.1781991422176361 0
1675874991742 0.19939468801021576 0
1675874991823 0.1861681342124939 0
1675874991903 0.1652507781982422 0
1675874991986 0.15498380362987518 0
1675874992067 0.17143896222114563 0
1675874992149 0.17903555929660797 0
1675874992229 0.15597938001155853 0
1675874992310 0.16509364545345306 0
1675874992390 0.16660411655902863 0
1675874992472 0.16655413806438446 0
1675874992553 0.14637896418571472 0
1675874992633 0.17844343185424805 0
1675874992714 0.1812702864408493 0
1675874992795 0.19436699151992798 0
1675874992876 0.1676306277513504 0
1675874992958 0.18181172013282776 0
1675874993038 0.17153118550777435 0
1675874993113 0.1515132486820221 0
1675874993291 0.15565715730190277 0
1675874993373 0.162233367562294 0
1675874993454 0.183308407664299 0
1675874993534 0.17030668258666992 0
1675874993615 0.18221332132816315 0
1675874993695 0.16513670980930328 0
1675874993775 0.16871419548988342 0
1675874993855 0.1684579998254776 0
1675874993935 0.15371011197566986 0
1675874994015 0.1673603653907776 0
1675874994092 0.1683439314365387 0
1675874994166 0.14626529812812805 0
1675874994240 0.17799217998981476 0
1675874994312 0.18224307894706726 0
1675874994394 0.16936515271663666 0
1675874994486 0.1737123280763626 0
1675874994562 0.1620246022939682 0
1675874994634 0.15668968856334686 0
1675874994710 0.17283548414707184 0
1675874994786 0.1882660835981369 0
1675874994859 0.2151355892419815 0
1675874994933 0.16252374649047852 0
1675874995007 0.1703079640865326 0
1675874995082 0.1684192717075348 0
1675874995157 0.18533450365066528 0
1675874995229 0.16710196435451508 0
1675874995302 0.18469403684139252 0
1675874995375 0.15920692682266235 0
1675874995442 0.15741291642189026 0
1675874995611 0.1645386666059494 0
1675874995684 0.18851272761821747 0
1675874995762 0.18645520508289337 0
1675874995835 0.16075341403484344 0
1675874995910 0.16147881746292114 0
1675874995982 0.15855684876441956 0
1675874996062 0.19048140943050385 0
1675874996146 0.1813032329082489 0
1675874996229 0.17182762920856476 0
1675874996306 0.18142357468605042 0
1675874996381 0.16394348442554474 0
1675874996455 0.17692913115024567 0
1675874996528 0.1628115475177765 0
1675874996603 0.19574569165706635 0
1675874996678 0.16098085045814514 0
1675874996753 0.15779203176498413 0
1675874996831 0.17209304869174957 0
1675874996908 0.18822081387043 0
1675874996987 0.16812069714069366 0
1675874997065 0.15980440378189087 0
1675874997139 0.16361351311206818 0
1675874997212 0.18141625821590424 0
1675874997285 0.16079847514629364 0
1675874997367 0.16042868793010712 0
1675874997447 0.1566150188446045 0
1675874997523 0.17063966393470764 0
1675874997600 0.16193391382694244 0
1675874997673 0.16747096180915833 0
1675874997740 0.17203634977340698 0
1675874997907 0.16660334169864655 0
1675874997982 0.1734936535358429 0
1675874998058 0.1770615428686142 0
1675874998132 0.16640858352184296 0
1675874998205 0.17732280492782593 0
1675874998281 0.17995767295360565 0
1675874998356 0.1564672589302063 0
1675874998429 0.16403505206108093 0
1675874998502 0.15047025680541992 0
1675874998578 0.19354793429374695 0
1675874998652 0.15952934324741364 0
1675874998729 0.1801714301109314 0
1675874998804 0.16429941356182098 0
1675874998881 0.1442602127790451 0
1675874998959 0.1740524023771286 0
1675874999032 0.15940500795841217 0
1675874999105 0.15775132179260254 0
1675874999179 0.18355312943458557 0
1675874999255 0.1791381537914276 0
1675874999328 0.17986160516738892 0
1675874999402 0.1953253448009491 0
1675874999474 0.16648338735103607 0
1675874999548 0.1655045449733734 0
1675874999622 0.1832224279642105 0
1675874999696 0.16820074617862701 0
1675874999770 0.1613008975982666 0
1675874999848 0.17744095623493195 0
1675874999927 0.16803734004497528 0
1675875000001 0.17438213527202606 0
