1675460014778 0.7340818047523499 0
1675460015031 0.723540723323822 0
1675460015245 0.7213456630706787 0
1675460015466 0.7157928347587585 0
1675460015695 0.7088240385055542 0
1675460015941 0.7019418478012085 0
1675460016167 0.6983186602592468 0
1675460016412 0.6921141147613525 0
1675460016682 0.6862208247184753 0
1675460016945 0.6811960339546204 0
1675460017182 0.6774395108222961 0
1675460017395 0.674366295337677 0
1675460017598 0.6709401607513428 0
1675460017845 0.6631518602371216 0
1675460018043 0.6600995659828186 0
1675460018343 0.6501234173774719 0
1675460018582 0.6500955820083618 0
1675460018797 0.6468580365180969 0
1675460019050 0.6422474384307861 0
1675460019290 0.6377319097518921 0
1675460019561 0.632915198802948 0
1675460019800 0.6296080350875854 0
1675460020040 0.6281941533088684 0
1675460020311 0.6231813430786133 0
1675460020560 0.6195513010025024 0
1675460020813 0.6168930530548096 0
1675460021072 0.6112757921218872 0
1675460021287 0.6109192967414856 0
1675460021558 0.6064188480377197 0
1675460021750 0.6033856868743896 0
1675460021982 0.5992351770401001 0
1675460022259 0.5975377559661865 0
1675460022479 0.5968124270439148 0
1675460022748 0.5930144190788269 0
1675460022969 0.5897567868232727 0
1675460023196 0.5886446237564087 0
1675460023413 0.5835272669792175 0
1675460023598 0.5843042135238647 0
1675460023814 0.583945095539093 0
1675460024055 0.5755141377449036 0
1675460024245 0.5750423669815063 0
1675460024443 0.5743914246559143 0
1675460024662 0.5704733729362488 0
1675460024913 0.5668809413909912 0
1675460025114 0.5708035230636597 0
1675460025320 0.5634084343910217 0
1675460025567 0.5603916645050049 0
1675460025763 0.5637090802192688 0
1675460025987 0.5585252642631531 0
1675460026226 0.559380292892456 0
1675460026423 0.5580270886421204 0
1675460026641 0.5534141659736633 0
1675460026872 0.550505518913269 0
1675460027107 0.5511881113052368 0
1675460027341 0.5474902391433716 0
1675460027597 0.5441461801528931 0
1675460027872 0.5442932844161987 0
1675460028131 0.5432093739509583 0
1675460028329 0.5446608066558838 0
1675460028572 0.5396809577941895 0
1675460028854 0.5416120290756226 0
1675460029105 0.5400123000144958 0
1675460029291 0.5396732091903687 0
1675460029550 0.5334502458572388 0
1675460029818 0.5343268513679504 0
1675460030096 0.5315802097320557 0
1675460030296 0.534148633480072 0
1675460030532 0.5299554467201233 0
1675460030743 0.5328077077865601 0
1675460030961 0.5303118228912354 0
1675460031186 0.5275461077690125 0
1675460031423 0.5268234014511108 0
1675460031620 0.5317808985710144 0
1675460031901 0.5255236029624939 0
1675460032100 0.5292877554893494 0
1675460032336 0.5257760882377625 0
1675460032487 0.5326437950134277 0
1675460032699 0.5224412679672241 0
1675460032969 0.5193360447883606 0
1675460033224 0.5211260318756104 0
1675460033461 0.5196738839149475 0
1675460033696 0.51815265417099 0
1675460033974 0.5161088109016418 0
1675460034234 0.5134017467498779 0
1675460034473 0.5156974792480469 0
1675460034733 0.5137079358100891 0
1675460034981 0.5159581899642944 0
1675460035193 0.5154449939727783 0
1675460035490 0.5092801451683044 0
1675460035724 0.5103167295455933 0
1675460035974 0.5122064352035522 0
1675460036157 0.5136029124259949 0
1675460036380 0.5128359198570251 0
1675460036632 0.5092638731002808 0
1675460036855 0.5118188858032227 0
1675460037106 0.5064767599105835 0
1675460037386 0.5070887804031372 0
1675460037641 0.5069611668586731 0
1675460037905 0.5050857067108154 0
1675460038126 0.5055418610572815 0
1675460038356 0.5065279006958008 0
1675460038587 0.5047149062156677 0
1675460038914 0.4996504783630371 0
1675460039174 0.5054517984390259 0
1675460039429 0.5023937821388245 0
1675460039639 0.5029439330101013 0
1675460039901 0.5004861354827881 0
1675460040139 0.5002108812332153 0
1675460040345 0.49862396717071533 0
1675460040595 0.4976778030395508 0
1675460040798 0.5025526285171509 0
1675460041041 0.5024265050888062 0
1675460041291 0.499519407749176 0
1675460041537 0.49865031242370605 0
1675460041782 0.4976705014705658 0
1675460042055 0.4963117837905884 0
1675460042342 0.49676454067230225 0
1675460042588 0.49693772196769714 0
1675460042808 0.49944227933883667 0
1675460043061 0.49463555216789246 0
1675460043287 0.49730366468429565 0
1675460043565 0.4963393807411194 0
1675460043779 0.4982132911682129 0
1675460043997 0.4960175156593323 0
1675460044213 0.4973790943622589 0
1675460044460 0.4910580813884735 0
1675460044678 0.496853768825531 0
1675460044915 0.49259376525878906 0
1675460045182 0.4900367558002472 0
1675460045390 0.49429410696029663 0
1675460045596 0.4948965013027191 0
1675460045826 0.49275651574134827 0
1675460046056 0.4923493564128876 0
1675460046275 0.4914487600326538 0
1675460046518 0.49047181010246277 0
1675460046761 0.48975008726119995 0
1675460047010 0.48794758319854736 0
1675460047279 0.483121395111084 0
1675460047498 0.4903202950954437 0
1675460047725 0.49093469977378845 0
1675460047992 0.48417842388153076 0
1675460048194 0.4915998876094818 0
1675460048445 0.48739829659461975 0
1675460048715 0.4829522967338562 0
1675460048957 0.4892982542514801 0
1675460049199 0.48805978894233704 0
1675460049447 0.49066948890686035 0
1675460049706 0.48609107732772827 0
1675460049947 0.49222731590270996 0
1675460050154 0.48923346400260925 0
1675460050419 0.4855411648750305 0
1675460050674 0.482354998588562 0
1675460050893 0.48892128467559814 0
1675460051105 0.4885369837284088 0
1675460051312 0.4860544800758362 0
1675460051500 0.48730239272117615 0
1675460051769 0.4834199845790863 0
1675460053937 0.483730673789978 0
1675460054182 0.4825197458267212 0
1675460054355 0.4902450144290924 0
1675460054566 0.48780152201652527 0
1675460054833 0.48131927847862244 0
1675460055024 0.48813262581825256 0
1675460055253 0.48029273748397827 0
1675460055504 0.482455849647522 0
1675460055680 0.4881053864955902 0
1675460055988 0.47803446650505066 0
1675460056207 0.48323050141334534 0
1675460056450 0.4806835353374481 0
1675460056678 0.47987908124923706 0
1675460056878 0.48523080348968506 0
1675460057116 0.48031100630760193 0
1675460057337 0.4834761917591095 0
1675460057598 0.4782769978046417 0
1675460057803 0.4812372624874115 0
1675460058003 0.4854283630847931 0
1675460058238 0.4791804254055023 0
1675460058448 0.4812440574169159 0
1675460058675 0.4787946939468384 0
1675460058960 0.4787582457065582 0
1675460059195 0.4807341992855072 0
1675460059419 0.47736451029777527 0
1675460059705 0.4764544665813446 0
1675460059913 0.4843030571937561 0
1675460060151 0.4786854088306427 0
1675460060413 0.4774712324142456 0
1675460060686 0.4734727740287781 0
1675460060902 0.478616327047348 0
1675460061208 0.4729575514793396 0
1675460061430 0.47996756434440613 0
1675460061695 0.4769170582294464 0
1675460061886 0.48362138867378235 0
1675460062113 0.4764547049999237 0
1675460062365 0.4761214852333069 0
1675460062564 0.48085325956344604 0
1675460062770 0.4790344536304474 0
1675460062960 0.47856229543685913 0
1675460063195 0.4745348393917084 0
1675460063407 0.47643235325813293 0
1675460063645 0.47391805052757263 0
1675460063919 0.476394921541214 0
1675460064168 0.4742458164691925 0
1675460064426 0.47563275694847107 0
1675460064701 0.4714532494544983 0
1675460064910 0.4767197370529175 0
1675460065121 0.47865721583366394 0
1675460065388 0.4725678265094757 0
1675460065600 0.4790695309638977 0
1675460065831 0.47279092669487 0
1675460066090 0.47166067361831665 0
1675460066322 0.4749050438404083 0
1675460066567 0.471956342458725 0
1675460066797 0.4724605679512024 0
1675460067045 0.4722990393638611 0
1675460067212 0.48019349575042725 0
1675460067393 0.47865769267082214 0
1675460067625 0.47782251238822937 0
1675460067896 0.4732913672924042 0
1675460068115 0.4737749993801117 0
1675460068314 0.47675055265426636 0
1675460068527 0.4773631989955902 0
1675460068750 0.47300809621810913 0
1675460068965 0.4743518829345703 0
1675460069187 0.4731932580471039 0
1675460069411 0.4742715060710907 0
1675460069656 0.4729589819908142 0
1675460069824 0.47681522369384766 0
1675460070044 0.4728463292121887 0
1675460070276 0.47064390778541565 0
1675460070505 0.4703595042228699 0
1675460070697 0.4764125347137451 0
1675460070920 0.4738920032978058 0
1675460071154 0.4729914665222168 0
1675460071408 0.4685659110546112 0
1675460071640 0.4697836935520172 0
1675460071859 0.47290241718292236 0
1675460072075 0.4707806408405304 0
1675460072316 0.4697725772857666 0
1675460072590 0.46767762303352356 0
1675460072807 0.4720422923564911 0
1675460073018 0.47310492396354675 0
1675460073277 0.4674527943134308 0
1675460073501 0.47043225169181824 0
1675460073732 0.46919432282447815 0
1675460073990 0.4657726287841797 0
1675460074198 0.4724757671356201 0
1675460074414 0.4711894392967224 0
1675460074642 0.4688088893890381 0
1675460074841 0.47301527857780457 0
1675460075105 0.46426406502723694 0
1675460075352 0.46648162603378296 0
1675460075578 0.46926426887512207 0
1675460075835 0.4668631851673126 0
1675460076093 0.4647889733314514 0
1675460076362 0.46819910407066345 0
1675460076596 0.467399924993515 0
1675460076842 0.4666697084903717 0
1675460077133 0.46167048811912537 0
1675460077333 0.4701726734638214 0
1675460077634 0.4607488214969635 0
1675460077896 0.4658168852329254 0
1675460078137 0.4656170606613159 0
1675460078434 0.461264044046402 0
1675460078692 0.4657912254333496 0
1675460078959 0.46445128321647644 0
1675460079254 0.4594244956970215 0
1675460079494 0.4671386182308197 0
1675460079712 0.4705093801021576 0
1675460079981 0.4647202491760254 0
1675460080211 0.4663669168949127 0
1675460080437 0.4686211347579956 0
1675460080675 0.4687466621398926 0
1675460080917 0.4644782841205597 0
1675460081123 0.47064894437789917 0
1675460081354 0.4677827060222626 0
1675460081563 0.46864622831344604 0
1675460081804 0.4659077823162079 0
1675460081995 0.47077128291130066 0
1675460082270 0.4622827470302582 0
1675460082506 0.46283236145973206 0
1675460082713 0.4679669737815857 0
1675460082895 0.47292712330818176 0
1675460083135 0.4677368104457855 0
1675460083367 0.46421265602111816 0
1675460083593 0.46979808807373047 0
1675460083831 0.4638219475746155 0
1675460084096 0.46316707134246826 0
1675460084325 0.46520859003067017 0
1675460084583 0.4631167948246002 0
1675460084813 0.4659419655799866 0
1675460085081 0.46137329936027527 0
1675460085336 0.4644078314304352 0
1675460085591 0.4637273848056793 0
1675460085834 0.46459510922431946 0
1675460086088 0.4574126601219177 0
1675460086351 0.4603275954723358 0
1675460086591 0.46532243490219116 0
1675460086814 0.464596688747406 0
1675460087058 0.46882933378219604 0
1675460087306 0.46462205052375793 0
1675460087501 0.4682798981666565 0
1675460087762 0.4572240114212036 0
1675460088080 0.4548598527908325 0
1675460088353 0.4598511755466461 0
1675460088579 0.4630872309207916 0
1675460088810 0.46205011010169983 0
1675460089006 0.46885809302330017 0
1675460089321 0.4556717276573181 0
1675460089575 0.4597661793231964 0
1675460089819 0.464166522026062 0
1675460090068 0.46057695150375366 0
1675460090280 0.4639894664287567 0
1675460090486 0.464813768863678 0
1675460090726 0.4632282555103302 0
1675460092875 0.45681047439575195 0
1675460093087 0.4650563597679138 0
1675460093285 0.4654126763343811 0
1675460093524 0.4626387655735016 0
1675460093737 0.4641874134540558 0
1675460093978 0.46140366792678833 0
1675460094212 0.4623328447341919 0
1675460094421 0.4647943079471588 0
1675460094634 0.46469464898109436 0
1675460094893 0.4564116895198822 0
1675460095126 0.4605460464954376 0
1675460095335 0.46365708112716675 0
1675460095538 0.46194565296173096 0
1675460095822 0.46118593215942383 0
1675460096004 0.465853214263916 0
1675460096255 0.4557651877403259 0
1675460096460 0.4605698585510254 0
1675460096653 0.4661937654018402 0
1675460096862 0.4631654918193817 0
1675460097151 0.4552006721496582 0
1675460097354 0.46507203578948975 0
1675460097571 0.4631158411502838 0
1675460097828 0.4601588845252991 0
1675460098054 0.46406155824661255 0
1675460098310 0.45723190903663635 0
1675460098564 0.45844128727912903 0
1675460098767 0.46245211362838745 0
1675460099049 0.4530331790447235 0
1675460099265 0.4619837701320648 0
1675460099508 0.461053729057312 0
1675460099704 0.46494853496551514 0
1675460099959 0.45781704783439636 0
1675460100178 0.4607788622379303 0
1675460100412 0.4618218243122101 0
1675460100686 0.4555051028728485 0
1675460100916 0.45976486802101135 0
1675460101225 0.4560970664024353 0
1675460101449 0.46129870414733887 0
1675460101657 0.4635563790798187 0
1675460101865 0.46105092763900757 0
1675460102091 0.46003425121307373 0
1675460102300 0.4629650115966797 0
1675460102509 0.46259719133377075 0
1675460102759 0.45879319310188293 0
1675460102994 0.4573186933994293 0
1675460103235 0.4594290256500244 0
1675460103453 0.46325406432151794 0
1675460103653 0.46528369188308716 0
1675460103928 0.45517343282699585 0
1675460104186 0.4573194682598114 0
1675460104479 0.453048974275589 0
1675460104676 0.46130019426345825 0
1675460104900 0.45928725600242615 0
1675460105157 0.4564362168312073 0
1675460105433 0.454458624124527 0
1675460105635 0.45864447951316833 0
1675460105876 0.4532786011695862 0
1675460106112 0.45436474680900574 0
1675460106357 0.45824354887008667 0
1675460106651 0.4532201886177063 0
1675460106847 0.46147000789642334 0
1675460107066 0.46036455035209656 0
1675460107331 0.4593386650085449 0
1675460107556 0.4574262797832489 0
1675460107753 0.46184754371643066 0
1675460107973 0.46085771918296814 0
1675460108218 0.457662969827652 0
1675460108486 0.4574774205684662 0
1675460108737 0.4561710059642792 0
1675460108957 0.46216723322868347 0
1675460109187 0.4576369822025299 0
1675460109424 0.4593072533607483 0
1675460109645 0.4604676365852356 0
1675460109894 0.4553545415401459 0
1675460110088 0.46134769916534424 0
1675460110377 0.4548265039920807 0
1675460110630 0.45568448305130005 0
1675460110826 0.4611969590187073 0
1675460111046 0.45607003569602966 0
1675460111256 0.46015095710754395 0
1675460111552 0.45235270261764526 0
1675460111806 0.45449674129486084 0
1675460111997 0.46092939376831055 0
1675460112168 0.4624229669570923 0
1675460112451 0.4528956413269043 0
1675460112695 0.4565230906009674 0
1675460112912 0.4576176702976227 0
1675460113135 0.45637619495391846 0
1675460113438 0.44894370436668396 0
1675460113638 0.4597499668598175 0
1675460113834 0.4602975845336914 0
1675460114051 0.455856055021286 0
1675460114274 0.45807158946990967 0
1675460114464 0.4612290561199188 0
1675460114703 0.45274075865745544 0
1675460114922 0.4581969976425171 0
1675460115155 0.45689141750335693 0
1675460115380 0.4595358967781067 0
1675460115650 0.453906387090683 0
1675460115876 0.4554746448993683 0
1675460116168 0.45001301169395447 0
1675460116486 0.4465169608592987 0
1675460116704 0.45454874634742737 0
1675460116921 0.45852789282798767 0
1675460117136 0.45780158042907715 0
1675460117411 0.45278775691986084 0
1675460117668 0.4531075656414032 0
1675460117906 0.45528632402420044 0
1675460118123 0.4528002142906189 0
1675460118413 0.44722816348075867 0
1675460118668 0.45387357473373413 0
1675460118857 0.45971184968948364 0
1675460119169 0.4455879032611847 0
1675460119401 0.4539486765861511 0
1675460119636 0.454419881105423 0
1675460119863 0.4573218822479248 0
1675460120061 0.45864957571029663 0
1675460120336 0.4485945701599121 0
1675460120525 0.46058377623558044 0
1675460120725 0.45980560779571533 0
1675460120957 0.45450976490974426 0
1675460121271 0.449887752532959 0
1675460121553 0.45268678665161133 0
1675460121778 0.45349594950675964 0
1675460122059 0.4483441710472107 0
1675460122282 0.45518577098846436 0
1675460122529 0.4529220163822174 0
1675460122819 0.44772395491600037 0
1675460123034 0.45804721117019653 0
1675460123244 0.45447707176208496 0
1675460123486 0.4519062936306 0
1675460123745 0.4558238387107849 0
1675460123952 0.4596816599369049 0
1675460124169 0.45475053787231445 0
1675460124417 0.45185548067092896 0
1675460124644 0.4530590772628784 0
1675460124951 0.45140212774276733 0
1675460125221 0.453434020280838 0
1675460125446 0.4572526514530182 0
1675460125688 0.4545677602291107 0
1675460125949 0.4504741132259369 0
1675460126190 0.4518536925315857 0
1675460126404 0.456399142742157 0
1675460126619 0.4566640853881836 0
1675460126823 0.4572857618331909 0
1675460127038 0.455122709274292 0
1675460127301 0.449047714471817 0
1675460127514 0.4557059705257416 0
1675460127755 0.4520236551761627 0
1675460128013 0.452276349067688 0
1675460128208 0.45763564109802246 0
1675460128473 0.45328864455223083 0
1675460128734 0.44765737652778625 0
1675460128928 0.45594117045402527 0
1675460129098 0.4619733989238739 0
1675460129394 0.44500747323036194 0
1675460129623 0.4514482915401459 0
1675460131810 0.4538615345954895 0
1675460132003 0.45815005898475647 0
1675460132285 0.45092448592185974 0
1675460132431 0.4661214053630829 0
1675460132645 0.4531348943710327 0
1675460132887 0.45180392265319824 0
1675460133194 0.44859176874160767 0
1675460133458 0.4512576758861542 0
1675460133717 0.4505062997341156 0
1675460133983 0.4496743381023407 0
1675460134234 0.4535204768180847 0
1675460134499 0.45114392042160034 0
1675460134720 0.45563554763793945 0
1675460135004 0.4478282332420349 0
1675460135266 0.44842514395713806 0
1675460135459 0.45520922541618347 0
1675460135731 0.4481983780860901 0
1675460135950 0.4517383575439453 0
1675460136195 0.45032498240470886 0
1675460136406 0.4562196731567383 0
1675460136660 0.4488820433616638 0
1675460136898 0.45566821098327637 0
1675460137078 0.4596205949783325 0
1675460137356 0.4482499957084656 0
1675460137571 0.45513027906417847 0
1675460137767 0.45578745007514954 0
1675460138002 0.4497033357620239 0
1675460138240 0.4515496790409088 0
1675460138505 0.4485478401184082 0
1675460138765 0.44822075963020325 0
1675460139015 0.44917669892311096 0
1675460139277 0.44919824600219727 0
1675460139461 0.45645028352737427 0
1675460139706 0.44972679018974304 0
1675460139949 0.45178818702697754 0
1675460140154 0.4532894790172577 0
1675460140356 0.45435458421707153 0
1675460140597 0.44957879185676575 0
1675460140841 0.4519207775592804 0
1675460141032 0.4603739082813263 0
1675460141265 0.45179566740989685 0
1675460141495 0.4522058665752411 0
1675460141699 0.45337072014808655 0
1675460141929 0.45158371329307556 0
1675460142141 0.45302659273147583 0
1675460142374 0.4533548951148987 0
1675460142606 0.4507600963115692 0
1675460142889 0.44544950127601624 0
1675460143117 0.4538545608520508 0
1675460143344 0.45186665654182434 0
1675460143608 0.45086967945098877 0
1675460143856 0.4492504298686981 0
1675460144075 0.45530444383621216 0
1675460144342 0.4483495056629181 0
1675460144589 0.44987210631370544 0
1675460144814 0.45280516147613525 0
1675460145054 0.447096049785614 0
1675460145280 0.45244699716567993 0
1675460145547 0.4432884454727173 0
1675460145782 0.45299798250198364 0
1675460146016 0.4509883224964142 0
1675460146263 0.4483015239238739 0
1675460146506 0.44856467843055725 0
1675460146774 0.44650909304618835 0
1675460146991 0.45216643810272217 0
1675460147243 0.4514957070350647 0
1675460147428 0.4607851207256317 0
1675460147685 0.4493398666381836 0
1675460147932 0.44603461027145386 0
1675460148188 0.4476645886898041 0
1675460148375 0.4571268856525421 0
1675460148572 0.45662808418273926 0
1675460148749 0.4606002867221832 0
1675460149009 0.4455512464046478 0
1675460149265 0.4461040496826172 0
1675460149497 0.45171332359313965 0
1675460149778 0.4450870752334595 0
1675460149975 0.4542164206504822 0
1675460150247 0.4470308721065521 0
1675460150501 0.4467361569404602 0
1675460150745 0.4503439664840698 0
1675460150943 0.4536074101924896 0
1675460151154 0.455929696559906 0
1675460151414 0.44890353083610535 0
1675460151655 0.45046475529670715 0
1675460151914 0.4458359181880951 0
1675460152140 0.4525815546512604 0
1675460152385 0.44924160838127136 0
1675460152582 0.45356854796409607 0
1675460152774 0.456163614988327 0
1675460152980 0.45269015431404114 0
1675460153214 0.4473710060119629 0
1675460153424 0.453582227230072 0
1675460153661 0.44921204447746277 0
1675460153893 0.4523560106754303 0
1675460154132 0.45024555921554565 0
1675460154406 0.4439588189125061 0
1675460154614 0.4508964717388153 0
1675460154854 0.4485599100589752 0
1675460155084 0.45153191685676575 0
1675460155294 0.452560156583786 0
1675460155560 0.44603392481803894 0
1675460155788 0.4504161775112152 0
1675460155993 0.45270276069641113 0
1675460156212 0.4526515603065491 0
1675460156425 0.4513667821884155 0
1675460156650 0.45121127367019653 0
1675460156861 0.45165663957595825 0
1675460157126 0.4472019672393799 0
1675460157362 0.4477170705795288 0
1675460157605 0.4474765360355377 0
1675460157785 0.4559762179851532 0
1675460158013 0.4456223249435425 0
1675460158256 0.4476432204246521 0
1675460158527 0.44556793570518494 0
1675460158767 0.446249783039093 0
1675460159006 0.44712600111961365 0
1675460159200 0.4546686112880707 0
1675460159443 0.4492603838443756 0
1675460159695 0.4453662931919098 0
1675460159945 0.4503845274448395 0
1675460160157 0.45127642154693604 0
1675460160350 0.4533821642398834 0
1675460160638 0.442176878452301 0
1675460160873 0.4479850232601166 0
1675460161174 0.44143423438072205 0
1675460161394 0.4517922103404999 0
1675460161679 0.4445609450340271 0
1675460161892 0.4504077732563019 0
1675460162099 0.4513733983039856 0
1675460162372 0.445818692445755 0
1675460162645 0.44599857926368713 0
1675460162898 0.4456562101840973 0
1675460163137 0.4463810920715332 0
1675460163396 0.44978880882263184 0
1675460163659 0.4453887343406677 0
1675460163980 0.4424949884414673 0
1675460164175 0.45603135228157043 0
1675460164395 0.4540749192237854 0
1675460164596 0.4537290334701538 0
1675460164796 0.4526178538799286 0
1675460165015 0.4519175887107849 0
1675460165270 0.44616997241973877 0
1675460165538 0.4506312608718872 0
1675460165815 0.44507214426994324 0
1675460166012 0.4534393548965454 0
1675460166261 0.44594916701316833 0
1675460166538 0.442135751247406 0
1675460166830 0.44552749395370483 0
1675460167052 0.44903141260147095 0
1675460167258 0.45193275809288025 0
1675460167471 0.4496600329875946 0
1675460167805 0.43992751836776733 0
1675460168091 0.44255271553993225 0
1675460168319 0.44644811749458313 0
1675460168507 0.452822744846344 0
1675460168715 0.4489547610282898 0
1675460170856 0.44783276319503784 0
1675460171092 0.4466608464717865 0
1675460171362 0.4456295371055603 0
1675460171606 0.44639018177986145 0
1675460171841 0.44602063298225403 0
1675460172104 0.44398418068885803 0
1675460172365 0.44791385531425476 0
1675460172559 0.4506842792034149 0
1675460172790 0.4448508620262146 0
1675460173024 0.4489744305610657 0
1675460173286 0.4447328746318817 0
1675460173471 0.45472392439842224 0
1675460173663 0.45284003019332886 0
1675460173874 0.450088232755661 0
1675460174078 0.44832655787467957 0
1675460174319 0.44481348991394043 0
1675460174537 0.4508453905582428 0
1675460174773 0.44538357853889465 0
1675460175058 0.4404836595058441 0
1675460175285 0.4480689764022827 0
1675460175534 0.4483881890773773 0
1675460175742 0.4506061375141144 0
1675460176000 0.4488719403743744 0
1675460176232 0.44572821259498596 0
1675460176420 0.4524100720882416 0
1675460176626 0.45521917939186096 0
1675460176874 0.4453432261943817 0
1675460177115 0.4474087059497833 0
1675460177384 0.4425959885120392 0
1675460177662 0.44712844491004944 0
1675460177893 0.4491998255252838 0
1675460178154 0.44534003734588623 0
1675460178409 0.4517659544944763 0
1675460178622 0.44936931133270264 0
1675460178855 0.4508509039878845 0
1675460179119 0.4449184238910675 0
1675460179390 0.44513607025146484 0
1675460179618 0.44896212220191956 0
1675460179880 0.4430219233036041 0
1675460180095 0.4506852328777313 0
1675460180333 0.44774767756462097 0
1675460180529 0.451621949672699 0
1675460180738 0.450942724943161 0
1675460180981 0.4474782943725586 0
1675460181214 0.4480731785297394 0
1675460181557 0.4355141222476959 0
1675460181790 0.4458768367767334 0
1675460181964 0.4567500054836273 0
1675460182209 0.44587060809135437 0
1675460182432 0.44866013526916504 0
1675460182640 0.4488587975502014 0
1675460182834 0.4515928030014038 0
1675460183118 0.4409918487071991 0
1675460183345 0.4503713548183441 0
1675460183611 0.44415411353111267 0
1675460183851 0.4459691047668457 0
1675460184094 0.44559550285339355 0
1675460184345 0.4462350904941559 0
1675460184688 0.43497735261917114 0
1675460184942 0.4490681290626526 0
1675460185187 0.44940513372421265 0
1675460185483 0.44060608744621277 0
1675460185692 0.45165127515792847 0
1675460185970 0.4413216710090637 0
1675460186234 0.4435634911060333 0
1675460186448 0.44878730177879333 0
1675460186676 0.4503639042377472 0
1675460186906 0.4481716454029083 0
1675460187150 0.4438052177429199 0
1675460187447 0.44100046157836914 0
1675460187682 0.44540324807167053 0
1675460187955 0.43996772170066833 0
1675460188233 0.44294074177742004 0
1675460188540 0.439495712518692 0
1675460188829 0.4410018026828766 0
1675460189103 0.4419557452201843 0
1675460189277 0.45466315746307373 0
1675460189520 0.44775527715682983 0
1675460189785 0.44372305274009705 0
1675460190014 0.44585803151130676 0
1675460190259 0.44431352615356445 0
1675460190497 0.4482734203338623 0
1675460190728 0.4452233910560608 0
1675460190949 0.44481369853019714 0
1675460191161 0.4472655653953552 0
1675460191409 0.4452208876609802 0
1675460191621 0.4465084373950958 0
1675460191862 0.4436587393283844 0
1675460192052 0.4495808780193329 0
1675460192291 0.44591325521469116 0
1675460192540 0.4442480504512787 0
1675460192794 0.4421318769454956 0
1675460193000 0.45044076442718506 0
1675460193216 0.4471224248409271 0
1675460193412 0.44869473576545715 0
1675460193678 0.44189998507499695 0
1675460193908 0.4439939260482788 0
1675460194127 0.4498448967933655 0
1675460194341 0.449064701795578 0
1675460194562 0.4455733299255371 0
1675460194760 0.4509486258029938 0
1675460195013 0.44103488326072693 0
1675460195314 0.43807274103164673 0
1675460195568 0.4421371817588806 0
1675460195814 0.4427829086780548 0
1675460196019 0.4490200877189636 0
1675460196248 0.4475453794002533 0
1675460196477 0.44686421751976013 0
1675460196773 0.43684878945350647 0
1675460197039 0.44534993171691895 0
1675460197258 0.44721534848213196 0
1675460197500 0.44318318367004395 0
1675460197726 0.44838792085647583 0
1675460197959 0.44481873512268066 0
1675460198206 0.44459474086761475 0
1675460198410 0.4537292718887329 0
1675460198633 0.44562527537345886 0
1675460198842 0.4489743113517761 0
1675460199056 0.4475906789302826 0
1675460199217 0.4559861123561859 0
1675460199426 0.447263240814209 0
1675460199672 0.44206535816192627 0
1675460199904 0.4494229555130005 0
1675460200102 0.4494558274745941 0
1675460200337 0.4471184015274048 0
1675460200557 0.4440528452396393 0
1675460200780 0.44719788432121277 0
1675460200967 0.45137178897857666 0
1675460201181 0.4471789300441742 0
1675460201363 0.45395079255104065 0
1675460201533 0.4545667767524719 0
1675460201743 0.449670672416687 0
1675460201993 0.4449637532234192 0
1675460202202 0.4472193717956543 0
1675460202429 0.4440329670906067 0
1675460202665 0.4429469406604767 0
1675460202892 0.44589900970458984 0
1675460203072 0.45326992869377136 0
1675460203319 0.4427432715892792 0
1675460203581 0.4420448839664459 0
1675460203789 0.450014591217041 0
1675460203996 0.4454905390739441 0
1675460204240 0.4423145353794098 0
1675460204440 0.448133260011673 0
1675460204664 0.4438508450984955 0
1675460204904 0.44416964054107666 0
1675460205141 0.44751736521720886 0
1675460205355 0.44724270701408386 0
1675460205634 0.43662136793136597 0
1675460205840 0.45027709007263184 0
1675460206048 0.4469589591026306 0
1675460206258 0.4483097791671753 0
1675460206505 0.44609495997428894 0
1675460206702 0.4491862654685974 0
1675460206968 0.4411141276359558 0
1675460207249 0.43961361050605774 0
1675460207447 0.4492035508155823 0
