1675868393411 0.6933075785636902 0
1675868393653 0.6932451128959656 0
1675868393893 0.6931228041648865 0
1675868394152 0.6930627822875977 0
1675868394429 0.6929848194122314 0
1675868394700 0.6928786635398865 0
1675868394945 0.6928257942199707 0
1675868395206 0.6927425861358643 0
1675868395443 0.6926572322845459 0
1675868395680 0.6925627589225769 0
1675868395874 0.6925363540649414 0
1675868396119 0.6924319267272949 0
1675868396376 0.6923154592514038 0
1675868396611 0.6923055052757263 0
1675868396871 0.6921675801277161 0
1675868397095 0.6920868754386902 0
1675868397322 0.6920477747917175 0
1675868397578 0.6919540762901306 0
1675868397786 0.6918947696685791 0
1675868397999 0.6917847990989685 0
1675868398224 0.6917067170143127 0
1675868398470 0.6916377544403076 0
1675868398714 0.6915521621704102 0
1675868398964 0.6914753317832947 0
1675868399200 0.6913906931877136 0
1675868399428 0.6913170218467712 0
1675868399619 0.6912709474563599 0
1675868399843 0.6912314295768738 0
1675868400081 0.6911078691482544 0
1675868400306 0.6910218596458435 0
1675868400522 0.6909370422363281 0
1675868400796 0.6908774971961975 0
1675868401056 0.6907858848571777 0
1675868401362 0.6907512545585632 0
1675868401637 0.6906645894050598 0
1675868401906 0.6905478239059448 0
1675868402181 0.6905224323272705 0
1675868402432 0.6904363036155701 0
1675868402710 0.6903417706489563 0
1675868403002 0.6902249455451965 0
1675868403287 0.6902022957801819 0
1675868403570 0.6901332139968872 0
1675868403849 0.69007408618927 0
1675868404175 0.689956545829773 0
1675868404460 0.6898611187934875 0
1675868404696 0.6898121237754822 0
1675868404926 0.6897304058074951 0
1675868405184 0.6896302103996277 0
1675868405428 0.6896079778671265 0
1675868405647 0.689536988735199 0
1675868405922 0.6894248723983765 0
1675868406197 0.6893652677536011 0
1675868406494 0.6892879009246826 0
1675868406727 0.6892122030258179 0
1675868406973 0.6891463994979858 0
1675868407233 0.6890496015548706 0
1675868407480 0.689021646976471 0
1675868407701 0.6889165043830872 0
1675868408000 0.6888344287872314 0
1675868408274 0.6887330412864685 0
1675868408516 0.6886802911758423 0
1675868408762 0.6885983347892761 0
1675868409007 0.6885179281234741 0
1675868409223 0.6884464025497437 0
1675868409471 0.6883818507194519 0
1675868409741 0.6882913112640381 0
1675868409983 0.6882189512252808 0
1675868410227 0.6881701350212097 0
1675868410474 0.688112199306488 0
1675868410737 0.6880133152008057 0
1675868410989 0.6879128217697144 0
1675868411241 0.6878576278686523 0
1675868411440 0.6877664923667908 0
1675868411652 0.6877024173736572 0
1675868411913 0.6876112818717957 0
1675868412153 0.6875348687171936 0
1675868412401 0.6874951124191284 0
1675868412684 0.6874195337295532 0
1675868412942 0.6873142123222351 0
1675868413169 0.6872724294662476 0
1675868413381 0.6871550679206848 0
1675868413610 0.6870648264884949 0
1675868413821 0.6870346665382385 0
1675868414035 0.6869426369667053 0
1675868414288 0.6868496537208557 0
1675868414509 0.6867813467979431 0
1675868414729 0.6866938471794128 0
1675868414958 0.6866644024848938 0
1675868415185 0.6865611672401428 0
1675868415430 0.6864868402481079 0
1675868415671 0.6864024996757507 0
1675868415906 0.6863586902618408 0
1675868416115 0.6862578988075256 0
1675868416329 0.6861626505851746 0
1675868416574 0.6861262321472168 0
1675868416773 0.6860305070877075 0
1675868416966 0.6859457492828369 0
1675868417190 0.6858582496643066 0
1675868417417 0.685793399810791 0
1675868417660 0.6857802867889404 0
1675868417880 0.6856403946876526 0
1675868418070 0.685579776763916 0
1675868418277 0.6855055093765259 0
1675868418479 0.6854179501533508 0
1675868418671 0.6853817105293274 0
1675868418864 0.6852983236312866 0
1675868419057 0.6851942539215088 0
1675868419326 0.6851620674133301 0
1675868419590 0.6850778460502625 0
1675868419868 0.6849913597106934 0
1675868420116 0.6848759651184082 0
1675868420355 0.6848416924476624 0
1675868420605 0.6847470998764038 0
1675868420836 0.6846615076065063 0
1675868421081 0.6846193075180054 0
1675868421329 0.6845528483390808 0
1675868421546 0.6844487190246582 0
1675868421783 0.6843371987342834 0
1675868422003 0.6842975616455078 0
1675868422205 0.6842069029808044 0
1675868422430 0.6841133236885071 0
1675868422712 0.6840807199478149 0
1675868422977 0.6839989423751831 0
1675868423222 0.6839459538459778 0
1675868423418 0.683811604976654 0
1675868423645 0.6837484240531921 0
1675868423891 0.6837270855903625 0
1675868424092 0.6836277842521667 0
1675868424330 0.68350750207901 0
1675868424575 0.6834422945976257 0
1675868424818 0.6833499073982239 0
1675868425039 0.6833222508430481 0
1675868425237 0.6832120418548584 0
1675868425445 0.6831576228141785 0
1675868425670 0.6830890774726868 0
1675868425903 0.6829925179481506 0
1675868426108 0.6828905344009399 0
1675868426344 0.6828449964523315 0
1675868426551 0.6827287077903748 0
1675868426754 0.6826939582824707 0
1675868426967 0.6825917959213257 0
1675868427209 0.682522714138031 0
1675868427426 0.6823975443840027 0
1675868427655 0.6824081540107727 0
1675868427849 0.6822706460952759 0
1675868428040 0.6821944117546082 0
1675868428210 0.6820867657661438 0
1675868428444 0.6820803880691528 0
1675868428619 0.6819372177124023 0
1675868428841 0.6819137334823608 0
1675868429060 0.6818673610687256 0
1675868429285 0.6817727088928223 0
1675868429534 0.6816477179527283 0
1675868429747 0.6815710067749023 0
1675868429951 0.6815122365951538 0
1675868430166 0.6814647316932678 0
1675868430366 0.68133544921875 0
1675868431815 0.6812698245048523 0
1675868432034 0.6811882853507996 0
1675868432222 0.6810849905014038 0
1675868432428 0.6810373663902283 0
1675868432636 0.6810022592544556 0
1675868432883 0.680923342704773 0
1675868433063 0.6807864904403687 0
1675868433262 0.6807600855827332 0
1675868433490 0.680686354637146 0
1675868433684 0.6805456876754761 0
1675868433906 0.6804879307746887 0
1675868434134 0.6804028153419495 0
1675868434355 0.6803569197654724 0
1675868434587 0.6803420782089233 0
1675868434825 0.6802059412002563 0
1675868435039 0.6800949573516846 0
1675868435242 0.6800413727760315 0
1675868435424 0.6799398064613342 0
1675868435644 0.6798622608184814 0
1675868435865 0.6797928810119629 0
1675868436059 0.6796807646751404 0
1675868436259 0.6796594262123108 0
1675868436456 0.6795163154602051 0
1675868436662 0.6794576048851013 0
1675868436877 0.6794036626815796 0
1675868437098 0.6793586611747742 0
1675868437324 0.6792657971382141 0
1675868437547 0.6791782975196838 0
1675868437737 0.6790293455123901 0
1675868437974 0.679000198841095 0
1675868438183 0.6789023876190186 0
1675868438400 0.6788334846496582 0
1675868438627 0.678767740726471 0
1675868438853 0.6786676049232483 0
1675868439088 0.6785471439361572 0
1675868439303 0.678497314453125 0
1675868439501 0.6784012913703918 0
1675868439744 0.6783350706100464 0
1675868440003 0.6782724261283875 0
1675868440250 0.6782546639442444 0
1675868440472 0.6781020164489746 0
1675868440719 0.678013801574707 0
1675868440983 0.6779443025588989 0
1675868441243 0.6778696179389954 0
1675868441491 0.6777509450912476 0
1675868441730 0.6776975393295288 0
1675868441978 0.6776247024536133 0
1675868442244 0.6775525808334351 0
1675868442496 0.6774482131004333 0
1675868442749 0.6773630976676941 0
1675868442997 0.6772476434707642 0
1675868443245 0.6771839261054993 0
1675868443497 0.677157461643219 0
1675868443750 0.6770401000976562 0
1675868444005 0.6769701838493347 0
1675868444276 0.6769127249717712 0
1675868444516 0.6767778992652893 0
1675868444772 0.6767600774765015 0
1675868445009 0.6766682863235474 0
1675868445235 0.6765679121017456 0
1675868445455 0.6764503717422485 0
1675868445657 0.6763169765472412 0
1675868445887 0.6762832403182983 0
1675868446103 0.676149845123291 0
1675868446319 0.6761346459388733 0
1675868446548 0.6760399341583252 0
1675868446751 0.6758833527565002 0
1675868446961 0.6758322715759277 0
1675868447186 0.6757472157478333 0
1675868447400 0.6756976246833801 0
1675868447609 0.6756274700164795 0
1675868447829 0.6755321025848389 0
1675868448054 0.6754345893859863 0
1675868448255 0.6753273606300354 0
1675868448463 0.6752193570137024 0
1675868448697 0.6752163171768188 0
1675868448946 0.6751158833503723 0
1675868449197 0.675000011920929 0
1675868449466 0.6749524474143982 0
1675868449670 0.6747597455978394 0
1675868449865 0.6746528148651123 0
1675868450113 0.6746731400489807 0
1675868450330 0.6745458841323853 0
1675868450605 0.67452472448349 0
1675868450818 0.6743695735931396 0
1675868451044 0.6743261814117432 0
1675868451263 0.6742568016052246 0
1675868451473 0.674078106880188 0
1675868451666 0.6740126609802246 0
1675868451874 0.6739532947540283 0
1675868452099 0.6738648414611816 0
1675868452320 0.6737940311431885 0
1675868452530 0.6736522316932678 0
1675868452737 0.6735364198684692 0
1675868453003 0.6734846234321594 0
1675868453208 0.6733772158622742 0
1675868453431 0.6732749938964844 0
1675868453675 0.6732264757156372 0
1675868453915 0.6731813549995422 0
1675868454197 0.6731371879577637 0
1675868454416 0.6729568243026733 0
1675868454662 0.6729075312614441 0
1675868454856 0.6727335453033447 0
1675868455057 0.6727122068405151 0
1675868455304 0.6726592779159546 0
1675868455537 0.6725404858589172 0
1675868455744 0.6724517345428467 0
1675868455984 0.6723492741584778 0
1675868456176 0.6721840500831604 0
1675868456414 0.6722092628479004 0
1675868456635 0.6720916628837585 0
1675868456826 0.6719200611114502 0
1675868457015 0.6718146800994873 0
1675868457215 0.6717151999473572 0
1675868457428 0.6716930866241455 0
1675868457637 0.6715893149375916 0
1675868457870 0.6715856194496155 0
1675868458110 0.67143315076828 0
1675868458308 0.6712529063224792 0
1675868458514 0.6712148189544678 0
1675868458703 0.6710599064826965 0
1675868458902 0.671017050743103 0
1675868459105 0.6709080338478088 0
1675868459306 0.6707643270492554 0
1675868459507 0.6707109808921814 0
1675868459719 0.6707034111022949 0
1675868459941 0.6705797910690308 0
1675868460174 0.6705103516578674 0
1675868460357 0.6702795028686523 0
1675868460551 0.6702412366867065 0
1675868460758 0.6701536178588867 0
1675868460952 0.6700394749641418 0
1675868461179 0.6699587106704712 0
1675868461412 0.669916570186615 0
1675868461594 0.669736921787262 0
1675868461795 0.6696731448173523 0
1675868462006 0.6696025729179382 0
1675868462215 0.6694822311401367 0
1675868462424 0.6693357825279236 0
1675868462666 0.6693451404571533 0
1675868462924 0.6692005395889282 0
1675868463179 0.6690369844436646 0
1675868463448 0.6690233945846558 0
1675868463697 0.6688953638076782 0
1675868463954 0.668782651424408 0
1675868464277 0.6688042879104614 0
1675868464539 0.6686394810676575 0
1675868464775 0.6685367226600647 0
1675868464991 0.6684181690216064 0
1675868465241 0.6684115529060364 0
1675868465435 0.6681784391403198 0
1675868465672 0.6680847406387329 0
1675868465901 0.6680072546005249 0
1675868466115 0.6679162979125977 0
1675868466302 0.6677728295326233 0
1675868466525 0.6677477359771729 0
1675868466712 0.6675431728363037 0
1675868468144 0.6674890518188477 0
1675868468377 0.66736900806427 0
1675868468612 0.66729736328125 0
1675868468817 0.6671305298805237 0
1675868469032 0.6671201586723328 0
1675868469246 0.6670374870300293 0
1675868469464 0.6668333411216736 0
1675868469689 0.6667488217353821 0
1675868469959 0.6667495965957642 0
1675868470151 0.6665083765983582 0
1675868470339 0.6663892865180969 0
1675868470534 0.6663342714309692 0
1675868470725 0.6661871075630188 0
1675868470950 0.6661587357521057 0
1675868471176 0.6660711765289307 0
1675868471375 0.6658847332000732 0
1675868471603 0.6658229231834412 0
1675868471850 0.6657953262329102 0
1675868472038 0.6655635237693787 0
1675868472275 0.665520191192627 0
1675868472472 0.6653721332550049 0
1675868472787 0.6652955412864685 0
1675868473051 0.665158212184906 0
1675868473310 0.6651346683502197 0
1675868473540 0.6650546789169312 0
1675868473737 0.664803683757782 0
1675868473949 0.6647451519966125 0
1675868474144 0.6645598411560059 0
1675868474334 0.6644222140312195 0
1675868474545 0.6643490791320801 0
1675868474774 0.6643300652503967 0
1675868474994 0.664185106754303 0
1675868475228 0.6640585660934448 0
1675868475456 0.6639750003814697 0
1675868475665 0.6638291478157043 0
1675868475877 0.6637263894081116 0
1675868476115 0.6637275815010071 0
1675868476302 0.6634068489074707 0
1675868476501 0.6633126139640808 0
1675868476708 0.6632540225982666 0
1675868476925 0.6631278991699219 0
1675868477130 0.6629895567893982 0
1675868477362 0.6629287004470825 0
1675868477565 0.6627688407897949 0
1675868477755 0.662584662437439 0
1675868477972 0.6626115441322327 0
1675868478162 0.6623718738555908 0
1675868478380 0.6623275876045227 0
1675868478623 0.6622528433799744 0
1675868478863 0.6621090769767761 0
1675868479134 0.662065327167511 0
1675868479386 0.6619794368743896 0
1675868479594 0.6616513133049011 0
1675868479828 0.6616399884223938 0
1675868480044 0.6614732146263123 0
1675868480263 0.6613606810569763 0
1675868480479 0.6612116098403931 0
1675868480680 0.6610849499702454 0
1675868480886 0.6609818935394287 0
1675868481085 0.6607925295829773 0
1675868481327 0.6607289910316467 0
1675868481578 0.6606785655021667 0
1675868481794 0.6604441404342651 0
1675868482012 0.6602898836135864 0
1675868482218 0.6601903438568115 0
1675868482421 0.6600708961486816 0
1675868482646 0.6599395275115967 0
1675868482895 0.6598596572875977 0
1675868483119 0.6596444845199585 0
1675868483332 0.6596236228942871 0
1675868483551 0.6594877243041992 0
1675868483780 0.6593527793884277 0
1675868483997 0.6592488884925842 0
1675868484206 0.6591008305549622 0
1675868484395 0.6588309407234192 0
1675868484604 0.6587941646575928 0
1675868484805 0.658650279045105 0
1675868485031 0.6585609316825867 0
1675868485240 0.6584416031837463 0
1675868485465 0.658295214176178 0
1675868485668 0.6581325531005859 0
1675868485905 0.6580636501312256 0
1675868486136 0.6578969955444336 0
1675868486328 0.6576834321022034 0
1675868486549 0.6575915813446045 0
1675868486783 0.6575362086296082 0
1675868487010 0.6573565602302551 0
1675868487248 0.6572844982147217 0
1675868487470 0.6571265459060669 0
1675868487710 0.6570525765419006 0
1675868487921 0.656842052936554 0
1675868488148 0.6566841006278992 0
1675868488384 0.6565764546394348 0
1675868488582 0.656289279460907 0
1675868488803 0.6562219858169556 0
1675868489038 0.6560760736465454 0
1675868489260 0.6559785604476929 0
1675868489490 0.6558321714401245 0
1675868489700 0.6556309461593628 0
1675868489931 0.6555218696594238 0
1675868490133 0.6553087830543518 0
1675868490362 0.6552312970161438 0
1675868490583 0.6551534533500671 0
1675868490827 0.6550590991973877 0
1675868491037 0.6547987461090088 0
1675868491247 0.6546328067779541 0
1675868491462 0.6544899940490723 0
1675868491676 0.654416561126709 0
1675868491878 0.6541654467582703 0
1675868492079 0.6539881825447083 0
1675868492305 0.6539393067359924 0
1675868492521 0.6538146734237671 0
1675868492775 0.6537055969238281 0
1675868493043 0.6535188555717468 0
1675868493301 0.6535126566886902 0
1675868493512 0.6531841158866882 0
1675868493715 0.6529983878135681 0
1675868493952 0.6529424786567688 0
1675868494139 0.6525736451148987 0
1675868494360 0.6525580286979675 0
1675868494566 0.6522502303123474 0
1675868494763 0.652185320854187 0
1675868494958 0.6520233750343323 0
1675868495214 0.6520389318466187 0
1675868495416 0.651744544506073 0
1675868495640 0.651670515537262 0
1675868495845 0.6514390110969543 0
1675868496040 0.6512038111686707 0
1675868496246 0.6510568261146545 0
1675868496441 0.6508951187133789 0
1675868496661 0.6508190631866455 0
1675868496917 0.6508257985115051 0
1675868497140 0.6503152251243591 0
1675868497351 0.6502322554588318 0
1675868497588 0.6501451730728149 0
1675868497825 0.6500427722930908 0
1675868498035 0.6497342586517334 0
1675868498278 0.6497179269790649 0
1675868498479 0.6493724584579468 0
1675868498704 0.6494215130805969 0
1675868498909 0.6490625143051147 0
1675868499163 0.6491958498954773 0
1675868499373 0.6487019658088684 0
1675868499589 0.6486861109733582 0
1675868499783 0.648372232913971 0
1675868499991 0.6481410264968872 0
1675868500203 0.6480939984321594 0
1675868500398 0.6478033661842346 0
1675868500609 0.6477493047714233 0
1675868500810 0.6475253105163574 0
1675868501013 0.6472460627555847 0
1675868501224 0.6471432447433472 0
1675868501413 0.6468384265899658 0
1675868501630 0.6467471122741699 0
1675868501837 0.6465667486190796 0
1675868502027 0.6462974548339844 0
1675868502221 0.6461504101753235 0
1675868503670 0.6459077000617981 0
1675868503872 0.6458293795585632 0
1675868504102 0.6457260251045227 0
1675868504294 0.6453669667243958 0
1675868504524 0.6453470587730408 0
1675868504741 0.6450941562652588 0
1675868504945 0.6447893977165222 0
1675868505170 0.6446349620819092 0
1675868505390 0.6445390582084656 0
1675868505610 0.6443076133728027 0
1675868505832 0.6441864371299744 0
1675868506081 0.6440632343292236 0
1675868506272 0.6435410976409912 0
1675868506473 0.6434614062309265 0
1675868506672 0.643252432346344 0
1675868506889 0.6430878639221191 0
1675868507104 0.6428943872451782 0
1675868507307 0.6426933407783508 0
1675868507505 0.6424782276153564 0
1675868507727 0.642328143119812 0
1675868507927 0.641873300075531 0
1675868508145 0.6418899297714233 0
1675868508362 0.6415978670120239 0
1675868508568 0.6413983702659607 0
1675868508802 0.6412769556045532 0
1675868509063 0.6412038803100586 0
1675868509280 0.6408367156982422 0
1675868509515 0.6406451463699341 0
1675868509777 0.6404886245727539 0
1675868510012 0.6401700377464294 0
1675868510231 0.6398857235908508 0
1675868510449 0.639771044254303 0
1675868510653 0.639427661895752 0
1675868510850 0.6391963362693787 0
1675868511063 0.6389042139053345 0
1675868511254 0.6386750936508179 0
1675868511483 0.6385709047317505 0
1675868511704 0.6383576989173889 0
1675868511930 0.6380563378334045 0
1675868512152 0.6378670334815979 0
1675868512376 0.637673020362854 0
1675868512596 0.6374915838241577 0
1675868512824 0.636936604976654 0
1675868513083 0.6369368433952332 0
1675868513332 0.6367733478546143 0
1675868513563 0.6364131569862366 0
1675868513829 0.6363252997398376 0
1675868514019 0.6358036398887634 0
1675868514217 0.635601818561554 0
1675868514443 0.6355544924736023 0
1675868514672 0.6352643370628357 0
1675868514868 0.6348270773887634 0
1675868515088 0.6346672177314758 0
1675868515300 0.6344135999679565 0
1675868515527 0.6341668367385864 0
1675868515745 0.6339797377586365 0
1675868515979 0.63368159532547 0
1675868516199 0.633386492729187 0
1675868516410 0.6331533789634705 0
1675868516597 0.6326916217803955 0
1675868516820 0.6325832605361938 0
1675868517016 0.632186233997345 0
1675868517222 0.632079005241394 0
1675868517414 0.6316544413566589 0
1675868517633 0.6315906047821045 0
1675868517843 0.6312075853347778 0
1675868518043 0.6308897733688354 0
1675868518258 0.6307445168495178 0
1675868518495 0.6305177807807922 0
1675868518691 0.6299715042114258 0
1675868518896 0.629763126373291 0
1675868519135 0.6295490860939026 0
1675868519374 0.6294682025909424 0
1675868519598 0.6289964914321899 0
1675868519797 0.6285550594329834 0
1675868520015 0.6283867955207825 0
1675868520230 0.6281725764274597 0
1675868520425 0.6276828646659851 0
1675868520627 0.6273478269577026 0
1675868520838 0.6271935701370239 0
1675868521055 0.6268820762634277 0
1675868521272 0.6265431642532349 0
1675868521476 0.6261432766914368 0
1675868521717 0.6259883642196655 0
1675868521927 0.6254736185073853 0
1675868522140 0.625223696231842 0
1675868522369 0.6249545216560364 0
1675868522586 0.6244168281555176 0
1675868522887 0.624299943447113 0
1675868523165 0.6240652203559875 0
1675868523427 0.6236430406570435 0
1675868523641 0.6232612729072571 0
1675868523898 0.6230751276016235 0
1675868524123 0.6225249171257019 0
1675868524358 0.6222962737083435 0
1675868524616 0.6218764781951904 0
1675868524839 0.6214642524719238 0
1675868525036 0.621087372303009 0
1675868525239 0.6207661032676697 0
1675868525444 0.6204702854156494 0
1675868525670 0.6202816367149353 0
1675868525871 0.6196268796920776 0
1675868526059 0.6192293167114258 0
1675868526263 0.6190428137779236 0
1675868526489 0.6187502145767212 0
1675868526697 0.6182635426521301 0
1675868526899 0.6178085207939148 0
1675868527109 0.617422878742218 0
1675868527308 0.6169096231460571 0
1675868527516 0.616736888885498 0
1675868527718 0.616254985332489 0
1675868528011 0.6161712408065796 0
1675868528266 0.6157062649726868 0
1675868528517 0.615358829498291 0
1675868528753 0.6148110032081604 0
1675868528982 0.6141874194145203 0
1675868529218 0.6139999032020569 0
1675868529427 0.6134454011917114 0
1675868529627 0.6128631830215454 0
1675868529858 0.6124488115310669 0
1675868530095 0.6123648285865784 0
1675868530318 0.6117996573448181 0
1675868530519 0.6111895442008972 0
1675868530728 0.6108866930007935 0
1675868530956 0.6105482578277588 0
1675868531183 0.6101663708686829 0
1675868531403 0.6095319986343384 0
1675868531600 0.6090299487113953 0
1675868531815 0.6086989045143127 0
1675868532053 0.6080683469772339 0
1675868532276 0.6076595783233643 0
1675868532470 0.6070383787155151 0
1675868532775 0.6067509651184082 0
1675868533017 0.6062824726104736 0
1675868533257 0.6058633327484131 0
1675868533469 0.605224609375 0
1675868533691 0.6047889590263367 0
1675868533905 0.6042928099632263 0
1675868534089 0.6034011244773865 0
1675868534301 0.6032930016517639 0
1675868534556 0.6027951836585999 0
1675868534811 0.6023769974708557 0
1675868535058 0.6019445061683655 0
1675868535257 0.6010856628417969 0
1675868535498 0.6009353995323181 0
1675868535708 0.6002141237258911 0
1675868535917 0.599274218082428 0
1675868536126 0.5989473462104797 0
1675868536321 0.5981813073158264 0
1675868536551 0.5980547070503235 0
1675868536753 0.597167432308197 0
1675868536992 0.5969720482826233 0
1675868537208 0.5961986780166626 0
1675868537415 0.5954126715660095 0
1675868537653 0.5949569940567017 0
1675868537840 0.5939957499504089 0
1675868538064 0.5936270356178284 0
1675868539445 0.5928896069526672 0
1675868539675 0.592549741268158 0
1675868539892 0.591964840888977 0
1675868540076 0.5907509326934814 0
1675868540303 0.5906723141670227 0
1675868540525 0.5898213982582092 0
1675868540737 0.5893070697784424 0
1675868540976 0.5888624787330627 0
1675868541191 0.5876895189285278 0
1675868541394 0.5870269536972046 0
1675868541624 0.5866199135780334 0
1675868541863 0.5861287713050842 0
1675868542094 0.5854048728942871 0
1675868542305 0.5843494534492493 0
1675868542511 0.583453357219696 0
1675868542773 0.5829982757568359 0
1675868543047 0.5821483135223389 0
1675868543307 0.5815717577934265 0
1675868543539 0.5808013677597046 0
1675868543750 0.5798186659812927 0
1675868543958 0.5788480639457703 0
1675868544200 0.5786387324333191 0
1675868544390 0.5768290162086487 0
1675868544588 0.5763911008834839 0
1675868544772 0.5752665996551514 0
1675868544980 0.5748857855796814 0
1675868545196 0.5741506218910217 0
1675868545383 0.5727663040161133 0
1675868545583 0.572123110294342 0
1675868545782 0.5712972283363342 0
1675868545980 0.5703866481781006 0
1675868546178 0.5692739486694336 0
1675868546392 0.5687925815582275 0
1675868546620 0.5678263902664185 0
1675868546826 0.5666313171386719 0
1675868547038 0.5658723711967468 0
1675868547251 0.5649330019950867 0
1675868547471 0.5638593435287476 0
1675868547677 0.5626291632652283 0
1675868547882 0.5614246129989624 0
1675868548071 0.560366690158844 0
1675868548283 0.5598204135894775 0
1675868548501 0.5586799383163452 0
1675868548697 0.5572652220726013 0
1675868548907 0.556468665599823 0
1675868549134 0.5555801391601562 0
1675868549337 0.5539373159408569 0
1675868549577 0.5533150434494019 0
1675868549785 0.5518403649330139 0
1675868549975 0.550139307975769 0
1675868550168 0.5490685701370239 0
1675868550367 0.5476199984550476 0
1675868550566 0.5465889573097229 0
1675868550799 0.5456091165542603 0
1675868550988 0.5439236760139465 0
1675868551187 0.5427346229553223 0
1675868551390 0.5412395596504211 0
1675868551604 0.540272057056427 0
1675868551825 0.5386783480644226 0
1675868552015 0.5369442105293274 0
1675868552239 0.5361700057983398 0
1675868552456 0.534259021282196 0
1675868552709 0.5330007672309875 0
1675868552968 0.5308501720428467 0
1675868553209 0.5299879908561707 0
1675868553441 0.5282285213470459 0
1675868553650 0.5259349346160889 0
1675868553898 0.5250197052955627 0
1675868554108 0.5222821831703186 0
1675868554359 0.521536648273468 0
1675868554582 0.5198366641998291 0
1675868554807 0.5181043744087219 0
1675868555024 0.5159691572189331 0
1675868555280 0.514948844909668 0
1675868555515 0.512539267539978 0
1675868555723 0.5101854801177979 0
1675868555932 0.5079284906387329 0
1675868556149 0.5061798691749573 0
1675868556352 0.5038058161735535 0
1675868556554 0.5014575123786926 0
1675868556750 0.4988236427307129 0
1675868556958 0.4966203272342682 0
1675868557192 0.4947267472743988 0
1675868557429 0.4928014278411865 0
1675868557636 0.48985686898231506 0
1675868557847 0.48667505383491516 0
1675868558086 0.48422202467918396 0
1675868558309 0.48113635182380676 0
1675868558541 0.47896328568458557 0
1675868558755 0.4751546084880829 0
1675868558961 0.4726545214653015 0
1675868559184 0.4702989161014557 0
1675868559364 0.4653685390949249 0
1675868559596 0.463493287563324 0
1675868559798 0.45910707116127014 0
1675868560037 0.4571607708930969 0
1675868560264 0.45331835746765137 0
1675868560484 0.4489503800868988 0
1675868560688 0.4445388615131378 0
1675868560883 0.4398754835128784 0
1675868561081 0.4357796013355255 0
1675868561281 0.4315889775753021 0
1675868561488 0.42742982506752014 0
1675868561712 0.42302441596984863 0
1675868561918 0.416858971118927 0
1675868562112 0.41084611415863037 0
1675868562311 0.4058271646499634 0
1675868562537 0.40141454339027405 0
1675868562782 0.39409053325653076 0
1675868563045 0.3879917860031128 0
1675868563255 0.38062727451324463 0
1675868563474 0.3739108741283417 0
1675868563686 0.36566632986068726 0
1675868563909 0.35830050706863403 0
1675868564134 0.34817883372306824 0
1675868564344 0.33939212560653687 0
1675868564557 0.32963836193084717 0
1675868564760 0.3204527199268341 0
1675868564992 0.310496062040329 0
1675868565202 0.2987132668495178 0
1675868565440 0.289350688457489 0
1675868565655 0.27610087394714355 0
1675868565878 0.26455506682395935 0
1675868566086 0.24898740649223328 0
1675868566336 0.23979145288467407 0
1675868566561 0.22620663046836853 0
1675868566772 0.20845240354537964 0
1675868566980 0.19720466434955597 0
1675868567227 0.18811005353927612 0
1675868567488 0.17653422057628632 0
1675868567702 0.16360504925251007 0
1675868567910 0.1519305408000946 0
1675868568117 0.13848042488098145 0
1675868568342 0.13227327167987823 0
1675868568551 0.1228892132639885 0
1675868568805 0.11564774811267853 0
1675868569002 0.1073334813117981 0
1675868569225 0.10399195551872253 0
1675868569424 0.09554148465394974 0
1675868569623 0.0894421637058258 0
1675868569834 0.08957033604383469 0
1675868570034 0.08397813141345978 0
1675868570268 0.08549884706735611 0
1675868570457 0.07565991580486298 0
1675868570676 0.0803808942437172 0
1675868570886 0.07497034221887589 0
1675868571089 0.07274027168750763 0
1675868571284 0.06969305127859116 0
1675868571471 0.06527182459831238 0
1675868571673 0.06466122716665268 0
1675868571857 0.06190968304872513 0
1675868572068 0.06895182281732559 0
1675868572269 0.06409406661987305 0
1675868572494 0.06642470508813858 0
1675868572710 0.06129049137234688 0
1675868572957 0.061802465468645096 0
1675868573228 0.0713607519865036 0
1675868574732 0.06306305527687073 0
1675868574937 0.06072753667831421 0
1675868575124 0.05354103446006775 0
1675868575365 0.06771493703126907 0
1675868575566 0.05777602642774582 0
1675868575792 0.06008727476000786 0
1675868576027 0.06309324502944946 0
1675868576242 0.06036996841430664 0
1675868576435 0.05299168452620506 0
1675868576650 0.05994059145450592 0
1675868576865 0.05954699590802193 0
1675868577081 0.058123789727687836 0
1675868577267 0.05256762355566025 0
1675868577515 0.06280853599309921 0
1675868577775 0.0611746683716774 0
1675868578012 0.06064148247241974 0
1675868578261 0.06272321194410324 0
1675868578486 0.05845179408788681 0
1675868578677 0.05140583962202072 0
1675868578898 0.05964212864637375 0
1675868579111 0.05509625002741814 0
1675868579329 0.05484592914581299 0
1675868579556 0.0571722611784935 0
1675868579784 0.056341588497161865 0
1675868579993 0.052945517003536224 0
1675868580208 0.056105319410562515 0
1675868580433 0.0573364794254303 0
1675868580649 0.05200452357530594 0
1675868580852 0.05272796377539635 0
1675868581098 0.0632334053516388 0
1675868581316 0.055708084255456924 0
1675868581564 0.06426259875297546 0
1675868581774 0.0468137226998806 0
1675868582003 0.05693179741501808 0
1675868582220 0.052962638437747955 0
1675868582446 0.05604331195354462 0
1675868582715 0.05936957895755768 0
1675868582973 0.051072560250759125 0
1675868583237 0.053457293659448624 0
1675868583447 0.046718157827854156 0
1675868583657 0.052759140729904175 0
1675868583835 0.04508955031633377 0
1675868584047 0.05288290977478027 0
1675868584244 0.050499968230724335 0
1675868584453 0.051816392689943314 0
1675868584676 0.05659231171011925 0
1675868584903 0.05046017840504646 0
1675868585111 0.049087878316640854 0
1675868585304 0.047856930643320084 0
1675868585530 0.05544265732169151 0
1675868585787 0.06047220900654793 0
1675868586006 0.04768163338303566 0
1675868586245 0.05651971697807312 0
1675868586510 0.059129051864147186 0
1675868586714 0.04880079627037048 0
1675868586939 0.04978704825043678 0
1675868587170 0.05004294216632843 0
1675868587379 0.04735572263598442 0
1675868587585 0.04876737669110298 0
1675868587805 0.05153549835085869 0
1675868588010 0.05036068707704544 0
1675868588246 0.05931158736348152 0
1675868588468 0.05453582480549812 0
1675868588676 0.04929431155323982 0
1675868588887 0.05173790082335472 0
1675868589127 0.05550438538193703 0
1675868589346 0.05014391988515854 0
1675868589571 0.05158926174044609 0
1675868589792 0.050736088305711746 0
1675868590032 0.0575195848941803 0
1675868590251 0.05361887067556381 0
1675868590459 0.047722186893224716 0
1675868590686 0.05288446694612503 0
1675868590944 0.057024914771318436 0
1675868591155 0.04841892793774605 0
1675868591397 0.05325959995388985 0
1675868591618 0.04553313925862312 0
1675868591855 0.05047295242547989 0
1675868592079 0.049022313207387924 0
1675868592304 0.047201238572597504 0
1675868592533 0.05030042305588722 0
1675868592818 0.043912820518016815 0
1675868593043 0.04427477344870567 0
1675868593281 0.05094820261001587 0
1675868593520 0.048961225897073746 0
1675868593752 0.05122179910540581 0
1675868593992 0.05214603617787361 0
1675868594254 0.054345712065696716 0
1675868594476 0.048675794154405594 0
1675868594707 0.04755287617444992 0
1675868594951 0.05330668389797211 0
1675868595176 0.04664626717567444 0
1675868595400 0.049917224794626236 0
1675868595635 0.05090826004743576 0
1675868595874 0.0501825176179409 0
1675868596097 0.04570237919688225 0
1675868596308 0.04534269869327545 0
1675868596548 0.052988652139902115 0
1675868596780 0.04843119904398918 0
1675868597006 0.04909644275903702 0
1675868597252 0.0514366440474987 0
1675868597483 0.04866969212889671 0
1675868597697 0.04457363858819008 0
1675868597910 0.04933317378163338 0
1675868598142 0.05065033584833145 0
1675868598365 0.0505405068397522 0
1675868598587 0.04764268919825554 0
1675868598836 0.05546525865793228 0
1675868599091 0.05690076947212219 0
1675868599284 0.0408065989613533 0
1675868599522 0.050103604793548584 0
1675868599723 0.0420982763171196 0
1675868599946 0.05172671750187874 0
1675868600135 0.04427684098482132 0
1675868600362 0.05227276310324669 0
1675868600582 0.04965387284755707 0
1675868600787 0.04342664033174515 0
1675868600986 0.04531488195061684 0
1675868601226 0.05327397957444191 0
1675868601426 0.04627787694334984 0
1675868601673 0.04665982350707054 0
1675868601933 0.046538226306438446 0
1675868602208 0.05055279657244682 0
1675868602487 0.05135001242160797 0
1675868602738 0.04341638460755348 0
1675868602998 0.0450185090303421 0
1675868603278 0.04901943355798721 0
1675868603498 0.043542709201574326 0
1675868603724 0.0503244511783123 0
1675868603923 0.04566197842359543 0
1675868604161 0.04321502521634102 0
1675868604370 0.0466972216963768 0
1675868604580 0.04734273627400398 0
1675868604792 0.04893425852060318 0
1675868605051 0.05002395063638687 0
1675868605277 0.05042579025030136 0
1675868605479 0.04337821155786514 0
1675868605698 0.044620852917432785 0
1675868605914 0.046034980565309525 0
1675868606123 0.04992671310901642 0
1675868606358 0.052669037133455276 0
1675868606584 0.05084231123328209 0
1675868606793 0.04672976955771446 0
1675868607022 0.05237869545817375 0
1675868607248 0.05176551640033722 0
1675868607439 0.043188344687223434 0
1675868607670 0.05418303981423378 0
1675868607859 0.04302613437175751 0
1675868608070 0.04671000316739082 0
1675868608277 0.0474495030939579 0
1675868608495 0.05015023425221443 0
1675868608703 0.047443684190511703 0
1675868608904 0.04410818591713905 0
1675868609128 0.05178547650575638 0
1675868609328 0.04256528615951538 0
1675868609528 0.04449104517698288 0
1675868609743 0.04643429070711136 0
1675868611149 0.04774988815188408 0
1675868611348 0.04277734085917473 0
1675868611573 0.04783245548605919 0
1675868611805 0.05009400472044945 0
1675868612021 0.047221191227436066 0
1675868612235 0.04909057542681694 0
1675868612455 0.05132236331701279 0
1675868612705 0.051619235426187515 0
1675868612966 0.04517409950494766 0
1675868613261 0.053458377718925476 0
1675868613548 0.05205550044775009 0
1675868613811 0.04766140505671501 0
1675868614113 0.05485118553042412 0
1675868614365 0.05016728863120079 0
1675868614600 0.05117535963654518 0
1675868614801 0.04492006078362465 0
1675868615018 0.04979928210377693 0
1675868615221 0.04733926057815552 0
1675868615463 0.05001135542988777 0
1675868615659 0.04585029184818268 0
1675868615866 0.04666551575064659 0
1675868616074 0.045116350054740906 0
1675868616287 0.04779589921236038 0
1675868616508 0.04978662356734276 0
1675868616754 0.05456070601940155 0
1675868616937 0.04261541739106178 0
1675868617155 0.0476716049015522 0
1675868617362 0.04499603435397148 0
1675868617578 0.04769214242696762 0
1675868617796 0.04769020527601242 0
1675868617999 0.04495055228471756 0
1675868618216 0.04831822216510773 0
1675868618416 0.04459618777036667 0
1675868618626 0.0458391048014164 0
1675868618873 0.05502922832965851 0
1675868619091 0.04592598229646683 0
1675868619312 0.047071680426597595 0
1675868619549 0.05325993150472641 0
1675868619754 0.04494233801960945 0
1675868619968 0.04909209907054901 0
1675868620180 0.04606210067868233 0
1675868620388 0.04351658746600151 0
1675868620607 0.047771111130714417 0
1675868620835 0.05107210949063301 0
1675868621034 0.044221192598342896 0
1675868621250 0.04837654531002045 0
1675868621504 0.05739607661962509 0
1675868621738 0.05394681915640831 0
1675868621988 0.051446203142404556 0
1675868622207 0.04994749650359154 0
1675868622437 0.0478508360683918 0
1675868622645 0.04106275364756584 0
1675868622918 0.0497555211186409 0
1675868623174 0.04881757125258446 0
1675868623392 0.04243679717183113 0
1675868623617 0.04862555116415024 0
1675868623838 0.04995296522974968 0
1675868624064 0.0465107299387455 0
1675868624279 0.046638619154691696 0
1675868624477 0.043389447033405304 0
1675868624671 0.04355281963944435 0
1675868624883 0.048851825296878815 0
1675868625085 0.04475908353924751 0
1675868625294 0.04690946266055107 0
1675868625529 0.04901006445288658 0
1675868625761 0.04580046981573105 0
1675868625947 0.041332460939884186 0
1675868626163 0.05083918571472168 0
1675868626394 0.0514976903796196 0
1675868626601 0.047233350574970245 0
1675868626826 0.05298089236021042 0
1675868627052 0.05062315613031387 0
1675868627250 0.04476775974035263 0
1675868627476 0.04947744682431221 0
1675868627676 0.043476417660713196 0
1675868627905 0.051180049777030945 0
1675868628129 0.05022827163338661 0
1675868628346 0.046248048543930054 0
1675868628573 0.04960991069674492 0
1675868628779 0.04411860182881355 0
1675868628992 0.04430032894015312 0
1675868629207 0.05028713867068291 0
1675868629411 0.04294433444738388 0
1675868629642 0.04754628613591194 0
1675868629832 0.04413413628935814 0
1675868630041 0.04753635451197624 0
1675868630263 0.05368036404252052 0
1675868630489 0.05122220888733864 0
1675868630690 0.04546154662966728 0
1675868630907 0.048207320272922516 0
1675868631127 0.04874676838517189 0
1675868631343 0.04866880923509598 0
1675868631563 0.047539740800857544 0
1675868631792 0.05355192720890045 0
1675868632000 0.04821872338652611 0
1675868632207 0.04526561126112938 0
1675868632405 0.04307183995842934 0
1675868632646 0.05213616415858269 0
1675868632888 0.04201184958219528 0
1675868633146 0.04465422406792641 0
1675868633417 0.0557372160255909 0
1675868633647 0.047361165285110474 0
1675868633901 0.05046078562736511 0
1675868634148 0.04898025840520859 0
1675868634381 0.04813949391245842 0
1675868634602 0.043097492307424545 0
1675868634831 0.04926566779613495 0
1675868635041 0.04308992624282837 0
1675868635306 0.05468408018350601 0
1675868635525 0.04372560232877731 0
1675868635756 0.04712659493088722 0
1675868635972 0.04372158646583557 0
1675868636250 0.056140173226594925 0
1675868636486 0.048149947077035904 0
1675868636737 0.0487460158765316 0
1675868636970 0.04869336262345314 0
1675868637207 0.04778290539979935 0
1675868637440 0.048304468393325806 0
1675868637661 0.04540504887700081 0
1675868637866 0.043152131140232086 0
1675868638105 0.05020778253674507 0
1675868638322 0.04839763417840004 0
1675868638526 0.046575888991355896 0
1675868638731 0.04769366979598999 0
1675868638938 0.04607971012592316 0
1675868639158 0.048963382840156555 0
1675868639377 0.04743731766939163 0
1675868639610 0.0479082353413105 0
1675868639798 0.04039442539215088 0
1675868640048 0.045884259045124054 0
1675868640256 0.04567140340805054 0
1675868640442 0.041034650057554245 0
1675868640648 0.04798969253897667 0
1675868640868 0.0466705746948719 0
1675868641080 0.04844190925359726 0
1675868641294 0.046430688351392746 0
1675868641513 0.04666183143854141 0
1675868641755 0.05213538929820061 0
1675868641980 0.05009874328970909 0
1675868642224 0.05434798449277878 0
1675868642413 0.04141966998577118 0
1675868642623 0.04580240696668625 0
1675868642889 0.046446919441223145 0
1675868643162 0.04828445240855217 0
1675868643426 0.04781195893883705 0
1675868643690 0.04706108197569847 0
1675868643904 0.045096613466739655 0
1675868644114 0.045452095568180084 0
1675868644330 0.04486670717597008 0
1675868644540 0.04617186635732651 0
1675868644800 0.0466797910630703 0
1675868645040 0.04163031652569771 0
1675868645301 0.044729769229888916 0
1675868645537 0.04022444039583206 0
1675868645803 0.04533740505576134 0
1675868646056 0.04336972162127495 0
1675868646311 0.04830184951424599 0
1675868647907 0.05172101780772209 0
1675868648110 0.043342407792806625 0
1675868648332 0.04901691898703575 0
1675868648528 0.04075413942337036 0
1675868648729 0.04442043974995613 0
1675868648936 0.0452018603682518 0
1675868649149 0.04564054682850838 0
1675868649380 0.05099792778491974 0
1675868649648 0.0509677454829216 0
1675868649859 0.04488340765237808 0
1675868650064 0.04597074165940285 0
1675868650283 0.05142804980278015 0
1675868650508 0.05164651200175285 0
1675868650717 0.04800610616803169 0
1675868650912 0.04271503910422325 0
1675868651092 0.039344292134046555 0
1675868651289 0.04482584446668625 0
1675868651510 0.04817777872085571 0
1675868651710 0.04406718164682388 0
1675868651901 0.04337651655077934 0
1675868652117 0.04561672732234001 0
1675868652327 0.04595177248120308 0
1675868652582 0.05238340049982071 0
1675868652846 0.04739677906036377 0
1675868653121 0.046972282230854034 0
1675868653379 0.0449853353202343 0
1675868653637 0.0464419350028038 0
1675868653854 0.04459723085165024 0
1675868654067 0.0425976887345314 0
1675868654258 0.04291665926575661 0
1675868654494 0.050296589732170105 0
1675868654780 0.052678074687719345 0
1675868654997 0.04495932161808014 0
1675868655221 0.04857451468706131 0
1675868655436 0.04389120638370514 0
1675868655644 0.04553641751408577 0
1675868655870 0.052490584552288055 0
1675868656075 0.045079395174980164 0
1675868656271 0.04262736067175865 0
1675868656490 0.049081649631261826 0
1675868656685 0.04285229369997978 0
1675868656890 0.03977315127849579 0
1675868657098 0.04449348896741867 0
1675868657293 0.043548863381147385 0
1675868657536 0.05467289313673973 0
1675868657748 0.04672366753220558 0
1675868657989 0.0509919747710228 0
1675868658196 0.04066851735115051 0
1675868658418 0.050688404589891434 0
1675868658648 0.04824383929371834 0
1675868658856 0.04639653116464615 0
1675868659100 0.047096144407987595 0
1675868659372 0.04895484820008278 0
1675868659629 0.04436768218874931 0
1675868659845 0.04711708053946495 0
1675868660061 0.049799446016550064 0
1675868660266 0.045200396329164505 0
1675868660497 0.04808889329433441 0
1675868660709 0.048525430262088776 0
1675868660952 0.04961202293634415 0
1675868661193 0.052552029490470886 0
1675868661386 0.04223885014653206 0
1675868661575 0.0408916249871254 0
1675868661782 0.046412479132413864 0
1675868661985 0.043623216450214386 0
1675868662207 0.04515143483877182 0
1675868662423 0.04867064952850342 0
1675868662643 0.04736858606338501 0
1675868662921 0.04546532407402992 0
1675868663164 0.04545225948095322 0
1675868663404 0.04891140013933182 0
1675868663645 0.05000043287873268 0
1675868663852 0.04463851824402809 0
1675868664097 0.0530095212161541 0
1675868664324 0.04703861102461815 0
1675868664549 0.04509619250893593 0
1675868664745 0.041815441101789474 0
1675868664973 0.0475078746676445 0
1675868665177 0.04310397431254387 0
1675868665377 0.043555498123168945 0
1675868665607 0.04757390543818474 0
1675868665818 0.0468178354203701 0
1675868666040 0.049100980162620544 0
1675868666294 0.0506434328854084 0
1675868666530 0.04839526489377022 0
1675868666772 0.04916958138346672 0
1675868667025 0.04618079215288162 0
1675868667273 0.046418167650699615 0
1675868667475 0.04279500991106033 0
1675868667699 0.05128662288188934 0
1675868667889 0.042396727949380875 0
1675868668115 0.04729681834578514 0
1675868668362 0.05261476710438728 0
1675868668598 0.05024171620607376 0
1675868668826 0.04864306375384331 0
1675868669048 0.04712340235710144 0
1675868669249 0.04460155963897705 0
1675868669457 0.04533183574676514 0
1675868669665 0.045499786734580994 0
1675868669903 0.04953639209270477 0
1675868670136 0.046109385788440704 0
1675868670338 0.04363377392292023 0
1675868670537 0.04413648694753647 0
1675868670741 0.04335295408964157 0
1675868670953 0.0458032600581646 0
1675868671182 0.04417429864406586 0
1675868671397 0.048956792801618576 0
1675868671618 0.04669522866606712 0
1675868671839 0.046463094651699066 0
1675868672107 0.06047603487968445 0
1675868672323 0.04765972122550011 0
1675868672535 0.044564563781023026 0
1675868672765 0.04378180950880051 0
1675868673019 0.04737720265984535 0
1675868673244 0.04546838626265526 0
1675868673500 0.0451769158244133 0
1675868673769 0.04593009874224663 0
1675868674025 0.04504857212305069 0
1675868674235 0.044313374906778336 0
1675868674448 0.04576999694108963 0
1675868674672 0.04763064160943031 0
1675868674869 0.04370506852865219 0
1675868675084 0.04558657482266426 0
1675868675296 0.04789125174283981 0
1675868675538 0.055566493421792984 0
1675868675778 0.052781060338020325 0
1675868675986 0.0451681986451149 0
1675868676220 0.05086075887084007 0
1675868676423 0.04716602340340614 0
1675868676633 0.0435749888420105 0
1675868676844 0.043546561151742935 0
1675868677055 0.048003144562244415 0
1675868677256 0.0452750138938427 0
1675868677484 0.05136086419224739 0
1675868677723 0.049438729882240295 0
1675868677964 0.04887563735246658 0
1675868678208 0.04686959087848663 0
1675868678432 0.04465546831488609 0
1675868678659 0.04710296913981438 0
1675868678920 0.04653886705636978 0
1675868679171 0.04759301245212555 0
1675868679395 0.046572837978601456 0
1675868679623 0.048599425703287125 0
1675868679829 0.04449700191617012 0
1675868680039 0.04681592434644699 0
1675868680238 0.04460156708955765 0
1675868680450 0.047379303723573685 0
1675868680678 0.051791705191135406 0
1675868680906 0.04889858886599541 0
1675868681142 0.05063566192984581 0
1675868681359 0.046739500015974045 0
1675868681580 0.04730767756700516 0
1675868681808 0.051909781992435455 0
1675868682021 0.04550909623503685 0
1675868682250 0.04775635153055191 0
1675868682516 0.0588812381029129 0
1675868682736 0.045001883059740067 0
1675868684166 0.045706022530794144 0
1675868684379 0.04444278031587601 0
1675868684590 0.04507783427834511 0
1675868684816 0.05209730193018913 0
1675868685071 0.05262060835957527 0
1675868685293 0.046822402626276016 0
1675868685516 0.049522656947374344 0
1675868685738 0.04645479470491409 0
1675868685968 0.05021103471517563 0
1675868686184 0.046856243163347244 0
1675868686406 0.04772293195128441 0
1675868686650 0.053069230169057846 0
1675868686858 0.04827307164669037 0
1675868687088 0.05174091085791588 0
1675868687283 0.043421030044555664 0
1675868687486 0.045549362897872925 0
1675868687689 0.044583674520254135 0
1675868687885 0.04394083470106125 0
1675868688115 0.051803573966026306 0
1675868688339 0.04888128116726875 0
1675868688587 0.04821831360459328 0
1675868688792 0.04557548463344574 0
1675868689038 0.053486548364162445 0
1675868689254 0.04712064564228058 0
1675868689450 0.04218799248337746 0
1675868689659 0.04635057970881462 0
1675868689873 0.04695411026477814 0
1675868690073 0.045044541358947754 0
1675868690300 0.04928204417228699 0
1675868690542 0.04599611088633537 0
1675868690787 0.045195166021585464 0
1675868691002 0.04432567209005356 0
1675868691213 0.044483836740255356 0
1675868691407 0.04121996834874153 0
1675868691624 0.04477467015385628 0
1675868691865 0.051567260175943375 0
1675868692073 0.04374347999691963 0
1675868692293 0.04899626970291138 0
1675868692493 0.043429065495729446 0
1675868692730 0.04696899652481079 0
1675868692974 0.041370369493961334 0
1675868693249 0.049785349518060684 0
1675868693500 0.05115325376391411 0
1675868693722 0.047369278967380524 0
1675868693945 0.04826267436146736 0
1675868694172 0.04815592244267464 0
1675868694397 0.044488999992609024 0
1675868694642 0.05032021552324295 0
1675868694869 0.04416020214557648 0
1675868695085 0.044541891664266586 0
1675868695297 0.04463960602879524 0
1675868695523 0.0498897060751915 0
1675868695738 0.04590355604887009 0
1675868695959 0.04524543136358261 0
1675868696192 0.04575445502996445 0
1675868696394 0.042204126715660095 0
1675868696613 0.046727508306503296 0
1675868696844 0.04443526268005371 0
1675868697107 0.05018378421664238 0
1675868697322 0.04569689556956291 0
1675868697528 0.04350019618868828 0
1675868697721 0.0417826846241951 0
1675868697941 0.04664888232946396 0
1675868698145 0.04514189809560776 0
1675868698380 0.04587753862142563 0
1675868698583 0.040826208889484406 0
1675868698795 0.043785035610198975 0
1675868699021 0.044774025678634644 0
1675868699258 0.04849972203373909 0
1675868699497 0.052462607622146606 0
1675868699739 0.05132387578487396 0
1675868699974 0.05112920328974724 0
1675868700181 0.04213917627930641 0
1675868700396 0.04431133344769478 0
1675868700608 0.044420789927244186 0
1675868700870 0.053195007145404816 0
1675868701105 0.04664578661322594 0
1675868701333 0.04427144676446915 0
1675868701568 0.045936036854982376 0
1675868701792 0.043719492852687836 0
1675868702013 0.04249263182282448 0
1675868702228 0.04693073406815529 0
1675868702435 0.0449131578207016 0
1675868702687 0.04848509654402733 0
1675868702957 0.045998625457286835 0
1675868703220 0.05017164349555969 0
1675868703471 0.05110861361026764 0
1675868703691 0.04307964816689491 0
1675868703950 0.049972355365753174 0
1675868704228 0.057689130306243896 0
1675868704454 0.044676415622234344 0
1675868704702 0.051000770181417465 0
1675868704928 0.04431653395295143 0
1675868705186 0.04855058342218399 0
1675868705416 0.0459706112742424 0
1675868705628 0.03910854831337929 0
1675868705875 0.0501805804669857 0
1675868706113 0.04853004217147827 0
1675868706336 0.047337766736745834 0
1675868706576 0.05032333359122276 0
1675868706802 0.04401114583015442 0
1675868707063 0.05035530775785446 0
1675868707306 0.048791781067848206 0
1675868707530 0.04314112290740013 0
1675868707730 0.04369767755270004 0
1675868707940 0.04616983234882355 0
1675868708119 0.036923639476299286 0
1675868708351 0.048006005585193634 0
1675868708558 0.04259425774216652 0
1675868708754 0.04203512519598007 0
1675868708989 0.04922938719391823 0
1675868709210 0.044637758284807205 0
1675868709431 0.04810353368520737 0
1675868709642 0.04527852684259415 0
1675868709865 0.0494220070540905 0
1675868710076 0.04342765361070633 0
1675868710282 0.04275121912360191 0
1675868710517 0.04853922128677368 0
1675868710739 0.04310714080929756 0
1675868710972 0.044906582683324814 0
1675868711198 0.045351359993219376 0
1675868711431 0.05110142007470131 0
1675868711640 0.0447770431637764 0
1675868711832 0.040462423115968704 0
1675868712028 0.04242617264389992 0
1675868712240 0.0462186299264431 0
1675868712443 0.044883646070957184 0
1675868712674 0.04863362014293671 0
1675868712943 0.049715571105480194 0
1675868713202 0.0472225546836853 0
1675868713416 0.0432778000831604 0
1675868713656 0.04747168347239494 0
1675868713906 0.0508255697786808 0
1675868714151 0.051843687891960144 0
1675868714360 0.04322218522429466 0
1675868714557 0.04220462590456009 0
1675868714771 0.04620501026511192 0
1675868714981 0.04316066950559616 0
1675868715216 0.04981858655810356 0
1675868715447 0.050549138337373734 0
1675868715678 0.04931454360485077 0
1675868715883 0.043963007628917694 0
1675868716131 0.05142456665635109 0
1675868716377 0.05320300906896591 0
1675868716599 0.047213584184646606 0
1675868716828 0.047562938183546066 0
1675868717066 0.04846340790390968 0
1675868717278 0.047158051282167435 0
1675868717494 0.04597775638103485 0
1675868717714 0.04823970049619675 0
1675868717923 0.04329835623502731 0
1675868718137 0.04470219835639 0
1675868718373 0.049910832196474075 0
1675868718566 0.04153773561120033 0
1675868718797 0.0492258258163929 0
1675868719026 0.044064756482839584 0
1675868719225 0.043266985565423965 0
1675868720668 0.04518997296690941 0
1675868720871 0.044828515499830246 0
1675868721088 0.04331858828663826 0
1675868721330 0.049780070781707764 0
1675868721534 0.04369492456316948 0
1675868721747 0.04897446930408478 0
1675868721964 0.04796013608574867 0
1675868722177 0.04497145116329193 0
1675868722405 0.04896579310297966 0
1675868722594 0.0407550111413002 0
1675868722862 0.04985323175787926 0
1675868723104 0.04451673477888107 0
1675868723307 0.04303114861249924 0
1675868723516 0.04538624361157417 0
1675868723746 0.048619579523801804 0
1675868723969 0.04533644765615463 0
1675868724221 0.05045676976442337 0
1675868724429 0.04610465466976166 0
1675868724665 0.04543769359588623 0
1675868724878 0.044386766850948334 0
1675868725148 0.05462544783949852 0
1675868725380 0.04741276428103447 0
1675868725585 0.04580758512020111 0
1675868725796 0.04431430622935295 0
1675868726004 0.04425995796918869 0
1675868726221 0.04635844752192497 0
1675868726427 0.0431612953543663 0
1675868726654 0.04857204109430313 0
1675868726865 0.04281055927276611 0
1675868727083 0.04824504256248474 0
1675868727295 0.0460355207324028 0
1675868727502 0.04436806961894035 0
1675868727725 0.048039112240076065 0
1675868727948 0.045488081872463226 0
1675868728187 0.04879595711827278 0
1675868728434 0.05284111201763153 0
1675868728657 0.04805738478899002 0
1675868728843 0.04027669131755829 0
1675868729050 0.04283805191516876 0
1675868729289 0.04629338160157204 0
1675868729525 0.04945017397403717 0
1675868729727 0.043218232691287994 0
1675868729914 0.038824331015348434 0
1675868730124 0.04442182555794716 0
1675868730359 0.05055828392505646 0
1675868730560 0.0406419113278389 0
1675868730799 0.05232400819659233 0
1675868731002 0.04434759169816971 0
1675868731200 0.04098939523100853 0
1675868731429 0.05088255926966667 0
1675868731643 0.044505685567855835 0
1675868731846 0.04578949511051178 0
1675868732057 0.0442463681101799 0
1675868732241 0.03869429975748062 0
1675868732433 0.0421329103410244 0
1675868732655 0.04201168939471245 0
1675868732933 0.04107816144824028 0
1675868733192 0.054488953202962875 0
1675868733400 0.04375896975398064 0
1675868733623 0.04906337335705757 0
1675868733836 0.045790404081344604 0
1675868734066 0.04868432879447937 0
1675868734289 0.04985298961400986 0
1675868734494 0.044039689004421234 0
1675868734725 0.05084028095006943 0
1675868734935 0.04245202988386154 0
1675868735178 0.047171853482723236 0
1675868735392 0.041526418179273605 0
1675868735620 0.047271728515625 0
1675868735868 0.047358352690935135 0
1675868736071 0.043633632361888885 0
1675868736287 0.04680749401450157 0
1675868736489 0.04449243098497391 0
1675868736711 0.048183172941207886 0
1675868736942 0.05003073066473007 0
1675868737179 0.04973547160625458 0
1675868737404 0.04733319953083992 0
1675868737618 0.046189941465854645 0
1675868737847 0.046796925365924835 0
1675868738070 0.04398687556385994 0
1675868738294 0.047757938504219055 0
1675868738525 0.051095932722091675 0
1675868738747 0.05013301596045494 0
1675868738951 0.041406113654375076 0
1675868739167 0.04279961809515953 0
1675868739392 0.04486197233200073 0
1675868739611 0.04583035036921501 0
1675868739858 0.0551142692565918 0
1675868740060 0.044201597571372986 0
1675868740284 0.050259336829185486 0
1675868740487 0.04409730061888695 0
1675868740696 0.04163200408220291 0
1675868740886 0.04083241522312164 0
1675868741105 0.04881623387336731 0
1675868741331 0.04813288524746895 0
1675868741554 0.04792450740933418 0
1675868741773 0.045010440051555634 0
1675868741998 0.04912634193897247 0
1675868742224 0.049846865236759186 0
1675868742445 0.04885444790124893 0
1675868742674 0.04514579474925995 0
1675868742907 0.041975460946559906 0
1675868743204 0.05107898637652397 0
1675868743445 0.05000092089176178 0
1675868743674 0.05064921826124191 0
1675868743885 0.04811948910355568 0
1675868744099 0.04823782294988632 0
1675868744310 0.04595743864774704 0
1675868744508 0.04468849301338196 0
1675868744709 0.044403836131095886 0
1675868744897 0.03988739475607872 0
1675868745100 0.04258839413523674 0
1675868745330 0.05094745382666588 0
1675868745557 0.05069391429424286 0
1675868745782 0.05074213445186615 0
1675868745995 0.04517820477485657 0
1675868746207 0.048261262476444244 0
1675868746414 0.04684846103191376 0
1675868746607 0.04019766300916672 0
1675868746804 0.043815985321998596 0
1675868747001 0.04392832890152931 0
1675868747238 0.05127380043268204 0
1675868747473 0.04886426031589508 0
1675868747722 0.046929746866226196 0
1675868747981 0.04550350829958916 0
1675868748222 0.0476873517036438 0
1675868748474 0.05050945654511452 0
1675868748693 0.048814840614795685 0
1675868748900 0.04638231173157692 0
1675868749120 0.046564601361751556 0
1675868749329 0.0454656183719635 0
1675868749581 0.04718460142612457 0
1675868749804 0.04890310764312744 0
1675868750050 0.05544763058423996 0
1675868750271 0.04744734987616539 0
1675868750478 0.04498137906193733 0
1675868750697 0.04862375929951668 0
1675868750908 0.0460098497569561 0
1675868751124 0.04450320079922676 0
1675868751335 0.04522620514035225 0
1675868751620 0.049626674503088 0
1675868751850 0.044929858297109604 0
1675868752054 0.044647831469774246 0
1675868752270 0.04711093381047249 0
1675868752525 0.048315245658159256 0
1675868752828 0.04341072961688042 0
1675868753067 0.045052461326122284 0
1675868753336 0.047205861657857895 0
1675868753579 0.047487255185842514 0
1675868753806 0.04573187232017517 0
1675868754017 0.0453794002532959 0
1675868754250 0.04809415712952614 0
1675868754434 0.03805594518780708 0
1675868754626 0.042397432029247284 0
1675868754856 0.04659080505371094 0
1675868755100 0.047847699373960495 0
1675868755320 0.04762077331542969 0
1675868756748 0.04346023499965668 0
1675868757022 0.05207210034132004 0
1675868757254 0.04739467427134514 0
1675868757472 0.044555023312568665 0
1675868757712 0.04513293877243996 0
1675868757930 0.04238530993461609 0
1675868758170 0.05218110978603363 0
1675868758374 0.044590216130018234 0
1675868758597 0.049509447067976 0
1675868758825 0.04996860399842262 0
1675868759009 0.03967392072081566 0
1675868759242 0.04734985530376434 0
1675868759444 0.042574960738420486 0
1675868759696 0.05237143859267235 0
1675868759895 0.04401858523488045 0
1675868760101 0.043347857892513275 0
1675868760324 0.04776030778884888 0
1675868760538 0.04192572832107544 0
1675868760776 0.050801489502191544 0
1675868761010 0.048819560557603836 0
1675868761233 0.0474698506295681 0
1675868761501 0.05758608132600784 0
1675868761712 0.044908713549375534 0
1675868761932 0.0463680699467659 0
1675868762151 0.04745396226644516 0
1675868762355 0.044427964836359024 0
1675868762571 0.04517793655395508 0
1675868762825 0.0487850159406662 0
1675868763078 0.04663386195898056 0
1675868763329 0.05004528537392616 0
1675868763555 0.043677449226379395 0
1675868763795 0.0488731823861599 0
1675868764020 0.04578521102666855 0
1675868764243 0.046775851398706436 0
1675868764472 0.05101034790277481 0
1675868764682 0.046174291521310806 0
1675868764902 0.049368493258953094 0
1675868765105 0.04316823184490204 0
1675868765299 0.04293425381183624 0
1675868765499 0.04356018081307411 0
1675868765694 0.04296181723475456 0
1675868765905 0.0465557686984539 0
1675868766141 0.051859889179468155 0
1675868766364 0.04935040697455406 0
1675868766630 0.05450136587023735 0
1675868766868 0.04777851700782776 0
1675868767115 0.05002548545598984 0
1675868767320 0.04600551724433899 0
1675868767531 0.04604809358716011 0
1675868767735 0.04223020374774933 0
1675868767945 0.04412965849041939 0
1675868768190 0.04906832426786423 0
1675868768395 0.04435475170612335 0
1675868768627 0.05102107673883438 0
1675868768863 0.05113358795642853 0
1675868769057 0.04180788993835449 0
1675868769278 0.04789101704955101 0
1675868769506 0.049599867314100266 0
1675868769709 0.04359324276447296 0
1675868769924 0.04663483798503876 0
1675868770130 0.04447273910045624 0
1675868770375 0.05016034469008446 0
1675868770602 0.048990339040756226 0
1675868770805 0.04210955649614334 0
1675868771024 0.04834689944982529 0
1675868771245 0.04624912142753601 0
1675868771439 0.04250950366258621 0
1675868771669 0.047745250165462494 0
1675868771883 0.044534530490636826 0
1675868772104 0.04394613578915596 0
1675868772342 0.048802658915519714 0
1675868772581 0.0464116670191288 0
1675868772846 0.040550850331783295 0
1675868773093 0.04518663138151169 0
1675868773315 0.043821483850479126 0
1675868773519 0.044078279286623 0
1675868773716 0.03983420133590698 0
1675868773936 0.04576814919710159 0
1675868774140 0.04370124265551567 0
1675868774341 0.0431797131896019 0
1675868774534 0.04219295084476471 0
1675868774764 0.04816391319036484 0
1675868775002 0.05274539068341255 0
1675868775261 0.04822675511240959 0
1675868775547 0.05187373235821724 0
1675868775833 0.04780976474285126 0
1675868776081 0.04335273802280426 0
1675868776347 0.04814976826310158 0
1675868776572 0.043933652341365814 0
1675868776774 0.04378654062747955 0
1675868776958 0.03836452588438988 0
1675868777160 0.0443497933447361 0
1675868777363 0.04194100201129913 0
1675868777588 0.0482122078537941 0
1675868777811 0.04978325590491295 0
1675868778061 0.04634276032447815 0
1675868778285 0.047633685171604156 0
1675868778496 0.04544496908783913 0
1675868778741 0.05051695182919502 0
1675868778958 0.04691621661186218 0
1675868779186 0.04638569802045822 0
1675868779369 0.04098666459321976 0
1675868779602 0.049512218683958054 0
1675868779825 0.04474905505776405 0
1675868780039 0.04561078920960426 0
1675868780255 0.047509774565696716 0
1675868780471 0.04769020527601242 0
1675868780666 0.04352309927344322 0
1675868780862 0.04262389987707138 0
1675868781074 0.04628122225403786 0
1675868781288 0.04780898243188858 0
1675868781525 0.04960278794169426 0
1675868781742 0.04695238173007965 0
1675868781967 0.04780370369553566 0
1675868782194 0.05044037476181984 0
1675868782414 0.04820204898715019 0
1675868782633 0.04630221799015999 0
1675868782931 0.04869083687663078 0
1675868783214 0.04714580997824669 0
1675868783510 0.05424979701638222 0
1675868783764 0.04475687816739082 0
1675868783990 0.04315750300884247 0
1675868784196 0.04518180340528488 0
1675868784391 0.04260873794555664 0
1675868784590 0.042565107345581055 0
1675868784820 0.04909403249621391 0
1675868785018 0.044605810195207596 0
1675868785237 0.04392869397997856 0
1675868785433 0.0423426628112793 0
1675868785628 0.042744219303131104 0
1675868785834 0.04563409090042114 0
1675868786064 0.05086180195212364 0
1675868786267 0.045168377459049225 0
1675868786465 0.043192118406295776 0
1675868786687 0.04691094532608986 0
1675868786897 0.04656979814171791 0
1675868787120 0.04545677453279495 0
1675868787307 0.038628917187452316 0
1675868787505 0.0436335913836956 0
1675868787722 0.04559186473488808 0
1675868787930 0.04459654539823532 0
1675868788146 0.04447230324149132 0
1675868788404 0.0533011220395565 0
1675868788588 0.03903394937515259 0
1675868788790 0.0413920097053051 0
1675868789009 0.04748227447271347 0
1675868789210 0.044991884380578995 0
1675868789425 0.04708877205848694 0
1675868789624 0.040321849286556244 0
1675868789841 0.04686694219708443 0
1675868790069 0.046947184950113297 0
1675868790283 0.04394117370247841 0
1675868790530 0.05205249413847923 0
1675868790753 0.048666443675756454 0
1675868790941 0.04084218293428421 0
1675868791161 0.046577680855989456 0
1675868791350 0.041411738842725754 0
1675868792804 0.048160385340452194 0
1675868793044 0.045385122299194336 0
1675868793294 0.051408592611551285 0
1675868793527 0.04466038569808006 0
1675868793744 0.04480351507663727 0
1675868793972 0.04980381950736046 0
1675868794172 0.042352672666311264 0
1675868794397 0.04847114905714989 0
1675868794588 0.04129699617624283 0
1675868794787 0.04384852945804596 0
1675868794983 0.04142514988780022 0
1675868795208 0.049271006137132645 0
1675868795416 0.045458029955625534 0
1675868795634 0.04804834723472595 0
1675868795824 0.0415482223033905 0
1675868796060 0.05163668468594551 0
1675868796247 0.039966896176338196 0
1675868796430 0.0409822054207325 0
1675868796643 0.046812254935503006 0
1675868796845 0.044041797518730164 0
1675868797049 0.045535922050476074 0
1675868797226 0.038526128977537155 0
1675868797444 0.04713679477572441 0
1675868797647 0.044761184602975845 0
1675868797862 0.04585018381476402 0
1675868798088 0.04556139186024666 0
1675868798321 0.04854652285575867 0
1675868798523 0.043112821877002716 0
1675868798717 0.04287674278020859 0
1675868798961 0.05210404843091965 0
1675868799201 0.051652852445840836 0
1675868799396 0.04359756037592888 0
1675868799596 0.04418890178203583 0
1675868799842 0.04818400740623474 0
1675868800074 0.050582315772771835 0
1675868800289 0.045321330428123474 0
1675868800500 0.04550713300704956 0
1675868800703 0.0431380420923233 0
1675868800928 0.05113077163696289 0
1675868801164 0.04980868473649025 0
1675868801356 0.04169768467545509 0
1675868801573 0.04556480050086975 0
1675868801777 0.04551725462079048 0
1675868802001 0.04879980906844139 0
1675868802207 0.04375055804848671 0
1675868802427 0.04654743894934654 0
1675868802693 0.05006512999534607 0
1675868802961 0.03966287150979042 0
1675868803214 0.048866964876651764 0
1675868803452 0.045577771961688995 0
1675868803689 0.04828102886676788 0
1675868803915 0.04608035832643509 0
1675868804161 0.04964970052242279 0
1675868804369 0.044659484177827835 0
1675868804581 0.045598313212394714 0
1675868804792 0.040922485291957855 0
1675868805037 0.05260653421282768 0
1675868805245 0.04372590035200119 0
1675868805468 0.04800087958574295 0
1675868805693 0.04840654879808426 0
1675868805886 0.04234885424375534 0
1675868806134 0.05625110864639282 0
1675868806345 0.04409384727478027 0
1675868806555 0.04553164169192314 0
1675868806745 0.04128148406744003 0
1675868806976 0.045397400856018066 0
1675868807165 0.03701571375131607 0
1675868807405 0.051665663719177246 0
1675868807618 0.04494135081768036 0
1675868807815 0.04343286156654358 0
1675868808005 0.04103860631585121 0
1675868808219 0.04465973377227783 0
1675868808454 0.044628363102674484 0
1675868808664 0.045475102961063385 0
1675868808887 0.047941308468580246 0
1675868809106 0.046752285212278366 0
1675868809353 0.05379194766283035 0
1675868809579 0.04250425100326538 0
1675868809803 0.04876607283949852 0
1675868810000 0.042918164283037186 0
1675868810227 0.04743191599845886 0
1675868810431 0.044907096773386 0
1675868810619 0.03766585886478424 0
1675868810858 0.04899018257856369 0
1675868811076 0.0449315644800663 0
1675868811298 0.04800939932465553 0
1675868811538 0.053127139806747437 0
1675868811736 0.042882345616817474 0
1675868811932 0.0416538342833519 0
1675868812146 0.04293552786111832 0
1675868812372 0.04627761244773865 0
1675868812612 0.05079549178481102 0
1675868812908 0.04646771401166916 0
1675868813160 0.04569123685359955 0
1675868813396 0.04508577287197113 0
1675868813648 0.051513127982616425 0
1675868813918 0.0577075257897377 0
1675868814135 0.044170819222927094 0
1675868814339 0.038100335747003555 0
1675868814563 0.042535364627838135 0
1675868814776 0.04222048074007034 0
1675868814991 0.04242390766739845 0
1675868815239 0.04985492303967476 0
1675868815477 0.04546848312020302 0
1675868815703 0.045588381588459015 0
1675868815935 0.04678146168589592 0
1675868816166 0.046703074127435684 0
1675868816390 0.04933891445398331 0
1675868816585 0.039912424981594086 0
1675868816807 0.04610566794872284 0
1675868817028 0.0460159108042717 0
1675868817247 0.044599827378988266 0
1675868817504 0.05168330296874046 0
1675868817706 0.04369737207889557 0
1675868817900 0.041225943714380264 0
1675868818094 0.04322303831577301 0
1675868818306 0.04493381828069687 0
1675868818518 0.046069931238889694 0
1675868818714 0.04269443079829216 0
1675868818939 0.04970037192106247 0
1675868819179 0.04752171039581299 0
1675868819425 0.04893726482987404 0
1675868819667 0.048303525894880295 0
1675868819908 0.051968906074762344 0
1675868820119 0.045534897595644 0
1675868820314 0.042826540768146515 0
1675868820521 0.042012445628643036 0
1675868820723 0.04409002140164375 0
1675868820971 0.05021794140338898 0
1675868821203 0.05012337118387222 0
1675868821422 0.048650648444890976 0
1675868821641 0.046994395554065704 0
1675868821867 0.051550447940826416 0
1675868822098 0.048937808722257614 0
1675868822295 0.043028395622968674 0
1675868822537 0.048267196863889694 0
1675868822847 0.04895198717713356 0
1675868823140 0.05011719837784767 0
1675868823396 0.04988214001059532 0
1675868823639 0.048416830599308014 0
1675868823840 0.04226609691977501 0
1675868824041 0.04178748279809952 0
1675868824273 0.04923223331570625 0
1675868824500 0.049057383090257645 0
1675868824747 0.0477115660905838 0
1675868824980 0.046720847487449646 0
1675868825210 0.04329806938767433 0
1675868825452 0.04571473225951195 0
1675868825680 0.043184902518987656 0
1675868825901 0.04858027771115303 0
1675868826097 0.04252919554710388 0
1675868826318 0.04400251433253288 0
1675868826544 0.046424269676208496 0
1675868826792 0.04826540872454643 0
1675868827010 0.04470227286219597 0
1675868827206 0.0407852977514267 0
1675868827410 0.045371443033218384 0
1675868828914 0.053770340979099274 0
1675868829155 0.04881172254681587 0
1675868829397 0.04901891201734543 0
1675868829617 0.04764742776751518 0
1675868829816 0.04275413975119591 0
1675868830032 0.04726782068610191 0
1675868830258 0.047051940113306046 0
1675868830476 0.0465969480574131 0
1675868830662 0.038181450217962265 0
1675868830866 0.041903410106897354 0
1675868831055 0.03930255398154259 0
1675868831273 0.046386994421482086 0
1675868831479 0.0461571030318737 0
1675868831730 0.05136477202177048 0
1675868831948 0.04581042751669884 0
1675868832184 0.049196068197488785 0
1675868832407 0.04681730270385742 0
1675868832615 0.041998062282800674 0
1675868832879 0.04506375640630722 0
1675868833153 0.052312303334474564 0
1675868833349 0.041041355580091476 0
1675868833601 0.05100236088037491 0
1675868833820 0.04675939679145813 0
1675868834039 0.04589853063225746 0
1675868834242 0.0429065003991127 0
1675868834458 0.04564713314175606 0
1675868834666 0.0451614111661911 0
1675868834925 0.04874200001358986 0
1675868835151 0.04669640213251114 0
1675868835396 0.05349363014101982 0
1675868835609 0.04501316323876381 0
1675868835847 0.05097664147615433 0
1675868836073 0.04889345169067383 0
1675868836285 0.04492432624101639 0
1675868836479 0.04113655537366867 0
1675868836677 0.042190201580524445 0
1675868836907 0.04437389597296715 0
1675868837161 0.04822324216365814 0
1675868837398 0.04500720649957657 0
1675868837598 0.04150262847542763 0
1675868837815 0.04492930322885513 0
1675868838041 0.04636090248823166 0
1675868838261 0.047960054129362106 0
1675868838496 0.0492585226893425 0
1675868838747 0.053188759833574295 0
1675868838966 0.045682791620492935 0
1675868839181 0.04426053538918495 0
1675868839389 0.0434691421687603 0
1675868839603 0.04508443921804428 0
1675868839831 0.04637804627418518 0
1675868840039 0.04329705238342285 0
1675868840237 0.04158500209450722 0
1675868840444 0.0438658744096756 0
1675868840641 0.04170340299606323 0
1675868840869 0.04885543882846832 0
1675868841072 0.04108466953039169 0
1675868841272 0.04126550629734993 0
1675868841507 0.05136677995324135 0
1675868841717 0.04308653622865677 0
1675868841930 0.04412693530321121 0
1675868842175 0.04772438108921051 0
1675868842381 0.04048255831003189 0
1675868842601 0.043673258274793625 0
1675868842889 0.04818522930145264 0
1675868843150 0.04645618051290512 0
1675868843378 0.04630602151155472 0
1675868843603 0.05002989619970322 0
1675868843819 0.04785941541194916 0
1675868844042 0.04537495598196983 0
1675868844274 0.04805281013250351 0
1675868844471 0.043138232082128525 0
1675868844678 0.04148460924625397 0
1675868844910 0.0486937016248703 0
1675868845139 0.04599541053175926 0
1675868845350 0.0472981259226799 0
1675868845571 0.048488814383745193 0
1675868845810 0.04998794198036194 0
1675868846023 0.04635680466890335 0
1675868846229 0.044155966490507126 0
1675868846474 0.053461164236068726 0
1675868846705 0.04504624009132385 0
1675868846932 0.04576229676604271 0
1675868847153 0.04541659355163574 0
1675868847374 0.048134855926036835 0
1675868847606 0.051331210881471634 0
1675868847830 0.047536659985780716 0
1675868848046 0.044867660850286484 0
1675868848270 0.041724592447280884 0
1675868848501 0.045961007475852966 0
1675868848730 0.04467904195189476 0
1675868848932 0.039937008172273636 0
1675868849136 0.0434931218624115 0
1675868849345 0.04482552036643028 0
1675868849560 0.04469390586018562 0
1675868849778 0.044037412852048874 0
1675868849996 0.043651141226291656 0
1675868850201 0.04008922725915909 0
1675868850401 0.0423445925116539 0
1675868850643 0.05137362331151962 0
1675868850889 0.053267765790224075 0
1675868851097 0.04457494616508484 0
1675868851316 0.04713431000709534 0
1675868851536 0.04739033803343773 0
1675868851761 0.04905068874359131 0
1675868851954 0.040598638355731964 0
1675868852167 0.04040440171957016 0
1675868852396 0.050925273448228836 0
1675868852592 0.04292963072657585 0
1675868852864 0.04683797433972359 0
1675868853128 0.04865535721182823 0
1675868853376 0.047939788550138474 0
1675868853594 0.046553805470466614 0
1675868853797 0.043903328478336334 0
1675868853999 0.04332223907113075 0
1675868854202 0.04267949238419533 0
1675868854448 0.04773491993546486 0
1675868854712 0.050559304654598236 0
1675868854929 0.04711310192942619 0
1675868855155 0.04316701740026474 0
1675868855373 0.04516737535595894 0
1675868855601 0.05092758685350418 0
1675868855817 0.04429752752184868 0
1675868856022 0.044397495687007904 0
1675868856249 0.0486086905002594 0
1675868856478 0.04970530420541763 0
1675868856693 0.04257712513208389 0
1675868856911 0.047016773372888565 0
1675868857098 0.04007875546813011 0
1675868857307 0.045579101890325546 0
1675868857509 0.04475649073719978 0
1675868857707 0.04261467605829239 0
1675868857899 0.039836183190345764 0
1675868858153 0.05037175491452217 0
1675868858393 0.04637729004025459 0
1675868858616 0.0447285957634449 0
1675868858848 0.047767966985702515 0
1675868859047 0.03936515748500824 0
1675868859300 0.04717154800891876 0
1675868859543 0.048578131943941116 0
1675868859754 0.038427941501140594 0
1675868860002 0.04908016324043274 0
1675868860218 0.04740920290350914 0
1675868860439 0.047394320368766785 0
1675868860636 0.04172147437930107 0
1675868860872 0.05081552267074585 0
1675868861075 0.04408079385757446 0
1675868861328 0.05242316424846649 0
1675868861525 0.04219427332282066 0
1675868861726 0.04354027658700943 0
1675868861924 0.04211287572979927 0
1675868862171 0.05317443609237671 0
1675868862374 0.045454345643520355 0
1675868862616 0.05009348317980766 0
1675868862895 0.044547051191329956 0
1675868863124 0.0455046072602272 0
1675868863355 0.045448873192071915 0
1675868863554 0.04361818730831146 0
1675868864976 0.04375971481204033 0
1675868865216 0.05060770362615585 0
1675868865412 0.04142563417553902 0
1675868865639 0.046858206391334534 0
1675868865853 0.046403806656599045 0
1675868866050 0.043387848883867264 0
1675868866273 0.04689352586865425 0
1675868866473 0.04410156235098839 0
1675868866697 0.048495400696992874 0
1675868866913 0.048451732844114304 0
1675868867131 0.04481339827179909 0
1675868867333 0.04108654707670212 0
1675868867532 0.04415043815970421 0
1675868867749 0.046792566776275635 0
1675868867936 0.03895355015993118 0
1675868868165 0.04960283264517784 0
1675868868367 0.04106668382883072 0
1675868868580 0.04384779557585716 0
1675868868791 0.04386978968977928 0
1675868869009 0.04636546969413757 0
1675868869217 0.04569758102297783 0
1675868869430 0.04547015577554703 0
1675868869638 0.04272916167974472 0
1675868869824 0.04076235368847847 0
1675868870035 0.0429295115172863 0
1675868870260 0.049799561500549316 0
1675868870487 0.04597696289420128 0
1675868870710 0.04604049772024155 0
1675868870929 0.047600071877241135 0
1675868871148 0.04410797730088234 0
1675868871398 0.04704778268933296 0
1675868871649 0.05099101364612579 0
1675868871855 0.04531530663371086 0
1675868872059 0.04525444656610489 0
1675868872290 0.048968568444252014 0
1675868872500 0.04599635303020477 0
1675868872737 0.046590499579906464 0
1675868873015 0.04967488721013069 0
1675868873255 0.04736432805657387 0
1675868873475 0.04780895262956619 0
1675868873691 0.04742822051048279 0
1675868873921 0.04576574265956879 0
1675868874134 0.04680607095360756 0
1675868874358 0.04656931385397911 0
1675868874600 0.047966159880161285 0
1675868874843 0.04922456666827202 0
1675868875096 0.05389013513922691 0
1675868875339 0.049090564250946045 0
1675868875572 0.0452045314013958 0
1675868875809 0.04466116055846214 0
1675868876019 0.04519283398985863 0
1675868876206 0.03927621990442276 0
1675868876415 0.04431712254881859 0
1675868876647 0.048251815140247345 0
1675868876836 0.040274739265441895 0
1675868877041 0.04465770348906517 0
1675868877261 0.04703399911522865 0
1675868877501 0.050385981798172 0
1675868877727 0.04742074012756348 0
1675868877932 0.04449941962957382 0
1675868878153 0.04788601025938988 0
1675868878357 0.04270511120557785 0
1675868878559 0.04172813147306442 0
1675868878765 0.042045965790748596 0
1675868878984 0.046872761100530624 0
1675868879193 0.0400979146361351 0
1675868879405 0.043489009141922 0
1675868879630 0.04423152282834053 0
1675868879891 0.04882913827896118 0
1675868880120 0.05095648393034935 0
1675868880327 0.043710045516490936 0
1675868880558 0.04781118780374527 0
1675868880797 0.050858814269304276 0
1675868881017 0.04544033110141754 0
1675868881223 0.0454244390130043 0
1675868881420 0.041607148945331573 0
1675868881626 0.04423975571990013 0
1675868881857 0.04886984825134277 0
1675868882071 0.046225741505622864 0
1675868882254 0.03902069106698036 0
1675868882437 0.03855518996715546 0
1675868882663 0.045388635247945786 0
1675868882919 0.044838517904281616 0
1675868883154 0.045097194612026215 0
1675868883410 0.050620678812265396 0
1675868883639 0.04642112925648689 0
1675868883868 0.04983134567737579 0
1675868884116 0.05107411742210388 0
1675868884326 0.044907063245773315 0
1675868884536 0.04481540620326996 0
1675868884795 0.05167615786194801 0
1675868885028 0.04515552148222923 0
1675868885237 0.04166368767619133 0
1675868885461 0.04830378666520119 0
1675868885666 0.03862645849585533 0
1675868885862 0.04156559333205223 0
1675868886106 0.05370420217514038 0
1675868886293 0.039204612374305725 0
1675868886515 0.04710313677787781 0
1675868886715 0.04130376875400543 0
1675868886946 0.04719558730721474 0
1675868887157 0.042239006608724594 0
1675868887406 0.047839194536209106 0
1675868887624 0.0460640974342823 0
1675868887861 0.051278986036777496 0
1675868888072 0.04698837921023369 0
1675868888269 0.0430801585316658 0
1675868888494 0.047633275389671326 0
1675868888717 0.04835774376988411 0
1675868888915 0.042976077646017075 0
1675868889140 0.04544725641608238 0
1675868889361 0.049208272248506546 0
1675868889583 0.04496849700808525 0
1675868889813 0.04584240913391113 0
1675868890027 0.04526577517390251 0
1675868890225 0.04306909069418907 0
1675868890434 0.04505900666117668 0
1675868890629 0.04135514050722122 0
1675868890862 0.04948392137885094 0
1675868891091 0.04543384537100792 0
1675868891348 0.05350569635629654 0
1675868891536 0.03872758895158768 0
1675868891761 0.04567474126815796 0
1675868891975 0.04152630642056465 0
1675868892198 0.04773886501789093 0
1675868892393 0.04158652573823929 0
1675868892615 0.046729668974876404 0
1675868892914 0.04667851701378822 0
1675868893152 0.04193541035056114 0
1675868893403 0.045782800763845444 0
1675868893627 0.04539310932159424 0
1675868893842 0.042978979647159576 0
1675868894052 0.044865842908620834 0
1675868894244 0.04024993255734444 0
1675868894445 0.0438399612903595 0
1675868894661 0.04554464668035507 0
1675868894873 0.04593712463974953 0
1675868895141 0.05498031899333 0
1675868895356 0.04437047615647316 0
1675868895572 0.046274539083242416 0
1675868895809 0.04688328877091408 0
1675868896022 0.04629975184798241 0
1675868896221 0.0437266081571579 0
1675868896446 0.04960665479302406 0
1675868896657 0.045971907675266266 0
1675868896891 0.04573611542582512 0
1675868897129 0.0460553839802742 0
1675868897354 0.04696602746844292 0
1675868897571 0.04654599353671074 0
1675868897786 0.0434269905090332 0
1675868897992 0.043747447431087494 0
1675868898216 0.04721430689096451 0
1675868898472 0.0518106147646904 0
1675868898697 0.048634644597768784 0
1675868898904 0.04427012801170349 0
1675868899124 0.0465179979801178 0
1675868899365 0.05045177787542343 0
1675868900813 0.05005136504769325 0
1675868901026 0.04529475420713425 0
1675868901229 0.04194236546754837 0
1675868901486 0.0481250174343586 0
1675868901678 0.04171128571033478 0
1675868901905 0.04089239984750748 0
1675868902164 0.04295061528682709 0
1675868902438 0.046646326780319214 0
1675868902712 0.047814056277275085 0
1675868902956 0.043664973229169846 0
1675868903249 0.05205957219004631 0
1675868903496 0.04354410246014595 0
1675868903751 0.04438597708940506 0
1675868904043 0.050516821444034576 0
1675868904302 0.04444330185651779 0
1675868904559 0.04411882162094116 0
1675868904808 0.04144284129142761 0
1675868905090 0.05077653378248215 0
1675868905335 0.05210535228252411 0
1675868905602 0.04735072702169418 0
1675868905900 0.05178990587592125 0
1675868906138 0.0491342693567276 0
1675868906366 0.04977552965283394 0
1675868906570 0.043223705142736435 0
1675868906763 0.04114462435245514 0
1675868907008 0.04946645721793175 0
1675868907224 0.04458602890372276 0
1675868907431 0.04259086772799492 0
1675868907648 0.044629041105508804 0
1675868907861 0.04646821692585945 0
1675868908090 0.045823924243450165 0
1675868908322 0.04722609743475914 0
1675868908550 0.04777858406305313 0
1675868908755 0.043161746114492416 0
1675868908969 0.04619217291474342 0
1675868909212 0.04995875805616379 0
1675868909429 0.0463387556374073 0
1675868909624 0.041456542909145355 0
1675868909833 0.043672263622283936 0
1675868910054 0.04801745340228081 0
1675868910295 0.0511869378387928 0
1675868910522 0.049770087003707886 0
1675868910750 0.04926086217164993 0
1675868910945 0.04120464250445366 0
1675868911167 0.04778167977929115 0
1675868911376 0.04619435593485832 0
1675868911599 0.04748782142996788 0
1675868911808 0.0433226078748703 0
1675868912030 0.044994376599788666 0
1675868912239 0.04533461481332779 0
1675868912455 0.04547297954559326 0
1675868912692 0.04569006338715553 0
1675868913022 0.0531303808093071 0
1675868913257 0.04539201408624649 0
1675868913481 0.04355344921350479 0
1675868913711 0.04486025124788284 0
1675868913950 0.04905959963798523 0
1675868914182 0.04190778732299805 0
1675868914404 0.043447598814964294 0
1675868914632 0.04721629247069359 0
1675868914830 0.04077212139964104 0
1675868915058 0.0467204749584198 0
1675868915276 0.045774947851896286 0
1675868915485 0.044080182909965515 0
1675868915690 0.04215839505195618 0
1675868915905 0.04658450558781624 0
1675868916153 0.04730382561683655 0
1675868916386 0.04609541967511177 0
1675868916615 0.044460590928792953 0
1675868916890 0.05400591343641281 0
1675868917147 0.0512869730591774 0
1675868917356 0.04359910637140274 0
1675868917577 0.047297269105911255 0
1675868917793 0.04078299552202225 0
1675868918066 0.052017878741025925 0
1675868918345 0.04604072496294975 0
1675868918610 0.04673372209072113 0
1675868918828 0.04509586840867996 0
1675868919022 0.04097680374979973 0
1675868919250 0.04558124765753746 0
1675868919485 0.04729100689291954 0
1675868919727 0.048028625547885895 0
1675868919925 0.04020627960562706 0
1675868920135 0.04495446756482124 0
1675868920358 0.04712831601500511 0
1675868920585 0.047047097235918045 0
1675868920816 0.04771195352077484 0
1675868921025 0.045365769416093826 0
1675868921249 0.04913533106446266 0
1675868921449 0.04152078554034233 0
1675868921659 0.043947670608758926 0
1675868921876 0.04801126942038536 0
1675868922071 0.04207663983106613 0
1675868922307 0.04708606377243996 0
1675868922513 0.04320182278752327 0
1675868922769 0.042825475335121155 0
1675868923058 0.04665800929069519 0
1675868923297 0.044640250504016876 0
1675868923489 0.038815926760435104 0
1675868923708 0.03972020372748375 0
1675868923925 0.04380708932876587 0
1675868924139 0.039797376841306686 0
1675868924379 0.04357355833053589 0
1675868924589 0.04107890650629997 0
1675868924804 0.04505063220858574 0
1675868925040 0.050675325095653534 0
1675868925250 0.04416044428944588 0
1675868925444 0.04027358815073967 0
1675868925694 0.04769580438733101 0
1675868925902 0.038567353039979935 0
1675868926128 0.04779806360602379 0
1675868926363 0.04624955728650093 0
1675868926569 0.04183843731880188 0
1675868926767 0.03984552621841431 0
1675868926979 0.04393593966960907 0
1675868927207 0.04639487713575363 0
1675868927432 0.04751663655042648 0
1675868927635 0.043099455535411835 0
1675868927831 0.04202599450945854 0
1675868928087 0.04851673170924187 0
1675868928371 0.053070589900016785 0
1675868928624 0.044276002794504166 0
1675868928860 0.045328158885240555 0
1675868929086 0.04433518275618553 0
1675868929343 0.05117764696478844 0
1675868929536 0.04092198610305786 0
1675868929773 0.05007763206958771 0
1675868930002 0.048903971910476685 0
1675868930222 0.04470093920826912 0
1675868930426 0.040303830057382584 0
1675868930646 0.045053355395793915 0
1675868930840 0.04100624471902847 0
1675868931085 0.05146928131580353 0
1675868931291 0.04382216930389404 0
1675868931509 0.04850839450955391 0
1675868931729 0.04488682746887207 0
1675868931942 0.04477422684431076 0
1675868932217 0.05484820529818535 0
1675868932463 0.04921600595116615 0
1675868932692 0.043901365250349045 0
1675868932985 0.042342789471149445 0
1675868933252 0.04937214404344559 0
1675868933477 0.042404938489198685 0
1675868933718 0.04482658952474594 0
1675868933957 0.046104054898023605 0
1675868934190 0.043208930641412735 0
1675868934406 0.044413670897483826 0
1675868934608 0.0435851514339447 0
1675868934861 0.04914691671729088 0
1675868935099 0.045943256467580795 0
1675868935353 0.047875791788101196 0
1675868935589 0.0461852103471756 0
1675868935796 0.04219699278473854 0
1675868936022 0.0439334399998188 0
1675868936250 0.04650218039751053 0
1675868936510 0.049637675285339355 0
1675868936710 0.04158688709139824 0
1675868938173 0.045655131340026855 0
1675868938399 0.04356284439563751 0
1675868938637 0.04426555335521698 0
1675868938825 0.03947078064084053 0
1675868939093 0.05239737033843994 0
1675868939327 0.04875701293349266 0
1675868939530 0.0428609661757946 0
1675868939749 0.04666513949632645 0
1675868939969 0.04648648574948311 0
1675868940178 0.045230746269226074 0
1675868940416 0.04621683061122894 0
1675868940623 0.042937733232975006 0
1675868940834 0.04283200576901436 0
1675868941077 0.048585958778858185 0
1675868941305 0.047646649181842804 0
1675868941528 0.04732462018728256 0
1675868941764 0.04890840873122215 0
1675868941986 0.04718440771102905 0
1675868942228 0.04936176910996437 0
1675868942433 0.04114702343940735 0
1675868942732 0.049447041004896164 0
1675868943022 0.04606117680668831 0
1675868943277 0.043032847344875336 0
1675868943556 0.047020286321640015 0
1675868943834 0.04882587119936943 0
1675868944094 0.04456076771020889 0
1675868944338 0.04105285182595253 0
1675868944571 0.043145135045051575 0
1675868944809 0.04615921527147293 0
1675868945063 0.04961086064577103 0
1675868945281 0.043636832386255264 0
1675868945502 0.043107740581035614 0
1675868945736 0.04545555263757706 0
1675868945930 0.03782624378800392 0
1675868946131 0.04350235313177109 0
1675868946356 0.04199870303273201 0
1675868946581 0.04398608207702637 0
1675868946809 0.04548364877700806 0
1675868947034 0.04507266357541084 0
1675868947263 0.0426618829369545 0
1675868947512 0.04895002767443657 0
1675868947738 0.04220698028802872 0
1675868947973 0.0455840639770031 0
1675868948213 0.04749439284205437 0
1675868948454 0.04746483638882637 0
1675868948654 0.04010447859764099 0
1675868948878 0.045577313750982285 0
1675868949112 0.043839894235134125 0
1675868949375 0.04773486778140068 0
1675868949605 0.046470824629068375 0
1675868949814 0.044824857264757156 0
1675868950031 0.04526033252477646 0
1675868950280 0.044204894453287125 0
1675868950506 0.04079015925526619 0
1675868950726 0.042984869331121445 0
1675868950966 0.04256535694003105 0
1675868951199 0.047277990728616714 0
1675868951439 0.05008787289261818 0
1675868951645 0.040641289204359055 0
1675868951897 0.049131784588098526 0
1675868952114 0.03961499035358429 0
1675868952380 0.04153656214475632 0
1675868952611 0.04166778177022934 0
1675868952870 0.03952058404684067 0
1675868953100 0.04242723062634468 0
1675868953366 0.045837871730327606 0
1675868953648 0.049260400235652924 0
1675868953917 0.04634425789117813 0
1675868954178 0.051048729568719864 0
1675868954456 0.04902368411421776 0
1675868954715 0.04367883875966072 0
1675868954990 0.0477268360555172 0
1675868955220 0.0422690287232399 0
1675868955474 0.04645414650440216 0
1675868955668 0.04009352624416351 0
1675868955901 0.04795195907354355 0
1675868956117 0.04582309350371361 0
1675868956301 0.04015499725937843 0
1675868956547 0.04891959950327873 0
1675868956768 0.041378121823072433 0
1675868956989 0.04361829534173012 0
1675868957216 0.043082479387521744 0
1675868957425 0.040112681686878204 0
1675868957717 0.05342808738350868 0
1675868957957 0.05071021616458893 0
1675868958174 0.04596418887376785 0
1675868958434 0.04965328052639961 0
1675868958674 0.04347212240099907 0
1675868958930 0.04854616895318031 0
1675868959149 0.042398955672979355 0
1675868959368 0.04307608678936958 0
1675868959594 0.04475182294845581 0
1675868959847 0.0449502170085907 0
1675868960090 0.04632153734564781 0
1675868960359 0.04596230015158653 0
1675868960638 0.04738736152648926 0
1675868960929 0.04994449391961098 0
1675868961182 0.04299364238977432 0
1675868961409 0.04526011273264885 0
1675868961624 0.04589129984378815 0
1675868961820 0.041972074657678604 0
1675868962044 0.04596889019012451 0
1675868962235 0.04086706042289734 0
1675868962476 0.05359432101249695 0
1675868962708 0.04591622203588486 0
1675868962904 0.0414762906730175 0
1675868963111 0.04522683471441269 0
1675868963312 0.04124116152524948 0
1675868963540 0.04902787134051323 0
1675868963788 0.05164453387260437 0
1675868964040 0.04915047064423561 0
1675868964267 0.04497615247964859 0
1675868964569 0.05379626527428627 0
1675868964803 0.04704262688755989 0
1675868965020 0.04411813244223595 0
1675868965249 0.04806993529200554 0
1675868965457 0.04456911236047745 0
1675868965651 0.04306609183549881 0
1675868965854 0.044159673154354095 0
1675868966048 0.04258415848016739 0
1675868966240 0.04301460459828377 0
1675868966464 0.04814821481704712 0
1675868966681 0.04644927382469177 0
1675868966901 0.045237280428409576 0
1675868967110 0.04464367404580116 0
1675868967334 0.04810527339577675 0
1675868967571 0.053590256720781326 0
1675868967776 0.04453840106725693 0
1675868967999 0.050765227526426315 0
1675868968198 0.04225309565663338 0
1675868968454 0.05398804321885109 0
1675868968666 0.04473040625452995 0
1675868968886 0.04684969037771225 0
1675868969082 0.042589664459228516 0
1675868969304 0.04304169490933418 0
1675868969529 0.047266971319913864 0
1675868969746 0.04443705454468727 0
1675868970001 0.052065957337617874 0
1675868970205 0.041423454880714417 0
1675868970418 0.04531606659293175 0
1675868970641 0.04594136029481888 0
1675868970887 0.045766476541757584 0
1675868971128 0.04647442325949669 0
1675868971325 0.042442601174116135 0
1675868971558 0.045815784484148026 0
1675868971771 0.04536104574799538 0
1675868971975 0.045083485543727875 0
1675868972198 0.048154011368751526 0
1675868972392 0.042241744697093964 0
1675868972590 0.04294329136610031 0
1675868972809 0.048941925168037415 0
1675868973015 0.044776760041713715 0
1675868973296 0.0441383421421051 0
1675868973603 0.04856390133500099 0
1675868973893 0.04750466346740723 0
1675868974186 0.04697687551379204 0
1675868974472 0.04862216114997864 0
1675868976073 0.040540702641010284 0
1675868976293 0.04551267251372337 0
1675868976493 0.04414946585893631 0
1675868976675 0.038565125316381454 0
1675868976875 0.04329705983400345 0
1675868977117 0.04959866777062416 0
1675868977353 0.049311380833387375 0
1675868977567 0.043580662459135056 0
1675868977803 0.049150243401527405 0
1675868978037 0.04856036975979805 0
1675868978268 0.04730435088276863 0
1675868978459 0.04194175824522972 0
1675868978678 0.04568711295723915 0
1675868978895 0.04496173933148384 0
1675868979150 0.04833555966615677 0
1675868979372 0.045798443257808685 0
1675868979595 0.045793239027261734 0
1675868979821 0.0486430898308754 0
1675868980040 0.04643893241882324 0
1675868980258 0.047379687428474426 0
1675868980474 0.04286278039216995 0
1675868980695 0.04309210926294327 0
1675868980916 0.04692123085260391 0
1675868981129 0.04302465543150902 0
1675868981377 0.049681782722473145 0
1675868981590 0.042910490185022354 0
1675868981812 0.04887838661670685 0
1675868982023 0.047144852578639984 0
1675868982231 0.04601544514298439 0
1675868982456 0.047215916216373444 0
1675868982684 0.04743611067533493 0
1675868982928 0.04480322077870369 0
1675868983216 0.04949556663632393 0
1675868983447 0.0403626449406147 0
1675868983746 0.05198381841182709 0
1675868984019 0.04795777052640915 0
1675868984293 0.052239272743463516 0
1675868984535 0.05253400653600693 0
1675868984742 0.043179742991924286 0
1675868984959 0.047773439437150955 0
1675868985228 0.049561794847249985 0
1675868985438 0.04411721229553223 0
1675868985672 0.04470803216099739 0
1675868985912 0.05005412548780441 0
1675868986131 0.04629821330308914 0
1675868986344 0.04619530960917473 0
1675868986575 0.0484059639275074 0
1675868986786 0.043189339339733124 0
1675868987022 0.04725384712219238 0
1675868987240 0.04426586627960205 0
1675868987443 0.044430673122406006 0
1675868987663 0.04798860475420952 0
1675868987886 0.04416082799434662 0
1675868988108 0.04786758869886398 0
1675868988325 0.04622669145464897 0
1675868988522 0.043211184442043304 0
1675868988744 0.04346112534403801 0
1675868988934 0.0397837795317173 0
1675868989148 0.04530928283929825 0
1675868989365 0.045792143791913986 0
1675868989598 0.0491747185587883 0
1675868989801 0.043597087264060974 0
1675868990012 0.04481220617890358 0
1675868990231 0.04591302573680878 0
1675868990449 0.04685017466545105 0
1675868990645 0.040607742965221405 0
1675868990839 0.041253987699747086 0
1675868991057 0.047234371304512024 0
1675868991250 0.0410182811319828 0
1675868991463 0.04522314667701721 0
1675868991681 0.04478184133768082 0
1675868991920 0.049373362213373184 0
1675868992128 0.04258425533771515 0
1675868992349 0.04568053036928177 0
1675868992556 0.04433877766132355 0
1675868992818 0.04607824981212616 0
1675868993046 0.03815842419862747 0
1675868993272 0.043532680720090866 0
1675868993502 0.043997377157211304 0
1675868993710 0.04336816817522049 0
1675868993921 0.0444854311645031 0
1675868994132 0.04359535872936249 0
1675868994428 0.056429173797369 0
1675868994648 0.04281821474432945 0
1675868994839 0.03859874606132507 0
1675868995055 0.042370785027742386 0
1675868995304 0.050819747149944305 0
1675868995547 0.04805820435285568 0
1675868995814 0.04901571944355965 0
1675868996053 0.04582808539271355 0
1675868996300 0.04745839908719063 0
1675868996539 0.048856429755687714 0
1675868996748 0.043078359216451645 0
1675868996958 0.042334895581007004 0
1675868997170 0.04492620751261711 0
1675868997386 0.043984729796648026 0
1675868997601 0.04285604879260063 0
1675868997861 0.05106233432888985 0
1675868998102 0.04755963757634163 0
1675868998324 0.04693688452243805 0
1675868998538 0.045188773423433304 0
1675868998756 0.046570856124162674 0
1675868998986 0.04568571597337723 0
1675868999202 0.045756544917821884 0
1675868999449 0.04955346882343292 0
1675868999645 0.04042680561542511 0
1675868999873 0.04451907053589821 0
1675869000112 0.0464891642332077 0
1675869000346 0.046933673322200775 0
1675869000532 0.0377933531999588 0
1675869000736 0.04407741501927376 0
1675869000966 0.04518120735883713 0
1675869001222 0.05049942806363106 0
1675869001446 0.045722778886556625 0
1675869001653 0.044555582106113434 0
1675869001865 0.043286971747875214 0
1675869002078 0.044176217168569565 0
1675869002287 0.04406466707587242 0
1675869002500 0.04428873211145401 0
1675869002790 0.04998735338449478 0
1675869003056 0.04784020036458969 0
1675869003293 0.04579870402812958 0
1675869003542 0.047195155173540115 0
1675869003796 0.04662109166383743 0
1675869004041 0.04849852994084358 0
1675869004255 0.04436243698000908 0
1675869004495 0.04262341186404228 0
1675869004757 0.044393859803676605 0
1675869005024 0.04346706345677376 0
1675869005273 0.04369688406586647 0
1675869005513 0.048496875911951065 0
1675869005735 0.04668270796537399 0
1675869005939 0.04261496663093567 0
1675869006167 0.04782574623823166 0
1675869006367 0.04023231938481331 0
1675869006583 0.04476155340671539 0
1675869006832 0.04796113073825836 0
1675869007066 0.049127258360385895 0
1675869007270 0.043779630213975906 0
1675869007481 0.044330280274152756 0
1675869007687 0.04340242221951485 0
1675869007900 0.047190871089696884 0
1675869008086 0.03980238363146782 0
1675869008288 0.04320461302995682 0
1675869008513 0.04774174839258194 0
1675869008717 0.04328283667564392 0
1675869008933 0.044094596058130264 0
1675869009158 0.04765024408698082 0
1675869009365 0.041255686432123184 0
1675869009595 0.04793686792254448 0
1675869009803 0.04117501527070999 0
1675869010002 0.042786359786987305 0
1675869010226 0.04888875409960747 0
1675869010408 0.03950288146734238 0
1675869010594 0.0393766351044178 0
1675869010789 0.03945179283618927 0
1675869011000 0.045336995273828506 0
