1675977810078 0.01702868491411209 0
1675977810421 0.6680161952972412 40
1675977810510 0.651125717163086 80
1675977810593 0.6377430438995362 120
1675977810683 0.6262026309967041 160
1675977810771 0.6122061252593994 200
1675977810877 0.5856664657592774 240
1675977810978 0.6090274810791015 280
1675977811176 0.5943679809570312 320
1675977811414 0.5914651393890381 360
1675977811560 0.600965929031372 400
1675977811704 0.5822107791900635 440
1675977811813 0.6371110439300537 480
1675977812012 0.5968379974365234 520
1675977812106 0.5741124153137207 560
1675977812193 0.6013319969177247 600
1675977812295 0.5885816097259522 640
1675977812470 0.570455265045166 680
1675977812582 0.5824028491973877 720
1675977812724 0.5921463966369629 760
1675977812894 0.5772019863128662 800
1675977813045 0.5835754871368408 840
1675977813173 0.5893532276153565 880
1675977813265 0.5741180419921875 920
1675977813361 0.5716798305511475 960
1675977813499 0.5653059482574463 1000
1675977813670 0.5629006862640381 1040
1675977813803 0.5577424526214599 1080
1675977813946 0.5443055152893066 1120
1675977814093 0.5059930324554444 1160
1675977814243 0.5350395202636719 1200
1675977814457 0.5416279792785644 1240
1675977814640 0.5439022064208985 1280
1675977814847 0.50032958984375 1320
1675977815021 0.5077307224273682 1360
1675977815240 0.48801264762878416 1400
1675977815466 0.4984471797943115 1440
1675977815651 0.4911803722381592 1480
1675977815794 0.48999958038330077 1520
1675977815933 0.44319519996643064 1560
1675977816029 0.4856699466705322 1600
1675977816129 0.4806169033050537 1640
1675977816358 0.45471868515014646 1680
1675977816511 0.45908207893371583 1720
1675977816617 0.44161386489868165 1760
1675977816722 0.437286376953125 1800
1675977816815 0.41132683753967286 1840
1675977816914 0.4322676181793213 1880
1675977817023 0.4027371406555176 1920
1675977817130 0.3990180015563965 1960
1675977817253 0.3830430269241333 2000
1675977817387 0.38708770275115967 2040
1675977817560 0.43147668838500974 2080
1675977817670 0.3661643981933594 2120
1675977817800 0.392130446434021 2160
1675977817957 0.3802486419677734 2200
1675977818087 0.36163129806518557 2240
1675977818228 0.4051341533660889 2280
1675977818323 0.3843226432800293 2320
1675977818493 0.35895624160766604 2360
1675977818624 0.361285662651062 2400
1675977818767 0.3662083148956299 2440
1675977818917 0.3710167646408081 2480
1675977819084 0.3536736011505127 2520
1675977819201 0.3615493059158325 2560
1675977819379 0.3282781600952148 2600
1675977819493 0.35215661525726316 2640
1675977819676 0.3316523313522339 2680
1675977819776 0.30120298862457273 2720
1675977819878 0.34301631450653075 2760
1675977819998 0.3821412086486816 2800
1675977820130 0.32342464923858644 2840
1675977820293 0.3498802661895752 2880
1675977820409 0.3489643335342407 2920
1675977820578 0.33232603073120115 2960
1675977820697 0.31332237720489503 3000
1675977820872 0.34086248874664304 3040
1675977821028 0.33784985542297363 3080
1675977821170 0.33408031463623045 3120
1675977821277 0.28266425132751466 3160
1675977821388 0.2951409578323364 3200
1675977821499 0.28252196311950684 3240
1675977821602 0.3511961936950684 3280
1675977821713 0.2930454730987549 3320
1675977821815 0.35977652072906496 3360
1675977821919 0.34574270248413086 3400
1675977822065 0.2781217575073242 3440
1675977822187 0.3284534692764282 3480
1675977822322 0.3320876121520996 3520
1675977822438 0.27896270751953123 3560
1675977822539 0.275605297088623 3600
1675977822651 0.2979662179946899 3640
1675977822769 0.24155471324920655 3680
1675977822888 0.2672588586807251 3720
1675977823013 0.32958331108093264 3760
1675977823127 0.2805242300033569 3800
1675977823226 0.29502627849578855 3840
1675977823327 0.29502344131469727 3880
1675977823417 0.2632920503616333 3920
1675977823535 0.35999197959899903 3960
1675977823640 0.30142879486083984 4000
1675977823772 0.30050547122955323 4040
1675977823925 0.27747693061828616 4080
1675977824082 0.32702605724334716 4120
1675977824217 0.3120718479156494 4160
1675977824350 0.27316138744354246 4200
1675977824491 0.3161556959152222 4240
1675977824712 0.29861042499542234 4280
1675977824852 0.2658194303512573 4320
1675977824959 0.24833128452301026 4360
1675977825089 0.299994158744812 4400
1675977825223 0.2860438108444214 4440
1675977825348 0.271635913848877 4480
1675977825534 0.25860278606414794 4520
1675977825649 0.31336822509765627 4560
1675977825797 0.3562413215637207 4600
1675977825912 0.274272084236145 4640
1675977826049 0.266161847114563 4680
1675977826202 0.29519774913787844 4720
1675977826320 0.28832082748413085 4760
1675977826427 0.2406764268875122 4800
1675977826548 0.2693044900894165 4840
1675977826709 0.22961938381195068 4880
1675977826892 0.22801775932312013 4920
1675977827014 0.229632568359375 4960
1675977827169 0.2524369239807129 5000
1675977827289 0.23459627628326415 5040
1675977827498 0.2385655641555786 5080
1675977827606 0.27662930488586424 5120
1675977827767 0.2963608980178833 5160
1675977827866 0.2115398645401001 5200
1675977828071 0.27809906005859375 5240
1675977828199 0.24779253005981444 5280
1675977828314 0.2768845558166504 5320
1675977828454 0.24211928844451905 5360
1675977828587 0.2553504228591919 5400
1675977828702 0.19863789081573485 5440
1675977828822 0.25943450927734374 5480
1675977829141 0.26036767959594725 5520
1675977829374 0.24908864498138428 5560
1675977829542 0.254495906829834 5600
1675977829682 0.24522683620452881 5640
1675977829878 0.20555801391601564 5680
1675977830116 0.26879539489746096 5720
1675977830260 0.22101242542266847 5760
1675977830404 0.19883248805999756 5800
1675977830523 0.30761919021606443 5840
1675977830609 0.21444008350372315 5880
1675977830718 0.263205885887146 5920
1675977830824 0.30239603519439695 5960
1675977830972 0.2601296424865723 6000
1675977831127 0.2377721071243286 6040
1675977831219 0.21073296070098876 6080
1675977831344 0.1774378776550293 6120
1675977831465 0.21306095123291016 6160
1675977831569 0.21519002914428711 6200
1675977831685 0.17941718101501464 6240
1675977831790 0.2084495782852173 6280
1675977831888 0.27705605030059816 6320
1675977831990 0.26117265224456787 6360
1675977832090 0.25668604373931886 6400
1675977832180 0.19040738344192504 6440
1675977832321 0.20391671657562255 6480
1675977832441 0.2266239643096924 6520
1675977832536 0.26192986965179443 6560
1675977832635 0.2340372085571289 6600
1675977832738 0.18604555130004882 6640
1675977832830 0.22108471393585205 6680
1675977832966 0.253028416633606 6720
1675977833069 0.2266998529434204 6760
1675977833166 0.21283538341522218 6800
1675977833324 0.20462043285369874 6840
1675977833419 0.20084683895111083 6880
1675977833524 0.1990152359008789 6920
1675977833645 0.18896347284317017 6960
1675977833741 0.21813466548919677 7000
1675977833894 0.20713839530944825 7040
1675977834027 0.23021578788757324 7080
1675977834135 0.17515641450881958 7120
1675977834261 0.23482725620269776 7160
1675977834395 0.21988167762756347 7200
1675977834551 0.1812415361404419 7240
1675977834703 0.17854712009429932 7280
1675977834797 0.18691996335983277 7320
1675977834916 0.17575198411941528 7360
1675977835019 0.1724156618118286 7400
1675977835131 0.22728943824768066 7440
1675977835234 0.17907899618148804 7480
1675977835395 0.20103237628936768 7520
1675977835536 0.2739612102508545 7560
1675977835654 0.20438847541809083 7600
1675977835782 0.21967239379882814 7640
1675977835897 0.18973681926727295 7680
1675977836034 0.22076287269592285 7720
1675977836172 0.19628511667251586 7760
1675977836335 0.19905754327774047 7800
1675977836459 0.15506891012191773 7840
1675977836583 0.2172785997390747 7880
1675977836706 0.19668953418731688 7920
1675977836877 0.21103625297546386 7960
1675977836965 0.1828169822692871 8000
1675977837067 0.23983509540557862 8040
1675977837166 0.2273531436920166 8080
1675977837259 0.16963810920715333 8120
1675977837357 0.20903558731079103 8160
1675977837473 0.1311431646347046 8200
1675977837576 0.19682780504226685 8240
1675977837706 0.1910282254219055 8280
1675977837838 0.18500044345855712 8320
1675977837939 0.17661633491516113 8360
1675977838040 0.21260643005371094 8400
1675977838156 0.16762698888778688 8440
1675977838265 0.14542285203933716 8480
1675977838368 0.1823775053024292 8520
1675977838507 0.16577625274658203 8560
1675977838650 0.1724489450454712 8600
1675977838758 0.21616036891937257 8640
1675977838881 0.179375958442688 8680
1675977839005 0.16072579622268676 8720
1675977839159 0.17537984848022461 8760
1675977839265 0.17935872077941895 8800
1675977839364 0.20752449035644532 8840
1675977839475 0.19216630458831788 8880
1675977839563 0.15245907306671141 8920
1675977839715 0.16153632402420043 8960
1675977839818 0.17276771068573 9000
1675977839915 0.1929529070854187 9040
1675977840007 0.18607374429702758 9080
1675977840095 0.1666502833366394 9120
1675977840195 0.16551668643951417 9160
1675977840286 0.13707736730575562 9200
1675977840369 0.1841571569442749 9240
1675977840448 0.13166744709014894 9280
1675977840546 0.18310196399688722 9320
1675977840644 0.16274662017822267 9360
1675977840761 0.17075495719909667 9400
1675977840932 0.18282628059387207 9440
1675977841052 0.134627628326416 9480
1675977841173 0.17330288887023926 9520
1675977841271 0.17058820724487306 9560
1675977841363 0.17480210065841675 9600
1675977841490 0.17793619632720947 9640
1675977841619 0.13906017541885377 9680
1675977841731 0.17528824806213378 9720
1675977841824 0.13282415866851807 9760
1675977841964 0.21330680847167968 9800
1675977842097 0.20174400806427 9840
1675977842213 0.15503230094909667 9880
1675977842290 0.18867413997650145 9920
1675977842401 0.17213056087493897 9960
1675977842494 0.21612224578857422 10000
1675977842591 0.16566998958587648 10040
1675977843215 0.12797449827194213 10080
1675977843320 0.1587187647819519 10120
1675977843423 0.155496346950531 10160
1675977843533 0.15998566150665283 10200
1675977843666 0.149066162109375 10240
1675977843794 0.15609318017959595 10280
1675977843989 0.1948375701904297 10320
1675977844241 0.15724261999130248 10360
1675977844472 0.2096857786178589 10400
1675977844640 0.15534660816192628 10440
1675977844864 0.14984008073806762 10480
1675977845108 0.17540836334228516 10520
1675977845254 0.1465693473815918 10560
1675977845408 0.16837615966796876 10600
1675977845524 0.15321429967880248 10640
1675977845616 0.17355506420135497 10680
1675977845747 0.17561542987823486 10720
1675977845930 0.1802513837814331 10760
1675977846044 0.13939805030822755 10800
1675977846225 0.17349956035614014 10840
1675977846334 0.13655136823654174 10880
1675977846451 0.12583465576171876 10920
1675977846557 0.1761387586593628 10960
1675977846637 0.1857675313949585 11000
1675977846755 0.12707087993621827 11040
1675977846848 0.14112377166748047 11080
1675977846935 0.14655996561050416 11120
1675977847025 0.1531657099723816 11160
1675977847149 0.16782100200653077 11200
1675977847244 0.13153694868087767 11240
1675977847336 0.14889698028564452 11280
1675977847425 0.12826133966445924 11320
1675977847528 0.1587040901184082 11360
1675977847617 0.103294837474823 11400
1675977847706 0.10677121877670288 11440
1675977847830 0.12877790927886962 11480
1675977847934 0.1592046022415161 11520
1675977848017 0.15730412006378175 11560
1675977848131 0.11900312900543213 11600
1675977848218 0.13232579231262206 11640
1675977848313 0.17236990928649903 11680
1675977848437 0.14118595123291017 11720
1675977848549 0.1877314805984497 11760
1675977848732 0.12421308755874634 11800
1675977848849 0.13569480180740356 11840
1675977848972 0.14591575860977174 11880
1675977849093 0.1666877508163452 11920
1675977849264 0.12092778682708741 11960
1675977849354 0.14652754068374635 12000
1675977849460 0.11837559938430786 12040
1675977849565 0.16621044874191285 12080
1675977849658 0.1833577871322632 12120
1675977849765 0.13262428045272828 12160
1675977849875 0.1446967363357544 12200
1675977850004 0.13524398803710938 12240
1675977850127 0.14816144704818726 12280
1675977850242 0.16938706636428832 12320
1675977850337 0.14853283166885375 12360
1675977850442 0.1248971700668335 12400
1675977850583 0.12748013734817504 12440
1675977850686 0.13866057395935058 12480
1675977850863 0.1653745174407959 12520
1675977850970 0.13303011655807495 12560
1675977851096 0.13906967639923096 12600
1675977851195 0.13502076864242554 12640
1675977851305 0.11967594623565674 12680
1675977851409 0.1265697717666626 12720
1675977851517 0.08870879411697388 12760
1675977851612 0.12681820392608642 12800
1675977851722 0.16980034112930298 12840
1675977851825 0.129503071308136 12880
1675977851923 0.1206819772720337 12920
1675977852035 0.13091497421264647 12960
1675977852170 0.12808332443237305 13000
1675977852271 0.14145926237106324 13040
1675977852408 0.11420536041259766 13080
1675977852522 0.14420320987701415 13120
1675977852624 0.14613713026046754 13160
1675977852805 0.11902153491973877 13200
1675977852953 0.10889756679534912 13240
1675977853042 0.10945528745651245 13280
1675977853142 0.13791004419326783 13320
1675977853250 0.11065429449081421 13360
1675977853390 0.13667664527893067 13400
1675977853480 0.1351815342903137 13440
1675977853569 0.13233118057250975 13480
1675977853689 0.1478756308555603 13520
1675977853879 0.13768330812454224 13560
1675977853981 0.13242772817611695 13600
1675977854086 0.08899613618850707 13640
1675977854235 0.15956478118896483 13680
1675977854340 0.09963384866714478 13720
1675977854470 0.09711427688598633 13760
1675977854644 0.1440218687057495 13800
1675977854765 0.10588834285736085 13840
1675977854882 0.136617112159729 13880
1675977854982 0.10973622798919677 13920
1675977855072 0.11713447570800781 13960
1675977855170 0.16106433868408204 14000
1675977855309 0.10837199687957763 14040
1675977855438 0.11188770532608032 14080
1675977855596 0.1097821831703186 14120
1675977855687 0.12482367753982544 14160
1675977855787 0.15823084115982056 14200
1675977855932 0.12353987693786621 14240
1675977856056 0.12043535709381104 14280
1675977856196 0.1363026022911072 14320
1675977856288 0.08699149489402772 14360
1675977856376 0.11643999814987183 14400
1675977856490 0.10281461477279663 14440
1675977856595 0.12287139892578125 14480
1675977856689 0.11102555990219116 14520
1675977856805 0.11345138549804687 14560
1675977856892 0.11699724197387695 14600
1675977856988 0.18022893667221068 14640
1675977857093 0.12517002820968628 14680
1675977857203 0.10780253410339355 14720
1675977857336 0.1356490969657898 14760
1675977857466 0.14238332509994506 14800
1675977857570 0.14035146236419677 14840
1675977857667 0.11104700565338135 14880
1675977857772 0.09502188563346863 14920
1675977857942 0.11930814981460572 14960
1675977858089 0.09823614358901978 15000
1675977858193 0.10253658294677734 15040
1675977858332 0.11295803785324096 15080
1675977858443 0.11236159801483155 15120
1675977858554 0.09103246331214905 15160
1675977858778 0.16302891969680786 15200
1675977859032 0.08296791911125183 15240
1675977859226 0.10447595119476319 15280
1675977859435 0.10869152545928955 15320
1675977859579 0.12655463218688964 15360
1675977859749 0.10685278177261352 15400
1675977859941 0.12017253637313843 15440
1675977860111 0.08918519616127014 15480
1675977860205 0.1174879789352417 15520
1675977860396 0.11598451137542724 15560
1675977860514 0.13343286514282227 15600
1675977860626 0.1266511082649231 15640
1675977860750 0.10512280464172363 15680
1675977860870 0.10297684669494629 15720
1675977860999 0.1283441424369812 15760
1675977861124 0.11137707233428955 15800
1675977861224 0.1187280297279358 15840
1675977861305 0.12454297542572021 15880
1675977861383 0.1107980728149414 15920
1675977861469 0.12877922058105468 15960
1675977861559 0.14298781156539916 16000
1675977861668 0.11328325271606446 16040
1675977861759 0.10405081510543823 16080
1675977861857 0.09833219051361083 16120
1675977861952 0.06293174028396606 16160
1675977862057 0.1411722183227539 16200
1675977862156 0.10668978691101075 16240
1675977862257 0.09618762135505676 16280
1675977862420 0.10086574554443359 16320
1675977862525 0.12952167987823487 16360
1675977862651 0.13507333993911744 16400
1675977862783 0.13269851207733155 16440
1675977862879 0.10099918842315674 16480
1675977862972 0.12332391738891602 16520
1675977863087 0.09411869645118713 16560
1675977863178 0.1418439269065857 16600
1675977863276 0.11445378065109253 16640
1675977863416 0.12273638248443604 16680
1675977863517 0.09805562496185302 16720
1675977863621 0.13119832277297974 16760
1675977863732 0.10587730407714843 16800
1675977863826 0.0981404185295105 16840
1675977863944 0.1173143982887268 16880
1675977864039 0.0990208089351654 16920
1675977864174 0.085265052318573 16960
1675977864269 0.0989603877067566 17000
1675977864428 0.1125488042831421 17040
1675977864646 0.10293561220169067 17080
1675977864822 0.11117339134216309 17120
1675977864933 0.0667468786239624 17160
1675977865031 0.10860481262207031 17200
1675977865125 0.13147106170654296 17240
1675977865226 0.0937765121459961 17280
1675977865391 0.08941630721092224 17320
1675977865524 0.12018519639968872 17360
1675977865618 0.08439596295356751 17400
1675977865707 0.08207619786262513 17440
1675977865837 0.1277039170265198 17480
1675977866000 0.08164918422698975 17520
1675977866165 0.09261645078659057 17560
1675977866297 0.15387935638427735 17600
1675977866410 0.10037323236465454 17640
1675977866608 0.1125841498374939 17680
1675977866692 0.08877862691879272 17720
1675977866785 0.10885341167449951 17760
1675977866871 0.10101834535598755 17800
1675977866976 0.09709355831146241 17840
1675977867148 0.07711808085441589 17880
1675977867288 0.09598191380500794 17920
1675977867603 0.0922276496887207 17960
1675977867698 0.11376086473464966 18000
1675977867783 0.08347379565238952 18040
1675977867875 0.1335723280906677 18080
1675977868118 0.12359893321990967 18120
1675977868276 0.0930452823638916 18160
1675977868457 0.11759884357452392 18200
1675977868591 0.09770668148994446 18240
1675977868766 0.07860841155052185 18280
1675977868893 0.10572339296340942 18320
1675977869192 0.11889270544052125 18360
1675977869296 0.08850129246711731 18400
1675977869426 0.10522538423538208 18440
1675977869529 0.07665385603904724 18480
1675977869656 0.07077794075012207 18520
1675977869797 0.10010308027267456 18560
1675977869889 0.08815286159515381 18600
1675977870001 0.09608006477355957 18640
1675977870125 0.108866286277771 18680
1675977870251 0.09874521493911743 18720
1675977870371 0.08371707201004028 18760
1675977870548 0.09615877270698547 18800
1675977870697 0.10352888107299804 18840
1675977870942 0.1069109559059143 18880
1675977871071 0.11126223802566529 18920
1675977871196 0.09646952152252197 18960
1675977871288 0.08653078079223633 19000
1675977871382 0.09764821529388427 19040
1675977871487 0.10293465852737427 19080
1675977871598 0.1173325777053833 19120
1675977871694 0.11642848253250122 19160
1675977871788 0.12378984689712524 19200
1675977871925 0.07728290557861328 19240
1675977872056 0.08823583722114563 19280
1675977872207 0.07907206416130066 19320
1675977872328 0.0937503695487976 19360
1675977872483 0.07673358917236328 19400
1675977872615 0.10192699432373047 19440
1675977872747 0.10984545946121216 19480
1675977872869 0.09310380816459655 19520
1675977873078 0.09308330416679382 19560
1675977873254 0.11335154771804809 19600
1675977873360 0.09803001880645752 19640
1675977873462 0.0987865686416626 19680
1675977873549 0.05889104008674621 19720
1675977873653 0.11382232904434204 19760
1675977873848 0.06718606352806092 19800
1675977874018 0.12038525342941284 19840
1675977874150 0.1065212368965149 19880
1675977874432 0.07925423383712768 19920
1675977874685 0.10761926174163819 19960
1675977874806 0.09735573530197143 20000
1675977874897 0.11324890851974487 20040
1675977875067 0.1102785348892212 20080
1675977875772 0.059987157583236694 20120
1675977875965 0.08815659880638123 20160
1675977876090 0.08988994956016541 20200
1675977876241 0.10325138568878174 20240
1675977876370 0.08129541277885437 20280
1675977876566 0.12246241569519042 20320
1675977876694 0.09638648629188537 20360
1675977876850 0.10312145948410034 20400
1675977876973 0.12970929145812987 20440
1675977877100 0.09480630159378052 20480
1675977877209 0.07892305850982666 20520
1675977877343 0.11075347661972046 20560
1675977877450 0.09234712719917297 20600
1675977877574 0.08929460048675537 20640
1675977877680 0.08653451800346375 20680
1675977877831 0.11459628343582154 20720
1675977877943 0.10742095708847046 20760
1675977878137 0.10193836688995361 20800
1675977878265 0.10513573884963989 20840
1675977878373 0.10725067853927613 20880
1675977878543 0.09675787091255188 20920
1675977878669 0.07537216544151307 20960
1675977878792 0.11614484786987304 21000
1675977879015 0.12595229148864745 21040
1675977879122 0.09624450206756592 21080
1675977879302 0.0831229567527771 21120
1675977879393 0.0805787205696106 21160
1675977879488 0.09393139481544495 21200
1675977879606 0.10376181602478027 21240
1675977879729 0.11197513341903687 21280
1675977879823 0.09373813271522521 21320
1675977879959 0.07336257696151734 21360
1675977880069 0.10334367752075195 21400
1675977880175 0.07977466583251953 21440
1675977880277 0.07495171427726746 21480
1675977880363 0.08043404221534729 21520
1675977880467 0.09550550580024719 21560
1675977880617 0.0792351484298706 21600
1675977880720 0.09907447695732116 21640
1675977880820 0.090275239944458 21680
1675977880953 0.09223600625991821 21720
1675977881091 0.08786543607711791 21760
1675977881200 0.10876740217208862 21800
1675977881310 0.09581246376037597 21840
1675977881400 0.08012888431549073 21880
1675977881505 0.09377769231796265 21920
1675977881610 0.11039556264877319 21960
1675977881710 0.09112576842308044 22000
1675977881809 0.08477973341941833 22040
1675977881927 0.09683532118797303 22080
1675977882055 0.10565264225006103 22120
1675977882175 0.10953848361968994 22160
1675977882295 0.10267461538314819 22200
1675977882399 0.07996499538421631 22240
1675977882506 0.11286786794662476 22280
1675977882612 0.09182910919189453 22320
1675977882722 0.11611552238464355 22360
1675977882848 0.09619364142417908 22400
1675977882953 0.09439883828163147 22440
1675977883076 0.08516784906387329 22480
1675977883184 0.1023833155632019 22520
1675977883281 0.11550928354263305 22560
1675977883382 0.0846659779548645 22600
1675977883484 0.09033645391464233 22640
1675977883590 0.11070770025253296 22680
1675977883679 0.07356528639793396 22720
1675977883823 0.08194364309310913 22760
1675977883949 0.053753674030303955 22800
1675977884057 0.08172416687011719 22840
1675977884194 0.10077275037765503 22880
1675977884298 0.09983608722686768 22920
1675977884410 0.06911418437957764 22960
1675977884560 0.09503387808799743 23000
1675977884664 0.08735020756721497 23040
1675977884782 0.108729887008667 23080
1675977884878 0.0855267345905304 23120
1675977884995 0.09121631383895874 23160
1675977885131 0.0986006200313568 23200
1675977885237 0.06902061700820923 23240
1675977885368 0.08192403912544251 23280
1675977885495 0.07659670114517211 23320
1675977885603 0.0961634635925293 23360
1675977885704 0.07681815624237061 23400
1675977885812 0.10521284341812134 23440
1675977885907 0.11042684316635132 23480
1675977886009 0.09156761169433594 23520
1675977886121 0.10205647945404053 23560
1675977886230 0.09193547368049622 23600
1675977886366 0.10254977941513062 23640
1675977886523 0.05785216093063354 23680
1675977886697 0.1228259563446045 23720
1675977886800 0.09635106921195984 23760
1675977886891 0.05495861768722534 23800
1675977887001 0.11119502782821655 23840
1675977887100 0.07891219854354858 23880
1675977887249 0.0872801423072815 23920
1675977887344 0.08484309911727905 23960
1675977887431 0.09497307538986206 24000
1675977887523 0.10509461164474487 24040
1675977887613 0.10920286178588867 24080
1675977887710 0.08717688918113708 24120
1675977887827 0.07346633672714234 24160
1675977887934 0.08070610165596008 24200
1675977888048 0.1308499813079834 24240
1675977888181 0.0905506432056427 24280
1675977888286 0.0895609438419342 24320
1675977888441 0.09701846837997437 24360
1675977888546 0.06444981098175048 24400
1675977888784 0.07911825180053711 24440
1675977888967 0.09562172293663025 24480
1675977889066 0.09548494219779968 24520
1675977889322 0.07090560197830201 24560
1675977889468 0.08850384950637817 24600
1675977889671 0.07290501594543457 24640
1675977889866 0.12842782735824584 24680
1675977890101 0.09462273716926575 24720
1675977890292 0.0962669849395752 24760
1675977890521 0.10195820331573487 24800
1675977890649 0.11771726608276367 24840
1675977890769 0.08681352138519287 24880
1675977890959 0.09639233946800232 24920
1675977891082 0.07761263847351074 24960
1675977891253 0.0883873701095581 25000
1675977891355 0.08505361676216125 25040
1675977891491 0.06022772192955017 25080
1675977891606 0.06691848039627075 25120
1675977891735 0.08398947715759278 25160
1675977891903 0.08385310173034669 25200
1675977892025 0.10757623910903931 25240
1675977892199 0.07495822310447693 25280
1675977892328 0.09417728185653687 25320
1675977892480 0.09085916876792907 25360
1675977892595 0.08330674171447754 25400
1675977892696 0.08346858620643616 25440
1675977892866 0.10196548700332642 25480
1675977892999 0.0726671814918518 25520
1675977893109 0.09875861406326295 25560
1675977893238 0.10043190717697144 25600
1675977893359 0.08351135849952698 25640
1675977893462 0.09977982640266418 25680
1675977893601 0.07863941192626953 25720
1675977893714 0.0802276074886322 25760
1675977893843 0.09621754884719849 25800
1675977893972 0.0744078814983368 25840
1675977894104 0.08721802830696106 25880
1675977894261 0.07333128452301026 25920
1675977894426 0.0783587634563446 25960
1675977894609 0.09396156668663025 26000
1675977894751 0.1327532410621643 26040
1675977894893 0.08962739706039428 26080
1675977895021 0.09650373458862305 26120
1675977895128 0.08506418466567993 26160
1675977895246 0.06254627704620361 26200
1675977895393 0.0951031506061554 26240
1675977895512 0.07312560677528382 26280
1675977895627 0.07755895853042602 26320
1675977895757 0.07731816768646241 26360
1675977895860 0.09181358218193054 26400
1675977895974 0.09922820329666138 26440
1675977896091 0.09297833442687989 26480
1675977896198 0.09637045860290527 26520
1675977896425 0.09678378105163574 26560
1675977896555 0.09289233088493347 26600
1675977896700 0.08228057026863098 26640
1675977896845 0.09347938895225524 26680
1675977896947 0.08231421113014221 26720
1675977897051 0.08012458086013793 26760
1675977897185 0.10098658800125122 26800
1675977897289 0.09242821335792542 26840
1675977897425 0.06929845213890076 26880
1675977897569 0.09958344101905822 26920
1675977897685 0.07943622469902038 26960
1675977897777 0.06900834441184997 27000
1675977897876 0.08279929757118225 27040
1675977897991 0.09927033185958863 27080
1675977898104 0.06653327941894531 27120
1675977898206 0.08539201617240906 27160
1675977898318 0.05794105529785156 27200
1675977898418 0.0846758246421814 27240
1675977898513 0.09284533858299256 27280
1675977898644 0.07242314219474792 27320
1675977898771 0.07651618719100953 27360
1675977898893 0.0933763027191162 27400
1675977899011 0.06411942243576049 27440
1675977899119 0.05857879519462585 27480
1675977899248 0.12358417510986328 27520
1675977899336 0.06037082672119141 27560
1675977899441 0.06388102173805237 27600
1675977899605 0.10588346719741822 27640
1675977899715 0.0936875581741333 27680
1675977899834 0.08411235809326172 27720
1675977899941 0.07334398031234741 27760
1675977900033 0.09134898781776428 27800
1675977900119 0.09427076578140259 27840
1675977900217 0.06899350881576538 27880
1675977900315 0.06714861989021301 27920
1675977900401 0.07361232042312622 27960
1675977900525 0.07655227780342103 28000
1675977900618 0.08736529350280761 28040
1675977900790 0.06961280107498169 28080
1675977900882 0.1080211043357849 28120
1675977901043 0.10340149402618408 28160
1675977901156 0.07567883133888245 28200
1675977901280 0.08826512694358826 28240
1675977901391 0.0582501232624054 28280
1675977901540 0.054175496101379395 28320
1675977901649 0.08569732904434205 28360
1675977901767 0.1304066300392151 28400
1675977901864 0.06988469958305359 28440
1675977901955 0.07196019887924195 28480
1675977902046 0.06481936573982239 28520
1675977902165 0.07096080780029297 28560
1675977902294 0.06816070675849914 28600
1675977902386 0.06723478436470032 28640
1675977902499 0.06058939099311829 28680
1675977902611 0.08424775004386902 28720
1675977902714 0.09543019533157349 28760
1675977902819 0.058734667301177976 28800
1675977902911 0.07726762890815735 28840
1675977903003 0.10792937278747558 28880
1675977903107 0.08072232604026794 28920
1675977903221 0.09078094959259034 28960
1675977903320 0.06977725625038148 29000
1675977903418 0.0692946195602417 29040
1675977903523 0.08768436908721924 29080
1675977903661 0.07139087319374085 29120
1675977903771 0.07955217361450195 29160
1675977903918 0.09171056151390075 29200
1675977904017 0.11846736669540406 29240
1675977904141 0.0659723162651062 29280
1675977904260 0.07860986590385437 29320
1675977904372 0.0762441635131836 29360
1675977904495 0.07320411205291748 29400
1675977904757 0.07604040503501892 29440
1675977904922 0.07194815278053283 29480
1675977905135 0.10301294326782226 29520
1675977905295 0.09454487562179566 29560
1675977905511 0.07032451033592224 29600
1675977905681 0.07852638363838196 29640
1675977905791 0.0866102933883667 29680
1675977905900 0.08644651770591735 29720
1675977906003 0.0440946489572525 29760
1675977906097 0.0960839569568634 29800
1675977906186 0.07443607449531556 29840
1675977906360 0.09017890095710754 29880
1675977906478 0.08532454967498779 29920
1675977906631 0.06638818979263306 29960
1675977906763 0.09622669816017151 30000
1675977906859 0.07376855015754699 30040
1675977906954 0.0943151593208313 30080
1675977907052 0.11654082536697388 30120
1675977907585 0.04325583577156067 30160
1675977907682 0.07602086067199706 30200
1675977907799 0.07990138530731201 30240
1675977907906 0.07362961173057556 30280
1675977907992 0.06524403095245361 30320
1675977908123 0.100780189037323 30360
1675977908229 0.07403827905654907 30400
1675977908331 0.09601096510887146 30440
1675977908528 0.09895226955413819 30480
1675977908671 0.06978273987770081 30520
1675977908786 0.05620866417884827 30560
1675977908989 0.10885800123214721 30600
1675977909090 0.07125117778778076 30640
1675977909217 0.07408911585807801 30680
1675977909303 0.06793967485427857 30720
1675977909394 0.09595230221748352 30760
1675977909489 0.09738988280296326 30800
1675977909581 0.07182019352912902 30840
1675977909688 0.08512611985206604 30880
1675977909807 0.08770874738693238 30920
1675977909914 0.09337146878242493 30960
1675977910013 0.07564184069633484 31000
1675977910122 0.09312254190444946 31040
1675977910227 0.11293977499008179 31080
1675977910331 0.07953405976295472 31120
1675977910453 0.07790942788124085 31160
1675977910574 0.06489914059638976 31200
1675977910683 0.08912270069122315 31240
1675977910796 0.09147565364837647 31280
1675977910927 0.09288761615753174 31320
1675977911033 0.07918438911437989 31360
1675977911152 0.07150128483772278 31400
1675977911262 0.07492182850837707 31440
1675977911416 0.0585000216960907 31480
1675977911539 0.07164693474769593 31520
1675977911643 0.054553651809692384 31560
1675977911743 0.06971173286437989 31600
1675977911864 0.059682035446166994 31640
1675977911972 0.0852523386478424 31680
1675977912091 0.07566970586776733 31720
1675977912212 0.0970874309539795 31760
1675977912314 0.08193909525871276 31800
1675977912413 0.09387907385826111 31840
1675977912527 0.0690291166305542 31880
1675977912633 0.07564497590065003 31920
1675977912743 0.07963290214538574 31960
1675977912861 0.11738603115081787 32000
1675977912960 0.05710059404373169 32040
1675977913089 0.09153169989585877 32080
1675977913177 0.08330265879631042 32120
1675977913288 0.07259870767593384 32160
1675977913386 0.1130553126335144 32200
1675977913526 0.09556813240051269 32240
1675977913618 0.05904102921485901 32280
1675977913721 0.06755618453025818 32320
1675977913873 0.09691741466522216 32360
1675977913973 0.08790091872215271 32400
1675977914061 0.08495525121688843 32440
1675977914158 0.08756446838378906 32480
1675977914255 0.0920056402683258 32520
1675977914340 0.08428404331207276 32560
1675977914431 0.11156940460205078 32600
1675977914542 0.07063812613487244 32640
1675977914650 0.08634091019630433 32680
1675977914803 0.07409287691116333 32720
1675977915003 0.06553087234497071 32760
1675977915114 0.07646338939666748 32800
1675977915213 0.039405053853988646 32840
1675977915328 0.07411100268363953 32880
1675977915459 0.09549669623374939 32920
1675977915620 0.08675192594528199 32960
1675977915707 0.057034313678741455 33000
1675977915806 0.0932906687259674 33040
1675977915910 0.09178977012634278 33080
1675977916008 0.08696504831314086 33120
1675977916136 0.07450963258743286 33160
1675977916259 0.08414719700813293 33200
1675977916484 0.08374596834182739 33240
1675977916656 0.0710216999053955 33280
1675977916807 0.059226351976394656 33320
1675977916928 0.07066123485565186 33360
1675977917049 0.08652037978172303 33400
1675977917140 0.06617034673690796 33440
1675977917252 0.08586288690567016 33480
1675977917390 0.07873910665512085 33520
1675977917502 0.07359089255332947 33560
1675977917612 0.09774652719497681 33600
1675977917713 0.07783330082893372 33640
1675977917823 0.10196400880813598 33680
1675977918009 0.04517121613025665 33720
1675977918177 0.10995062589645385 33760
1675977918302 0.07968410849571228 33800
1675977918419 0.05429461002349854 33840
1675977918523 0.07996208667755127 33880
1675977918667 0.06851266026496887 33920
1675977918820 0.08366671800613404 33960
1675977918976 0.07051887512207031 34000
1675977919082 0.08335701823234558 34040
1675977919192 0.08333057165145874 34080
1675977919418 0.1021302342414856 34120
1675977919665 0.08864904046058655 34160
1675977919838 0.06960108876228333 34200
1675977919989 0.06857637763023376 34240
1675977920149 0.10863696336746216 34280
1675977920296 0.07887375354766846 34320
1675977920396 0.07768858671188354 34360
1675977920540 0.08422350883483887 34400
1675977920626 0.05916393399238586 34440
1675977920796 0.06436902284622192 34480
1675977920898 0.07245349884033203 34520
1675977921020 0.09628821015357972 34560
1675977921151 0.06408023238182067 34600
1675977921265 0.08527401089668274 34640
1675977921419 0.05995715856552124 34680
1675977921557 0.12059983015060424 34720
1675977921665 0.09502716660499573 34760
1675977921793 0.07456099390983581 34800
1675977921908 0.09170149564743042 34840
1675977922030 0.1041323184967041 34880
1675977922158 0.06342039704322815 34920
1675977922251 0.08619824051856995 34960
1675977922346 0.0746843159198761 35000
1675977922517 0.07794960141181946 35040
1675977922625 0.07082429528236389 35080
1675977922768 0.053266245126724246 35120
1675977922869 0.06693649291992188 35160
1675977922970 0.06850293874740601 35200
1675977923061 0.07633354663848876 35240
1675977923173 0.08746190667152405 35280
1675977923272 0.07592463493347168 35320
1675977923373 0.06960694193840027 35360
1675977923477 0.09944959282875061 35400
1675977923567 0.05959461927413941 35440
1675977923661 0.06889981031417847 35480
1675977923781 0.0805601179599762 35520
1675977923882 0.06985261440277099 35560
1675977923994 0.06930243372917175 35600
1675977924098 0.0942346215248108 35640
1675977924189 0.057760560512542726 35680
1675977924279 0.08784688711166382 35720
1675977924392 0.071435546875 35760
1675977924516 0.07064835429191589 35800
1675977924675 0.08039320707321167 35840
1675977924806 0.07295222282409668 35880
1675977924976 0.07578880190849305 35920
1675977925098 0.06948711276054383 35960
1675977925190 0.07243471145629883 36000
1675977925368 0.07726892828941345 36040
1675977925474 0.11587975025177003 36080
1675977925586 0.07809072136878967 36120
1675977925674 0.08870793581008911 36160
1675977925779 0.07968031167984009 36200
1675977925954 0.05578606724739075 36240
1675977926058 0.08142620325088501 36280
1675977926182 0.062387782335281375 36320
1675977926334 0.09053360223770142 36360
1675977926502 0.07654502391815185 36400
1675977926667 0.07432864904403687 36440
1675977926795 0.10206077098846436 36480
1675977926928 0.09218816757202149 36520
1675977927029 0.07480859160423278 36560
1675977927126 0.06493651270866393 36600
1675977927217 0.07843955159187317 36640
1675977927301 0.07272473573684693 36680
1675977927384 0.12574156522750854 36720
1675977927477 0.08697836995124816 36760
1675977927574 0.07467371225357056 36800
1675977927698 0.09437427520751954 36840
1675977927803 0.09812464118003845 36880
1675977927886 0.05771393775939941 36920
1675977927976 0.07947399616241455 36960
1675977928101 0.06772841811180115 37000
1675977928206 0.05634731650352478 37040
1675977928313 0.06666271686553955 37080
1675977928491 0.08601857423782348 37120
1675977928641 0.061601686477661136 37160
1675977928756 0.08552595376968383 37200
1675977928883 0.057855403423309325 37240
1675977928988 0.07559029459953308 37280
1675977929097 0.07944868803024292 37320
1675977929200 0.061618751287460326 37360
1675977929319 0.07262863516807556 37400
1675977929484 0.08407428860664368 37440
1675977929607 0.06335124969482422 37480
1675977929695 0.055786740779876706 37520
1675977929809 0.09708060622215271 37560
1675977929908 0.04384128451347351 37600
1675977930013 0.058029341697692874 37640
1675977930127 0.10454012155532837 37680
1675977930254 0.08444074392318726 37720
1675977930361 0.07977604866027832 37760
1675977930467 0.05750873684883118 37800
1675977930570 0.07076641917228699 37840
1675977930663 0.081016206741333 37880
1675977930777 0.05701388716697693 37920
1675977930889 0.062159222364425656 37960
1675977931014 0.060665422677993776 38000
1675977931170 0.07124276161193847 38040
1675977931303 0.07339715361595153 38080
1675977931446 0.07195068001747132 38120
1675977931564 0.10445576906204224 38160
1675977931670 0.09115086793899536 38200
1675977931774 0.07720987200736999 38240
1675977931880 0.07204512357711793 38280
1675977931969 0.05630919337272644 38320
1675977932073 0.05884383916854859 38360
1675977932184 0.07890594005584717 38400
1675977932316 0.08563616871833801 38440
1675977932441 0.056864196062088014 38480
1675977932554 0.06659558415412903 38520
1675977932700 0.06649124026298522 38560
1675977932818 0.06534332036972046 38600
1675977932922 0.05526043176651001 38640
1675977933033 0.06111525893211365 38680
1675977933148 0.04646018147468567 38720
1675977933249 0.08827292323112487 38760
1675977933358 0.07284641861915589 38800
1675977933481 0.05854329466819763 38840
1675977933578 0.05968079566955566 38880
1675977933670 0.08508911728858948 38920
1675977933755 0.07449238896369934 38960
1675977933868 0.07287412881851196 39000
1675977933967 0.060809797048568724 39040
1675977934057 0.05785278081893921 39080
1675977934164 0.07602800726890564 39120
1675977934266 0.06805064678192138 39160
1675977934414 0.07365810871124268 39200
1675977934656 0.0792619526386261 39240
1675977935053 0.10716104507446289 39280
1675977935243 0.056032872200012206 39320
1675977935424 0.07421573400497436 39360
1675977935586 0.06444216966629028 39400
1675977935695 0.059773731231689456 39440
1675977935813 0.07033036947250366 39480
1675977935913 0.05843993425369263 39520
1675977936005 0.08724763989448547 39560
1675977936100 0.07482700943946838 39600
1675977936186 0.08233206868171691 39640
1675977936288 0.06894189119338989 39680
1675977936391 0.08691041469573975 39720
1675977936544 0.07164207100868225 39760
1675977936734 0.040709581971168515 39800
1675977936863 0.0720822274684906 39840
1675977936955 0.07603005170822144 39880
1675977937061 0.07980767488479615 39920
1675977937164 0.08383167386054993 39960
1675977937271 0.05911416411399841 40000
1675977937389 0.07904487252235412 40040
1675977937488 0.06188873052597046 40080
1675977937583 0.0793384850025177 40120
1675977937680 0.09973184466361999 40160
1675977938238 0.03150334358215332 40200
1675977938343 0.0680730938911438 40240
1675977938501 0.06560723185539245 40280
1675977938641 0.07672451734542847 40320
1675977938758 0.06510799527168273 40360
1675977938870 0.08068588376045227 40400
1675977938980 0.0723979115486145 40440
1675977939101 0.08701486587524414 40480
1675977939228 0.09419498443603516 40520
1675977939369 0.0711863875389099 40560
1675977939505 0.06708017587661744 40600
1675977939615 0.0855232834815979 40640
1675977939752 0.06264867186546326 40680
1675977939873 0.0663412094116211 40720
1675977939966 0.06051311492919922 40760
1675977940060 0.07978526949882507 40800
1675977940162 0.08462105393409729 40840
1675977940262 0.0800590991973877 40880
1675977940361 0.07305397391319275 40920
1675977940458 0.09387977719306946 40960
1675977940563 0.0787621259689331 41000
1675977940658 0.0693820595741272 41040
1675977940759 0.07684580087661744 41080
1675977940878 0.08787586688995361 41120
1675977941003 0.07775675058364868 41160
1675977941127 0.06657782793045045 41200
1675977941231 0.04709122776985168 41240
1675977941409 0.08619589805603027 41280
1675977941549 0.09159803986549378 41320
1675977941646 0.08746981620788574 41360
1675977941742 0.08980394601821899 41400
1675977941883 0.05804103016853333 41440
1675977941990 0.061836916208267215 41480
1675977942093 0.05235911011695862 41520
1675977942188 0.04998480379581451 41560
1675977942292 0.04980158805847168 41600
1675977942406 0.06840077042579651 41640
1675977942509 0.056261593103408815 41680
1675977942620 0.06997723579406738 41720
1675977942736 0.07158284187316895 41760
1675977942826 0.08912107944488526 41800
1675977942925 0.05985472798347473 41840
1675977943024 0.08133565783500671 41880
1675977943132 0.081202632188797 41920
1675977943224 0.05864657759666443 41960
1675977943351 0.07326587438583373 42000
1675977943453 0.08470978140830994 42040
1675977943554 0.07645821571350098 42080
1675977943655 0.07602657079696655 42120
1675977943800 0.10089846849441528 42160
1675977943925 0.07271689176559448 42200
1675977944019 0.08782596588134765 42240
1675977944121 0.07933450341224671 42280
1675977944208 0.07017847895622253 42320
1675977944312 0.06599643230438232 42360
1675977944438 0.08119378685951233 42400
1675977944567 0.08887569308280945 42440
1675977944722 0.10817456245422363 42480
1675977944878 0.07446475625038147 42520
1675977945013 0.0859599232673645 42560
1675977945116 0.07828408479690552 42600
1675977945250 0.09266315102577209 42640
1675977945391 0.07446856498718261 42680
1675977945517 0.0800258219242096 42720
1675977945644 0.06483993530273438 42760
1675977945753 0.06361463665962219 42800
1675977945857 0.06715671420097351 42840
1675977945955 0.03526118993759155 42880
1675977946047 0.06177495121955871 42920
1675977946151 0.07828478813171387 42960
1675977946307 0.07491952180862427 43000
1675977946406 0.061649417877197264 43040
1675977946530 0.0748551607131958 43080
1675977946690 0.07654934525489807 43120
1675977946849 0.08468709588050842 43160
1675977946977 0.07431984543800355 43200
1675977947091 0.0740851879119873 43240
1675977947219 0.0800647795200348 43280
1675977947316 0.0663841962814331 43320
1675977947407 0.05164044499397278 43360
1675977947524 0.07113278508186341 43400
1675977947625 0.0781797707080841 43440
1675977947741 0.05818495154380798 43480
1675977947853 0.06515844464302063 43520
1675977947943 0.08574285507202148 43560
1675977948081 0.06595616340637207 43600
1675977948190 0.08334763050079345 43640
1675977948289 0.07907626032829285 43680
1675977948399 0.09831430912017822 43720
1675977948508 0.053072190284729 43760
1675977948682 0.09001356363296509 43800
1675977948811 0.07866621017456055 43840
1675977948918 0.05307401418685913 43880
1675977949028 0.06815019249916077 43920
1675977949148 0.08150115609169006 43960
1675977949271 0.061021584272384646 44000
1675977949413 0.06798588633537292 44040
1675977949550 0.08028779029846192 44080
1675977949776 0.06633627414703369 44120
1675977949876 0.08233523368835449 44160
1675977950032 0.07069998979568481 44200
1675977950171 0.06380504965782166 44240
1675977950288 0.0656788170337677 44280
1675977950443 0.10709465742111206 44320
1675977950607 0.061704492568969725 44360
1675977950760 0.07879292964935303 44400
1675977951214 0.07124201655387878 44440
1675977951426 0.06849737763404846 44480
1675977951624 0.049968141317367556 44520
1675977951739 0.07070034146308898 44560
1675977951863 0.09106832146644592 44600
1675977951974 0.055503910779953 44640
1675977952091 0.07980395555496216 44680
1675977952184 0.05999388098716736 44720
1675977952275 0.09173707962036133 44760
1675977952403 0.10509113073349 44800
1675977952518 0.07761395573616028 44840
1675977952647 0.07878734469413758 44880
1675977952800 0.10556507110595703 44920
1675977952903 0.05114883780479431 44960
1675977953020 0.08868903517723084 45000
1675977953113 0.07503741383552551 45040
1675977953208 0.06951765418052673 45080
1675977953297 0.0719747006893158 45120
1675977953398 0.047714453935623166 45160
1675977953497 0.05765223503112793 45200
1675977953594 0.06151213049888611 45240
1675977953680 0.07276849150657654 45280
1675977953775 0.07574217319488526 45320
1675977953873 0.07985555529594421 45360
1675977953969 0.052631032466888425 45400
1675977954067 0.10021286010742188 45440
1675977954164 0.04653757214546204 45480
1675977954254 0.0719466507434845 45520
1675977954350 0.1055305004119873 45560
1675977954473 0.06148442625999451 45600
1675977954630 0.06601607799530029 45640
1675977954736 0.09212031364440917 45680
1675977954877 0.06903377175331116 45720
1675977955039 0.09895247220993042 45760
1675977955132 0.06437016129493714 45800
1675977955252 0.06451941132545472 45840
1675977955409 0.08329687714576721 45880
1675977955563 0.07092593312263488 45920
1675977955687 0.056923359632492065 45960
1675977955790 0.06600775718688964 46000
1675977955880 0.08426582217216491 46040
1675977955980 0.07072717547416688 46080
1675977956092 0.08170412182807922 46120
1675977956209 0.08098841309547425 46160
1675977956318 0.10982767343521119 46200
1675977956417 0.06184844970703125 46240
1675977956591 0.06497257947921753 46280
1675977956771 0.059293442964553834 46320
1675977956903 0.05399957299232483 46360
1675977957006 0.08347738981246948 46400
1675977957131 0.05552475452423096 46440
1675977957247 0.08503990769386291 46480
1675977957364 0.08462393879890442 46520
1675977957475 0.09938818216323853 46560
1675977957576 0.06832520961761475 46600
1675977957664 0.07758288979530334 46640
1675977957767 0.07597936987876892 46680
1675977957883 0.06305432915687562 46720
1675977957983 0.06770582795143128 46760
1675977958096 0.07918223142623901 46800
1675977958193 0.06842383742332458 46840
1675977958295 0.07147966623306275 46880
1675977958432 0.08341202139854431 46920
1675977958561 0.06227639317512512 46960
1675977958678 0.06742551326751708 47000
1675977958809 0.06365776062011719 47040
1675977958913 0.05468384027481079 47080
1675977959030 0.06300666332244872 47120
1675977959206 0.06969773173332214 47160
1675977959387 0.06393957734107972 47200
1675977959470 0.07820975184440612 47240
1675977959590 0.05235685110092163 47280
1675977959750 0.06434815526008605 47320
1675977959908 0.07797468900680542 47360
1675977960008 0.05185493230819702 47400
1675977960124 0.06294351816177368 47440
1675977960228 0.07313039302825927 47480
1675977960327 0.07472641468048095 47520
1675977960422 0.04511123299598694 47560
1675977960550 0.08652563691139221 47600
1675977960647 0.05521373748779297 47640
1675977960740 0.060036033391952515 47680
1675977960858 0.07237832546234131 47720
1675977960980 0.08354678750038147 47760
1675977961090 0.09300631284713745 47800
1675977961186 0.061256372928619386 47840
1675977961350 0.07349762916564942 47880
1675977961453 0.0928785502910614 47920
1675977961582 0.06385506987571717 47960
1675977961682 0.06381103992462159 48000
1675977961779 0.04178858697414398 48040
1675977961899 0.07288557887077332 48080
1675977962006 0.06199479103088379 48120
1675977962110 0.07011821269989013 48160
1675977962217 0.07320106625556946 48200
1675977962339 0.08310522437095642 48240
1675977962440 0.08379606008529664 48280
1675977962570 0.07222732901573181 48320
1675977962696 0.052743053436279295 48360
1675977962790 0.06427410244941711 48400
1675977962889 0.06567614674568176 48440
1675977963007 0.06125519871711731 48480
1675977963105 0.07838506102561951 48520
1675977963223 0.055998200178146364 48560
1675977963330 0.061578762531280515 48600
1675977963443 0.06164706945419311 48640
1675977963554 0.05462545156478882 48680
1675977963671 0.06268385648727418 48720
1675977963818 0.04500546455383301 48760
1675977963950 0.07585959434509278 48800
1675977964061 0.06319392323493958 48840
1675977964154 0.05032107830047607 48880
1675977964257 0.05621642470359802 48920
1675977964369 0.07173033952713012 48960
1675977964494 0.09018372893333435 49000
1675977964652 0.07952485084533692 49040
1675977964805 0.06361328959465026 49080
1675977964928 0.052205175161361694 49120
1675977965109 0.06359387040138245 49160
1675977965241 0.07532192468643188 49200
1675977965411 0.055519711971282956 49240
1675977965605 0.0821303129196167 49280
1675977965702 0.0883909821510315 49320
1675977965812 0.05825891494750977 49360
1675977965979 0.06748085021972657 49400
1675977966115 0.057965970039367674 49440
1675977966238 0.0563812255859375 49480
1675977966423 0.06049413681030273 49520
1675977966644 0.05445738434791565 49560
1675977966797 0.08930776715278625 49600
1675977966955 0.07960018515586853 49640
1675977967072 0.0678260087966919 49680
1675977967172 0.06099916100502014 49720
1675977967282 0.08042901158332824 49760
1675977967390 0.06923305988311768 49800
1675977967484 0.051571255922317503 49840
1675977967585 0.060576397180557254 49880
1675977967676 0.05848681926727295 49920
1675977967769 0.07165558934211731 49960
1675977967867 0.08268449306488038 50000
1675977967992 0.05909988284111023 50040
1675977968125 0.0704225778579712 50080
1675977968228 0.06392387747764587 50120
1675977968328 0.08178172111511231 50160
1675977968450 0.08855009078979492 50200
1675977969080 0.026288029551506043 50240
1675977969191 0.05813831090927124 50280
1675977969287 0.06481106877326966 50320
1675977969432 0.07087889909744263 50360
1675977969601 0.060726314783096313 50400
1675977969731 0.07923261523246765 50440
1675977969923 0.06699777245521546 50480
1675977970036 0.08691094517707824 50520
1675977970148 0.08629251718521118 50560
1675977970259 0.06530278325080871 50600
1675977970372 0.08145939707756042 50640
1675977970476 0.07601911425590516 50680
1675977970580 0.05320116877555847 50720
1675977970689 0.056475484371185304 50760
1675977970783 0.055027341842651366 50800
1675977970939 0.07331134676933289 50840
1675977971056 0.07836626172065735 50880
1675977971187 0.08424096703529357 50920
1675977971304 0.057207918167114256 50960
1675977971433 0.10186426639556885 51000
1675977971560 0.0747398316860199 51040
1675977971664 0.05618743896484375 51080
1675977971778 0.07501271963119507 51120
1675977971891 0.07870134711265564 51160
1675977971995 0.09417219161987304 51200
1675977972134 0.07196426391601562 51240
1675977972241 0.06288601756095887 51280
1675977972398 0.08223724961280823 51320
1675977972508 0.07676131129264832 51360
1675977972649 0.09532763361930847 51400
1675977972765 0.07309653759002685 51440
1675977972876 0.048701485991477965 51480
1675977972983 0.0657681941986084 51520
1675977973135 0.06151853203773498 51560
1675977973219 0.04902445673942566 51600
1675977973314 0.052477693557739256 51640
1675977973408 0.07312695384025573 51680
1675977973502 0.051058757305145266 51720
1675977973616 0.07237778902053833 51760
1675977973733 0.06436006426811218 51800
1675977973828 0.07262369394302368 51840
1675977973925 0.0856313169002533 51880
1675977974023 0.08440694212913513 51920
1675977974114 0.088567054271698 51960
1675977974202 0.060998326539993285 52000
1675977974295 0.05778111815452576 52040
1675977974392 0.07536357641220093 52080
1675977974511 0.07206628918647766 52120
1675977974670 0.06646052598953248 52160
1675977974816 0.0890282392501831 52200
1675977974962 0.06990337371826172 52240
1675977975081 0.08118928670883178 52280
1675977975173 0.0984614610671997 52320
1675977975267 0.06158124208450318 52360
1675977975374 0.056028437614440915 52400
1675977975523 0.07829221487045288 52440
1675977975646 0.08340076804161071 52480
1675977975744 0.088511061668396 52520
1675977975864 0.08557462096214294 52560
1675977975978 0.10043351650238037 52600
1675977976097 0.0760890007019043 52640
1675977976208 0.08241699934005738 52680
1675977976316 0.05662609934806824 52720
1675977976416 0.07906833291053772 52760
1675977976605 0.06006222367286682 52800
1675977976743 0.06043449640274048 52840
1675977976916 0.05190549492835998 52880
1675977977107 0.043564450740814206 52920
1675977977215 0.0605660617351532 52960
1675977977337 0.0729162871837616 53000
1675977977442 0.08812073469161988 53040
1675977977618 0.047955453395843506 53080
1675977977720 0.07305705547332764 53120
1675977977836 0.08532318472862244 53160
1675977977958 0.08261287212371826 53200
1675977978086 0.06944429874420166 53240
1675977978192 0.07301196455955505 53280
1675977978304 0.07089547514915466 53320
1675977978442 0.056229245662689206 53360
1675977978551 0.05693858861923218 53400
1675977978688 0.06886763572692871 53440
1675977978793 0.07062596082687378 53480
1675977978906 0.05871396064758301 53520
1675977979020 0.06932476162910461 53560
1675977979151 0.06747945547103881 53600
1675977979260 0.06464122533798218 53640
1675977979395 0.07492616176605224 53680
1675977979594 0.08150164484977722 53720
1675977979722 0.09653071761131286 53760
1675977979844 0.037628135085105895 53800
1675977979940 0.07106785774230957 53840
1675977980037 0.0926782250404358 53880
1675977980140 0.05530739426612854 53920
1675977980267 0.05696508288383484 53960
1675977980394 0.07254163026809693 54000
1675977980603 0.056094831228256224 54040
1675977980764 0.09077763557434082 54080
1675977981014 0.06399145722389221 54120
1675977981279 0.08447696566581726 54160
1675977981543 0.0937205970287323 54200
1675977981659 0.0655195415019989 54240
1675977981774 0.06027462482452393 54280
1675977981889 0.06061970591545105 54320
1675977981995 0.08992035984992981 54360
1675977982116 0.06358405947685242 54400
1675977982240 0.07701129913330078 54440
1675977982374 0.062709641456604 54480
1675977982543 0.08075794577598572 54520
1675977982662 0.048456937074661255 54560
1675977982778 0.05304902195930481 54600
1675977982886 0.0905059814453125 54640
1675977982993 0.06352759003639222 54680
1675977983096 0.07571746110916137 54720
1675977983200 0.06956831216812134 54760
1675977983291 0.07810999155044555 54800
1675977983378 0.0956520140171051 54840
1675977983495 0.08011010885238648 54880
1675977983591 0.09652157425880432 54920
1675977983749 0.08895348310470581 54960
1675977983894 0.04868450164794922 55000
1675977984007 0.0763520359992981 55040
1675977984111 0.08227198123931885 55080
1675977984213 0.05830221176147461 55120
1675977984312 0.052539783716201785 55160
1675977984436 0.0595755934715271 55200
1675977984572 0.046244218945503235 55240
1675977984732 0.05643416047096252 55280
1675977984849 0.07305867671966552 55320
1675977984969 0.08607980608940125 55360
1675977985091 0.08253459334373474 55400
1675977985191 0.05213061571121216 55440
1675977985340 0.08242953419685364 55480
1675977985441 0.0648532748222351 55520
1675977985578 0.06717694401741028 55560
1675977985681 0.09693223834037781 55600
1675977985789 0.05472467541694641 55640
1675977985889 0.06163075566291809 55680
1675977986021 0.06839715242385865 55720
1675977986160 0.074980229139328 55760
1675977986270 0.0686197280883789 55800
1675977986371 0.07523374557495117 55840
1675977986459 0.056768739223480226 55880
1675977986558 0.07182438373565674 55920
1675977986660 0.06782310605049133 55960
1675977986867 0.058567124605178836 56000
1675977986980 0.07500367760658264 56040
1675977987163 0.06088185906410217 56080
1675977987375 0.06001167893409729 56120
1675977987466 0.08183091282844543 56160
1675977987574 0.0843036413192749 56200
1675977987673 0.10012286901473999 56240
1675977987759 0.05991231203079224 56280
1675977987896 0.06325380802154541 56320
1675977987981 0.052436792850494386 56360
1675977988069 0.053645431995391846 56400
1675977988171 0.08891146183013916 56440
1675977988282 0.05480082035064697 56480
1675977988450 0.06304113864898682 56520
1675977988614 0.09832926392555237 56560
1675977988729 0.07279132008552551 56600
1675977988821 0.08133924007415771 56640
1675977988929 0.06767985820770264 56680
1675977989027 0.06575207710266114 56720
1675977989123 0.06399891972541809 56760
1675977989215 0.05483085513114929 56800
1675977989347 0.08706032633781433 56840
1675977989511 0.051405876874923706 56880
1675977989640 0.07965503334999084 56920
1675977989781 0.08460951447486878 56960
1675977989887 0.058784347772598264 57000
1675977990007 0.07238715887069702 57040
1675977990133 0.06210380792617798 57080
1675977990231 0.05866155028343201 57120
1675977990340 0.049496299028396605 57160
1675977990477 0.06202495694160461 57200
1675977990593 0.07086859345436096 57240
1675977990689 0.07323885560035706 57280
1675977990822 0.05472598671913147 57320
1675977991051 0.04804387986660004 57360
1675977991219 0.08096108436584473 57400
1675977991371 0.05276592373847962 57440
1675977991525 0.06812340021133423 57480
1675977991665 0.07034774422645569 57520
1675977991783 0.06359024047851562 57560
1675977991910 0.04884944260120392 57600
1675977992021 0.07842680215835571 57640
1675977992127 0.06842800378799438 57680
1675977992227 0.058864444494247437 57720
1675977992341 0.06610873341560364 57760
1675977992451 0.06905590295791626 57800
1675977992566 0.10389952659606934 57840
1675977992707 0.0637724220752716 57880
1675977992846 0.059729719161987306 57920
1675977992958 0.06909186840057373 57960
1675977993077 0.06319995522499085 58000
1675977993190 0.06417898535728454 58040
1675977993329 0.04381618201732636 58080
1675977993431 0.07323695421218872 58120
1675977993549 0.06269043684005737 58160
1675977993647 0.07124369144439698 58200
1675977993739 0.08223929405212402 58240
1675977993862 0.08115777373313904 58280
1675977993958 0.07949826121330261 58320
1675977994061 0.058646106719970705 58360
1675977994145 0.05912198424339295 58400
1675977994234 0.06040757894515991 58440
1675977994329 0.06201075315475464 58480
1675977994415 0.06764169335365296 58520
1675977994528 0.06663858890533447 58560
1675977994659 0.05288451313972473 58600
1675977994901 0.06465364694595337 58640
1675977995063 0.05629918575286865 58680
1675977995190 0.08222977519035339 58720
1675977995320 0.06331339478492737 58760
1675977995549 0.04420079588890076 58800
1675977995758 0.0617750346660614 58840
1675977995949 0.06818868517875672 58880
1675977996078 0.04890148937702179 58920
1675977996199 0.06422377228736878 58960
1675977996357 0.06845510601997376 59000
1675977996581 0.07364723086357117 59040
1675977996706 0.067082679271698 59080
1675977996816 0.05189090967178345 59120
1675977996973 0.0617806077003479 59160
1675977997164 0.06170742511749268 59200
1675977997279 0.07146673202514649 59240
1675977997390 0.057463687658309934 59280
1675977997516 0.09434211850166321 59320
1675977997627 0.07033706903457641 59360
1675977997746 0.0629324734210968 59400
1675977997943 0.06928914785385132 59440
1675977998034 0.05989210605621338 59480
1675977998140 0.051034402847290036 59520
1675977998250 0.058768779039382935 59560
1675977998340 0.058500266075134276 59600
1675977998476 0.07212105393409729 59640
1675977998583 0.0744833767414093 59680
1675977998689 0.060040563344955444 59720
1675977998812 0.06079244017601013 59760
1675977998896 0.06034330129623413 59800
1675977998997 0.08061977028846741 59840
1675977999118 0.056762981414794925 59880
1675977999213 0.06455880999565125 59920
1675977999315 0.05495418310165405 59960
1675977999455 0.07035539150238038 60000
1675977999587 0.09046180248260498 60040
1675977999722 0.06260528564453124 60080
1675977999844 0.07083091139793396 60120
1675977999954 0.05801033973693848 60160
1675978000102 0.08995791077613831 60200
1675978000192 0.08233876824378968 60240
1675978000735 0.014370763301849365 60280
1675978000847 0.048950177431106565 60320
1675978000945 0.0774957299232483 60360
1675978001040 0.062123054265975954 60400
1675978001169 0.06527202129364014 60440
1675978001365 0.06500542759895325 60480
1675978001497 0.08259480595588684 60520
1675978001600 0.08084385991096496 60560
1675978001706 0.07749383449554444 60600
1675978001811 0.07349666357040405 60640
1675978001928 0.0733389675617218 60680
1675978002106 0.06685441732406616 60720
1675978002197 0.06465138792991638 60760
1675978002306 0.05020519495010376 60800
1675978002404 0.059216254949569704 60840
1675978002528 0.07026135325431823 60880
1675978002654 0.07932970523834229 60920
1675978002749 0.08816244602203369 60960
1675978002859 0.06003732085227966 61000
1675978002953 0.08686203956604004 61040
1675978003074 0.09750432372093201 61080
1675978003173 0.04584096074104309 61120
1675978003286 0.07868951559066772 61160
1675978003391 0.07800019979476928 61200
1675978003536 0.07839952111244201 61240
1675978003640 0.06710696816444398 61280
1675978003745 0.036930599808692934 61320
1675978003866 0.077274489402771 61360
1675978003972 0.0711219310760498 61400
1675978004123 0.09395433664321899 61440
1675978004242 0.06972267627716064 61480
1675978004354 0.045328658819198606 61520
1675978004465 0.07465288639068604 61560
1675978004653 0.07348651885986328 61600
1675978004788 0.049753838777542116 61640
1675978004965 0.05134625434875488 61680
1675978005090 0.0643180787563324 61720
1675978005181 0.05191280841827393 61760
1675978005307 0.07103798389434815 61800
1675978005463 0.0509895384311676 61840
1675978005564 0.07432047128677369 61880
1675978005659 0.07599899172782898 61920
1675978005758 0.07456285953521728 61960
1675978005864 0.08275215029716491 62000
1675978005963 0.058103817701339724 62040
1675978006077 0.06078832745552063 62080
1675978006213 0.07696418166160583 62120
1675978006316 0.06793710589408875 62160
1675978006426 0.06292753219604492 62200
1675978006520 0.060985338687896726 62240
1675978006627 0.06908636093139649 62280
1675978006747 0.07547168135643005 62320
1675978006929 0.10156234502792358 62360
1675978007137 0.0499506264925003 62400
1675978007252 0.07038975954055786 62440
1675978007344 0.06363005042076111 62480
1675978007446 0.08287312388420105 62520
1675978007541 0.09971036911010742 62560
1675978007634 0.04838675260543823 62600
1675978007756 0.09647229909896851 62640
1675978007849 0.06324903964996338 62680
1675978007941 0.08879263401031494 62720
1675978008047 0.0715991199016571 62760
1675978008150 0.07010298371315002 62800
1675978008280 0.05918242931365967 62840
1675978008407 0.08263005018234253 62880
1675978008574 0.04292464256286621 62920
1675978008698 0.042145955562591556 62960
1675978008820 0.05729057788848877 63000
1675978008941 0.06641215682029725 63040
1675978009041 0.08217675089836121 63080
1675978009136 0.05817896127700806 63120
1675978009230 0.06368020176887512 63160
1675978009348 0.07327020764350892 63200
1675978009514 0.0849431335926056 63240
1675978009677 0.05686541795730591 63280
1675978009826 0.0708767831325531 63320
1675978009979 0.0629555344581604 63360
1675978010114 0.07987561225891113 63400
1675978010235 0.04860125482082367 63440
1675978010433 0.05668502449989319 63480
1675978010600 0.060155683755874635 63520
1675978010706 0.06392179727554322 63560
1675978010899 0.06449477672576905 63600
1675978011055 0.07439222335815429 63640
1675978011241 0.06667884588241577 63680
1675978011449 0.0761863112449646 63720
1675978011628 0.07483736872673034 63760
1675978011735 0.0781248927116394 63800
1675978011845 0.045971107482910153 63840
1675978011967 0.07182010412216186 63880
1675978012077 0.09018955826759338 63920
1675978012173 0.06311522126197815 63960
1675978012311 0.05457057356834412 64000
1675978012444 0.07335538864135742 64040
1675978012545 0.05812386870384216 64080
1675978012674 0.06826420426368714 64120
1675978012778 0.06376282572746277 64160
1675978012890 0.07779278755187988 64200
1675978012983 0.09018905758857727 64240
1675978013108 0.055677777528762816 64280
1675978013215 0.06339113712310791 64320
1675978013331 0.04799522757530213 64360
1675978013428 0.0701337456703186 64400
1675978013531 0.0710085690021515 64440
1675978013625 0.06382294297218323 64480
1675978013717 0.07457339763641357 64520
1675978013819 0.0675184965133667 64560
1675978013913 0.04344502091407776 64600
1675978014012 0.05287351608276367 64640
1675978014139 0.07833240628242492 64680
1675978014235 0.06282230019569397 64720
1675978014333 0.06760852932929992 64760
1675978014459 0.056991928815841676 64800
1675978014583 0.0746056616306305 64840
1675978014795 0.0848565936088562 64880
1675978015010 0.08583961129188537 64920
1675978015124 0.07923737764358521 64960
1675978015241 0.09640026092529297 65000
1675978015378 0.05095037817955017 65040
1675978015529 0.07470080256462097 65080
1675978015650 0.07736489176750183 65120
1675978015759 0.054519784450531 65160
1675978015865 0.06493618488311767 65200
1675978015975 0.04991635382175445 65240
1675978016082 0.054314684867858884 65280
1675978016212 0.057306700944900514 65320
1675978016313 0.06135290265083313 65360
1675978016434 0.0663125455379486 65400
1675978016546 0.09631352424621582 65440
1675978016632 0.04340728223323822 65480
1675978016735 0.08046965599060059 65520
1675978016924 0.09155252575874329 65560
1675978017152 0.056488978862762454 65600
1675978017269 0.09097073674201965 65640
1675978017375 0.05996840000152588 65680
1675978017474 0.05805220603942871 65720
1675978017573 0.07903422713279724 65760
1675978017680 0.0753682553768158 65800
1675978017780 0.06546019911766052 65840
1675978017897 0.08857020735740662 65880
1675978018000 0.05000104308128357 65920
1675978018113 0.0639521598815918 65960
1675978018226 0.08459445238113403 66000
1675978018378 0.061973470449447635 66040
1675978018560 0.06894250512123108 66080
1675978018662 0.07313695549964905 66120
1675978018752 0.053363263607025146 66160
1675978018862 0.10986621379852295 66200
1675978018967 0.08745683431625366 66240
1675978019087 0.07905926108360291 66280
1675978019195 0.0526388943195343 66320
1675978019302 0.06554757952690124 66360
1675978019404 0.04941183924674988 66400
1675978019530 0.05254659056663513 66440
1675978019689 0.06808785200119019 66480
1675978019857 0.04931039214134216 66520
1675978019958 0.08694252967834473 66560
1675978020066 0.0753670334815979 66600
1675978020177 0.06766820549964905 66640
1675978020283 0.07980568408966064 66680
1675978020396 0.07089399099349976 66720
1675978020522 0.0660362720489502 66760
1675978020610 0.06914339065551758 66800
1675978020697 0.061752045154571535 66840
1675978020800 0.08531748056411743 66880
1675978020908 0.0520594596862793 66920
1675978021017 0.07510966658592225 66960
1675978021138 0.08442418575286866 67000
1675978021234 0.06094220280647278 67040
1675978021341 0.050058376789093015 67080
1675978021456 0.07185209393501282 67120
1675978021568 0.06250449419021606 67160
1675978021672 0.047484517097473145 67200
1675978021765 0.0676469087600708 67240
1675978021867 0.07929284572601318 67280
1675978021965 0.05744784474372864 67320
1675978022102 0.07758030891418458 67360
1675978022200 0.03905505537986755 67400
1675978022301 0.0943552553653717 67440
1675978022419 0.053833991289138794 67480
1675978022530 0.06461517810821533 67520
1675978022632 0.061850106716156004 67560
1675978022782 0.06213981509208679 67600
1675978022885 0.057192283868789676 67640
1675978022974 0.07689372897148132 67680
1675978023077 0.07670486569404603 67720
1675978023183 0.05478984713554382 67760
1675978023288 0.06004403233528137 67800
1675978023401 0.08544785380363465 67840
1675978023517 0.0966433584690094 67880
1675978023630 0.05682774782180786 67920
1675978023742 0.06401854753494263 67960
1675978023845 0.06457743644714356 68000
1675978023946 0.06850319504737853 68040
1675978024031 0.04446374773979187 68080
1675978024135 0.05194687247276306 68120
1675978024269 0.07452906966209412 68160
1675978024390 0.04825025796890259 68200
1675978024516 0.06984606981277466 68240
1675978024728 0.05461498498916626 68280
1675978024854 0.09105044603347778 68320
1675978025057 0.07884688973426819 68360
1675978025183 0.06420013904571534 68400
1675978025292 0.06408693194389344 68440
1675978025513 0.05898159742355347 68480
1675978025780 0.07209929227828979 68520
1675978026026 0.06007242202758789 68560
1675978026153 0.06468921899795532 68600
1675978026280 0.0572929859161377 68640
1675978026456 0.051748025417327884 68680
1675978026610 0.0523465096950531 68720
1675978026707 0.05070109367370605 68760
1675978026817 0.05980772376060486 68800
1675978026933 0.04591458737850189 68840
1675978027141 0.06781005263328552 68880
1675978027272 0.07131171226501465 68920
1675978027364 0.06549516916275025 68960
1675978027457 0.04889064133167267 69000
1675978027567 0.06091222763061523 69040
1675978027664 0.07546963691711425 69080
1675978027755 0.07088342905044556 69120
1675978027844 0.07985814213752747 69160
1675978027953 0.0495647132396698 69200
1675978028055 0.06822401285171509 69240
1675978028164 0.06547342538833618 69280
1675978028269 0.05911393761634827 69320
1675978028387 0.08377194404602051 69360
1675978028548 0.06587905287742615 69400
1675978028680 0.07021510601043701 69440
1675978028821 0.06372701525688171 69480
1675978028926 0.051283448934555054 69520
1675978029049 0.055223900079727176 69560
1675978029146 0.06161080002784729 69600
1675978029249 0.057300448417663574 69640
1675978029356 0.06923158764839173 69680
1675978029487 0.06232368350028992 69720
1675978029633 0.06943839192390441 69760
1675978029806 0.059398531913757324 69800
1675978029956 0.06623821258544922 69840
1675978030055 0.07934697866439819 69880
1675978030158 0.05721134543418884 69920
1675978030266 0.05838276147842407 69960
1675978030381 0.05258591771125794 70000
1675978030502 0.07608911395072937 70040
1675978030616 0.07153953313827514 70080
1675978030787 0.06423822045326233 70120
1675978030909 0.07032392024993897 70160
1675978031024 0.06116105914115906 70200
1675978031148 0.07280895709991456 70240
1675978031264 0.08069877028465271 70280
1675978031844 0.00795547291636467 70320
1675978031945 0.05675955414772034 70360
1675978032067 0.060592818260192874 70400
1675978032198 0.0580857515335083 70440
1675978032307 0.06988617181777954 70480
1675978032415 0.06499978303909301 70520
1675978032540 0.059863698482513425 70560
1675978032630 0.09196931719779969 70600
1675978032739 0.056684070825576784 70640
1675978032863 0.08221346139907837 70680
1675978032967 0.06325916051864625 70720
1675978033084 0.06037784218788147 70760
1675978033185 0.05165354013442993 70800
1675978033339 0.0565054714679718 70840
1675978033553 0.0594152569770813 70880
1675978033701 0.06709799766540528 70920
1675978033848 0.07289762496948242 70960
1675978034022 0.07232839465141297 71000
1675978034140 0.06409990787506104 71040
1675978034269 0.07780811190605164 71080
1675978034379 0.0844688057899475 71120
1675978034512 0.05871319770812988 71160
1675978034620 0.07689324617385865 71200
1675978034786 0.05887786746025085 71240
1675978034919 0.08841168880462646 71280
1675978035076 0.06134655475616455 71320
1675978035166 0.041325238347053525 71360
1675978035313 0.07645336389541627 71400
1675978035450 0.06208826899528504 71440
1675978035590 0.09242489337921142 71480
1675978035702 0.06065720319747925 71520
1675978035814 0.048240774869918825 71560
1675978035917 0.06188613176345825 71600
1675978036033 0.06416083574295044 71640
1675978036129 0.04740763008594513 71680
1675978036229 0.049839848279953004 71720
1675978036324 0.04964214861392975 71760
1675978036428 0.06639475226402283 71800
1675978036524 0.06740530729293823 71840
1675978036633 0.047204986214637756 71880
1675978036731 0.07338652610778809 71920
1675978036835 0.06924859881401062 71960
1675978036982 0.06961839199066162 72000
1675978037133 0.09134735465049744 72040
1675978037283 0.056346237659454346 72080
1675978037387 0.05703727006912231 72120
1675978037480 0.07602863907814025 72160
1675978037574 0.06312444806098938 72200
1675978037668 0.07061645984649659 72240
1675978037766 0.06352344751358033 72280
1675978037888 0.07079182863235474 72320
1675978037991 0.06377888917922973 72360
1675978038115 0.0868266463279724 72400
1675978038248 0.048117658495903014 72440
1675978038375 0.06830925941467285 72480
1675978038519 0.06410028338432312 72520
1675978038649 0.08029763698577881 72560
1675978038814 0.08949519991874695 72600
1675978038957 0.06537569165229798 72640
1675978039093 0.07788408994674682 72680
1675978039201 0.06790177226066589 72720
1675978039319 0.09776465892791748 72760
1675978039465 0.06496964693069458 72800
1675978039571 0.06766949892044068 72840
1675978039792 0.05472398996353149 72880
1675978039949 0.07092813849449157 72920
1675978040041 0.050336134433746335 72960
1675978040150 0.042913174629211424 73000
1675978040250 0.05013616681098938 73040
1675978040389 0.057481372356414796 73080
1675978040524 0.07664994597434997 73120
1675978040690 0.04790045022964477 73160
1675978040835 0.055349725484848025 73200
1675978040961 0.0636755347251892 73240
1675978041211 0.08370385169982911 73280
1675978041374 0.06087468266487121 73320
1675978041536 0.06850962042808532 73360
1675978041654 0.06338195204734802 73400
1675978041759 0.07558324337005615 73440
1675978041849 0.05628156661987305 73480
1675978041954 0.06384652256965637 73520
1675978042051 0.055434811115264895 73560
1675978042156 0.0721227467060089 73600
1675978042268 0.04705197513103485 73640
1675978042368 0.08041663765907288 73680
1675978042502 0.056246387958526614 73720
1675978042627 0.07233155369758607 73760
1675978042737 0.07013282179832458 73800
1675978042871 0.06862749457359314 73840
1675978042983 0.059025490283966066 73880
1675978043094 0.05062499046325684 73920
1675978043194 0.0857044517993927 73960
1675978043304 0.05865339636802673 74000
1675978043421 0.04866201877593994 74040
1675978043542 0.06754971146583558 74080
1675978043643 0.05308193564414978 74120
1675978043746 0.06369614601135254 74160
1675978043858 0.06036937236785889 74200
1675978043957 0.05765369534492493 74240
1675978044060 0.08144517540931702 74280
1675978044159 0.05965535044670105 74320
1675978044275 0.05802252292633057 74360
1675978044365 0.04341838955879211 74400
1675978044469 0.07396177649497986 74440
1675978044640 0.0751662015914917 74480
1675978044778 0.07581827640533448 74520
1675978044890 0.06755485534667968 74560
1675978045019 0.06427912712097168 74600
1675978045118 0.05276808738708496 74640
1675978045298 0.04738658964633942 74680
1675978045472 0.08144353032112121 74720
1675978045616 0.05365147590637207 74760
1675978045719 0.062278342247009275 74800
1675978045819 0.05098661780357361 74840
1675978045915 0.08234364986419677 74880
1675978046017 0.08440400958061219 74920
1675978046157 0.07206705212593079 74960
1675978046269 0.06748143434524537 75000
1675978046370 0.09786520600318908 75040
1675978046473 0.051696288585662845 75080
1675978046601 0.0605523407459259 75120
1675978046739 0.07890246510505676 75160
1675978046915 0.05711649060249328 75200
1675978047067 0.0675849199295044 75240
1675978047234 0.04935418665409088 75280
1675978047334 0.04015381932258606 75320
1675978047441 0.06074245572090149 75360
1675978047535 0.06470017433166504 75400
1675978047640 0.07100360989570617 75440
1675978047757 0.09847665429115296 75480
1675978047840 0.04605063498020172 75520
1675978047931 0.07952317595481873 75560
1675978048038 0.06512325406074523 75600
1675978048130 0.055382144451141355 75640
1675978048226 0.06724011898040771 75680
1675978048372 0.06118936538696289 75720
1675978048503 0.05297062993049621 75760
1675978048686 0.07477274537086487 75800
1675978048806 0.0694165825843811 75840
1675978048909 0.06621859669685363 75880
1675978049030 0.06987054347991943 75920
1675978049128 0.062170660495758055 75960
1675978049246 0.05826969742774964 76000
1675978049369 0.087417072057724 76040
1675978049480 0.05753374099731445 76080
1675978049604 0.057706981897354126 76120
1675978049734 0.07428721785545349 76160
1675978049844 0.04547042846679687 76200
1675978049997 0.07421113848686219 76240
1675978050118 0.08141412734985351 76280
1675978050216 0.07766480445861816 76320
1675978050305 0.0586264431476593 76360
1675978050446 0.056300634145736696 76400
1675978050537 0.049147415161132815 76440
1675978050668 0.061635518074035646 76480
1675978050766 0.0746497392654419 76520
1675978050937 0.056705141067504884 76560
1675978051069 0.06825854182243347 76600
1675978051241 0.0905985713005066 76640
1675978051347 0.05858047604560852 76680
1675978051445 0.07623275518417358 76720
1675978051550 0.06761718988418579 76760
1675978051652 0.0638752281665802 76800
1675978051760 0.06356509923934936 76840
1675978051854 0.06378640532493592 76880
1675978051957 0.07609875202178955 76920
1675978052076 0.040145060420036315 76960
1675978052181 0.07621229887008667 77000
1675978052300 0.0745982825756073 77040
1675978052426 0.06622280478477478 77080
1675978052529 0.06096237301826477 77120
1675978052638 0.05800333619117737 77160
1675978052754 0.056674569845199585 77200
1675978052868 0.046868064999580385 77240
1675978053016 0.0738113284111023 77280
1675978053136 0.07845416069030761 77320
1675978053229 0.05529682040214538 77360
1675978053324 0.07055609226226807 77400
1675978053416 0.038017094135284424 77440
1675978053529 0.06223171353340149 77480
1675978053625 0.05360559821128845 77520
1675978053718 0.07069661021232605 77560
1675978053857 0.05366324782371521 77600
1675978053955 0.0695306897163391 77640
1675978054040 0.05786094069480896 77680
1675978054127 0.05645594596862793 77720
1675978054218 0.07493638396263122 77760
1675978054301 0.05119580626487732 77800
1675978054400 0.05861639380455017 77840
1675978054517 0.07424665689468384 77880
1675978054613 0.07650880813598633 77920
1675978054737 0.05385441780090332 77960
1675978054881 0.06594968438148499 78000
1675978055014 0.06296277642250062 78040
1675978055118 0.06624088883399963 78080
1675978055304 0.08395978212356567 78120
1675978055576 0.054930633306503295 78160
1675978055690 0.06817104816436767 78200
1675978055882 0.05063917636871338 78240
1675978055987 0.06706655025482178 78280
1675978056221 0.05048925280570984 78320
1675978056399 0.08371837139129638 78360
1675978056608 0.08395594954490662 78400
1675978056717 0.04903970658779144 78440
1675978056831 0.06862109899520874 78480
1675978056985 0.037494316697120667 78520
1675978057117 0.06021842360496521 78560
1675978057247 0.06655615568161011 78600
1675978057344 0.05564252138137817 78640
1675978057450 0.054600030183792114 78680
1675978057571 0.04648929238319397 78720
1675978057669 0.05035337805747986 78760
1675978057777 0.05370604991912842 78800
1675978057888 0.05519096851348877 78840
1675978058030 0.0479348212480545 78880
1675978058171 0.07354989051818847 78920
1675978058271 0.05436925888061524 78960
1675978058439 0.0712485671043396 79000
1675978058588 0.048114892840385434 79040
1675978058747 0.0645265519618988 79080
1675978058872 0.05828978419303894 79120
1675978058996 0.07441537380218506 79160
1675978059105 0.057497608661651614 79200
1675978059214 0.05540286898612976 79240
1675978059316 0.045301112532615664 79280
1675978059421 0.08029065132141114 79320
1675978059525 0.05935240387916565 79360
1675978059698 0.07563523650169372 79400
1675978059795 0.06502354145050049 79440
1675978059973 0.07487285137176514 79480
1675978060108 0.06131335496902466 79520
1675978060200 0.056154865026474 79560
1675978060283 0.04309356212615967 79600
1675978060369 0.05090838074684143 79640
1675978060464 0.05764496922492981 79680
1675978060549 0.06266633272171021 79720
1675978060687 0.057430577278137204 79760
1675978060784 0.07225696444511413 79800
1675978060900 0.06358253955841064 79840
1675978061005 0.056104612350463864 79880
1675978061140 0.06264246702194214 79920
1675978061247 0.05992646217346191 79960
1675978061376 0.05071660280227661 80000
1675978061522 0.05331013798713684 80040
1675978061642 0.05578234195709229 80080
1675978061755 0.08019206523895264 80120
1675978061875 0.06656454205513 80160
1675978061969 0.043733072280883786 80200
1675978062064 0.07257068157196045 80240
1675978062183 0.05318412184715271 80280
1675978062290 0.07542702555656433 80320
1675978062825 0.0004665423184633255 80360
1675978062956 0.04850752949714661 80400
1675978063076 0.05986380577087402 80440
1675978063178 0.05390098094940186 80480
1675978063310 0.062417274713516234 80520
1675978063415 0.06910532116889953 80560
1675978063517 0.0638982355594635 80600
1675978063615 0.07399017214775086 80640
1675978063757 0.0651271641254425 80680
1675978063871 0.08933679461479187 80720
1675978063976 0.05210822820663452 80760
1675978064085 0.060602974891662595 80800
1675978064199 0.06061309576034546 80840
1675978064303 0.050311535596847534 80880
1675978064412 0.07530885934829712 80920
1675978064550 0.0656446397304535 80960
1675978064654 0.06525912880897522 81000
1675978064776 0.0726196825504303 81040
1675978064906 0.06828630566596985 81080
1675978065028 0.0648232102394104 81120
1675978065135 0.07595661878585816 81160
1675978065280 0.07099903225898743 81200
1675978065445 0.06987807154655457 81240
1675978065558 0.06703219413757325 81280
1675978065661 0.07559500932693482 81320
1675978065779 0.06713988780975341 81360
1675978065879 0.05369601845741272 81400
1675978066005 0.07206040024757385 81440
1675978066109 0.06803096532821655 81480
1675978066232 0.08248339891433716 81520
1675978066344 0.07463630437850952 81560
1675978066452 0.06491115689277649 81600
1675978066559 0.0560588002204895 81640
1675978066669 0.0659785270690918 81680
1675978066779 0.03849989175796509 81720
1675978066950 0.043753626942634585 81760
1675978067117 0.05299640893936157 81800
1675978067214 0.06246775984764099 81840
1675978067333 0.062434840202331546 81880
1675978067430 0.04277586042881012 81920
1675978067557 0.06555213928222656 81960
1675978067650 0.07111074328422547 82000
1675978067739 0.06532202959060669 82040
1675978067902 0.08387506008148193 82080
1675978068056 0.05515660643577576 82120
1675978068162 0.06357024312019348 82160
1675978068260 0.06455941796302796 82200
1675978068372 0.062166529893875125 82240
1675978068516 0.06812054514884949 82280
1675978068645 0.07438874244689941 82320
1675978068753 0.0489211231470108 82360
1675978068864 0.06756151914596557 82400
1675978068964 0.08400500416755677 82440
1675978069067 0.056222134828567506 82480
1675978069179 0.06545058488845826 82520
1675978069288 0.061768573522567746 82560
1675978069400 0.0759751558303833 82600
1675978069507 0.08495489954948425 82640
1675978069658 0.06971565485000611 82680
1675978069876 0.08219924569129944 82720
1675978070020 0.06697562336921692 82760
1675978070170 0.0870819330215454 82800
1675978070281 0.06883158683776855 82840
1675978070512 0.06288600564002991 82880
1675978070717 0.06174259185791016 82920
1675978070888 0.0578313410282135 82960
1675978071004 0.06424609422683716 83000
1675978071194 0.04053161740303039 83040
1675978071379 0.0399071991443634 83080
1675978071551 0.05996547937393189 83120
1675978071677 0.06885298490524291 83160
1675978071778 0.04984295964241028 83200
1675978071884 0.06220546960830688 83240
1675978072018 0.06681073904037475 83280
1675978072135 0.07613962888717651 83320
1675978072247 0.07171433568000793 83360
1675978072372 0.06545683741569519 83400
1675978072533 0.06377454400062561 83440
1675978072637 0.060067403316497806 83480
1675978072744 0.04934645891189575 83520
1675978072850 0.052639490365982054 83560
1675978072958 0.05900886654853821 83600
1675978073083 0.06743194460868836 83640
1675978073184 0.0497012734413147 83680
1675978073287 0.0766807496547699 83720
1675978073382 0.0591330349445343 83760
1675978073483 0.0632516860961914 83800
1675978073589 0.08082396984100342 83840
1675978073719 0.06631627678871155 83880
1675978073824 0.061978000402450564 83920
1675978073936 0.05628789663314819 83960
1675978074062 0.07887989282608032 84000
1675978074162 0.0532643735408783 84040
1675978074272 0.0508658766746521 84080
1675978074374 0.0785159170627594 84120
1675978074470 0.056279486417770384 84160
1675978074585 0.05405473709106445 84200
1675978074764 0.06480696201324462 84240
1675978074878 0.061162352561950684 84280
1675978074985 0.08226854205131531 84320
1675978075089 0.0598930299282074 84360
1675978075204 0.05105240941047669 84400
1675978075348 0.04186488091945648 84440
1675978075488 0.07656439542770385 84480
1675978075592 0.07644981741905213 84520
1675978075697 0.058757287263870236 84560
1675978075794 0.0644154667854309 84600
1675978075920 0.0743605613708496 84640
1675978076039 0.06242902278900146 84680
1675978076147 0.049437931180000304 84720
1675978076252 0.06857450604438782 84760
1675978076369 0.0621282160282135 84800
1675978076479 0.06904148459434509 84840
1675978076586 0.05794593691825867 84880
1675978076673 0.07566892504692077 84920
1675978076783 0.10026668310165406 84960
1675978076942 0.06997551918029785 85000
1675978077083 0.07018060088157654 85040
1675978077211 0.09470713138580322 85080
1675978077315 0.06030154228210449 85120
1675978077418 0.06016072630882263 85160
1675978077519 0.08866817951202392 85200
1675978077627 0.04870926439762115 85240
1675978077733 0.06126821041107178 85280
1675978077862 0.057859140634536746 85320
1675978078000 0.04492318630218506 85360
1675978078133 0.05745347142219544 85400
1675978078232 0.06109946370124817 85440
1675978078347 0.06294309496879577 85480
1675978078478 0.08396415710449219 85520
1675978078596 0.04844423532485962 85560
1675978078777 0.06393409967422485 85600
1675978078879 0.06448677778244019 85640
1675978078988 0.05237804055213928 85680
1675978079094 0.06381484866142273 85720
1675978079202 0.061324012279510495 85760
1675978079309 0.047272640466690066 85800
1675978079403 0.07751081585884094 85840
1675978079515 0.06421641111373902 85880
1675978079623 0.058971405029296875 85920
1675978079793 0.08073377013206481 85960
1675978079927 0.05490933656692505 86000
1675978080035 0.06404123902320862 86040
1675978080133 0.06752986907958984 86080
1675978080241 0.04935453236103058 86120
1675978080361 0.06180823445320129 86160
1675978080467 0.08150212168693542 86200
1675978080557 0.054929041862487794 86240
1675978080654 0.07248696684837341 86280
1675978080771 0.09107974171638489 86320
1675978080916 0.06159461736679077 86360
1675978081042 0.06771599054336548 86400
1675978081161 0.056449270248413085 86440
1675978081277 0.04573214948177338 86480
1675978081380 0.06513936519622802 86520
1675978081482 0.07691680788993835 86560
1675978081600 0.05122661590576172 86600
1675978081721 0.06306319236755371 86640
1675978081817 0.08237886428833008 86680
1675978081921 0.07357264757156372 86720
1675978082040 0.086728036403656 86760
1675978082158 0.05760456323623657 86800
1675978082258 0.06177902817726135 86840
1675978082355 0.05470422506332397 86880
1675978082461 0.07903914451599121 86920
1675978082566 0.07613677978515625 86960
1675978082670 0.05553439259529114 87000
1675978082840 0.07914502620697021 87040
1675978082958 0.07598615288734437 87080
1675978083089 0.05623087286949158 87120
1675978083194 0.061659276485443115 87160
1675978083300 0.05998205542564392 87200
1675978083406 0.057311081886291505 87240
1675978083513 0.05450328588485718 87280
1675978083617 0.05484965443611145 87320
1675978083732 0.07585223913192748 87360
1675978083859 0.05688123106956482 87400
1675978083972 0.0674429714679718 87440
1675978084081 0.043547254800796506 87480
1675978084198 0.06571537852287293 87520
1675978084303 0.05752099752426147 87560
1675978084417 0.05927200317382812 87600
1675978084548 0.052841246128082275 87640
1675978084713 0.0716136336326599 87680
1675978084887 0.05200745463371277 87720
1675978085022 0.06507408618927002 87760
1675978085141 0.07834151983261109 87800
1675978085287 0.04834039509296417 87840
1675978085425 0.05933136940002441 87880
1675978085553 0.0764237642288208 87920
1675978085663 0.07532517313957214 87960
1675978085773 0.059767919778823855 88000
1675978085882 0.04594774842262268 88040
1675978086023 0.07096163034439087 88080
1675978086186 0.0578881025314331 88120
1675978086384 0.050282663106918334 88160
1675978086557 0.03896374702453613 88200
1675978086778 0.07856332063674927 88240
1675978086980 0.04886030256748199 88280
1675978087203 0.06857622861862182 88320
1675978087348 0.047872161865234374 88360
1675978087448 0.08532933592796325 88400
1675978087555 0.07354113459587097 88440
1675978087653 0.05086084008216858 88480
1675978087750 0.07229790687561036 88520
1675978087852 0.03844648599624634 88560
1675978087970 0.05771934390068054 88600
1675978088089 0.05891427993774414 88640
1675978088202 0.05315815806388855 88680
1675978088320 0.051215237379074095 88720
1675978088454 0.05514647960662842 88760
1675978088611 0.04254145324230194 88800
1675978088764 0.049197354912757875 88840
1675978088874 0.048690414428710936 88880
1675978089005 0.041244274377822875 88920
1675978089121 0.05972452163696289 88960
1675978089223 0.06885275840759278 89000
1675978089325 0.05653697848320007 89040
1675978089419 0.04879661500453949 89080
1675978089531 0.06660517454147338 89120
1675978089630 0.0681479811668396 89160
1675978089834 0.06778441667556763 89200
1675978090016 0.058649516105651854 89240
1675978090137 0.06141035556793213 89280
1675978090250 0.051681941747665404 89320
1675978090388 0.06486759185791016 89360
1675978090513 0.06259204745292664 89400
1675978090636 0.07493886351585388 89440
1675978090740 0.05405856370925903 89480
1675978090894 0.07458558678627014 89520
1675978091019 0.04805103838443756 89560
1675978091131 0.06883411407470703 89600
1675978091241 0.042067044973373414 89640
1675978091351 0.059806013107299806 89680
1675978091446 0.0517179012298584 89720
1675978091614 0.0531752347946167 89760
1675978091773 0.07559256553649903 89800
1675978091880 0.06438382267951966 89840
1675978092018 0.06411869525909424 89880
1675978092174 0.06116393208503723 89920
1675978092277 0.04811409413814545 89960
1675978092398 0.06972801089286804 90000
1675978092506 0.048017111420631406 90040
1675978092610 0.06161230206489563 90080
1675978092710 0.04102381467819214 90120
1675978092818 0.08527410626411439 90160
1675978092931 0.07871450781822205 90200
1675978093046 0.05174059271812439 90240
1675978093149 0.05802110433578491 90280
1675978093240 0.05539954900741577 90320
1675978093353 0.07737728357315063 90360
1675978093447 0.060046052932739256 90400
1675978094023 0.04140896499156952 90440
1675978094127 0.055642837285995485 90480
1675978094227 0.05749766826629639 90520
1675978094323 0.07095330357551574 90560
1675978094416 0.0588384747505188 90600
1675978094537 0.07764593958854675 90640
1675978094660 0.07666599750518799 90680
1675978094788 0.0757723867893219 90720
1675978094899 0.08199142217636109 90760
1675978095020 0.05173503160476685 90800
1675978095120 0.05672550797462463 90840
1675978095254 0.06526986956596374 90880
1675978095458 0.048726195096969606 90920
1675978095618 0.06393492221832275 90960
1675978095719 0.054133057594299316 91000
1675978095824 0.07657687664031983 91040
1675978095935 0.064539635181427 91080
1675978096050 0.08952520489692688 91120
1675978096173 0.07389969229698182 91160
1675978096273 0.08146206736564636 91200
1675978096364 0.07011757493019104 91240
1675978096465 0.03992550075054169 91280
1675978096568 0.07226680517196656 91320
1675978096674 0.08257322311401367 91360
1675978096803 0.059453833103179934 91400
1675978096937 0.05587835311889648 91440
1675978097092 0.06378179788589478 91480
1675978097211 0.06611326336860657 91520
1675978097330 0.0739152729511261 91560
1675978097420 0.06929670572280884 91600
1675978097534 0.060950636863708496 91640
1675978097637 0.054220348596572876 91680
1675978097754 0.07228062748908996 91720
1675978097848 0.0539360761642456 91760
1675978097963 0.0502749502658844 91800
1675978098038 0.05112617611885071 91840
1675978098117 0.05620282292366028 91880
1675978098197 0.07443766593933106 91920
1675978098279 0.040961620211601255 91960
1675978098354 0.05633481740951538 92000
1675978098480 0.0788421392440796 92040
1675978098551 0.07800523042678834 92080
1675978098628 0.07498232126235962 92120
1675978098704 0.049656817317008974 92160
1675978098772 0.06155841946601868 92200
1675978098852 0.054512017965316774 92240
1675978098932 0.06516765356063843 92280
1675978099012 0.0652526319026947 92320
1675978099079 0.07405503392219544 92360
1675978099151 0.055918258428573606 92400
1675978099228 0.07569819092750549 92440
1675978099306 0.06472728848457336 92480
1675978099386 0.06369134783744812 92520
1675978099459 0.07436038255691528 92560
1675978099537 0.05371650457382202 92600
1675978099613 0.0776569128036499 92640
1675978099691 0.09861907362937927 92680
1675978099767 0.07366506457328796 92720
1675978099855 0.0696351706981659 92760
1675978099933 0.05749586820602417 92800
1675978100000 0.07625551223754883 92840
1675978100076 0.06452608108520508 92880
1675978100148 0.05518980622291565 92920
1675978100231 0.08133946061134338 92960
1675978100318 0.05266396403312683 93000
1675978100411 0.05266982913017273 93040
1675978100489 0.045917144417762755 93080
1675978100563 0.03337773680686951 93120
1675978100649 0.052545571327209474 93160
1675978100739 0.07358389496803283 93200
1675978100817 0.059362655878067015 93240
1675978100890 0.05549771189689636 93280
1675978100976 0.06489490866661071 93320
1675978101048 0.07066965103149414 93360
1675978101124 0.09543309211730958 93400
1675978101209 0.05809258222579956 93440
1675978101296 0.06712805032730103 93480
1675978101382 0.08327978253364562 93520
1675978101453 0.05195548534393311 93560
1675978101533 0.0638419508934021 93600
1675978101612 0.05141987204551697 93640
1675978101700 0.06297326683998108 93680
1675978101779 0.051308739185333255 93720
1675978101862 0.0765831470489502 93760
1675978101939 0.05197197198867798 93800
1675978102019 0.07124559879302979 93840
1675978102094 0.09881916642189026 93880
1675978102167 0.06549516320228577 93920
1675978102236 0.06558045148849487 93960
1675978102307 0.05714256763458252 94000
1675978102379 0.09647230505943298 94040
1675978102450 0.05173230171203613 94080
1675978102530 0.04722336530685425 94120
1675978102614 0.07483221888542176 94160
1675978102680 0.04625809192657471 94200
1675978102750 0.05850215554237366 94240
1675978102819 0.05753084421157837 94280
1675978102886 0.06697837114334107 94320
1675978102953 0.0817481279373169 94360
1675978103022 0.05716419816017151 94400
1675978103095 0.059194529056549074 94440
1675978103175 0.05076006054878235 94480
1675978103251 0.06926695108413697 94520
1675978103329 0.0744890570640564 94560
1675978103397 0.06922799348831177 94600
1675978103467 0.061475157737731934 94640
1675978103539 0.07004774808883667 94680
1675978103604 0.035084867477416994 94720
1675978103689 0.05414642691612244 94760
1675978103778 0.06764075756072999 94800
1675978103876 0.06448063254356384 94840
1675978103950 0.062389802932739255 94880
1675978104031 0.06841738820075989 94920
1675978104097 0.05676836371421814 94960
1675978104167 0.11339784860610962 95000
1675978104249 0.06887003183364868 95040
1675978104351 0.060743647813797 95080
1675978104447 0.08907034397125244 95120
1675978104582 0.07470445036888122 95160
1675978104707 0.05304945707321167 95200
1675978104785 0.08238081932067871 95240
1675978104859 0.05267252326011658 95280
1675978104937 0.0628922700881958 95320
1675978105002 0.05202128887176514 95360
1675978105083 0.04490220248699188 95400
1675978105158 0.047870326042175296 95440
1675978105234 0.054242247343063356 95480
1675978105340 0.05679821968078613 95520
1675978105423 0.08768414855003356 95560
1675978105490 0.0544685423374176 95600
1675978105564 0.05466419458389282 95640
1675978105629 0.07158170342445373 95680
1675978105694 0.05876942873001099 95720
1675978105776 0.052908122539520264 95760
1675978105854 0.06950773000717163 95800
1675978105928 0.04497312009334564 95840
1675978106002 0.06294901967048645 95880
1675978106080 0.07019033432006835 95920
1675978106154 0.06248237490653992 95960
1675978106234 0.07495973110198975 96000
1675978106314 0.05521495938301087 96040
1675978106395 0.06527544856071472 96080
1675978106474 0.06444226503372193 96120
1675978106560 0.05476507544517517 96160
1675978106642 0.062105613946914676 96200
1675978106714 0.0625635027885437 96240
1675978106786 0.055230700969696046 96280
1675978106861 0.07079252004623413 96320
1675978106969 0.10148065090179444 96360
1675978107056 0.057215505838394166 96400
1675978107127 0.07109789252281189 96440
1675978107204 0.06414684653282166 96480
1675978107279 0.041451838612556455 96520
1675978107354 0.07579184174537659 96560
1675978107427 0.058834439516067503 96600
1675978107508 0.05974629521369934 96640
1675978107589 0.05609018802642822 96680
1675978107662 0.06887315511703491 96720
1675978107745 0.07649807333946228 96760
1675978107819 0.07824813723564147 96800
1675978107897 0.06728152632713318 96840
1675978107990 0.07021983861923217 96880
1675978108070 0.04826840162277222 96920
1675978108141 0.06504051089286804 96960
1675978108218 0.06599929928779602 97000
1675978108296 0.05727813243865967 97040
1675978108369 0.08808465600013733 97080
1675978108476 0.08509085774421692 97120
1675978108574 0.06353848576545715 97160
1675978108665 0.06146713495254517 97200
1675978108750 0.05660701990127563 97240
1675978108833 0.06713507771492004 97280
1675978108913 0.049670901894569394 97320
1675978108991 0.05350797176361084 97360
1675978109075 0.07589764595031738 97400
1675978109152 0.054199826717376706 97440
1675978109235 0.06585119366645813 97480
1675978109317 0.03677749335765838 97520
1675978109391 0.05809834599494934 97560
1675978109468 0.06222984194755554 97600
1675978109537 0.062361997365951535 97640
1675978109613 0.05042638182640076 97680
1675978109700 0.06996009349822999 97720
1675978109793 0.0470208078622818 97760
1675978109871 0.04250984787940979 97800
1675978109949 0.0737630546092987 97840
1675978110037 0.050852406024932864 97880
1675978110117 0.06430326700210572 97920
1675978110208 0.08998940587043762 97960
1675978110286 0.07001407146453857 98000
1675978110371 0.05708101987838745 98040
1675978110453 0.051272594928741456 98080
1675978110535 0.07547464966773987 98120
1675978110607 0.062423181533813474 98160
1675978110693 0.046087530255317685 98200
1675978110767 0.039240825176239016 98240
1675978110843 0.06395345330238342 98280
1675978110921 0.047837448120117185 98320
1675978110999 0.06409590244293213 98360
1675978111069 0.05163609981536865 98400
1675978111151 0.0838114321231842 98440
1675978111253 0.07090961337089538 98480
1675978111332 0.05588884949684143 98520
1675978111413 0.0658868670463562 98560
1675978111483 0.052342289686203004 98600
1675978111573 0.05468902587890625 98640
1675978111646 0.06553803682327271 98680
1675978111722 0.06222562193870544 98720
1675978111798 0.04761532843112946 98760
1675978111874 0.04777448177337647 98800
1675978111951 0.04465937316417694 98840
1675978112043 0.039183241128921506 98880
1675978112119 0.04949156045913696 98920
1675978112197 0.04238214492797852 98960
1675978112283 0.0637411892414093 99000
1675978112358 0.06315271854400635 99040
1675978112433 0.053911727666854856 99080
1675978112521 0.041314920783042906 99120
1675978112606 0.06231527328491211 99160
1675978112684 0.0630496859550476 99200
1675978112755 0.06514310836791992 99240
1675978112830 0.05950939655303955 99280
1675978112897 0.05868512988090515 99320
1675978112982 0.04764627814292908 99360
1675978113069 0.062175941467285153 99400
1675978113151 0.06218122243881226 99440
1675978113230 0.07671697735786438 99480
1675978113302 0.06067832708358765 99520
1675978113381 0.08080120086669922 99560
1675978113464 0.049991294741630554 99600
1675978113541 0.06097114086151123 99640
1675978113612 0.03975946307182312 99680
1675978113687 0.05509534478187561 99720
1675978113765 0.04190242886543274 99760
1675978113846 0.057943665981292726 99800
1675978113922 0.0747573733329773 99840
1675978114002 0.06325001120567322 99880
1675978114081 0.05185835957527161 99920
1675978114159 0.05974887609481812 99960
1675978114240 0.055478960275650024 100000
1675978114319 0.06990798711776733 100040
1675978114393 0.04305662512779236 100080
1675978114465 0.06667017936706543 100120
1675978114541 0.040193679928779605 100160
1675978114621 0.08297937512397766 100200
1675978114702 0.07181280255317687 100240
1675978114778 0.044668829441070555 100280
1675978114855 0.06649997234344482 100320
1675978114935 0.059925425052642825 100360
1675978115013 0.07650333046913146 100400
1675978115086 0.08267700672149658 100440
