1675619950926 0.6138181686401367 0
1675619951840 0.6116258502006531 0
1675619953024 0.6153387427330017 0
1675619954211 0.6154389381408691 0
1675619955389 0.608352541923523 0
1675619956625 0.6153545379638672 0
1675619957879 0.6045459508895874 0
1675619959036 0.6085253953933716 0
1675619960238 0.6075732707977295 0
1675619961338 0.6053804755210876 0
1675619962420 0.6054781675338745 0
1675619963494 0.6075994968414307 0
1675619964570 0.6071007251739502 0
1675619965661 0.6018081903457642 0
1675619966769 0.6015758514404297 0
1675619967882 0.6052930951118469 0
1675619968956 0.6047608256340027 0
1675619970034 0.6061075329780579 0
1675619971130 0.5983513593673706 0
1675619972201 0.6013267636299133 0
1675619973302 0.5962508916854858 0
1675619974554 0.5980515480041504 0
1675619975869 0.5891441702842712 0
1675619977085 0.598730206489563 0
1675619978199 0.5992562174797058 0
1675619979274 0.5983335375785828 0
1675619980471 0.5946338176727295 0
1675619981577 0.589701771736145 0
1675619982653 0.5944412350654602 0
1675619983730 0.5954731106758118 0
1675619984830 0.589809000492096 0
1675619985936 0.5988984704017639 0
1675619987024 0.5938094258308411 0
1675619988139 0.5901121497154236 0
1675619989341 0.584743082523346 0
1675619990558 0.5909106731414795 0
1675619991637 0.5878193974494934 0
1675619992736 0.5830911993980408 0
1675619993842 0.58564293384552 0
1675619994934 0.5863363146781921 0
1675619996066 0.5866879224777222 0
1675619997139 0.5853443145751953 0
1675619998302 0.5852764248847961 0
1675619999407 0.5765688419342041 0
1675620000487 0.585210382938385 0
1675620001553 0.5844329595565796 0
1675620002657 0.5796208381652832 0
1675620003848 0.5741601586341858 0
1675620005018 0.5788964033126831 0
1675620006105 0.5765120387077332 0
1675620007199 0.5761273503303528 0
1675620008327 0.5783435106277466 0
1675620009429 0.5756317973136902 0
1675620010520 0.5734467506408691 0
1675620011729 0.5662280321121216 0
1675620012812 0.5709317326545715 0
1675620013876 0.5720254182815552 0
1675620014953 0.5679284930229187 0
1675620016084 0.5622594952583313 0
1675620017203 0.5638996958732605 0
1675620018313 0.5630694627761841 0
1675620019495 0.5641364455223083 0
1675620020608 0.5643545985221863 0
1675620021752 0.5568157434463501 0
1675620022889 0.5576483607292175 0
1675620023957 0.5604263544082642 0
1675620025027 0.5586104989051819 0
1675620026182 0.5550268888473511 0
1675620027324 0.5546733736991882 0
1675620028518 0.5524864196777344 0
1675620029642 0.5472105741500854 0
1675620030731 0.5450966358184814 0
1675620031795 0.5464804172515869 0
1675620032874 0.5437269806861877 0
1675620034031 0.5411524772644043 0
1675620035229 0.5350538492202759 0
1675620036297 0.5400148630142212 0
1675620037374 0.5348121523857117 0
1675620038633 0.5309253931045532 0
1675620039873 0.5283744931221008 0
1675620040952 0.5281224250793457 0
1675620042048 0.521663248538971 0
1675620043150 0.5173286199569702 0
1675620044372 0.5200537443161011 0
1675620045616 0.5171820521354675 0
1675620047084 0.5110180974006653 0
1675620048427 0.5101882219314575 0
1675620049797 0.5004018545150757 0
1675620050965 0.5056517720222473 0
1675620052260 0.49510490894317627 0
1675620053498 0.4926722049713135 0
1675620054642 0.48914843797683716 0
1675620055730 0.48638734221458435 0
1675620056936 0.48181870579719543 0
1675620058176 0.4817439019680023 0
1675620059299 0.4730973243713379 0
1675620060391 0.4674890339374542 0
1675620061632 0.4642358124256134 0
1675620062856 0.4605385363101959 0
1675620064037 0.451103538274765 0
1675620065206 0.44489988684654236 0
1675620066273 0.4438619315624237 0
1675620067388 0.43721404671669006 0
1675620068471 0.4313215911388397 0
1675620069557 0.422515869140625 0
1675620070661 0.41451913118362427 0
1675620071741 0.40911850333213806 0
1675620072821 0.4027896523475647 0
1675620073890 0.39531955122947693 0
1675620074957 0.38651031255722046 0
1675620076041 0.377293199300766 0
1675620077222 0.3697674572467804 0
1675620078522 0.36058327555656433 0
1675620079797 0.35153648257255554 0
1675620080866 0.34228214621543884 0
1675620081951 0.3328233063220978 0
1675620083028 0.32302263379096985 0
1675620084120 0.31218233704566956 0
1675620085206 0.3025304675102234 0
1675620086297 0.29249486327171326 0
1675620087372 0.28023380041122437 0
1675620088480 0.2701706886291504 0
1675620089684 0.25762614607810974 0
1675620090827 0.24806711077690125 0
1675620091915 0.23451390862464905 0
1675620092976 0.22336916625499725 0
1675620094146 0.21135380864143372 0
1675620095222 0.20157362520694733 0
1675620096298 0.1906985342502594 0
1675620097454 0.17976386845111847 0
1675620098661 0.16870301961898804 0
1675620099749 0.1567031294107437 0
1675620100841 0.14984901249408722 0
1675620101948 0.1382247507572174 0
1675620103020 0.12521344423294067 0
1675620104096 0.11924462765455246 0
1675620105174 0.10999589413404465 0
1675620106257 0.10350755602121353 0
1675620107383 0.08927994966506958 0
1675620108499 0.08834128826856613 0
1675620109716 0.07977927476167679 0
1675620110794 0.07078323513269424 0
1675620111890 0.0639846920967102 0
1675620113157 0.06885159760713577 0
1675620114397 0.06173055246472359 0
1675620115508 0.05654031038284302 0
1675620116573 0.04900982230901718 0
1675620117699 0.050978146493434906 0
1675620118866 0.04157700017094612 0
1675620119998 0.04413692280650139 0
1675620121106 0.03069113940000534 0
1675620122191 0.034724391996860504 0
1675620123299 0.034544553607702255 0
1675620124529 0.031533852219581604 0
1675620125678 0.03501007705926895 0
1675620126745 0.02633851207792759 0
1675620127853 0.023674137890338898 0
1675620131661 0.029844703152775764 0
1675620132764 0.02097196877002716 0
1675620133816 0.02036949433386326 0
1675620134890 0.024396831169724464 0
1675620136022 0.02507154457271099 0
1675620137116 0.02172408625483513 0
1675620138252 0.020640883594751358 0
1675620139457 0.019879600033164024 0
1675620140702 0.019638190045952797 0
1675620141791 0.023397287353873253 0
1675620142854 0.017677167430520058 0
1675620143954 0.02027428336441517 0
1675620145041 0.02294817380607128 0
1675620146256 0.022189980372786522 0
1675620147316 0.016338065266609192 0
1675620148559 0.023531876504421234 0
1675620149677 0.01725565642118454 0
1675620150765 0.020188992843031883 0
1675620151993 0.02373286336660385 0
1675620153223 0.01996067352592945 0
1675620154492 0.014610500074923038 0
1675620155690 0.014797450043261051 0
1675620156978 0.023038048297166824 0
1675620158276 0.017133697867393494 0
1675620159485 0.020825963467359543 0
1675620160723 0.016859145835042 0
1675620162008 0.017036590725183487 0
1675620163300 0.021202974021434784 0
1675620164538 0.015983881428837776 0
1675620165899 0.021643398329615593 0
1675620167077 0.017461497336626053 0
1675620168289 0.024551045149564743 0
1675620169568 0.017031991854310036 0
1675620170727 0.020577091723680496 0
1675620171808 0.020644545555114746 0
1675620172879 0.01956905983388424 0
1675620173957 0.016239795833826065 0
1675620175054 0.021106405183672905 0
1675620176131 0.019911514595150948 0
1675620177236 0.02284426800906658 0
1675620178351 0.02210472896695137 0
1675620179488 0.01894240826368332 0
1675620180585 0.021539168432354927 0
1675620181691 0.018738964572548866 0
1675620182994 0.018456915393471718 0
1675620184437 0.021403001621365547 0
1675620185593 0.020679140463471413 0
1675620186646 0.02001822553575039 0
1675620187883 0.019284017384052277 0
1675620189311 0.019789958372712135 0
1675620190560 0.018586967140436172 0
1675620191929 0.015054621733725071 0
1675620193324 0.020544039085507393 0
1675620194672 0.016438648104667664 0
1675620195977 0.018564941361546516 0
1675620197176 0.017556941136717796 0
1675620198280 0.018784793093800545 0
1675620199469 0.01784047670662403 0
1675620200690 0.017848050221800804 0
1675620201912 0.02268025651574135 0
1675620203084 0.01687641814351082 0
1675620204352 0.022047776728868484 0
1675620205452 0.021936597302556038 0
1675620206479 0.017834268510341644 0
1675620207538 0.020623890683054924 0
1675620208645 0.02104894630610943 0
1675620209712 0.021010693162679672 0
1675620210802 0.019574299454689026 0
1675620211848 0.02420305646955967 0
1675620212909 0.01686028577387333 0
1675620213938 0.021650541573762894 0
1675620214950 0.018666189163923264 0
1675620215997 0.023520825430750847 0
1675620217101 0.02021060325205326 0
1675620218150 0.02086927555501461 0
1675620219175 0.018569547683000565 0
1675620220295 0.017061155289411545 0
1675620221632 0.020765330642461777 0
1675620223042 0.01781163550913334 0
1675620224223 0.01805012673139572 0
1675620225289 0.015788190066814423 0
1675620226352 0.015819119289517403 0
1675620227439 0.019478512927889824 0
1675620228633 0.016751687973737717 0
1675620229905 0.015954812988638878 0
1675620231126 0.023632921278476715 0
1675620232113 0.014350003562867641 0
1675620233095 0.014102539047598839 0
1675620234085 0.015247320756316185 0
1675620235433 0.020891278982162476 0
1675620236595 0.025540834292769432 0
1675620237659 0.02204262651503086 0
1675620238699 0.018601369112730026 0
1675620239725 0.02044324018061161 0
1675620240712 0.016854656860232353 0
1675620241731 0.020066140219569206 0
1675620242761 0.02105076052248478 0
1675620243786 0.021145440638065338 0
1675620244825 0.024243654683232307 0
1675620245874 0.024228380993008614 0
1675620246882 0.020037783309817314 0
1675620247925 0.016072360798716545 0
1675620248998 0.01616028882563114 0
1675620250029 0.019603347405791283 0
1675620251045 0.0201629176735878 0
1675620252074 0.022329458966851234 0
1675620253130 0.021523423492908478 0
1675620254147 0.018946263939142227 0
1675620255169 0.021549388766288757 0
1675620256203 0.021735697984695435 0
1675620257207 0.017814569175243378 0
1675620258230 0.0182021614164114 0
1675620259220 0.015436108224093914 0
1675620260247 0.017679713666439056 0
1675620261271 0.01907944865524769 0
1675620262294 0.019481992349028587 0
1675620263304 0.018475212156772614 0
1675620264295 0.015321044251322746 0
1675620265288 0.016295744106173515 0
1675620266292 0.01559655275195837 0
1675620267317 0.021183395758271217 0
1675620268334 0.019231334328651428 0
1675620269376 0.019682398065924644 0
1675620270394 0.020503098145127296 0
1675620271408 0.019364234060049057 0
1675620272562 0.016834910959005356 0
1675620273667 0.01853967271745205 0
1675620274767 0.023800358176231384 0
1675620275803 0.023297904059290886 0
1675620276812 0.017240965738892555 0
1675620277851 0.017595889046788216 0
1675620278901 0.02337166853249073 0
1675620279921 0.01911327615380287 0
1675620280939 0.019794363528490067 0
1675620281953 0.019507424905896187 0
1675620282957 0.015530356205999851 0
1675620283972 0.018994582816958427 0
1675620284991 0.019709883257746696 0
1675620286014 0.02040701173245907 0
1675620287029 0.015968404710292816 0
1675620288027 0.01636236533522606 0
1675620289059 0.01862981915473938 0
1675620290079 0.01864173635840416 0
1675620291102 0.019928984344005585 0
1675620292119 0.019781844690442085 0
1675620293128 0.01545256283134222 0
1675620294133 0.017165109515190125 0
1675620295157 0.019515832886099815 0
1675620296204 0.024814728647470474 0
1675620297222 0.018966518342494965 0
1675620298238 0.020067334175109863 0
1675620299276 0.021091138944029808 0
1675620300309 0.021447554230690002 0
1675620301333 0.02029365859925747 0
1675620302338 0.017101339995861053 0
1675620303362 0.01998117007315159 0
1675620304411 0.01828497089445591 0
1675620308096 0.022419920191168785 0
1675620309136 0.018809592351317406 0
1675620310171 0.02237889915704727 0
1675620311207 0.01929163932800293 0
1675620312317 0.016410497948527336 0
1675620313449 0.014509189873933792 0
1675620314431 0.016282429918646812 0
1675620315416 0.015572144649922848 0
1675620316407 0.016657477244734764 0
1675620317388 0.014658455736935139 0
1675620318385 0.018627265468239784 0
1675620319400 0.014277132228016853 0
1675620320507 0.019287627190351486 0
1675620321580 0.015485873445868492 0
1675620322569 0.015646876767277718 0
1675620323592 0.020603802055120468 0
1675620324580 0.0155150992795825 0
1675620325608 0.02348661795258522 0
1675620326602 0.018647897988557816 0
1675620327600 0.018446944653987885 0
1675620328619 0.020007193088531494 0
1675620329659 0.02027178555727005 0
1675620330659 0.01869821734726429 0
1675620331673 0.019590795040130615 0
1675620332730 0.022529462352395058 0
1675620333778 0.025448894128203392 0
1675620334807 0.021963240578770638 0
1675620335864 0.017888842150568962 0
1675620336853 0.0155717758461833 0
1675620337909 0.02310900203883648 0
1675620339011 0.02114466391503811 0
1675620340016 0.017581529915332794 0
1675620341004 0.017229875549674034 0
1675620342047 0.02346215769648552 0
1675620343078 0.02296978048980236 0
1675620344104 0.020050592720508575 0
1675620345124 0.020860956981778145 0
1675620346136 0.019029753282666206 0
1675620347164 0.021594665944576263 0
1675620348163 0.016900233924388885 0
1675620349175 0.016393251717090607 0
1675620350207 0.01873544044792652 0
1675620351214 0.018667032942175865 0
1675620352238 0.020210936665534973 0
1675620353220 0.015523828566074371 0
1675620354224 0.018230637535452843 0
1675620355237 0.02053898572921753 0
1675620356226 0.015462590381503105 0
1675620357228 0.019118523225188255 0
1675620358311 0.021389594301581383 0
1675620359314 0.017493607476353645 0
1675620360346 0.01760123483836651 0
1675620361343 0.015982285141944885 0
1675620362352 0.01909317821264267 0
1675620363347 0.017108194530010223 0
1675620364365 0.018590716645121574 0
1675620365389 0.02096736803650856 0
1675620366381 0.015731923282146454 0
1675620367388 0.01846335269510746 0
1675620368386 0.016093138605356216 0
1675620369407 0.020889148116111755 0
1675620370429 0.014712916687130928 0
1675620371482 0.018782010301947594 0
1675620372562 0.016287801787257195 0
1675620373567 0.019461549818515778 0
1675620374580 0.018979767337441444 0
1675620375581 0.017777428030967712 0
1675620376580 0.017487436532974243 0
1675620377601 0.021599646657705307 0
1675620378634 0.020833395421504974 0
1675620379647 0.01927102357149124 0
1675620380683 0.017681166529655457 0
1675620381702 0.022108998149633408 0
1675620382698 0.016530830413103104 0
1675620383699 0.017424916848540306 0
1675620384716 0.016287321224808693 0
1675620385749 0.02162555232644081 0
1675620386791 0.02319636382162571 0
1675620387786 0.017322219908237457 0
1675620388812 0.017675647512078285 0
1675620389896 0.019673794507980347 0
1675620390921 0.021253803744912148 0
1675620391917 0.017731793224811554 0
1675620392915 0.01734950765967369 0
1675620393899 0.014031019993126392 0
1675620394909 0.019960565492510796 0
1675620395920 0.016953472048044205 0
1675620397007 0.017949659377336502 0
1675620398035 0.019843298941850662 0
1675620399038 0.017157888039946556 0
1675620400062 0.01868414878845215 0
1675620401068 0.018339013680815697 0
1675620402067 0.016999974846839905 0
1675620403114 0.02021818980574608 0
1675620404113 0.01707780361175537 0
1675620405095 0.013492592610418797 0
1675620406141 0.023388737812638283 0
1675620407145 0.017229963093996048 0
1675620408169 0.02216583862900734 0
1675620409176 0.017917314544320107 0
1675620410283 0.029272936284542084 0
1675620411304 0.020043417811393738 0
1675620412311 0.01744370348751545 0
1675620413346 0.02282310090959072 0
1675620414381 0.02321380004286766 0
1675620415403 0.019965048879384995 0
1675620416435 0.021542426198720932 0
1675620417434 0.01719532534480095 0
1675620418434 0.016676384955644608 0
1675620419463 0.01988048478960991 0
1675620420490 0.017159972339868546 0
1675620421485 0.016142718493938446 0
1675620422517 0.022903194651007652 0
1675620423516 0.018001439049839973 0
1675620424554 0.024046320468187332 0
1675620425564 0.019393237307667732 0
1675620426561 0.01755056343972683 0
1675620427602 0.023183289915323257 0
1675620428612 0.01985113136470318 0
1675620429621 0.018514150753617287 0
1675620430658 0.020953215658664703 0
1675620431674 0.02098945342004299 0
1675620432678 0.0170874185860157 0
1675620433701 0.020046399906277657 0
1675620434724 0.01985250972211361 0
1675620435720 0.01715542934834957 0
1675620436724 0.017424026504158974 0
1675620437780 0.02264479547739029 0
1675620438818 0.019126780331134796 0
1675620439893 0.02500312030315399 0
1675620440904 0.018327904865145683 0
1675620441927 0.02047906257212162 0
1675620442918 0.014214001595973969 0
1675620443968 0.022721759974956512 0
1675620445039 0.026438895612955093 0
1675620446072 0.019905462861061096 0
1675620447074 0.017495349049568176 0
1675620448088 0.019394157454371452 0
1675620449096 0.017333466559648514 0
1675620450141 0.022115297615528107 0
1675620451154 0.020488034933805466 0
1675620452163 0.016862722113728523 0
1675620453178 0.019535264000296593 0
1675620454229 0.023557299748063087 0
1675620455246 0.019325191155076027 0
1675620456236 0.015068110078573227 0
1675620457245 0.013684293255209923 0
1675620458272 0.019040605053305626 0
1675620459294 0.01922472193837166 0
1675620460314 0.017859015613794327 0
1675620461342 0.02072015032172203 0
1675620462346 0.016246460378170013 0
1675620463364 0.01713516376912594 0
1675620464393 0.02007441036403179 0
1675620465431 0.02212262712419033 0
1675620466425 0.01431141048669815 0
1675620467461 0.018528485670685768 0
1675620471152 0.02089351788163185 0
1675620472127 0.015490582212805748 0
1675620473122 0.016701936721801758 0
1675620474115 0.01754327490925789 0
1675620475137 0.021673139184713364 0
1675620476122 0.0169365294277668 0
1675620477165 0.026609059423208237 0
1675620478174 0.01653408445417881 0
1675620479195 0.02230873331427574 0
1675620480202 0.01789577677845955 0
1675620481211 0.01975305937230587 0
1675620482232 0.01923169568181038 0
1675620483254 0.021118657663464546 0
1675620484253 0.01802692376077175 0
1675620485281 0.02173776738345623 0
1675620486279 0.017908448353409767 0
1675620487306 0.021403854712843895 0
1675620488286 0.01654672622680664 0
1675620489307 0.018826600164175034 0
1675620490302 0.015497617423534393 0
1675620491306 0.01854485645890236 0
1675620492328 0.02128523215651512 0
1675620493324 0.015961695462465286 0
1675620494321 0.018150780349969864 0
1675620495376 0.027250053361058235 0
1675620496375 0.016414040699601173 0
1675620497392 0.018768182024359703 0
1675620498377 0.01627265475690365 0
1675620499392 0.018617285415530205 0
1675620500416 0.018172115087509155 0
1675620501410 0.016642991453409195 0
1675620502446 0.02060857228934765 0
1675620503441 0.018202517181634903 0
1675620504459 0.021787531673908234 0
1675620505458 0.019583528861403465 0
1675620506458 0.019527023658156395 0
1675620507452 0.015675298869609833 0
1675620508443 0.01764375902712345 0
1675620509442 0.019121885299682617 0
1675620510455 0.01759907975792885 0
1675620511478 0.022516224533319473 0
1675620512487 0.019179321825504303 0
1675620513499 0.019978148862719536 0
1675620514506 0.01905095763504505 0
1675620515523 0.021512720733880997 0
1675620516506 0.0160807054489851 0
1675620517535 0.02032533474266529 0
1675620518540 0.019374918192625046 0
1675620519582 0.02245987206697464 0
1675620520621 0.022381050512194633 0
1675620521668 0.015673406422138214 0
1675620522685 0.017825568094849586 0
1675620523739 0.01968195289373398 0
1675620524716 0.014605985954403877 0
1675620525732 0.01978185400366783 0
1675620526730 0.01937016285955906 0
1675620527751 0.02062808908522129 0
1675620528732 0.016459785401821136 0
1675620529789 0.018460702151060104 0
1675620530802 0.020517919212579727 0
1675620531807 0.018649669364094734 0
1675620532882 0.029073353856801987 0
1675620533917 0.02399183064699173 0
1675620534925 0.017154213041067123 0
1675620535972 0.020733030512928963 0
1675620537003 0.02354205586016178 0
1675620537996 0.016230544075369835 0
1675620539029 0.02041669562458992 0
1675620540039 0.018642911687493324 0
1675620541056 0.019825732335448265 0
1675620542058 0.015985975041985512 0
1675620543068 0.018512936308979988 0
1675620544102 0.019920092076063156 0
1675620545105 0.017902735620737076 0
1675620546119 0.01858184114098549 0
1675620547129 0.020031863823533058 0
1675620548172 0.022419210523366928 0
1675620549179 0.01786823570728302 0
1675620550186 0.016422942280769348 0
1675620551200 0.018945101648569107 0
1675620552236 0.01858905330300331 0
1675620553264 0.02109791524708271 0
1675620554277 0.018316155299544334 0
1675620555280 0.018942642956972122 0
1675620556274 0.017534708604216576 0
1675620557261 0.015592515468597412 0
1675620558288 0.021280797198414803 0
1675620559290 0.017761411145329475 0
1675620560324 0.016961006447672844 0
1675620561342 0.01806282438337803 0
1675620562362 0.020430685952305794 0
1675620563377 0.021167932078242302 0
1675620564381 0.018525531515479088 0
1675620565364 0.015431256964802742 0
1675620566363 0.017911577597260475 0
1675620567378 0.015915408730506897 0
1675620568371 0.016326872631907463 0
1675620569379 0.019637420773506165 0
1675620570389 0.02045430615544319 0
1675620571471 0.01843350939452648 0
1675620572487 0.020524322986602783 0
1675620573495 0.020506063476204872 0
1675620574519 0.019548995420336723 0
1675620575508 0.017192501574754715 0
1675620576502 0.016474394127726555 0
1675620577496 0.015761006623506546 0
1675620578500 0.018010960891842842 0
1675620579499 0.01712396927177906 0
1675620580564 0.021541748195886612 0
1675620581571 0.016971157863736153 0
1675620582573 0.018574601039290428 0
1675620583574 0.017680730670690536 0
1675620584622 0.02385060116648674 0
1675620585620 0.01665639691054821 0
1675620586664 0.023674089461565018 0
1675620587659 0.017200075089931488 0
1675620588667 0.016556672751903534 0
1675620589675 0.01969016343355179 0
1675620590688 0.017268214374780655 0
1675620591695 0.018443763256072998 0
1675620592689 0.01486285962164402 0
1675620593688 0.01784767210483551 0
1675620594685 0.017097122967243195 0
1675620595711 0.022202791646122932 0
1675620596737 0.018592849373817444 0
1675620597715 0.015025091357529163 0
1675620598714 0.018008189275860786 0
1675620599811 0.019646039232611656 0
1675620600822 0.017138618975877762 0
1675620601870 0.02072371542453766 0
1675620602879 0.018212927505373955 0
1675620603868 0.016839459538459778 0
1675620604866 0.018253367394208908 0
1675620605863 0.016474422067403793 0
1675620606918 0.021242264658212662 0
1675620607899 0.016270238906145096 0
1675620608905 0.01901381090283394 0
1675620609915 0.01856405846774578 0
1675620610993 0.018406033515930176 0
1675620612019 0.021230658516287804 0
1675620613046 0.021011164411902428 0
1675620614050 0.018412034958600998 0
1675620615063 0.018911920487880707 0
1675620616072 0.01707375980913639 0
1675620617095 0.020949268713593483 0
1675620618081 0.016563814133405685 0
1675620619110 0.020738478749990463 0
1675620620104 0.016935450956225395 0
1675620621128 0.016977181658148766 0
1675620622142 0.019147498533129692 0
1675620623141 0.017609035596251488 0
1675620624128 0.015781886875629425 0
1675620625148 0.019770124927163124 0
1675620626177 0.02265879325568676 0
1675620627183 0.014702904038131237 0
1675620628183 0.01722782477736473 0
1675620629214 0.019176576286554337 0
1675620632872 0.020603612065315247 0
1675620633873 0.016995714977383614 0
1675620634910 0.02381143905222416 0
1675620635917 0.016738643869757652 0
1675620636955 0.021113108843564987 0
1675620638002 0.019047819077968597 0
1675620639031 0.021375520154833794 0
1675620640036 0.01747770607471466 0
1675620641081 0.020139215514063835 0
1675620642105 0.018738312646746635 0
1675620643117 0.018696526065468788 0
1675620644113 0.014533817768096924 0
1675620645114 0.01758538745343685 0
1675620646122 0.019491009414196014 0
1675620647165 0.01928110234439373 0
1675620648174 0.01736161671578884 0
1675620649205 0.021725837141275406 0
1675620650192 0.015749668702483177 0
1675620651230 0.02096680738031864 0
1675620652234 0.01814882829785347 0
1675620653241 0.017542080953717232 0
1675620654234 0.015771010890603065 0
1675620655228 0.01730125956237316 0
1675620656282 0.024026818573474884 0
1675620657283 0.019599391147494316 0
1675620658273 0.014773339033126831 0
1675620659313 0.02407131902873516 0
1675620660314 0.017715731635689735 0
1675620661338 0.019949927926063538 0
1675620662359 0.014668422751128674 0
1675620663360 0.018685800954699516 0
1675620664395 0.017470963299274445 0
1675620665439 0.02439466491341591 0
1675620666474 0.022532537579536438 0
1675620667471 0.016837382689118385 0
1675620668500 0.021335722878575325 0
1675620669524 0.02060103788971901 0
1675620670511 0.0159071683883667 0
1675620671572 0.024131404235959053 0
1675620672591 0.01729065738618374 0
1675620673588 0.01770801655948162 0
1675620674601 0.01769811473786831 0
1675620675606 0.018797311931848526 0
1675620676618 0.01982165314257145 0
1675620677606 0.015979750081896782 0
1675620678612 0.017656788229942322 0
1675620679626 0.020210497081279755 0
1675620680689 0.01603519916534424 0
1675620681696 0.014441021718084812 0
1675620682713 0.017290528863668442 0
1675620683750 0.018790654838085175 0
1675620684759 0.01840394362807274 0
1675620685750 0.017028212547302246 0
1675620686754 0.01969045214354992 0
1675620687793 0.023015281185507774 0
1675620688798 0.01675371453166008 0
1675620689806 0.01886034943163395 0
1675620690824 0.020466528832912445 0
1675620691830 0.015171344392001629 0
1675620692831 0.016701972112059593 0
1675620693813 0.014186730608344078 0
1675620694857 0.02293749898672104 0
1675620695894 0.02298898808658123 0
1675620696926 0.019542189314961433 0
1675620697956 0.016262216493487358 0
1675620699011 0.02512519620358944 0
1675620700013 0.018897369503974915 0
1675620701007 0.017606917768716812 0
1675620702123 0.018398771062493324 0
1675620703146 0.019228382036089897 0
1675620704147 0.017259232699871063 0
1675620705131 0.016615595668554306 0
1675620706114 0.014903809875249863 0
1675620707122 0.01631757989525795 0
1675620708113 0.01754974015057087 0
1675620709108 0.016937315464019775 0
1675620710108 0.017118077725172043 0
1675620711108 0.017070326954126358 0
1675620712122 0.01864275150001049 0
1675620713116 0.01752372458577156 0
1675620714108 0.01692737638950348 0
1675620715137 0.021078279241919518 0
1675620716137 0.01722213625907898 0
1675620717158 0.019882526248693466 0
1675620718177 0.02215484157204628 0
1675620719162 0.01576395146548748 0
1675620720164 0.018626363947987556 0
1675620721184 0.01883091777563095 0
1675620722237 0.02403784915804863 0
1675620723242 0.020161611959338188 0
1675620724232 0.017353223636746407 0
1675620725239 0.01912311092019081 0
1675620726256 0.020572293549776077 0
1675620727262 0.017288843169808388 0
1675620728267 0.01787947304546833 0
1675620729261 0.016108229756355286 0
1675620730266 0.019264962524175644 0
1675620731278 0.018414262682199478 0
1675620732340 0.023218493908643723 0
1675620733349 0.01654241420328617 0
1675620734370 0.02169983461499214 0
1675620735407 0.0237929355353117 0
1675620736399 0.01668967306613922 0
1675620737397 0.0173806045204401 0
1675620738392 0.01644611731171608 0
1675620739389 0.01692281849682331 0
1675620740450 0.017437981441617012 0
1675620741454 0.01677595265209675 0
1675620742476 0.017895879223942757 0
1675620743466 0.015266470611095428 0
1675620744487 0.019498825073242188 0
1675620745499 0.019743571057915688 0
1675620746505 0.018713921308517456 0
1675620747510 0.016889911144971848 0
1675620748541 0.02247239090502262 0
1675620749551 0.017236264422535896 0
1675620750544 0.015747347846627235 0
1675620751542 0.016172494739294052 0
1675620752680 0.02148520201444626 0
1675620753757 0.019637085497379303 0
1675620754887 0.018289705738425255 0
1675620756050 0.01949162967503071 0
1675620757307 0.0167593602091074 0
1675620758466 0.018204785883426666 0
1675620759515 0.019062478095293045 0
1675620760510 0.015815120190382004 0
1675620761573 0.019779158756136894 0
1675620762641 0.022519003599882126 0
1675620763659 0.020081868395209312 0
1675620764698 0.01805330440402031 0
1675620765692 0.018341924995183945 0
1675620766719 0.02251661755144596 0
1675620767712 0.017489677295088768 0
1675620768721 0.01936771161854267 0
1675620769740 0.020192185416817665 0
1675620770746 0.017596803605556488 0
1675620771759 0.01681309938430786 0
1675620772806 0.025120489299297333 0
1675620773831 0.021611463278532028 0
1675620774839 0.01749127358198166 0
1675620775847 0.019195904955267906 0
1675620776845 0.016540654003620148 0
1675620777829 0.015413796529173851 0
1675620778851 0.01748625375330448 0
1675620779874 0.020726270973682404 0
1675620780899 0.021260473877191544 0
1675620781939 0.019856318831443787 0
1675620782953 0.017366856336593628 0
1675620783958 0.01835416629910469 0
1675620784980 0.02089807204902172 0
1675620785979 0.016012726351618767 0
1675620786989 0.01809205487370491 0
1675620788005 0.021455563604831696 0
1675620789011 0.016252340748906136 0
1675620790041 0.02339869551360607 0
1675620791043 0.017060518264770508 0
1675620792079 0.018682682886719704 0
