1675624673125 0.5937770009040833 0
1675624673314 0.4957676827907562 0
1675624673499 0.36082881689071655 0
1675624673710 0.0874740481376648 0
1675624673917 0.46470484137535095 0
1675624674180 0.45890089869499207 0
1675624674389 0.3986484408378601 0
1675624674590 0.3433449864387512 0
1675624674780 0.29340192675590515 0
1675624674997 0.22684432566165924 0
1675624675189 0.14485743641853333 0
1675624675377 0.04477416351437569 0
1675624675554 0.03881709277629852 0
1675624675749 0.0712205320596695 0
1675624675923 0.024093426764011383 0
1675624676130 0.031473755836486816 0
1675624676334 0.03127259388566017 0
1675624676549 0.03497709706425667 0
1675624676741 0.029412494972348213 0
1675624676939 0.03046707808971405 0
1675624677115 0.024540336802601814 0
1675624677300 0.025850964710116386 0
1675624677486 0.02665352262556553 0
1675624677678 0.027873748913407326 0
1675624677899 0.0371042937040329 0
1675624678112 0.03520486503839493 0
1675624678303 0.027337461709976196 0
1675624678499 0.028138354420661926 0
1675624678687 0.02776731550693512 0
1675624678891 0.02998604066669941 0
1675624679126 0.037865057587623596 0
1675624679323 0.02948388084769249 0
1675624679506 0.026643652468919754 0
1675624679723 0.031466830521821976 0
1675624679937 0.03183350712060928 0
1675624680124 0.03033462166786194 0
1675624680350 0.035888899117708206 0
1675624680529 0.02705436944961548 0
1675624680725 0.03298891708254814 0
1675624680972 0.04185299947857857 0
1675624681160 0.024523496627807617 0
1675624681340 0.02479436993598938 0
1675624681525 0.02599398046731949 0
1675624681725 0.029302654787898064 0
1675624681946 0.03293668478727341 0
1675624682127 0.02556237205862999 0
1675624682308 0.024926617741584778 0
1675624682520 0.03388427570462227 0
1675624682708 0.02858390100300312 0
1675624682913 0.030998874455690384 0
1675624683120 0.028739312663674355 0
1675624683342 0.034462518990039825 0
1675624683511 0.02396390400826931 0
1675624683689 0.02353166975080967 0
1675624683880 0.02649802342057228 0
1675624684095 0.03356953337788582 0
1675624684284 0.02901390939950943 0
1675624684512 0.03704262524843216 0
1675624684705 0.031870752573013306 0
1675624684905 0.02821572870016098 0
1675624685150 0.03645151108503342 0
1675624685332 0.025607090443372726 0
1675624685526 0.0274946428835392 0
1675624685694 0.021962204948067665 0
1675624685879 0.025292620062828064 0
1675624686079 0.028936592862010002 0
1675624686259 0.025964606553316116 0
1675624686446 0.02453029341995716 0
1675624686638 0.028945909813046455 0
1675624686878 0.03945514187216759 0
1675624687080 0.02890828810632229 0
1675624687278 0.02892155945301056 0
1675624687463 0.027405865490436554 0
1675624687641 0.024465566501021385 0
1675624687844 0.0314355306327343 0
1675624688033 0.028126945719122887 0
1675624688243 0.032296814024448395 0
1675624688447 0.02951519377529621 0
1675624688630 0.02485269494354725 0
1675624688808 0.023197026923298836 0
1675624689009 0.029136981815099716 0
1675624689183 0.024099618196487427 0
1675624689411 0.03710537403821945 0
1675624689625 0.03540755435824394 0
1675624689792 0.02306276373565197 0
1675624690004 0.03228320553898811 0
1675624690190 0.02603529579937458 0
1675624690417 0.03793696314096451 0
1675624690621 0.03250497207045555 0
1675624690800 0.025456715375185013 0
1675624690979 0.02597959153354168 0
1675624691168 0.02651664800941944 0
1675624691357 0.027367055416107178 0
1675624691532 0.0224075336009264 0
1675624691772 0.03668744117021561 0
1675624691984 0.030538855120539665 0
1675624692170 0.023494139313697815 0
1675624692389 0.032249704003334045 0
1675624692572 0.02432399056851864 0
1675624692747 0.022385666146874428 0
1675624692941 0.028613923117518425 0
1675624693129 0.026948992162942886 0
1675624693326 0.028434406965970993 0
1675624693521 0.02692260779440403 0
1675624693713 0.025479573756456375 0
1675624693913 0.02981519140303135 0
1675624694110 0.028658075258135796 0
1675624694317 0.030536537989974022 0
1675624694512 0.028928492218255997 0
1675624694688 0.024134917184710503 0
1675624694852 0.021120671182870865 0
1675624695038 0.026242831721901894 0
1675624695212 0.02245406247675419 0
1675624695448 0.04061289504170418 0
1675624695621 0.025456391274929047 0
1675624695815 0.02917572669684887 0
1675624696025 0.03425322473049164 0
1675624696211 0.025989873334765434 0
1675624696448 0.0374743826687336 0
1675624696652 0.031545188277959824 0
1675624696825 0.02337544783949852 0
1675624697031 0.03188183903694153 0
1675624697229 0.027522766962647438 0
1675624697445 0.034879911690950394 0
1675624697633 0.027024412527680397 0
1675624697815 0.026434870436787605 0
1675624697994 0.025346199050545692 0
1675624698195 0.02907618135213852 0
1675624698414 0.03385341539978981 0
1675624698594 0.025363249704241753 0
1675624698832 0.030543912202119827 0
1675624699046 0.02323690988123417 0
1675624699240 0.022154511883854866 0
1675624699461 0.03310900181531906 0
1675624699665 0.028925761580467224 0
1675624699839 0.023022538051009178 0
1675624700032 0.027726341038942337 0
1675624700220 0.02661432884633541 0
1675624700401 0.02386639453470707 0
1675624700611 0.031635139137506485 0
1675624700819 0.03087877854704857 0
1675624701012 0.028539959341287613 0
1675624701237 0.03528495132923126 0
1675624701423 0.028727276250720024 0
1675624701630 0.03093441016972065 0
1675624701832 0.026140987873077393 0
1675624702031 0.029760757461190224 0
1675624702240 0.03298058733344078 0
1675624702425 0.02480459026992321 0
1675624702629 0.0304664745926857 0
1675624702845 0.03323569521307945 0
1675624703058 0.031616274267435074 0
1675624703257 0.027549423277378082 0
1675624703482 0.03427101671695709 0
1675624703659 0.024546628817915916 0
1675624703852 0.024039674550294876 0
1675624704041 0.027397872880101204 0
