1675601752478 94.22030639648438 0
1675601752714 93.47570037841797 0
1675601752986 93.209228515625 0
1675601753291 92.36743927001953 0
1675601753550 93.32341766357422 0
1675601753825 92.34091186523438 0
1675601754078 93.39347839355469 0
1675601754362 92.04935455322266 0
1675601754614 94.39055633544922 0
1675601754889 92.55860137939453 0
1675601755162 92.35128784179688 0
1675601755441 92.63611602783203 0
1675601755724 92.7431869506836 0
1675601755989 93.4366226196289 0
1675601756266 92.98956298828125 0
1675601756575 92.48223876953125 0
1675601756860 93.07369232177734 0
1675601757132 93.51993560791016 0
1675601757422 92.58751678466797 0
1675601757705 93.12980651855469 0
1675601758001 92.33812713623047 0
1675601758289 92.71247100830078 0
1675601758558 92.49913024902344 0
1675601758805 93.21781921386719 0
1675601759075 92.69324493408203 0
1675601759319 92.97444152832031 0
1675601759545 93.89949035644531 0
1675601759805 93.20977020263672 0
1675601760054 93.19025421142578 0
1675601760305 93.64189147949219 0
1675601760553 93.31712341308594 0
1675601760861 91.75904083251953 0
1675601761126 93.4737319946289 0
1675601761406 92.324462890625 0
1675601761674 92.92742156982422 0
1675601761926 93.02405548095703 0
1675601762167 93.70433807373047 0
1675601762420 93.2711410522461 0
1675601762692 93.23454284667969 0
1675601762976 93.3609848022461 0
1675601763253 92.34126281738281 0
1675601763549 92.0535888671875 0
1675601763804 93.63201904296875 0
1675601764065 93.42787170410156 0
1675601764345 92.638916015625 0
1675601764583 94.35266876220703 0
1675601764856 93.18933868408203 0
1675601765134 92.8581771850586 0
1675601765416 92.59323120117188 0
1675601765715 92.58848571777344 0
1675601765984 92.32548522949219 0
1675601766266 92.79795837402344 0
1675601766556 91.90055084228516 0
1675601766826 93.3526611328125 0
1675601767069 93.1872329711914 0
1675601767313 93.52515411376953 0
1675601767549 94.16239166259766 0
1675601767805 92.69586944580078 0
1675601768100 93.03750610351562 0
1675601768385 92.71515655517578 0
1675601768643 93.81696319580078 0
1675601768912 93.09016418457031 0
1675601769197 92.48587799072266 0
1675601769473 92.87060546875 0
1675601769749 92.96678924560547 0
1675601770039 91.31028747558594 0
1675601770336 92.1187515258789 0
1675601770618 91.6727523803711 0
1675601770883 92.53271484375 0
1675601771114 94.12256622314453 0
1675601771419 92.20204162597656 0
1675601771672 93.77481842041016 0
1675601771974 93.11174774169922 0
1675601772247 92.02393341064453 0
1675601772511 93.04224395751953 0
1675601772787 92.49736022949219 0
1675601773079 93.0149154663086 0
1675601773355 92.97911071777344 0
1675601773611 92.66980743408203 0
1675601773870 92.59186553955078 0
1675601774132 92.19318389892578 0
1675601774401 92.20044708251953 0
1675601774676 92.14622497558594 0
1675601774935 92.46920013427734 0
1675601775191 92.47090148925781 0
1675601775434 93.47746276855469 0
1675601775710 92.71075439453125 0
1675601776010 91.93893432617188 0
1675601776299 92.48969268798828 0
1675601776566 93.45911407470703 0
1675601776847 92.88506317138672 0
1675601777116 93.25519561767578 0
1675601777380 93.37294006347656 0
1675601777650 93.25138092041016 0
1675601777911 93.40934753417969 0
1675601778177 93.23685455322266 0
1675601778435 93.52393341064453 0
1675601778698 93.3227767944336 0
1675601778957 93.48075866699219 0
1675601779230 92.92495727539062 0
1675601779501 92.98271942138672 0
1675601779785 92.79399108886719 0
1675601780051 93.33023834228516 0
1675601780345 91.93673706054688 0
1675601780620 92.77776336669922 0
1675601780872 93.5496826171875 0
1675601781123 93.18990325927734 0
1675601781375 92.94612121582031 0
1675601781642 92.91427612304688 0
1675601781946 92.45887756347656 0
1675601782225 93.02901458740234 0
1675601782509 92.51655578613281 0
1675601782785 92.25057220458984 0
1675601783059 92.44020080566406 0
1675601783354 92.77738189697266 0
1675601783623 93.33070373535156 0
1675601783884 93.53067779541016 0
1675601784138 93.78534698486328 0
1675601784408 92.40106201171875 0
1675601784646 93.52339935302734 0
1675601784897 92.96770477294922 0
1675601785163 93.10811614990234 0
1675601785432 93.00752258300781 0
1675601785684 93.19813537597656 0
1675601785958 91.34086608886719 0
1675601786244 92.07630920410156 0
1675601786531 91.92841339111328 0
1675601786770 93.57759857177734 0
1675601786998 94.11900329589844 0
1675601787256 92.60523223876953 0
1675601787554 92.19245910644531 0
1675601787814 93.64578247070312 0
1675601788075 93.64893341064453 0
1675601788338 92.69022369384766 0
1675601788583 93.38418579101562 0
1675601788850 92.1338119506836 0
1675601789088 93.4628677368164 0
1675601789341 92.6913070678711 0
1675601789560 93.92877960205078 0
1675601789815 91.78419494628906 0
1675601790045 93.00123596191406 0
1675601790275 93.67408752441406 0
1675601790576 91.66712188720703 0
1675601790795 94.0828628540039 0
1675601791042 93.13616943359375 0
1675601791297 92.91423034667969 0
1675601791547 93.3797607421875 0
1675601791832 92.7237777709961 0
1675601792121 92.54108428955078 0
1675601792417 91.7091064453125 0
1675601792668 92.76327514648438 0
1675601792913 92.93891906738281 0
1675601793215 92.49853515625 0
1675601793503 92.12106323242188 0
1675601793782 92.82559204101562 0
1675601794072 92.35591888427734 0
1675601794335 93.29393005371094 0
1675601796163 92.91508483886719 0
1675601796419 93.681396484375 0
1675601796699 92.62310791015625 0
1675601796975 93.18252563476562 0
1675601797238 93.62726593017578 0
1675601797500 93.09285736083984 0
1675601797854 91.49105072021484 0
1675601798175 91.42233276367188 0
1675601798452 92.83876037597656 0
1675601798732 92.74471282958984 0
1675601799009 92.92150115966797 0
1675601799260 93.93580627441406 0
1675601799526 93.30474090576172 0
1675601799819 92.1389389038086 0
1675601800121 91.84552764892578 0
1675601800382 93.46237182617188 0
1675601800661 92.7670669555664 0
1675601800920 93.229248046875 0
1675601801221 92.0011978149414 0
1675601801514 92.33348846435547 0
1675601801804 92.52761840820312 0
1675601802131 91.46003723144531 0
1675601802382 93.97176361083984 0
1675601802648 93.43824005126953 0
1675601802922 92.81906127929688 0
1675601803160 93.33473205566406 0
1675601803392 93.57744598388672 0
1675601803654 93.10737609863281 0
1675601803883 93.86048889160156 0
1675601804144 92.25688934326172 0
1675601804396 92.98157501220703 0
1675601804656 92.20352172851562 0
1675601804881 93.72818756103516 0
1675601805145 94.09005737304688 0
1675601805470 91.11080932617188 0
1675601805769 92.6191177368164 0
1675601806023 93.02101135253906 0
1675601806334 91.13134765625 0
1675601806600 92.48326110839844 0
1675601806884 91.52717590332031 0
1675601807130 92.99687194824219 0
1675601807367 93.40144348144531 0
1675601807612 93.1342544555664 0
1675601807848 93.30228424072266 0
1675601808110 92.2462158203125 0
1675601808333 93.90715026855469 0
1675601808585 92.72460174560547 0
1675601808818 93.43731689453125 0
1675601809070 92.55844116210938 0
1675601809328 92.26420593261719 0
1675601809646 91.45600128173828 0
1675601809931 92.74153137207031 0
1675601810236 91.9241714477539 0
1675601810487 94.02203369140625 0
1675601810794 91.87744140625 0
1675601811101 91.79148864746094 0
1675601811388 92.49403381347656 0
1675601811676 92.4579849243164 0
1675601811952 92.84565734863281 0
1675601812212 92.27147674560547 0
1675601812466 93.3369369506836 0
1675601812760 92.0992202758789 0
1675601812963 94.15817260742188 0
1675601813185 92.65531921386719 0
1675601813395 93.75668334960938 0
1675601813624 92.51153564453125 0
1675601813817 94.08304595947266 0
1675601814028 93.43429565429688 0
1675601814234 93.5028076171875 0
1675601814449 92.87394714355469 0
1675601814666 93.10354614257812 0
1675601814863 93.78534698486328 0
1675601815077 93.04991149902344 0
1675601815311 92.42581939697266 0
1675601815539 92.80604553222656 0
1675601815801 91.98043823242188 0
1675601816034 93.92522430419922 0
1675601816244 94.10459899902344 0
1675601816438 93.97895050048828 0
1675601816643 93.53105926513672 0
1675601816846 93.58778381347656 0
1675601817054 93.26512908935547 0
1675601817288 92.93865203857422 0
1675601817496 93.57015228271484 0
1675601817709 93.146728515625 0
1675601817940 92.44013977050781 0
1675601818151 93.17906951904297 0
1675601818400 91.56131744384766 0
1675601818601 93.88575744628906 0
1675601818825 92.66960906982422 0
1675601819030 93.39769744873047 0
1675601819261 92.62092590332031 0
1675601819468 93.42643737792969 0
1675601819665 93.81387329101562 0
1675601819880 93.19316101074219 0
1675601820109 92.45108032226562 0
1675601820330 92.60847473144531 0
1675601820552 92.5477523803711 0
1675601820757 93.43029022216797 0
1675601820988 92.33726501464844 0
1675601821212 92.54412841796875 0
1675601821439 93.37269592285156 0
1675601821665 93.0643081665039 0
1675601821951 91.05077362060547 0
1675601822197 92.63068389892578 0
1675601822421 92.72832489013672 0
1675601822618 93.85331726074219 0
1675601822823 93.44438934326172 0
1675601823013 94.09735870361328 0
1675601823228 93.03196716308594 0
1675601823420 94.06494903564453 0
1675601823630 93.17567443847656 0
1675601823852 92.63508605957031 0
1675601824049 93.79241943359375 0
1675601824263 93.13602447509766 0
1675601824461 93.86772918701172 0
1675601824660 93.76728057861328 0
1675601824868 93.43053436279297 0
1675601825078 93.1035385131836 0
1675601825296 92.9580307006836 0
1675601825507 93.22916412353516 0
1675601825704 93.79944610595703 0
1675601825922 92.76327514648438 0
1675601826137 92.95298767089844 0
1675601826368 92.35868072509766 0
1675601826577 93.19349670410156 0
1675601826797 92.74507904052734 0
1675601827027 92.22875213623047 0
1675601827258 93.09747314453125 0
1675601827483 92.80949401855469 0
1675601827716 91.91969299316406 0
1675601827920 93.30453491210938 0
1675601828165 91.70795440673828 0
1675601828380 92.98514556884766 0
1675601828595 92.93144226074219 0
1675601828826 92.20427703857422 0
1675601829049 92.45063781738281 0
1675601829297 92.12860870361328 0
1675601829536 91.99524688720703 0
1675601829755 92.85592651367188 0
1675601829965 93.29759979248047 0
1675601830182 92.8858871459961 0
1675601830368 94.25504302978516 0
1675601830596 92.51679229736328 0
1675601830818 92.50081634521484 0
1675601831028 93.0929183959961 0
1675601831260 92.37545013427734 0
1675601831475 92.89900970458984 0
1675601831678 93.48748016357422 0
1675601831887 93.28286743164062 0
1675601832170 90.71178436279297 0
1675601832372 93.6343994140625 0
1675601832598 92.43673706054688 0
1675601832800 93.53059387207031 0
1675601833018 92.82376098632812 0
1675601833235 92.89628601074219 0
1675601833458 92.67611694335938 0
1675601834990 92.9134521484375 0
1675601835202 93.21110534667969 0
1675601835450 91.51848602294922 0
1675601835662 93.07594299316406 0
1675601835881 92.95316314697266 0
1675601836106 92.41838073730469 0
1675601836303 93.892822265625 0
1675601836534 93.18592071533203 0
1675601836778 92.7016830444336 0
1675601837005 93.2470703125 0
1675601837242 92.68755340576172 0
1675601837464 93.33309173583984 0
1675601837708 92.63011932373047 0
1675601837924 94.23372650146484 0
1675601838156 93.17178344726562 0
1675601838368 94.06497955322266 0
1675601838635 93.69898223876953 0
1675601838906 93.22271728515625 0
1675601839153 93.53050994873047 0
1675601839420 92.37527465820312 0
1675601839676 93.74213409423828 0
1675601839958 93.13224029541016 0
1675601840260 92.12062072753906 0
1675601840521 93.71741485595703 0
1675601840808 92.77709197998047 0
1675601841084 93.24541473388672 0
1675601841344 93.68868255615234 0
1675601841611 93.35826873779297 0
1675601841884 93.14642333984375 0
1675601842167 92.70556640625 0
1675601842412 94.3017578125 0
1675601842692 92.84513092041016 0
1675601842980 92.71630096435547 0
1675601843278 93.22904968261719 0
1675601843560 93.49188232421875 0
1675601843827 93.53048706054688 0
1675601844115 92.76753997802734 0
1675601844401 92.6047592163086 0
1675601844670 93.22600555419922 0
1675601844951 92.84513854980469 0
1675601845245 92.31067657470703 0
1675601845523 93.17878723144531 0
1675601845779 93.8175048828125 0
1675601846075 92.63365936279297 0
1675601846388 92.0057144165039 0
1675601846689 92.35357666015625 0
1675601846966 92.72701263427734 0
1675601847287 91.91588592529297 0
1675601847583 93.36186981201172 0
1675601847854 92.44709014892578 0
1675601848118 92.56900024414062 0
1675601848393 92.97451782226562 0
1675601848636 94.18718719482422 0
1675601848872 93.52383422851562 0
1675601849148 92.92146301269531 0
1675601849427 92.00006866455078 0
1675601849727 92.08472442626953 0
1675601849992 92.55818176269531 0
1675601850229 93.73868560791016 0
1675601850493 93.17536926269531 0
1675601850798 93.04972076416016 0
1675601851080 93.49234008789062 0
1675601851376 92.76638793945312 0
1675601851685 93.16470336914062 0
1675601852001 94.01110076904297 0
1675601852305 92.46986389160156 0
1675601852584 93.40151977539062 0
1675601852851 94.25154113769531 0
1675601853137 93.23641967773438 0
1675601853425 93.02474975585938 0
1675601853677 94.44178009033203 0
1675601853985 92.08137512207031 0
1675601854276 92.9525146484375 0
1675601854561 93.17533111572266 0
1675601854897 93.03532409667969 0
1675601855208 92.97467041015625 0
1675601855504 92.6905517578125 0
1675601855809 91.37966918945312 0
1675601856099 93.11540222167969 0
1675601856383 92.28941345214844 0
1675601856667 92.58712005615234 0
1675601856995 92.45782470703125 0
1675601857290 93.47296142578125 0
1675601857561 93.46965026855469 0
1675601857865 92.61614227294922 0
1675601858176 92.17681121826172 0
1675601858514 92.3507308959961 0
1675601858840 91.15620422363281 0
1675601859107 93.29368591308594 0
1675601859355 93.15377044677734 0
1675601859600 92.95272827148438 0
1675601859868 92.6609115600586 0
1675601860098 92.9924087524414 0
1675601860319 92.83821105957031 0
1675601860557 92.59764862060547 0
1675601860802 92.57621002197266 0
1675601861078 91.47473907470703 0
1675601861360 92.54752349853516 0
1675601861644 91.98783874511719 0
1675601861908 92.0099105834961 0
1675601862179 91.38858032226562 0
1675601862412 93.29359436035156 0
1675601862670 92.12068939208984 0
1675601862912 93.2874755859375 0
1675601863186 93.25486755371094 0
1675601863440 93.85688018798828 0
1675601863718 93.68928527832031 0
1675601864031 91.65775299072266 0
1675601864305 93.77442169189453 0
1675601864581 93.41218566894531 0
1675601864826 94.68922424316406 0
1675601865143 92.13847351074219 0
1675601865438 92.56177520751953 0
1675601865704 93.52314758300781 0
1675601865989 92.95646667480469 0
1675601866294 92.08135223388672 0
1675601866615 91.89469909667969 0
1675601866935 91.44290924072266 0
1675601867279 91.66927337646484 0
1675601867556 93.65248107910156 0
1675601867835 93.11418151855469 0
1675601868128 92.36453247070312 0
1675601868434 92.08443450927734 0
1675601868728 92.4327392578125 0
1675601868985 93.9073257446289 0
1675601869258 93.17535400390625 0
1675601869545 92.6302719116211 0
1675601869807 93.56643676757812 0
1675601870075 93.32229614257812 0
1675601870352 92.9923095703125 0
1675601870623 93.18245697021484 0
1675601870900 92.90995788574219 0
1675601871157 93.69183349609375 0
1675601871446 93.21817779541016 0
1675601871768 92.26409912109375 0
1675601872086 91.85517883300781 0
1675601872384 92.62992858886719 0
1675601872643 93.98613739013672 0
1675601872932 92.86678314208984 0
1675601873215 93.08528137207031 0
1675601873526 91.69186401367188 0
1675601873797 93.33332061767578 0
1675601874050 93.94671630859375 0
1675601874301 93.99698638916016 0
1675601874583 92.13104248046875 0
1675601874881 92.00931549072266 0
1675601875136 92.76014709472656 0
1675601875395 93.691650390625 0
1675601875684 92.40509796142578 0
1675601875976 92.50086212158203 0
1675601876278 92.17805480957031 0
1675601876580 92.18541717529297 0
1675601876857 93.04991149902344 0
1675601877137 92.77717590332031 0
1675601877424 92.79527282714844 0
1675601877702 92.93480682373047 0
1675601877987 92.35548400878906 0
1675601879823 92.4146728515625 0
1675601880056 93.70641326904297 0
1675601880355 92.02363586425781 0
1675601880621 93.42992401123047 0
1675601880875 93.86053466796875 0
1675601881151 93.06802368164062 0
1675601881427 93.19664764404297 0
1675601881713 92.88471984863281 0
1675601881973 93.78146362304688 0
1675601882283 91.84049987792969 0
1675601882545 92.22453308105469 0
1675601882811 92.83882904052734 0
1675601883085 93.54122924804688 0
1675601883389 92.3751449584961 0
1675601883690 92.47270202636719 0
1675601883990 92.50077819824219 0
1675601884272 93.01729583740234 0
1675601884544 93.43354034423828 0
1675601884825 93.0640640258789 0
1675601885092 93.67394256591797 0
1675601885424 91.16767120361328 0
1675601885704 93.01799774169922 0
1675601885984 92.74853515625 0
1675601886258 92.28646087646484 0
1675601886540 93.07514190673828 0
1675601886809 93.35832977294922 0
1675601887070 93.66675567626953 0
1675601887337 93.4476318359375 0
1675601887620 92.93851470947266 0
1675601887889 93.18624877929688 0
1675601888167 92.89915466308594 0
1675601888458 92.40034484863281 0
1675601888732 93.06047821044922 0
1675601888993 93.51976776123047 0
1675601889271 92.74447631835938 0
1675601889542 92.1824951171875 0
1675601889847 92.09728240966797 0
1675601890125 92.89539337158203 0
1675601890383 93.78860473632812 0
1675601890651 92.9170150756836 0
1675601890898 93.61290740966797 0
1675601891104 94.37712097167969 0
1675601891392 92.53683471679688 0
1675601891689 92.22179412841797 0
1675601891931 93.20413970947266 0
1675601892180 93.39076232910156 0
1675601892437 93.56265258789062 0
1675601892722 92.69196319580078 0
1675601893045 91.37029266357422 0
1675601893327 92.73756408691406 0
1675601893597 93.17182159423828 0
1675601893861 92.8345718383789 0
1675601894111 92.90757751464844 0
1675601894356 92.87843322753906 0
1675601894628 92.89554595947266 0
1675601894854 93.9464340209961 0
1675601895100 93.12841796875 0
1675601895379 92.66816711425781 0
1675601895665 92.53331756591797 0
1675601895947 92.70610809326172 0
1675601896238 92.37161254882812 0
1675601896499 93.5628662109375 0
1675601896779 93.1143798828125 0
1675601897055 93.0462875366211 0
1675601897315 92.34770965576172 0
1675601897538 93.75299072265625 0
1675601897776 92.73755645751953 0
1675601898011 93.68463897705078 0
1675601898247 93.7887191772461 0
1675601898514 92.90608215332031 0
1675601898732 94.09014129638672 0
1675601899010 92.85966491699219 0
1675601899275 92.87410736083984 0
1675601899529 92.56883239746094 0
1675601899755 93.93944549560547 0
1675601900030 92.67745971679688 0
1675601900279 93.17894744873047 0
1675601900525 93.6526870727539 0
1675601900799 92.80287170410156 0
1675601901050 93.07455444335938 0
1675601901337 92.41475677490234 0
1675601901609 93.06768035888672 0
1675601901862 92.98890686035156 0
1675601902106 93.64533233642578 0
1675601902356 93.03900909423828 0
1675601902593 92.74483489990234 0
1675601902854 93.6701889038086 0
1675601903152 92.10938262939453 0
1675601903383 92.79129028320312 0
1675601903623 92.49700164794922 0
1675601903872 91.9950942993164 0
1675601904122 92.5042495727539 0
1675601904378 93.41553497314453 0
1675601904680 91.89419555664062 0
1675601904965 92.74823760986328 0
1675601905261 92.32872009277344 0
1675601905549 92.51876068115234 0
1675601905833 92.71610260009766 0
1675601906106 93.25416564941406 0
1675601906396 91.86593627929688 0
1675601906687 92.35708618164062 0
1675601906974 92.4554214477539 0
1675601907278 92.90953826904297 0
1675601907570 92.49362182617188 0
1675601907847 93.12894439697266 0
1675601908116 93.4491195678711 0
1675601908399 92.73741149902344 0
1675601908659 93.68452453613281 0
1675601908933 92.70507049560547 0
1675601909217 92.45065307617188 0
1675601909525 92.76643371582031 0
1675601909824 92.79131317138672 0
1675601910121 92.8460464477539 0
1675601910403 92.9277114868164 0
1675601910729 92.11739349365234 0
1675601911041 92.88124084472656 0
1675601911342 92.9097900390625 0
1675601911650 92.24974060058594 0
1675601911945 92.8559341430664 0
1675601912260 92.12755584716797 0
1675601912564 92.00247192382812 0
1675601912886 91.3526611328125 0
1675601913146 93.68843078613281 0
1675601913407 93.64228057861328 0
1675601913674 93.59502410888672 0
1675601913980 92.16584014892578 0
1675601914301 91.43510437011719 0
1675601914572 93.25416564941406 0
1675601914852 92.93862915039062 0
1675601915145 92.34276580810547 0
1675601915413 93.40127563476562 0
1675601915680 93.39407348632812 0
1675601915950 93.38695526123047 0
1675601916224 93.01377868652344 0
1675601916485 92.44712829589844 0
1675601916738 94.0074462890625 0
1675601917009 93.2577133178711 0
1675601917270 93.3152084350586 0
1675601917538 93.24710083007812 0
1675601917818 92.98897552490234 0
1675601918074 93.91792297363281 0
1675601918371 92.4539566040039 0
1675601918670 92.4143295288086 0
1675601918964 92.49730682373047 0
1675601919265 92.22513580322266 0
1675601919506 94.5635757446289 0
1675601919780 93.20024108886719 0
1675601920100 91.56483459472656 0
1675601920376 93.45162200927734 0
1675601920673 92.43328857421875 0
1675601920975 92.16360473632812 0
1675601921231 93.44098663330078 0
1675601921497 93.60223388671875 0
1675601921795 92.274658203125 0
1675601922085 92.62996673583984 0
1675601922373 92.67664337158203 0
1675601922621 93.94801330566406 0
1675601924526 93.77071380615234 0
1675601924796 93.3187026977539 0
1675601925063 93.47676086425781 0
1675601925336 93.30066680908203 0
1675601925618 92.95276641845703 0
1675601925900 92.88462829589844 0
1675601926157 93.66319274902344 0
1675601926415 93.8604507446289 0
1675601926697 92.95285034179688 0
1675601926977 93.0353775024414 0
1675601927299 91.58561706542969 0
1675601927566 93.18592834472656 0
1675601927852 92.85248565673828 0
1675601928214 90.26688385009766 0
1675601928510 92.64762115478516 0
1675601928815 92.2244644165039 0
1675601929107 92.69798278808594 0
1675601929394 92.88102722167969 0
1675601929638 94.5780258178711 0
1675601929907 93.10343170166016 0
1675601930201 92.33214569091797 0
1675601930488 92.69799041748047 0
1675601930789 92.57630157470703 0
1675601931084 92.49073028564453 0
1675601931368 92.9261703491211 0
1675601931647 92.99922943115234 0
1675601931945 92.32494354248047 0
1675601932241 92.38973236083984 0
1675601932529 92.81356048583984 0
1675601932811 92.86671447753906 0
1675601933138 90.97270202636719 0
1675601933414 93.13720703125 0
1675601933691 93.04606628417969 0
1675601933994 91.93734741210938 0
1675601934292 92.37596893310547 0
1675601934564 93.26138305664062 0
1675601934850 92.71239471435547 0
1675601935125 93.03167724609375 0
1675601935398 93.14649200439453 0
1675601935645 94.21195983886719 0
1675601935911 93.56265258789062 0
1675601936211 92.07732391357422 0
1675601936483 93.22196197509766 0
1675601936752 93.15335083007812 0
1675601937049 92.9098892211914 0
1675601937327 92.99600982666016 0
1675601937607 92.54434967041016 0
1675601937875 93.38706970214844 0
1675601938157 92.89537811279297 0
1675601938426 93.36897277832031 0
1675601938738 91.76187133789062 0
1675601938998 93.54468536376953 0
1675601939248 93.68456268310547 0
1675601939524 92.42169189453125 0
1675601939806 92.99563598632812 0
1675601940087 92.34290313720703 0
1675601940343 93.0281753540039 0
1675601940647 91.59310150146484 0
1675601940924 93.0028305053711 0
1675601941195 93.2073974609375 0
1675601941523 92.3828125 0
1675601941819 92.45075988769531 0
1675601942073 94.01494598388672 0
1675601942380 92.0379867553711 0
1675601942649 93.48038482666016 0
1675601942935 92.83456420898438 0
1675601943218 92.85252380371094 0
1675601943492 93.0174331665039 0
1675601943750 93.71343231201172 0
1675601944007 93.10697174072266 0
1675601944266 93.24327087402344 0
1675601944542 91.9879379272461 0
1675601944774 94.04719543457031 0
1675601945076 92.16343688964844 0
1675601945366 92.50104522705078 0
1675601945639 93.1929702758789 0
1675601945896 93.17874145507812 0
1675601946126 93.3583755493164 0
1675601946403 93.2684555053711 0
1675601946672 93.2865219116211 0
1675601946951 92.82032775878906 0
1675601947209 93.6631851196289 0
1675601947465 93.26500701904297 0
1675601947698 94.16902160644531 0
1675601948031 92.18568420410156 0
1675601948313 92.76341247558594 0
1675601948597 93.06763458251953 0
1675601948843 93.64153289794922 0
1675601949095 93.0856704711914 0
1675601949371 93.02458953857422 0
1675601949609 94.50994873046875 0
1675601949909 92.19599151611328 0
1675601950194 92.7123794555664 0
1675601950479 92.42901611328125 0
1675601950744 93.42640686035156 0
1675601951028 92.69818878173828 0
1675601951246 94.44532775878906 0
1675601951527 92.16062927246094 0
1675601951788 92.9671401977539 0
1675601952052 93.40494537353516 0
1675601952313 92.95997619628906 0
1675601952596 92.3369369506836 0
1675601952840 94.33057403564453 0
1675601953162 91.5784912109375 0
1675601953465 92.17410278320312 0
1675601953749 92.59493255615234 0
1675601954050 91.89488220214844 0
1675601954303 93.7636489868164 0
1675601954576 92.87063598632812 0
1675601954841 93.0030517578125 0
1675601955099 93.26850128173828 0
1675601955382 93.40118408203125 0
1675601955659 92.96719360351562 0
1675601955922 92.89874267578125 0
1675601956203 92.95301055908203 0
1675601956490 92.2173080444336 0
1675601956754 93.64855194091797 0
1675601957046 92.15248107910156 0
1675601957296 93.74215698242188 0
1675601957572 93.14641571044922 0
1675601957853 92.75543212890625 0
1675601958111 93.26473236083984 0
1675601958341 93.89640808105469 0
1675601958618 92.84281921386719 0
1675601958917 92.22093963623047 0
1675601959209 92.49775695800781 0
1675601959491 92.81275177001953 0
1675601959818 91.2112808227539 0
1675601960105 92.69454193115234 0
1675601960396 91.85620880126953 0
1675601960682 92.63328552246094 0
1675601960956 93.00315856933594 0
1675601961219 93.09989929199219 0
1675601961506 92.74824523925781 0
1675601961787 92.90955352783203 0
1675601962050 93.52694702148438 0
1675601962318 93.39038848876953 0
1675601962596 92.91378784179688 0
1675601962850 94.11162567138672 0
1675601963150 92.04899597167969 0
1675601963437 91.89093780517578 0
1675601963697 93.62373352050781 0
1675601963998 92.11811065673828 0
1675601964304 91.881103515625 0
1675601964604 92.07040405273438 0
1675601964860 93.95384216308594 0
1675601965172 91.72215270996094 0
1675601965451 92.90625 0
1675601965711 93.74569702148438 0
1675601966007 92.27466583251953 0
1675601966293 92.55452728271484 0
1675601966558 93.4764175415039 0
1675601966831 93.30072784423828 0
1675601967088 93.7745132446289 0
1675601967381 92.59046173095703 0
1675601967653 93.22894287109375 0
1675601967923 93.0933609008789 0
