1675867301043 0.003473258763551712 0
1675867301682 0.34877517223358157 40
1675867302314 0.22800092697143554 80
1675867302957 0.24835855960845948 120
1675867303607 0.30557641983032224 160
1675867304232 0.2758244752883911 200
1675867304924 0.26654853820800783 240
1675867305548 0.24677107334136963 280
1675867306169 0.20796754360198974 320
1675867306845 0.3413224697113037 360
1675867307471 0.2410515308380127 400
1675867308103 0.2689203262329102 440
1675867308746 0.1969552993774414 480
1675867309375 0.20993313789367676 520
1675867310015 0.20518343448638915 560
1675867310648 0.24081408977508545 600
1675867311275 0.22201461791992189 640
1675867311909 0.2250833511352539 680
1675867312563 0.2330090045928955 720
1675867313184 0.1814732313156128 760
1675867313845 0.20375516414642333 800
1675867314497 0.19070851802825928 840
1675867315131 0.1879876136779785 880
1675867315792 0.22385919094085693 920
1675867316415 0.23536760807037355 960
1675867317060 0.18346066474914552 1000
1675867317717 0.2338698148727417 1040
1675867318363 0.2258291721343994 1080
1675867318984 0.1878576397895813 1120
1675867319621 0.2487179756164551 1160
1675867320233 0.18767520189285278 1200
1675867320888 0.18474311828613282 1240
1675867321540 0.20860462188720702 1280
1675867322197 0.22702336311340332 1320
1675867322861 0.14993823766708375 1360
1675867323524 0.1527474880218506 1400
1675867324176 0.197983717918396 1440
1675867324805 0.22373576164245607 1480
1675867325484 0.22259998321533203 1520
1675867326132 0.1777956247329712 1560
1675867326761 0.22385163307189943 1600
1675867327401 0.23416614532470703 1640
1675867328026 0.19364031553268432 1680
1675867328649 0.21920201778411866 1720
1675867329289 0.19668675661087037 1760
1675867329948 0.21571886539459229 1800
1675867330583 0.20612926483154298 1840
1675867331218 0.23263151645660402 1880
1675867331839 0.16837506294250487 1920
1675867332477 0.17075622081756592 1960
1675867333107 0.16507453918457032 2000
1675867333724 0.2305373191833496 2040
1675867334324 0.2613405227661133 2080
1675867334969 0.17329596281051635 2120
1675867335587 0.1819747805595398 2160
1675867336224 0.19158886671066283 2200
1675867336891 0.19235398769378662 2240
1675867337568 0.2370295763015747 2280
1675867338202 0.173967707157135 2320
1675867338821 0.19681788682937623 2360
1675867339441 0.20326595306396483 2400
1675867340075 0.20718860626220703 2440
1675867340714 0.22333433628082275 2480
1675867341355 0.22547450065612792 2520
1675867341984 0.21966300010681153 2560
1675867342629 0.18921205997467042 2600
1675867343296 0.18738282918930055 2640
1675867343937 0.1926059365272522 2680
1675867344565 0.14164435863494873 2720
1675867345218 0.192181396484375 2760
1675867345865 0.2517828464508057 2800
1675867346498 0.24503602981567382 2840
1675867347171 0.18361202478408814 2880
1675867347795 0.1896974802017212 2920
1675867348452 0.1954361915588379 2960
1675867349085 0.17433807849884034 3000
1675867349751 0.19335957765579223 3040
1675867350413 0.20171780586242677 3080
1675867351071 0.22039515972137452 3120
1675867351704 0.15542412996292115 3160
1675867352364 0.17222423553466798 3200
1675867353002 0.1586281180381775 3240
1675867353631 0.21016430854797363 3280
1675867354303 0.15502721071243286 3320
1675867354975 0.208496356010437 3360
1675867355633 0.2125046968460083 3400
1675867356292 0.17903733253479004 3440
1675867356976 0.20892205238342285 3480
1675867357650 0.2144392728805542 3520
1675867358349 0.1667731761932373 3560
1675867358996 0.17590739727020263 3600
1675867359629 0.2041633129119873 3640
1675867360282 0.14472806453704834 3680
1675867360928 0.15697569847106935 3720
1675867361539 0.20792782306671143 3760
1675867362164 0.15404829978942872 3800
1675867362792 0.17472254037857055 3840
1675867363430 0.18289637565612793 3880
1675867364085 0.16727657318115235 3920
1675867364769 0.2356349229812622 3960
1675867365388 0.20332520008087157 4000
1675867366008 0.17961270809173585 4040
1675867366631 0.19418046474456788 4080
1675867367314 0.2070523738861084 4120
1675867367942 0.20156960487365722 4160
1675867368570 0.1989291191101074 4200
1675867369216 0.17905848026275634 4240
1675867369846 0.2128455877304077 4280
1675867370522 0.17123332023620605 4320
1675867371172 0.1505044221878052 4360
1675867371835 0.19519709348678588 4400
1675867372462 0.19643632173538209 4440
1675867373109 0.16238086223602294 4480
1675867373733 0.16142228841781617 4520
1675867374370 0.20764505863189697 4560
1675867375047 0.26726014614105226 4600
1675867375696 0.17441326379776 4640
1675867376386 0.1644219398498535 4680
1675867377047 0.24231886863708496 4720
1675868198248 0.21305251121520996 4760
1675868201052 0.18360880613327027 4800
1675868201715 0.18756158351898194 4840
1675868202367 0.1557214856147766 4880
1675868203004 0.14409396648406983 4920
1675868203630 0.14535026550292968 4960
1675868204268 0.17527626752853392 5000
1675868204890 0.16597766876220704 5040
1675868205565 0.16648100614547728 5080
1675868206290 0.18671828508377075 5120
1675868206947 0.24293756484985352 5160
1675868207580 0.13314659595489503 5200
1675868208236 0.20545194149017335 5240
1675868208859 0.16168837547302245 5280
1675868209511 0.19852713346481324 5320
1675868210189 0.185091233253479 5360
1675868210810 0.17088444232940675 5400
1675868211467 0.1293770432472229 5440
1675868212084 0.19729748964309693 5480
1675868212735 0.17892626523971558 5520
1675868213360 0.21315932273864746 5560
1675868213997 0.1854534387588501 5600
1675868214649 0.14000289440155028 5640
1675868215288 0.15274862051010132 5680
1675868215929 0.19442557096481322 5720
1675868216587 0.1690511703491211 5760
1675868217215 0.12153095006942749 5800
1675868217852 0.21310718059539796 5840
1675868218514 0.16930797100067138 5880
1675868219198 0.20660026073455812 5920
1675868219847 0.24103045463562012 5960
1675868220477 0.18752650022506714 6000
1675868221111 0.190654718875885 6040
1675868221744 0.13953133821487426 6080
1675869090583 0.13451969623565674 6120
1675869093287 0.15511869192123412 6160
1675869093931 0.16201257705688477 6200
1675869094574 0.14669408798217773 6240
1675869095214 0.15632596015930175 6280
1675869095849 0.20220303535461426 6320
1675869096511 0.17763723134994508 6360
1675869097155 0.18558894395828246 6400
1675869097806 0.15126150846481323 6440
1675869098463 0.16058287620544434 6480
1675869099091 0.1612090826034546 6520
1675869099730 0.23392212390899658 6560
1675869100397 0.19477193355560302 6600
1675869101029 0.13874257802963258 6640
1675869101702 0.16005196571350097 6680
1675869102370 0.24311068058013915 6720
1675869103064 0.17503589391708374 6760
1675869103722 0.15114680528640748 6800
1675869104391 0.14849398136138917 6840
1675869105035 0.14749122858047486 6880
1675869105705 0.1513720989227295 6920
1675869106368 0.1421378254890442 6960
1675869107012 0.15224137306213378 7000
1675869107689 0.1606513261795044 7040
1675869108407 0.18434770107269288 7080
1675869109098 0.13066940307617186 7120
1675869109768 0.1761801838874817 7160
1675869110415 0.18260589838027955 7200
1675869111075 0.12645962238311767 7240
1675869111727 0.1821487545967102 7280
1675869112346 0.14265186786651612 7320
1675869113019 0.15228512287139892 7360
1675869113688 0.1500007390975952 7400
1675869114378 0.20361859798431398 7440
1675869115028 0.11718817949295043 7480
1675869115714 0.14450618028640747 7520
1675869116398 0.2291780948638916 7560
1675869117413 0.16723458766937255 7600
1675869118082 0.17983460426330566 7640
1675869118746 0.13862712383270265 7680
1675869119427 0.17565585374832154 7720
1675869120108 0.15212227106094361 7760
1675869120757 0.15642694234848023 7800
1675869121428 0.11822054386138917 7840
1675869122123 0.20729143619537355 7880
1675869122786 0.1642367959022522 7920
1675869123457 0.17300630807876588 7960
1675869124145 0.20338068008422852 8000
1675869124791 0.21878316402435302 8040
1675869125480 0.2084066390991211 8080
1675869126146 0.15837383270263672 8120
1675869126794 0.18788907527923585 8160
1675869127440 0.09914901852607727 8200
1675869128084 0.1499682903289795 8240
1675869128798 0.16340469121932982 8280
1675869129493 0.2276024341583252 8320
1675869130175 0.17440448999404906 8360
1675869130832 0.17307194471359252 8400
1675869131514 0.15092215538024903 8440
1675869132212 0.15673571825027466 8480
1675869132882 0.16153664588928224 8520
1675869133581 0.15910741090774536 8560
1675869134238 0.14977171421051025 8600
1675869134896 0.1885818362236023 8640
1675869135601 0.15400114059448242 8680
1675869136275 0.12408707141876221 8720
1675869136993 0.13687338829040527 8760
1675869137634 0.1348160147666931 8800
1675869138302 0.21992766857147217 8840
1675869138989 0.1741846799850464 8880
1675869139663 0.13085355758666992 8920
1675869140304 0.15061947107315063 8960
1675869140955 0.166415274143219 9000
1675869141601 0.19634413719177246 9040
1675869142234 0.15416752099990844 9080
1675869142857 0.14536808729171752 9120
1675869143509 0.16224220991134644 9160
1675869144205 0.15395350456237794 9200
1675869144853 0.1843492031097412 9240
1675869145490 0.104613995552063 9280
1675869146146 0.16921931505203247 9320
1675869146807 0.13576349020004272 9360
1675869147450 0.1549075126647949 9400
1675869148110 0.1750350832939148 9440
1675869148797 0.13939259052276612 9480
1675869149480 0.18610925674438478 9520
1675869150131 0.1633320450782776 9560
1675869150791 0.15827804803848267 9600
1675869151485 0.1432238221168518 9640
1675869152147 0.1248201608657837 9680
1675869152815 0.17476609945297242 9720
1675869153491 0.15185770988464356 9760
1675869154142 0.16521260738372803 9800
1675869154842 0.1813403844833374 9840
1675869155484 0.11578774452209473 9880
1675869156182 0.1829445481300354 9920
1675869156841 0.15584477186203002 9960
1675869157512 0.1958972454071045 10000
1675869158153 0.14545776844024658 10040
