1675866101883 0.9420238733291626 0
1675866102131 0.9454008936882019 0
1675866102382 0.9507173895835876 0
1675866102627 0.9514104723930359 0
1675866102870 0.9519304037094116 0
1675866103128 0.9459744095802307 0
1675866103410 0.9344354271888733 0
1675866103646 0.9370400905609131 0
1675866103906 0.9277802109718323 0
1675866104145 0.9382219910621643 0
1675866104418 0.9255102872848511 0
1675866104667 0.9371150135993958 0
1675866104912 0.9344245791435242 0
1675866105159 0.9322094321250916 0
1675866105412 0.9302577376365662 0
1675866105653 0.9344420433044434 0
1675866105920 0.9261946082115173 0
1675866106144 0.9324420690536499 0
1675866106408 0.9182531833648682 0
1675866106650 0.9254169464111328 0
1675866106910 0.918949544429779 0
1675866107138 0.9286291599273682 0
1675866107343 0.927470862865448 0
1675866176320 0.9176797866821289 0
1675866176603 0.9063125252723694 0
1675866176802 0.9240753650665283 0
1675866177020 0.9169530272483826 0
1675866177226 0.924382746219635 0
1675866177438 0.9151495695114136 0
1675866177646 0.9157712459564209 0
1675866177886 0.9067356586456299 0
1675866178103 0.9125857353210449 0
1675866178333 0.9078215956687927 0
1675866178556 0.9069011807441711 0
1675866178784 0.9048019647598267 0
1675866179010 0.9078160524368286 0
1675866179222 0.9075425267219543 0
1675866179466 0.8956995606422424 0
1675866179666 0.9080286026000977 0
1675866179900 0.8945087790489197 0
1675866180141 0.895361065864563 0
1675866180382 0.8967082500457764 0
1675866180619 0.8943400979042053 0
1675866180819 0.9074438810348511 0
1675866181061 0.8885673880577087 0
1675866181303 0.8930843472480774 0
1675866181499 0.9007054567337036 0
1675866181738 0.8893069624900818 0
1675866181958 0.8888598680496216 0
1675866182173 0.8894661664962769 0
1675866182377 0.8907725214958191 0
1675866182586 0.8895342350006104 0
1675866182805 0.8901374936103821 0
1675866183034 0.8800244331359863 0
1675866183228 0.8912369012832642 0
1675866183468 0.877863883972168 0
1675866183690 0.878661572933197 0
1675866183907 0.8787342309951782 0
1675866184111 0.8833656311035156 0
1675866184347 0.8706163167953491 0
1675866184568 0.8737927675247192 0
1675866184805 0.8657589554786682 0
1675866185025 0.871737539768219 0
1675866185277 0.8595874905586243 0
1675866185488 0.8741977214813232 0
1675866185696 0.8746646642684937 0
1675866185919 0.8651955127716064 0
1675866186130 0.8657798767089844 0
1675866186354 0.8641800284385681 0
1675866186556 0.8678401708602905 0
1675866186766 0.8617709875106812 0
1675866186977 0.8605501055717468 0
1675866187198 0.8552427291870117 0
1675866187429 0.8511698842048645 0
1675866187652 0.8517029285430908 0
1675866187914 0.841157078742981 0
1675866188143 0.8534586429595947 0
1675866188414 0.8429659605026245 0
1675866188668 0.8439493775367737 0
1675866188927 0.8461063504219055 0
1675866189145 0.8455608487129211 0
1675866189348 0.8474239110946655 0
1675866189561 0.8436968326568604 0
1675866189777 0.8392955660820007 0
1675866190030 0.828917920589447 0
1675866190299 0.8236213326454163 0
1675866190533 0.8303915858268738 0
1675866190774 0.8252500891685486 0
1675866190976 0.8379667401313782 0
1675866191233 0.8307603001594543 0
1675866191463 0.8326991200447083 0
1675866191714 0.8184367418289185 0
1675866191930 0.826044499874115 0
1675866192151 0.8207638263702393 0
1675866192373 0.8222339153289795 0
1675866192587 0.8222976326942444 0
1675866192807 0.8152992129325867 0
1675866193037 0.8168818950653076 0
1675866193242 0.8163245320320129 0
1675866193490 0.8071199059486389 0
1675866193749 0.7999990582466125 0
1675866194002 0.7943627238273621 0
1675866194247 0.7947731614112854 0
1675866194484 0.7965582609176636 0
1675866194706 0.8017646670341492 0
1675866194914 0.8005554676055908 0
1675866195151 0.7966593503952026 0
1675866195385 0.7881557941436768 0
1675866195591 0.7953079342842102 0
1675866195792 0.7936960458755493 0
1675866196006 0.7865995764732361 0
1675866196234 0.781491756439209 0
1675866196491 0.7695813179016113 0
1675866196711 0.780826985836029 0
1675866196944 0.774347722530365 0
1675866197165 0.7746673226356506 0
1675866197390 0.7713651657104492 0
1675866197579 0.7788960933685303 0
1675866197804 0.7655656337738037 0
1675866198007 0.7670388221740723 0
1675866198212 0.7638168334960938 0
1675866198462 0.7491123676300049 0
1675866198691 0.7539867162704468 0
1675866198897 0.7562466859817505 0
1675866199112 0.7487772703170776 0
1675866199340 0.7434198260307312 0
1675866199581 0.735906183719635 0
1675866199802 0.7396038174629211 0
1675866200006 0.7393915057182312 0
1675866200232 0.7308654189109802 0
1675866200470 0.7244056463241577 0
1675866200701 0.7237686514854431 0
1675866200927 0.7228050231933594 0
1675866201163 0.7159376740455627 0
1675866201369 0.718218207359314 0
1675866201570 0.7166301012039185 0
1675866201778 0.7110164165496826 0
1675866201988 0.708236575126648 0
1675866202222 0.6963091492652893 0
1675866202481 0.6867097616195679 0
1675866202691 0.6962184309959412 0
1675866202919 0.6881033182144165 0
1675866203138 0.6844073534011841 0
1675866203361 0.6787108182907104 0
1675866203578 0.6747883558273315 0
1675866203804 0.6677638292312622 0
1675866204044 0.6606385707855225 0
1675866204266 0.6602473258972168 0
1675866204505 0.6499760150909424 0
1675866204711 0.6531084179878235 0
1675866204955 0.640246570110321 0
1675866205167 0.6413180828094482 0
1675866205369 0.6384672522544861 0
1675866205590 0.6299031376838684 0
1675866205800 0.6242533922195435 0
1675866206024 0.618076741695404 0
1675866206221 0.6152811646461487 0
1675866207819 0.6017675399780273 0
1675866208026 0.6006996631622314 0
1675866208253 0.5920382738113403 0
1675866208506 0.5815374851226807 0
1675866208733 0.5785210728645325 0
1675866208980 0.569849967956543 0
1675866209224 0.561642050743103 0
1675866209423 0.5591831207275391 0
1675866209622 0.5527185797691345 0
1675866209844 0.5388904213905334 0
1675866210062 0.5326427221298218 0
1675866210291 0.5248882174491882 0
1675866210495 0.5163661241531372 0
1675866210749 0.5016123056411743 0
1675866210946 0.4995446503162384 0
1675866211176 0.48624685406684875 0
1675866211367 0.47992753982543945 0
1675866211582 0.4662986397743225 0
1675866211787 0.4578264355659485 0
1675866211991 0.4483901560306549 0
1675866212198 0.4344578683376312 0
1675866212455 0.4203634262084961 0
1675866212667 0.41171953082084656 0
1675866212926 0.3977016508579254 0
1675866213148 0.38407382369041443 0
1675866213393 0.3720894753932953 0
1675866213616 0.35994237661361694 0
1675866213843 0.3477795720100403 0
1675866214060 0.3314291834831238 0
1675866214277 0.3173889219760895 0
1675866214498 0.3029995262622833 0
1675866214759 0.2893146574497223 0
1675866214991 0.2731885313987732 0
1675866215222 0.26041102409362793 0
1675866215445 0.24550378322601318 0
1675866215679 0.2290937602519989 0
1675866215883 0.214943528175354 0
1675866216090 0.20017176866531372 0
1675866216336 0.1878867894411087 0
1675866216560 0.17005833983421326 0
1675866216773 0.15426677465438843 0
1675866216964 0.14078272879123688 0
1675866217175 0.13069041073322296 0
1675866217392 0.1201714426279068 0
1675866217647 0.11520461738109589 0
1675866217875 0.10272781550884247 0
1675866218107 0.09383643418550491 0
1675866218327 0.08671607822179794 0
1675866218528 0.07378242164850235 0
1675866218742 0.07442264258861542 0
1675866219000 0.08261738717556 0
1675866219242 0.07716957479715347 0
1675866219519 0.07538474351167679 0
1675866219757 0.06548409163951874 0
1675866220010 0.0698830708861351 0
1675866220213 0.05915747582912445 0
1675866220412 0.055061548948287964 0
1675866220638 0.06088979169726372 0
1675866220868 0.05811470001935959 0
1675866221121 0.06128980591893196 0
1675866221338 0.055271174758672714 0
1675866221534 0.05223356932401657 0
1675866221759 0.06139402836561203 0
1675866221965 0.051443420350551605 0
1675866222172 0.05317893251776695 0
1675866222372 0.049518484622240067 0
1675866222620 0.06472811847925186 0
1675866222858 0.05216221883893013 0
1675866223094 0.05092529579997063 0
1675866223313 0.05511770024895668 0
1675866223538 0.056750278919935226 0
1675866223772 0.06147884577512741 0
1675866223971 0.05029315873980522 0
1675866224182 0.05046205595135689 0
1675866224423 0.05362267792224884 0
1675866224657 0.05623449385166168 0
1675866224903 0.05508735030889511 0
1675866225138 0.053578734397888184 0
1675866225360 0.05054079368710518 0
1675866225537 0.037814341485500336 0
1675866225764 0.05554734915494919 0
1675866225980 0.05438720062375069 0
1675866226179 0.04812755435705185 0
1675866226388 0.04659808799624443 0
1675866226634 0.06569454818964005 0
1675866226870 0.05995113030076027 0
1675866227120 0.06550617516040802 0
1675866227327 0.04935664311051369 0
1675866227534 0.05030615255236626 0
1675866227747 0.049511246383190155 0
1675866227946 0.04539678618311882 0
1675866228145 0.04510439187288284 0
1675866228354 0.04725887253880501 0
1675866228586 0.05520317703485489 0
1675866228810 0.04599607735872269 0
1675866229034 0.05086526274681091 0
1675866229237 0.04445303976535797 0
1675866229471 0.05605281516909599 0
1675866229718 0.058673035353422165 0
1675866229958 0.057449597865343094 0
1675866230188 0.052547600120306015 0
1675866230387 0.04554896801710129 0
1675866230616 0.05507291853427887 0
1675866230823 0.045683231204748154 0
1675866231054 0.054726455360651016 0
1675866231260 0.042271677404642105 0
1675866231467 0.043466512113809586 0
1675866231703 0.04992155358195305 0
1675866231915 0.04751203954219818 0
1675866232116 0.04635503515601158 0
1675866232322 0.04291398823261261 0
1675866232541 0.05185313895344734 0
1675866232771 0.04961974918842316 0
1675866232985 0.04509693756699562 0
1675866233197 0.05049467459321022 0
1675866233413 0.044614460319280624 0
1675866233611 0.04545820131897926 0
1675866233829 0.046146199107170105 0
1675866234048 0.05140772461891174 0
1675866234259 0.04884010925889015 0
1675866234468 0.04676451534032822 0
1675866234705 0.055515047162771225 0
1675866234909 0.04947429150342941 0
1675866235142 0.052959341555833817 0
1675866235401 0.05845169350504875 0
1675866235640 0.058758027851581573 0
1675866235861 0.04968135431408882 0
1675866236112 0.05581844970583916 0
1675866236329 0.044825229793787 0
1675866236565 0.05326816812157631 0
1675866236833 0.06285339593887329 0
1675866237061 0.0498618558049202 0
1675866237276 0.04140710458159447 0
1675866237517 0.053744059056043625 0
1675866237731 0.049333542585372925 0
1675866237961 0.04910169541835785 0
1675866238160 0.044967856258153915 0
1675866238358 0.04608440771698952 0
1675866238570 0.04804022237658501 0
1675866238793 0.052918437868356705 0
1675866238985 0.04248534515500069 0
1675866239184 0.04535340517759323 0
1675866239407 0.04884209483861923 0
1675866239625 0.046157896518707275 0
1675866239846 0.047233715653419495 0
1675866240088 0.05597788468003273 0
1675866240278 0.03967920318245888 0
1675866240498 0.04835155978798866 0
1675866240725 0.05443604290485382 0
1675866240953 0.05257110670208931 0
1675866241165 0.04975012317299843 0
1675866241376 0.047155290842056274 0
1675866241590 0.05061826854944229 0
1675866241803 0.04462563991546631 0
1675866241991 0.03640062361955643 0
1675866242234 0.06008359417319298 0
1675866242446 0.050014033913612366 0
1675866243984 0.053778987377882004 0
1675866244251 0.046582162380218506 0
1675866244496 0.0531681627035141 0
1675866244768 0.059947893023490906 0
1675866245003 0.05037287250161171 0
1675866245214 0.041175477206707 0
1675866245416 0.04144006967544556 0
1675866245621 0.04427734762430191 0
1675866245865 0.053931672126054764 0
1675866246110 0.05450239032506943 0
1675866246331 0.045145533978939056 0
1675866246542 0.04427320510149002 0
1675866246760 0.04797583073377609 0
1675866246960 0.04155422002077103 0
1675866247209 0.05484950914978981 0
1675866247439 0.050502415746450424 0
1675866247681 0.047039784491062164 0
1675866247929 0.05094429850578308 0
1675866248194 0.05517903342843056 0
1675866248440 0.04964454099535942 0
1675866248677 0.04730890318751335 0
1675866248911 0.04635395109653473 0
