1675600996687 0.7355135679244995 0
1675600996923 0.7011167407035828 0
1675600997189 0.6750996112823486 0
1675600997431 0.6533604264259338 0
1675600997668 0.633083701133728 0
1675600997871 0.6184439659118652 0
1675600998098 0.6019211411476135 0
1675600998318 0.5886163115501404 0
1675600998527 0.5790758728981018 0
1675600998753 0.5688064098358154 0
1675600998977 0.5602834820747375 0
1675600999177 0.5564438104629517 0
1675600999419 0.549226701259613 0
1675600999664 0.5391386151313782 0
1675600999904 0.5339166522026062 0
1675601000114 0.5357363820075989 0
1675601000356 0.5226827263832092 0
1675601000547 0.5281693935394287 0
1675601000774 0.5216733813285828 0
1675601000992 0.513586699962616 0
1675601001214 0.5121674537658691 0
1675601001448 0.5119675397872925 0
1675601001690 0.5072723627090454 0
1675601001894 0.5103645920753479 0
1675601002114 0.5056424736976624 0
1675601002320 0.5080650448799133 0
1675601002515 0.5078854560852051 0
1675601002757 0.4976670742034912 0
1675601003015 0.49337947368621826 0
1675601003221 0.5009121894836426 0
1675601003452 0.492110937833786 0
1675601003675 0.49275490641593933 0
1675601003897 0.49038633704185486 0
1675601004095 0.4954756498336792 0
1675601004296 0.49448221921920776 0
1675601004501 0.4915713667869568 0
1675601004707 0.48997485637664795 0
1675601004959 0.4797874391078949 0
1675601005166 0.48943138122558594 0
1675601005399 0.4777986705303192 0
1675601005607 0.48494505882263184 0
1675601005814 0.4829663634300232 0
1675601006077 0.47351887822151184 0
1675601006296 0.4804198443889618 0
1675601006490 0.481582373380661 0
1675601006695 0.4798932671546936 0
1675601006933 0.4731934368610382 0
1675601007141 0.4754464030265808 0
1675601007368 0.4768011271953583 0
1675601007592 0.4739328920841217 0
1675601007805 0.4755015969276428 0
1675601008019 0.4744161069393158 0
1675601008248 0.4675978422164917 0
1675601008472 0.4736696779727936 0
1675601008693 0.469054639339447 0
1675601008918 0.47029468417167664 0
1675601009164 0.4656333029270172 0
1675601009387 0.4697133004665375 0
1675601009675 0.4651268720626831 0
1675601009947 0.468187153339386 0
1675601010171 0.4719431698322296 0
1675601010429 0.46625131368637085 0
1675601010716 0.468515008687973 0
1675601010936 0.4702092707157135 0
1675601011138 0.4699889123439789 0
1675601011340 0.46936991810798645 0
1675601011570 0.4647194445133209 0
1675601011795 0.46585148572921753 0
1675601012020 0.4651908874511719 0
1675601012213 0.470883846282959 0
1675601012439 0.46185067296028137 0
1675601012646 0.4708107113838196 0
1675601012867 0.46547240018844604 0
1675601013098 0.46286264061927795 0
1675601013303 0.46813246607780457 0
1675601013524 0.46238964796066284 0
1675601013734 0.46833914518356323 0
1675601013940 0.46869346499443054 0
1675601014152 0.46489500999450684 0
1675601014366 0.46665897965431213 0
1675601014566 0.4685211479663849 0
1675601014783 0.46511220932006836 0
1675601015003 0.4609738886356354 0
1675601015217 0.4604448080062866 0
1675601015443 0.4605770409107208 0
1675601015663 0.4607435166835785 0
1675601015867 0.4654216468334198 0
1675601016121 0.45691758394241333 0
1675601016315 0.46660372614860535 0
1675601016530 0.4625518023967743 0
1675601016766 0.45980024337768555 0
1675601017003 0.4592146873474121 0
1675601017226 0.45952364802360535 0
1675601017444 0.46181395649909973 0
1675601017678 0.45832571387290955 0
1675601017900 0.45881199836730957 0
1675601018136 0.45685306191444397 0
1675601018366 0.4564332365989685 0
1675601018562 0.4674406945705414 0
1675601018799 0.4551161527633667 0
1675601019052 0.45935767889022827 0
1675601019270 0.4585520923137665 0
1675601019500 0.46006345748901367 0
1675601019723 0.45650434494018555 0
1675601019956 0.4567420780658722 0
1675601020185 0.4537934958934784 0
1675601020380 0.46553370356559753 0
1675601020599 0.45953503251075745 0
1675601020837 0.45422422885894775 0
1675601021039 0.46234095096588135 0
1675601021269 0.4560643136501312 0
1675601021495 0.4571855068206787 0
1675601021746 0.4531158208847046 0
1675601021965 0.46366503834724426 0
1675601022218 0.4555296301841736 0
1675601022419 0.46282440423965454 0
1675601022643 0.4564018249511719 0
1675601022856 0.45794233679771423 0
1675601023101 0.4511463940143585 0
1675601023341 0.45731109380722046 0
1675601023559 0.4575399160385132 0
1675601023768 0.462357759475708 0
1675601023955 0.46550872921943665 0
1675601024187 0.4526609778404236 0
1675601024411 0.4567963480949402 0
1675601024627 0.4588146209716797 0
1675601024842 0.46256864070892334 0
1675601025093 0.4546004831790924 0
1675601025320 0.45671385526657104 0
1675601025523 0.46159130334854126 0
1675601025755 0.45614463090896606 0
1675601025979 0.45709657669067383 0
1675601026200 0.4561558961868286 0
1675601026437 0.45556706190109253 0
1675601026659 0.4553493559360504 0
1675601026892 0.45271801948547363 0
1675601027098 0.4636639356613159 0
1675601027336 0.4558694660663605 0
1675601027549 0.4620397686958313 0
1675601027772 0.4580041170120239 0
1675601027984 0.4581345021724701 0
1675601028190 0.4600208103656769 0
1675601028409 0.45645514130592346 0
1675601028592 0.4664478898048401 0
1675601028803 0.4594312310218811 0
1675601029009 0.4584299623966217 0
1675601029218 0.4569638669490814 0
1675601029414 0.4620603024959564 0
1675601029650 0.45096421241760254 0
1675601029863 0.4599221348762512 0
1675601030068 0.46324974298477173 0
1675601030286 0.4544541835784912 0
1675601030491 0.45806366205215454 0
1675601030756 0.4460059106349945 0
1675601030965 0.462294340133667 0
1675601031174 0.4590738117694855 0
1675601031381 0.45886144042015076 0
1675601032876 0.4545174837112427 0
1675601033106 0.4522808790206909 0
1675601033324 0.45529705286026 0
1675601033557 0.45075711607933044 0
1675601033785 0.4525509476661682 0
1675601034005 0.45520490407943726 0
1675601034227 0.4511956572532654 0
1675601034439 0.45472481846809387 0
1675601034675 0.452147513628006 0
1675601034885 0.4571543037891388 0
1675601035117 0.4521016478538513 0
1675601035319 0.45917078852653503 0
1675601035534 0.45672184228897095 0
1675601035748 0.45546022057533264 0
1675601035961 0.4566499888896942 0
1675601036179 0.45529717206954956 0
1675601036389 0.4568297564983368 0
1675601036615 0.4540051221847534 0
1675601036828 0.45512789487838745 0
1675601037055 0.4538736343383789 0
1675601037273 0.45589324831962585 0
1675601037484 0.45750004053115845 0
1675601037705 0.45736369490623474 0
1675601037946 0.45272383093833923 0
1675601038181 0.4511125683784485 0
1675601038391 0.4553658068180084 0
1675601038612 0.45627298951148987 0
1675601038814 0.4572210907936096 0
1675601039010 0.46203967928886414 0
1675601039207 0.45981845259666443 0
1675601039407 0.4586649537086487 0
1675601039628 0.4536828398704529 0
1675601039914 0.4587458372116089 0
1675601040227 0.44696545600891113 0
1675601040453 0.45302727818489075 0
1675601040665 0.45515739917755127 0
1675601040880 0.45678749680519104 0
1675601041082 0.45751604437828064 0
1675601041313 0.45107075572013855 0
1675601041510 0.4586648643016815 0
1675601041718 0.45471763610839844 0
1675601041915 0.45926856994628906 0
1675601042143 0.45107197761535645 0
1675601042365 0.4521333575248718 0
1675601042578 0.45320817828178406 0
1675601042805 0.452992707490921 0
1675601043016 0.453922837972641 0
1675601043240 0.4491026699542999 0
1675601043459 0.4532408118247986 0
1675601043660 0.45667073130607605 0
1675601043883 0.4507541358470917 0
1675601044114 0.44919532537460327 0
1675601044335 0.4518713355064392 0
1675601044555 0.45387011766433716 0
1675601044805 0.44371670484542847 0
1675601044995 0.46167078614234924 0
1675601045222 0.451320081949234 0
1675601045448 0.4514976143836975 0
1675601045661 0.4544462263584137 0
1675601045884 0.4511823356151581 0
1675601046112 0.45215505361557007 0
1675601046318 0.4562946856021881 0
1675601046519 0.45762646198272705 0
1675601046755 0.4473283290863037 0
1675601046968 0.453916072845459 0
1675601047201 0.448123961687088 0
1675601047507 0.43863973021507263 0
1675601047716 0.45429280400276184 0
1675601047935 0.45348507165908813 0
1675601048159 0.4522971212863922 0
1675601048356 0.4579128324985504 0
1675601048577 0.45105934143066406 0
1675601048793 0.4534252882003784 0
1675601049016 0.45472681522369385 0
1675601049238 0.452086478471756 0
1675601049467 0.45231515169143677 0
1675601049684 0.4515969157218933 0
1675601049903 0.4511949121952057 0
1675601050154 0.4415205717086792 0
1675601050350 0.4568234980106354 0
1675601050564 0.4538600742816925 0
1675601050781 0.4510036110877991 0
1675601050983 0.4556983709335327 0
1675601051219 0.4460334777832031 0
1675601051440 0.45085200667381287 0
1675601051676 0.4487963914871216 0
1675601051888 0.4531499743461609 0
1675601052113 0.4504131078720093 0
1675601052325 0.4546061158180237 0
1675601052555 0.44607484340667725 0
1675601052775 0.45064350962638855 0
1675601052990 0.45113447308540344 0
1675601053214 0.4545762240886688 0
1675601053449 0.44611066579818726 0
1675601053690 0.4433862566947937 0
1675601053906 0.4533196687698364 0
1675601054138 0.4485037922859192 0
1675601054334 0.4588838219642639 0
1675601054530 0.4574710428714752 0
1675601054738 0.4587300717830658 0
1675601054969 0.45143067836761475 0
1675601055221 0.4496164321899414 0
1675601055457 0.44826164841651917 0
1675601055649 0.4599750339984894 0
1675601055865 0.44920048117637634 0
1675601056072 0.4541756510734558 0
1675601056290 0.4518975019454956 0
1675601056545 0.44333863258361816 0
1675601056798 0.44072845578193665 0
1675601057030 0.4473007619380951 0
1675601057244 0.4539564251899719 0
1675601057460 0.4521704316139221 0
1675601057661 0.456540584564209 0
1675601057896 0.44669076800346375 0
1675601058096 0.4559582471847534 0
1675601058330 0.44374942779541016 0
1675601058536 0.45275163650512695 0
1675601058751 0.44868195056915283 0
1675601058970 0.45161497592926025 0
1675601059191 0.4465746581554413 0
1675601059401 0.4532580077648163 0
1675601059620 0.4500802457332611 0
1675601059857 0.4489724040031433 0
1675601060069 0.4491219222545624 0
1675601060363 0.4373787045478821 0
1675601060590 0.450022429227829 0
1675601060788 0.4565412998199463 0
1675601061053 0.44483017921447754 0
1675601061390 0.44806620478630066 0
1675601061657 0.4562801420688629 0
1675601061940 0.45054951310157776 0
1675601062169 0.4535081386566162 0
1675601062433 0.45141714811325073 0
1675601062675 0.45093125104904175 0
1675601062979 0.44469401240348816 0
1675601063209 0.45611053705215454 0
1675601063481 0.44426146149635315 0
1675601063728 0.4482995867729187 0
1675601063915 0.46205079555511475 0
1675601064150 0.44539451599121094 0
1675601064376 0.4541868567466736 0
1675601064593 0.4533620774745941 0
1675601064901 0.44493502378463745 0
1675601065101 0.45990756154060364 0
1675601065352 0.4468419849872589 0
1675601065636 0.44712671637535095 0
1675601065835 0.453317791223526 0
1675601066060 0.44768765568733215 0
1675601066287 0.4472387135028839 0
1675601066489 0.45445406436920166 0
1675601066717 0.4423292875289917 0
1675601066956 0.4421094059944153 0
1675601067157 0.4544319808483124 0
1675601067385 0.45255687832832336 0
1675601067589 0.45481452345848083 0
1675601067824 0.45238807797431946 0
1675601068068 0.4427785575389862 0
1675601069500 0.4476194679737091 0
1675601069735 0.4510968327522278 0
1675601069982 0.44476303458213806 0
1675601070235 0.4509694278240204 0
1675601070488 0.44645455479621887 0
1675601070733 0.44576412439346313 0
1675601070957 0.4492068290710449 0
1675601071178 0.45126309990882874 0
1675601071403 0.4470033049583435 0
1675601071664 0.44683730602264404 0
1675601071896 0.44799038767814636 0
1675601072100 0.45327913761138916 0
1675601072330 0.4439045786857605 0
1675601072598 0.4483741521835327 0
1675601072843 0.45195725560188293 0
1675601073086 0.44261038303375244 0
1675601073325 0.443512886762619 0
1675601073535 0.4530232846736908 0
1675601073754 0.45178303122520447 0
1675601074023 0.44598981738090515 0
1675601074288 0.4442458152770996 0
1675601074505 0.44957658648490906 0
1675601074762 0.4460553824901581 0
1675601075006 0.4547184407711029 0
1675601075262 0.4437260329723358 0
1675601075482 0.45226332545280457 0
1675601075734 0.44093626737594604 0
1675601075975 0.445334255695343 0
1675601076174 0.45675334334373474 0
1675601076422 0.44585224986076355 0
1675601076657 0.4496683180332184 0
1675601076943 0.4415234327316284 0
1675601077179 0.4460481107234955 0
1675601077396 0.45260563492774963 0
1675601077588 0.4593181014060974 0
1675601077812 0.4457431137561798 0
1675601078051 0.44422194361686707 0
1675601078288 0.44122573733329773 0
1675601078517 0.45028769969940186 0
1675601078787 0.4577166736125946 0
1675601079132 0.44384661316871643 0
1675601079496 0.43342503905296326 0
1675601079757 0.4505588114261627 0
1675601080090 0.4347955882549286 0
1675601080351 0.44789567589759827 0
1675601080582 0.44756007194519043 0
1675601080814 0.4492102563381195 0
1675601081081 0.4426416754722595 0
1675601081340 0.4432097375392914 0
1675601081578 0.44904181361198425 0
1675601081841 0.4449172019958496 0
1675601082129 0.4349551796913147 0
1675601082342 0.45057040452957153 0
1675601082601 0.44325175881385803 0
1675601082815 0.45532044768333435 0
1675601083046 0.44816258549690247 0
1675601083278 0.4512470066547394 0
1675601083518 0.4479424059391022 0
1675601083725 0.45436277985572815 0
1675601083929 0.4517569839954376 0
1675601084157 0.4526512324810028 0
1675601084384 0.44908463954925537 0
1675601084634 0.4452469050884247 0
1675601084862 0.44937434792518616 0
1675601085148 0.43709617853164673 0
1675601085425 0.4459105134010315 0
1675601085698 0.44145920872688293 0
1675601085963 0.4448589086532593 0
1675601086197 0.4507695734500885 0
1675601086433 0.4494408369064331 0
1675601086690 0.4459049701690674 0
1675601086922 0.45005446672439575 0
1675601087159 0.44903331995010376 0
1675601087399 0.45113423466682434 0
1675601087647 0.44911429286003113 0
1675601087880 0.45255494117736816 0
1675601088099 0.45554620027542114 0
1675601088326 0.4518418312072754 0
1675601088558 0.44934314489364624 0
1675601088803 0.4468030333518982 0
1675601089053 0.445465624332428 0
1675601089284 0.4463382363319397 0
1675601089503 0.4543192982673645 0
1675601089745 0.4481697082519531 0
1675601089999 0.4451848864555359 0
1675601090231 0.4520227909088135 0
1675601090481 0.4535934031009674 0
1675601090741 0.4490259289741516 0
1675601090997 0.44706931710243225 0
1675601091262 0.447630912065506 0
1675601091542 0.44525110721588135 0
1675601091811 0.4495759606361389 0
1675601092096 0.44504618644714355 0
1675601092339 0.445291668176651 0
1675601092595 0.4454324543476105 0
1675601092858 0.44417718052864075 0
1675601093118 0.44422683119773865 0
1675601093346 0.4491964280605316 0
1675601093566 0.4463610351085663 0
1675601093780 0.4472670555114746 0
1675601093985 0.4511890709400177 0
1675601094216 0.44440168142318726 0
1675601094478 0.43668609857559204 0
1675601094727 0.44101566076278687 0
1675601094928 0.45286983251571655 0
1675601095192 0.4373478591442108 0
1675601095410 0.44867968559265137 0
1675601095659 0.4377364218235016 0
1675601095905 0.43860918283462524 0
1675601096120 0.4479009807109833 0
1675601096336 0.4481123685836792 0
1675601096568 0.4406161606311798 0
1675601096789 0.44826334714889526 0
1675601096982 0.454720675945282 0
1675601097185 0.4532122015953064 0
1675601097426 0.4476236402988434 0
1675601097642 0.4476992189884186 0
1675601097847 0.4495231509208679 0
1675601098034 0.4589422047138214 0
1675601098228 0.4538480341434479 0
1675601098449 0.44805872440338135 0
1675601098674 0.44651147723197937 0
1675601098923 0.4390805661678314 0
1675601099145 0.44422224164009094 0
1675601099408 0.43538782000541687 0
1675601099672 0.44220244884490967 0
1675601099924 0.4485119581222534 0
1675601100149 0.4474530518054962 0
1675601100395 0.44116583466529846 0
1675601100665 0.4392584562301636 0
1675601100892 0.45038866996765137 0
1675601101110 0.45299971103668213 0
1675601101332 0.4503837525844574 0
1675601101566 0.4438944458961487 0
1675601101802 0.44338259100914 0
1675601102044 0.43978220224380493 0
1675601102233 0.4552597105503082 0
1675601102458 0.4444811940193176 0
1675601102714 0.4404488801956177 0
1675601102987 0.44168075919151306 0
1675601103216 0.44531530141830444 0
1675601103474 0.4386833906173706 0
1675601103686 0.44940799474716187 0
1675601103891 0.4504554867744446 0
1675601104117 0.443865031003952 0
1675601104344 0.4419696033000946 0
1675601104550 0.44922277331352234 0
1675601104803 0.4394581615924835 0
1675601105077 0.4360388517379761 0
1675601105310 0.45295554399490356 0
1675601105527 0.44832900166511536 0
1675601105731 0.45037612318992615 0
1675601105936 0.45149803161621094 0
1675601106168 0.4417605996131897 0
1675601106376 0.44858473539352417 0
1675601106579 0.449027955532074 0
1675601106821 0.438642293214798 0
1675601108315 0.44750773906707764 0
1675601108514 0.4549269378185272 0
1675601108731 0.45274537801742554 0
1675601109003 0.4437450170516968 0
1675601109245 0.44893455505371094 0
1675601109499 0.44211244583129883 0
1675601109775 0.43985188007354736 0
1675601110028 0.4390775263309479 0
1675601110382 0.4448758065700531 0
1675601110663 0.44210314750671387 0
1675601110970 0.4473520517349243 0
1675601111267 0.4411698281764984 0
1675601111556 0.4488780200481415 0
1675601111792 0.45501843094825745 0
1675601112055 0.4416233003139496 0
1675601112298 0.4539743959903717 0
1675601112561 0.44577786326408386 0
1675601112906 0.4391372501850128 0
1675601113209 0.4425409436225891 0
1675601113560 0.4341866374015808 0
1675601113883 0.43856924772262573 0
1675601114137 0.44523632526397705 0
1675601114357 0.447714239358902 0
1675601114595 0.44463276863098145 0
1675601114841 0.44353869557380676 0
1675601115081 0.4478128254413605 0
1675601115324 0.4475536048412323 0
1675601115546 0.45137712359428406 0
1675601115780 0.4426122307777405 0
1675601116006 0.4445689916610718 0
1675601116277 0.4419723451137543 0
1675601116525 0.44747546315193176 0
1675601116834 0.43459293246269226 0
1675601117075 0.45478934049606323 0
1675601117375 0.44986915588378906 0
1675601117613 0.45088738203048706 0
1675601117895 0.43742701411247253 0
1675601118129 0.4460960924625397 0
1675601118345 0.4476665258407593 0
1675601118567 0.4487590193748474 0
1675601118835 0.44003796577453613 0
1675601119092 0.45412322878837585 0
1675601119337 0.44493457674980164 0
1675601119580 0.4449135363101959 0
1675601119821 0.4470864236354828 0
1675601120047 0.44888895750045776 0
1675601120267 0.4459884464740753 0
1675601120509 0.44087472558021545 0
1675601120749 0.43994638323783875 0
1675601120976 0.4425632059574127 0
1675601121189 0.4465694725513458 0
1675601121417 0.44992300868034363 0
1675601121677 0.44018638134002686 0
1675601121932 0.4470938444137573 0
1675601122200 0.44669049978256226 0
1675601122457 0.4502220153808594 0
1675601122750 0.44226810336112976 0
1675601123034 0.4451015293598175 0
1675601123290 0.4510456323623657 0
1675601123555 0.4480586647987366 0
1675601123817 0.45099928975105286 0
1675601124140 0.4385630786418915 0
1675601124423 0.4458630681037903 0
1675601124684 0.45050835609436035 0
1675601125004 0.4357421100139618 0
1675601125304 0.440605103969574 0
1675601125558 0.4453628659248352 0
1675601125790 0.4481308162212372 0
1675601126047 0.4501582682132721 0
1675601126275 0.4431019425392151 0
1675601126486 0.4481543302536011 0
1675601126733 0.4443136751651764 0
1675601126986 0.44086751341819763 0
1675601127223 0.44500991702079773 0
1675601127487 0.4374365210533142 0
1675601127728 0.4403510093688965 0
1675601127950 0.4466747045516968 0
1675601128181 0.4425417184829712 0
1675601128406 0.44358912110328674 0
1675601128624 0.44708728790283203 0
1675601128858 0.44142740964889526 0
1675601129162 0.43587666749954224 0
1675601129485 0.4402585029602051 0
1675601129766 0.4453422725200653 0
1675601129988 0.45127227902412415 0
1675601130232 0.44288918375968933 0
1675601130476 0.4511064887046814 0
1675601130695 0.4423358142375946 0
1675601130910 0.44411757588386536 0
1675601131104 0.452155202627182 0
1675601131340 0.44116702675819397 0
1675601131555 0.4460318088531494 0
1675601131778 0.4437083303928375 0
1675601132021 0.43853965401649475 0
1675601132223 0.4471950829029083 0
1675601132421 0.4492030441761017 0
1675601132684 0.43867766857147217 0
1675601132915 0.44673123955726624 0
1675601133143 0.447074830532074 0
1675601133375 0.43983981013298035 0
1675601133591 0.4456963837146759 0
1675601133832 0.43763962388038635 0
1675601134040 0.44903844594955444 0
1675601134269 0.4439578056335449 0
1675601134479 0.44666120409965515 0
1675601134680 0.4512551724910736 0
1675601134891 0.4452037513256073 0
1675601135110 0.44426819682121277 0
1675601135360 0.4426842927932739 0
1675601135582 0.44668617844581604 0
1675601135804 0.4471321403980255 0
1675601136060 0.4425260126590729 0
1675601136276 0.4459858536720276 0
1675601136490 0.4436872601509094 0
1675601136725 0.4416602849960327 0
1675601136974 0.4415554702281952 0
1675601137191 0.44723212718963623 0
1675601137485 0.43719926476478577 0
1675601137717 0.4414290487766266 0
1675601137942 0.4407012164592743 0
1675601138175 0.43919047713279724 0
1675601138403 0.4431731700897217 0
1675601138610 0.4464963674545288 0
1675601138798 0.4552426040172577 0
1675601139049 0.4364789128303528 0
1675601139255 0.44773510098457336 0
1675601139458 0.4517610967159271 0
1675601139696 0.4366990327835083 0
1675601139904 0.44603466987609863 0
1675601140127 0.4444439709186554 0
1675601140338 0.4453916847705841 0
1675601140556 0.4457559585571289 0
1675601140789 0.44057539105415344 0
1675601141000 0.4516255557537079 0
1675601141204 0.4504138231277466 0
1675601141446 0.43414920568466187 0
1675601141646 0.45062947273254395 0
1675601141847 0.4503374695777893 0
1675601142081 0.4409203827381134 0
1675601142318 0.4369266927242279 0
1675601142517 0.44886860251426697 0
1675601142725 0.44666868448257446 0
1675601142971 0.4402070641517639 0
1675601143198 0.4474231004714966 0
1675601143412 0.4454764425754547 0
1675601143656 0.44414058327674866 0
1675601143861 0.4513092041015625 0
1675601144062 0.4513751268386841 0
1675601144261 0.4493854343891144 0
1675601144487 0.4404502213001251 0
1675601144740 0.4444824159145355 0
1675601144985 0.4422056972980499 0
1675601145200 0.44786620140075684 0
1675601145470 0.44711464643478394 0
1675601145722 0.4373224377632141 0
1675601145963 0.4374660551548004 0
1675601146170 0.44790345430374146 0
1675601147641 0.44596368074417114 0
1675601147911 0.4365633428096771 0
1675601148156 0.43867504596710205 0
1675601148369 0.44829198718070984 0
1675601148576 0.44537153840065 0
1675601148818 0.43920615315437317 0
1675601149038 0.4432765245437622 0
1675601149264 0.44240283966064453 0
1675601149456 0.45145145058631897 0
1675601149669 0.44636091589927673 0
1675601149926 0.43125903606414795 0
1675601150123 0.4508775770664215 0
1675601150339 0.444898784160614 0
1675601150571 0.4441944658756256 0
1675601150790 0.4421321749687195 0
1675601151025 0.43983474373817444 0
1675601151253 0.44034600257873535 0
1675601151479 0.4448644518852234 0
1675601151729 0.44340458512306213 0
1675601151937 0.4477262794971466 0
1675601152145 0.4459491968154907 0
1675601152355 0.4460333585739136 0
1675601152591 0.4382442831993103 0
1675601152821 0.4409193992614746 0
1675601153027 0.44719746708869934 0
1675601153238 0.44740062952041626 0
1675601153457 0.44132623076438904 0
1675601153665 0.4487929046154022 0
1675601153883 0.4412160813808441 0
1675601154129 0.4396984279155731 0
1675601154415 0.43282127380371094 0
1675601154641 0.4388413727283478 0
1675601154891 0.4358278810977936 0
1675601155140 0.4363802373409271 0
1675601155396 0.4388294517993927 0
1675601155599 0.4466387927532196 0
1675601155840 0.43646708130836487 0
1675601156043 0.4514808654785156 0
1675601156254 0.44511663913726807 0
1675601156507 0.43655213713645935 0
1675601156724 0.44688165187835693 0
1675601156950 0.4489213526248932 0
1675601157193 0.4476819932460785 0
1675601157438 0.44668611884117126 0
1675601157663 0.44456803798675537 0
1675601157892 0.4414019286632538 0
1675601158106 0.44597458839416504 0
1675601158318 0.44430044293403625 0
1675601158576 0.4369852840900421 0
1675601158797 0.4405711591243744 0
1675601159026 0.4410214126110077 0
1675601159241 0.4454386532306671 0
1675601159471 0.44122549891471863 0
1675601159709 0.4396600127220154 0
1675601159965 0.43915680050849915 0
1675601160213 0.4367179572582245 0
1675601160455 0.4416106343269348 0
1675601160695 0.4387638568878174 0
1675601160911 0.443464994430542 0
1675601161136 0.4445028603076935 0
1675601161381 0.43120187520980835 0
1675601161628 0.4359756410121918 0
1675601161832 0.4508645236492157 0
1675601162068 0.44720104336738586 0
1675601162274 0.44893360137939453 0
1675601162509 0.4369915723800659 0
1675601162742 0.43865111470222473 0
1675601162962 0.4430418312549591 0
1675601163165 0.4469608962535858 0
1675601163361 0.4507366418838501 0
1675601163601 0.4360188841819763 0
1675601163827 0.444662868976593 0
1675601164038 0.44778525829315186 0
1675601164276 0.4384358823299408 0
1675601164497 0.44217249751091003 0
1675601164708 0.4453636705875397 0
1675601164917 0.44332730770111084 0
1675601165114 0.4538455009460449 0
1675601165337 0.4415697157382965 0
1675601165575 0.4355666935443878 0
1675601165803 0.4469035863876343 0
1675601166021 0.4417467713356018 0
1675601166250 0.44061779975891113 0
1675601166451 0.44632279872894287 0
1675601166700 0.43974900245666504 0
1675601166920 0.44318416714668274 0
1675601167154 0.44050851464271545 0
1675601167379 0.45199477672576904 0
1675601167609 0.4440244138240814 0
1675601167849 0.4373862147331238 0
1675601168087 0.4347982406616211 0
1675601168325 0.4357649087905884 0
1675601168567 0.43636903166770935 0
1675601168792 0.43990015983581543 0
1675601168997 0.44613218307495117 0
1675601169237 0.4363243281841278 0
1675601169440 0.44611749053001404 0
1675601169660 0.44028475880622864 0
1675601169871 0.4437648057937622 0
1675601170085 0.4439142942428589 0
1675601170288 0.44540727138519287 0
1675601170499 0.44576889276504517 0
1675601170704 0.4456520974636078 0
1675601170935 0.4384135901927948 0
1675601171158 0.4412621557712555 0
1675601171375 0.4438425600528717 0
1675601171597 0.4402329921722412 0
1675601171822 0.4454737603664398 0
1675601172071 0.43603554368019104 0
1675601172276 0.4472486078739166 0
1675601172493 0.4425581991672516 0
1675601172712 0.4424871802330017 0
1675601172932 0.445307195186615 0
1675601173137 0.4498595595359802 0
1675601173383 0.43636074662208557 0
1675601173607 0.44047150015830994 0
1675601173828 0.44377055764198303 0
1675601174045 0.4458160996437073 0
1675601174252 0.44716325402259827 0
1675601174471 0.43931344151496887 0
1675601174697 0.445092111825943 0
1675601174925 0.4443033039569855 0
1675601175206 0.43018531799316406 0
1675601175445 0.4368056654930115 0
1675601175673 0.4415229856967926 0
1675601175905 0.4405069351196289 0
1675601176104 0.4483482241630554 0
1675601176297 0.45050063729286194 0
1675601176519 0.43953001499176025 0
1675601176725 0.44691118597984314 0
1675601176954 0.43795397877693176 0
1675601177185 0.4418252408504486 0
1675601177436 0.4419846832752228 0
1675601177645 0.4469985365867615 0
1675601177843 0.4479333162307739 0
1675601178084 0.43494847416877747 0
1675601178315 0.44353675842285156 0
1675601178527 0.4468928873538971 0
1675601178731 0.4475685954093933 0
1675601178945 0.44424939155578613 0
1675601179174 0.44398340582847595 0
1675601179398 0.4388302266597748 0
1675601179648 0.438218355178833 0
1675601179874 0.4409567415714264 0
1675601180087 0.44203656911849976 0
1675601180353 0.4381055533885956 0
1675601180652 0.4258435070514679 0
1675601180898 0.43258681893348694 0
1675601181119 0.44081613421440125 0
1675601181375 0.4330626428127289 0
1675601181611 0.435844749212265 0
1675601181811 0.44882848858833313 0
1675601182066 0.4351326823234558 0
1675601182297 0.4423010051250458 0
1675601182495 0.4502098560333252 0
1675601182702 0.4452037513256073 0
1675601182896 0.44926226139068604 0
