1675961307145 0.01748822033405304 0
1675961307345 0.6963571071624756 40
1675961307547 0.6866592407226563 80
1675961307745 0.6757637977600097 120
1675961307945 0.6639902591705322 160
1675961308178 0.650557565689087 200
1675961308392 0.6271728038787842 240
1675961308587 0.6231401443481446 280
1675961308785 0.5996350765228271 320
1675961308988 0.5994266510009766 360
1675961309194 0.618959617614746 400
1675961309385 0.5876872539520264 440
1675961309576 0.6283347606658936 480
1675961309773 0.5966975688934326 520
1675961309976 0.5849602699279786 560
1675961310168 0.6059398174285888 600
1675961310364 0.6033418655395508 640
1675961310566 0.5944181442260742 680
1675961310763 0.6007926940917969 720
1675961310951 0.6076988220214844 760
1675961311158 0.6019392490386963 800
1675961311359 0.6047874927520752 840
1675961311561 0.6118237972259521 880
1675961311749 0.5987488269805908 920
1675961311954 0.6010859966278076 960
1675961312158 0.6058910369873047 1000
1675961312360 0.6086080074310303 1040
1675961312557 0.6040802955627441 1080
1675961312753 0.6004440784454346 1120
1675961312968 0.5661654949188233 1160
1675961313169 0.6011689186096192 1200
1675961313380 0.6137919425964355 1240
1675961313591 0.6119306087493896 1280
1675961313808 0.58446044921875 1320
1675961314017 0.6061190128326416 1360
1675961314249 0.5947831153869629 1400
1675961314458 0.6080390930175781 1440
1675961314660 0.6026864528656006 1480
1675961314863 0.6003204822540283 1520
1675961315067 0.5798315525054931 1560
1675961315257 0.6110525608062745 1600
1675961315454 0.6126271724700928 1640
1675961315631 0.618791913986206 1680
1675961315832 0.6042529106140136 1720
1675961316032 0.6095700263977051 1760
1675961316229 0.6123160362243653 1800
1675961316434 0.597191572189331 1840
1675961316642 0.6127866744995117 1880
1675961316850 0.6021168231964111 1920
1675961317054 0.6163564682006836 1960
1675961317260 0.6082974910736084 2000
1675961317451 0.58506760597229 2040
1675961317661 0.6050771713256836 2080
1675961317867 0.5986407279968262 2120
1675961318069 0.6051672458648681 2160
1675961318284 0.6064314842224121 2200
1675961318512 0.5740823745727539 2240
1675961318722 0.6008558750152588 2280
1675961318919 0.6203781127929687 2320
1675961319129 0.5917109489440918 2360
1675961319336 0.5946432113647461 2400
1675961319536 0.6035375595092773 2440
1675961319745 0.5776622772216797 2480
1675961319944 0.6165707111358643 2520
1675961320154 0.5954639911651611 2560
1675961320367 0.5890062808990478 2600
1675961320576 0.5973245620727539 2640
1675961320784 0.606822395324707 2680
1675961320992 0.6017701148986816 2720
1675961321196 0.5867879867553711 2760
1675961321410 0.5895323276519775 2800
1675961321607 0.6275755882263183 2840
1675961321787 0.6020631313323974 2880
1675961321998 0.5971016407012939 2920
1675961322210 0.596552562713623 2960
1675961322412 0.6104178428649902 3000
1675961322620 0.5924928188323975 3040
1675961322830 0.5785064220428466 3080
1675961323032 0.5926880836486816 3120
1675961323231 0.6040819644927978 3160
1675961323428 0.6092792510986328 3200
1675961323627 0.602016544342041 3240
1675961323832 0.5920182704925537 3280
1675961324031 0.5977863311767578 3320
1675961324233 0.5915324211120605 3360
1675961324431 0.6054108619689942 3400
1675961324634 0.5853766441345215 3440
1675961324836 0.5993469715118408 3480
1675961325034 0.6041331768035889 3520
1675961325215 0.5939908027648926 3560
1675961325387 0.595046091079712 3600
1675961325587 0.6016741752624511 3640
1675961325791 0.6064026832580567 3680
1675961326004 0.5825575828552246 3720
1675961326221 0.5858350276947022 3760
1675961326432 0.612907886505127 3800
1675961326636 0.6075222015380859 3840
1675961326839 0.5899377346038819 3880
1675961327044 0.6181159496307373 3920
1675961327246 0.6075860977172851 3960
1675961327437 0.6029611587524414 4000
1675961327638 0.5972814559936523 4040
1675961327839 0.6123217105865478 4080
1675961328043 0.5859410762786865 4120
1675961328262 0.5792237758636475 4160
1675961328446 0.6125500202178955 4200
1675961328623 0.6007390499114991 4240
1675961328828 0.5857934474945068 4280
1675961329026 0.6031147003173828 4320
1675961329254 0.5901655673980712 4360
1675961329635 0.5923995018005371 4400
1675961330055 0.5861001491546631 4440
1675961330390 0.5992873191833497 4480
1675961330706 0.5849762916564941 4520
1675961330988 0.6283039569854736 4560
1675961331305 0.5899260997772217 4600
1675961331757 0.6044944763183594 4640
1675961332111 0.5825870990753174 4680
1675961332460 0.5963215351104736 4720
1675961332882 0.5902013778686523 4760
1675961333478 0.592543363571167 4800
1675961334010 0.6162407875061036 4840
1675961334432 0.5936916828155517 4880
1675961334853 0.6033871173858643 4920
1675961335208 0.6181849956512451 4960
1675961335517 0.5929598808288574 5000
1675961336064 0.5974249839782715 5040
1675961336374 0.6061399936676025 5080
1675961336876 0.6099789619445801 5120
1675961337225 0.5858995914459229 5160
1675961337619 0.638163423538208 5200
1675961337951 0.5865688323974609 5240
1675961338355 0.6158167839050293 5280
1675961338715 0.6130146503448486 5320
1675961339071 0.6058697700500488 5360
1675961339511 0.5924518585205079 5400
1675961339904 0.6175713539123535 5440
1675961340506 0.6079954147338867 5480
1675961340947 0.5994970798492432 5520
1675961341417 0.6173912525177002 5560
1675961341927 0.585456132888794 5600
1675961342213 0.6073160648345948 5640
1675961342771 0.5881839275360108 5680
1675961343139 0.5917403697967529 5720
1675961343497 0.5887136936187745 5760
1675961343884 0.6059438705444335 5800
1675961344254 0.6179035663604736 5840
1675961344702 0.6122973442077637 5880
1675961345274 0.613094711303711 5920
1675961345619 0.5828980445861817 5960
1675961345982 0.5901689052581787 6000
1675961346349 0.6140140056610107 6040
1675961346698 0.6077890396118164 6080
1675961347152 0.616980504989624 6120
1675961347579 0.6071263313293457 6160
1675961347982 0.6341061115264892 6200
1675961348422 0.5986476421356202 6240
1675961348988 0.5937156677246094 6280
1675961349338 0.6063467025756836 6320
1675961349689 0.5999737739562988 6360
1675961350019 0.612367057800293 6400
1675961350411 0.5977509021759033 6440
1675961350706 0.5958613395690918 6480
1675961351092 0.5968655109405517 6520
1675961351439 0.6343937397003174 6560
1675961351971 0.6070853710174561 6600
1675961352498 0.605536937713623 6640
1675961352800 0.6042267322540283 6680
1675961353270 0.5827064514160156 6720
1675961353632 0.6023808479309082 6760
1675961354016 0.6033752918243408 6800
1675961354426 0.6074116706848145 6840
1675961354865 0.5905226707458496 6880
1675961355312 0.5980660438537597 6920
1675961355654 0.6007822990417481 6960
1675961356012 0.5904120922088623 7000
1675961356403 0.6126142978668213 7040
1675961356838 0.5989484786987305 7080
1675961357176 0.5978799343109131 7120
1675961357484 0.611654806137085 7160
1675961357833 0.5987882137298584 7200
1675961358277 0.6045255661010742 7240
1675961358676 0.5829811096191406 7280
1675961359069 0.6052615165710449 7320
1675961359448 0.6098869800567627 7360
1675961359841 0.6129965305328369 7400
1675961360226 0.6061976909637451 7440
1675961360615 0.5989119052886963 7480
1675961361100 0.5886909008026123 7520
1675961361572 0.5789509773254394 7560
1675961362101 0.6091642379760742 7600
1675961362857 0.5805413722991943 7640
1675961363443 0.6120183944702149 7680
1675961363843 0.5883087158203125 7720
1675961364257 0.6283918380737304 7760
1675961364579 0.6074251651763916 7800
1675961364885 0.6118881225585937 7840
1675961365279 0.5812384605407714 7880
1675961365569 0.5951779842376709 7920
1675961366003 0.5894528865814209 7960
1675961366389 0.6165346145629883 8000
1675961366809 0.58725905418396 8040
1675961367307 0.5888426303863525 8080
1675961367751 0.5943902969360352 8120
1675961368142 0.5952708721160889 8160
1675961368493 0.6196105003356933 8200
1675961368874 0.590319013595581 8240
1675961369247 0.5966145992279053 8280
1675961369677 0.607423973083496 8320
1675961370084 0.607789945602417 8360
1675961370524 0.6007768154144287 8400
1675961370953 0.5981350421905518 8440
1675961371384 0.6029765605926514 8480
1675961371715 0.6105020999908447 8520
1675961372031 0.6035004615783691 8560
1675961372386 0.5902303695678711 8600
1675961372753 0.6126067161560058 8640
1675961373131 0.5985032558441162 8680
1675961373477 0.6050337314605713 8720
1675961373912 0.5924978256225586 8760
1675961374245 0.6038110733032227 8800
1675961374769 0.6071887493133545 8840
1675961375411 0.5938738822937012 8880
1675961376081 0.6194531917572021 8920
1675961376891 0.5890698909759522 8960
1675961377330 0.6123865127563477 9000
1675961377752 0.5992228031158447 9040
1675961378189 0.6008795261383056 9080
1675961378800 0.6064824104309082 9120
1675961379198 0.5949244022369384 9160
1675961379523 0.600657606124878 9200
1675961379878 0.5966114521026611 9240
1675961380330 0.623545789718628 9280
1675961380732 0.6144979953765869 9320
1675961381051 0.6104112148284913 9360
1675961381393 0.5897326946258545 9400
1675961381747 0.6062268257141114 9440
1675961382112 0.6072295188903809 9480
1675961382524 0.5767355918884277 9520
1675961383398 0.5912099361419678 9560
1675961383707 0.589281415939331 9600
1675961384042 0.599205493927002 9640
1675961384312 0.614815092086792 9680
1675961384627 0.6079740524291992 9720
1675961384920 0.6165306568145752 9760
1675961385230 0.5928036212921143 9800
1675961385551 0.5926063537597657 9840
1675961385849 0.6094151973724365 9880
1675961386128 0.6213473320007324 9920
1675961386435 0.6049159526824951 9960
1675961386829 0.6045408248901367 10000
1675961387144 0.6126331806182861 10040
1675961388977 0.5547659873962403 10080
1675961389314 0.5855985641479492 10120
1675961389605 0.5945746421813964 10160
1675961389915 0.5949481010437012 10200
1675961390218 0.5994255542755127 10240
1675961390523 0.5735157489776611 10280
1675961390807 0.6108378887176513 10320
1675961391081 0.5880441665649414 10360
1675961391469 0.5982937812805176 10400
1675961391787 0.5971190452575683 10440
1675961392082 0.5885657787322998 10480
1675961392375 0.6125515937805176 10520
1675961392815 0.6047277450561523 10560
1675961393547 0.5697658061981201 10600
1675961394056 0.6076953887939454 10640
1675961394340 0.5995765209197998 10680
1675961394653 0.578424072265625 10720
1675961394954 0.5959388256072998 10760
1675961395215 0.6065709114074707 10800
1675961395497 0.5959999561309814 10840
1675961395789 0.612076711654663 10880
1675961396061 0.6171777248382568 10920
1675961396343 0.5982655048370361 10960
1675961396602 0.5905261039733887 11000
1675961396870 0.6106138229370117 11040
1675961397155 0.5954803466796875 11080
1675961397438 0.6125600814819336 11120
1675961397818 0.595793628692627 11160
1675961398113 0.5795522212982178 11200
1675961398378 0.588383674621582 11240
1675961398646 0.6166487216949463 11280
1675961398915 0.6060039043426514 11320
1675961399199 0.5863841056823731 11360
1675961399468 0.6042786598205566 11400
1675961399751 0.5962605476379395 11440
1675961400024 0.6072792530059814 11480
1675961400298 0.5985031604766846 11520
1675961400583 0.5996405124664307 11560
1675961400888 0.5838638305664062 11600
1675961401177 0.6004621505737304 11640
1675961401458 0.6164238452911377 11680
1675961401712 0.6161150455474853 11720
1675961402004 0.6035048961639404 11760
1675961402267 0.6088397026062011 11800
1675961402515 0.6118907928466797 11840
1675961402793 0.6027597904205322 11880
1675961403100 0.6121909618377686 11920
1675961403363 0.6036206722259522 11960
1675961403625 0.6089593410491944 12000
1675961403921 0.6151134490966796 12040
1675961404283 0.5830518722534179 12080
1675961404568 0.6061338424682617 12120
1675961404850 0.5936882972717286 12160
1675961405105 0.5986429691314697 12200
1675961405452 0.6122347354888916 12240
1675961405790 0.5752861499786377 12280
1675961406181 0.59979248046875 12320
1675961406466 0.6066105842590332 12360
1675961406776 0.6022476196289063 12400
1675961407047 0.5942273139953613 12440
1675961407323 0.6161170482635498 12480
1675961407729 0.5791683197021484 12520
1675961408422 0.6148207187652588 12560
1675961408741 0.5874769210815429 12600
1675961409063 0.5827083110809326 12640
1675961409339 0.607397985458374 12680
1675961409617 0.5982107639312744 12720
1675961409895 0.611442232131958 12760
1675961410142 0.5907565116882324 12800
1675961410427 0.5864839076995849 12840
1675961410692 0.6200264453887939 12880
1675961411036 0.6071925163269043 12920
1675961411316 0.5911609649658203 12960
1675961411589 0.597179651260376 13000
1675961411848 0.6086269378662109 13040
1675961412181 0.59676194190979 13080
1675961412482 0.5792230606079102 13120
1675961412862 0.5851408958435058 13160
1675961413188 0.6003834247589112 13200
1675961413510 0.6054827213287354 13240
1675961413797 0.5977606296539306 13280
1675961414117 0.5940253734588623 13320
1675961414384 0.5978394985198975 13360
1675961414663 0.5870589256286621 13400
1675961414941 0.6040890216827393 13440
1675961415194 0.5877485752105713 13480
1675961415473 0.5960681915283204 13520
1675961415875 0.6051973819732666 13560
1675961416162 0.592396593093872 13600
1675961416428 0.5999655246734619 13640
1675961416742 0.6032788753509521 13680
1675961417086 0.6007836341857911 13720
1675961417376 0.5937635898590088 13760
1675961417673 0.5772208213806153 13800
1675961417930 0.6092316150665283 13840
1675961418231 0.6077539920806885 13880
1675961418606 0.5924328804016114 13920
1675961418893 0.6118995666503906 13960
1675961419194 0.6120811462402344 14000
1675961419462 0.6052553653717041 14040
1675961419732 0.5957863330841064 14080
1675961420040 0.6071497440338135 14120
1675961420347 0.5955197811126709 14160
1675961420666 0.5702742576599121 14200
1675961420972 0.6087115287780762 14240
1675961421248 0.6024073600769043 14280
1675961421559 0.5848433971405029 14320
1675961421861 0.6120435714721679 14360
1675961422164 0.5823370933532714 14400
1675961422497 0.5955524921417237 14440
1675961422986 0.5791047573089599 14480
1675961423508 0.6098146915435791 14520
1675961424046 0.5727041721343994 14560
1675961424361 0.6231306076049805 14600
1675961424655 0.6003684520721435 14640
1675961424941 0.6060445785522461 14680
1675961425249 0.5786744117736816 14720
1675961425540 0.595618724822998 14760
1675961425844 0.5854461193084717 14800
1675961426152 0.5932094097137451 14840
1675961426442 0.6089251518249512 14880
1675961426737 0.5981630325317383 14920
1675961427041 0.5916075706481934 14960
1675961427326 0.6274150371551513 15000
1675961427625 0.595109224319458 15040
1675961427935 0.5865582942962646 15080
1675961428260 0.6062347888946533 15120
1675961428594 0.6223300457000732 15160
1675961428879 0.5835411548614502 15200
1675961429141 0.6260956764221192 15240
1675961429471 0.5970853805541992 15280
1675961429759 0.6109870910644531 15320
1675961430067 0.6136823654174804 15360
1675961430517 0.6087882041931152 15400
1675961430834 0.5909564018249511 15440
1675961431084 0.6113325595855713 15480
1675961431345 0.6112253665924072 15520
1675961431619 0.6066147327423096 15560
1675961431890 0.6115948677062988 15600
1675961432164 0.5966044902801514 15640
1675961432444 0.6002800464630127 15680
1675961432768 0.5898640632629395 15720
1675961433058 0.5931944847106934 15760
1675961433391 0.5890353202819825 15800
1675961433702 0.6020264625549316 15840
1675961433983 0.62039794921875 15880
1675961434336 0.6138995170593262 15920
1675961434653 0.6042246341705322 15960
1675961434929 0.5923163414001464 16000
1675961435231 0.5894505023956299 16040
1675961435492 0.6109792709350585 16080
1675961435841 0.6070347785949707 16120
1675961436213 0.6141243934631347 16160
1675961436471 0.612377119064331 16200
1675961436709 0.6261781215667724 16240
1675961436941 0.6009608268737793 16280
1675961437174 0.5934437274932861 16320
1675961437414 0.6126150608062744 16360
1675961438303 0.5918280601501464 16400
1675961438847 0.6172270774841309 16440
1675961439131 0.5964402198791504 16480
1675961439406 0.5976972103118896 16520
1675961439685 0.5973498821258545 16560
1675961439953 0.622836685180664 16600
1675961440235 0.6153816223144531 16640
1675961440523 0.6052674770355224 16680
1675961440814 0.6038902759552002 16720
1675961441100 0.5828978538513183 16760
1675961441408 0.6006895542144776 16800
1675961441674 0.5991590023040771 16840
1675961441971 0.611392593383789 16880
1675961442269 0.5875886917114258 16920
1675961442578 0.596684741973877 16960
1675961442943 0.6023489952087402 17000
1675961443227 0.589877700805664 17040
1675961443491 0.6162083625793457 17080
1675961443781 0.5970852375030518 17120
1675961444113 0.5973753452301025 17160
1675961444423 0.6098342418670655 17200
1675961444709 0.6073116302490235 17240
1675961444995 0.6059776306152344 17280
1675961445282 0.5895646095275879 17320
1675961445572 0.583121919631958 17360
1675961445840 0.6142758369445801 17400
1675961446106 0.612239408493042 17440
1675961446489 0.6073617458343505 17480
1675961446752 0.602238655090332 17520
1675961447053 0.59286470413208 17560
1675961447340 0.5750291824340821 17600
1675961447647 0.6069062232971192 17640
1675961447947 0.5830917835235596 17680
1675961448367 0.6054599761962891 17720
1675961448646 0.5841957092285156 17760
1675961448931 0.6261323928833008 17800
1675961449238 0.6029501914978027 17840
1675961449508 0.6187624454498291 17880
1675961449777 0.5954536437988281 17920
1675961450058 0.5839249610900878 17960
1675961450333 0.585819673538208 18000
1675961450621 0.6202696323394775 18040
1675961450913 0.5857318878173828 18080
1675961451216 0.5798821449279785 18120
1675961451510 0.5940341949462891 18160
1675961451813 0.599195146560669 18200
1675961452065 0.6243934154510498 18240
1675961452388 0.5889962673187256 18280
1675961452716 0.5969284534454345 18320
1675961453117 0.601485300064087 18360
1675961453404 0.613232421875 18400
1675961453883 0.594753646850586 18440
1675961454229 0.5961650848388672 18480
1675961454539 0.609010887145996 18520
1675961454844 0.60574369430542 18560
1675961455130 0.6047420501708984 18600
1675961455426 0.5847176551818848 18640
1675961455714 0.6152787685394288 18680
1675961456004 0.6009858608245849 18720
1675961456315 0.608700180053711 18760
1675961456672 0.5901092052459717 18800
1675961456990 0.5999306678771973 18840
1675961457387 0.611568832397461 18880
1675961457678 0.5906136512756348 18920
1675961457958 0.6192142963409424 18960
1675961458295 0.5922286510467529 19000
1675961458649 0.608975887298584 19040
1675961458972 0.6018640041351319 19080
1675961459243 0.6035972595214844 19120
1675961459581 0.5970363140106201 19160
1675961459878 0.5961511611938477 19200
1675961460189 0.5974654674530029 19240
1675961460451 0.6003939151763916 19280
1675961460711 0.6221888542175293 19320
1675961460994 0.6104240417480469 19360
1675961461266 0.6179859161376953 19400
1675961461585 0.5893573760986328 19440
1675961461901 0.6116634368896484 19480
1675961462174 0.5995779037475586 19520
1675961462468 0.5792521953582763 19560
1675961462748 0.593010663986206 19600
1675961463017 0.5840979099273682 19640
1675961463355 0.6010388374328614 19680
1675961463633 0.6147541522979736 19720
1675961463946 0.6114052772521973 19760
1675961464260 0.6134570121765137 19800
1675961464600 0.5927618503570556 19840
1675961464944 0.593577527999878 19880
1675961465285 0.6167033672332763 19920
1675961465626 0.6131278514862061 19960
1675961465907 0.6027954578399658 20000
1675961466194 0.6121245384216308 20040
1675961466466 0.606966495513916 20080
1675961468823 0.47447633743286133 20120
1675961469110 0.5897150993347168 20160
1675961469416 0.5921991348266602 20200
1675961469740 0.5924842834472657 20240
1675961470059 0.6020562648773193 20280
1675961470466 0.5722418308258057 20320
1675961470757 0.602927827835083 20360
1675961471176 0.5957304477691651 20400
1675961471464 0.6023523807525635 20440
1675961471768 0.5830036163330078 20480
1675961472143 0.5987564086914062 20520
1675961472486 0.5994132041931153 20560
1675961472810 0.6107755661010742 20600
1675961473105 0.57595796585083 20640
1675961473371 0.6043183326721191 20680
1675961473668 0.5923230171203613 20720
1675961473967 0.5847280502319336 20760
1675961474272 0.5944772243499756 20800
1675961474572 0.599171781539917 20840
1675961474848 0.605808162689209 20880
1675961475242 0.5987895488739013 20920
1675961475573 0.6255801677703857 20960
1675961475936 0.5905609130859375 21000
1675961476358 0.6003937244415283 21040
1675961476647 0.6054763317108154 21080
1675961476968 0.590366268157959 21120
1675961477323 0.6217982769012451 21160
1675961477628 0.6017825126647949 21200
1675961477969 0.5866721630096435 21240
1675961478331 0.5764576911926269 21280
1675961478631 0.6208531856536865 21320
1675961478915 0.5991689205169678 21360
1675961479208 0.5922864437103271 21400
1675961479480 0.6019670486450195 21440
1675961479784 0.5955644607543945 21480
1675961480137 0.6058441162109375 21520
1675961480427 0.5998238086700439 21560
1675961480750 0.602860403060913 21600
1675961481038 0.5819606781005859 21640
1675961481352 0.5914530754089355 21680
1675961481645 0.6262133598327637 21720
1675961481922 0.60702543258667 21760
1675961482223 0.6098737716674805 21800
1675961482584 0.6069635391235352 21840
1675961483349 0.6167807579040527 21880
1675961483894 0.6032927513122559 21920
1675961484198 0.6023411750793457 21960
1675961484478 0.6082504272460938 22000
1675961484761 0.6090564727783203 22040
1675961485040 0.6232409477233887 22080
1675961485393 0.5836812019348144 22120
1675961485695 0.6018074989318848 22160
1675961486036 0.5913383483886718 22200
1675961486376 0.6049101829528809 22240
1675961486665 0.6099866390228271 22280
1675961486988 0.576691722869873 22320
1675961487289 0.602483606338501 22360
1675961487599 0.5980138778686523 22400
1675961487901 0.6124380588531494 22440
1675961488310 0.5841770648956299 22480
1675961488656 0.6168599605560303 22520
1675961488946 0.5817017078399658 22560
1675961489305 0.6052383422851563 22600
1675961489579 0.6023604869842529 22640
1675961489901 0.5735333919525146 22680
1675961490193 0.6145140171051026 22720
1675961490510 0.5931617736816406 22760
1675961490800 0.6043663024902344 22800
1675961491077 0.5956233978271485 22840
1675961491390 0.5848290920257568 22880
1675961491670 0.6126078128814697 22920
1675961491987 0.6146400451660157 22960
1675961492306 0.588532543182373 23000
1675961492680 0.6009062767028809 23040
1675961492963 0.6028717041015625 23080
1675961493254 0.602167272567749 23120
1675961493575 0.5796299457550049 23160
1675961493869 0.5870604038238525 23200
1675961494168 0.5947911262512207 23240
1675961494476 0.6075902462005616 23280
1675961494751 0.5995687007904053 23320
1675961495038 0.5897590160369873 23360
1675961495330 0.6034908294677734 23400
1675961495624 0.589042854309082 23440
1675961495904 0.6027014255523682 23480
1675961496219 0.5893013000488281 23520
1675961496578 0.5973505496978759 23560
1675961496924 0.5930192947387696 23600
1675961497274 0.5904308319091797 23640
1675961497885 0.6116160392761231 23680
1675961498470 0.6022192001342773 23720
1675961499063 0.5932014942169189 23760
1675961499377 0.6074480533599853 23800
1675961499707 0.5754026889801025 23840
1675961500023 0.5949968338012696 23880
1675961500395 0.6133535861968994 23920
1675961500713 0.5964710235595703 23960
1675961501007 0.6108141899108886 24000
1675961501319 0.6128456115722656 24040
1675961501614 0.6007447719573975 24080
1675961501895 0.5948459148406983 24120
1675961502183 0.6067049026489257 24160
1675961502475 0.6018180847167969 24200
1675961502869 0.572218942642212 24240
1675961503222 0.5981400966644287 24280
1675961503557 0.6112689018249512 24320
1675961503888 0.5876905441284179 24360
1675961504178 0.6035708904266357 24400
1675961504498 0.5886222839355468 24440
1675961504801 0.5980405807495117 24480
1675961505095 0.5757184028625488 24520
1675961505367 0.6089188098907471 24560
1675961505655 0.5765637397766114 24600
1675961505932 0.6188894748687744 24640
1675961506208 0.6008935928344726 24680
1675961506541 0.6049622535705567 24720
1675961506832 0.572509765625 24760
1675961507146 0.5992581844329834 24800
1675961507446 0.5788695812225342 24840
1675961507741 0.5960378646850586 24880
1675961508081 0.6031566143035889 24920
1675961508374 0.612567949295044 24960
1675961508688 0.5834825038909912 25000
1675961508977 0.6196458339691162 25040
1675961509330 0.6025264263153076 25080
1675961509634 0.5917276382446289 25120
1675961509920 0.6010420322418213 25160
1675961510211 0.6240506649017334 25200
1675961510511 0.5937743663787842 25240
1675961510849 0.6166577339172363 25280
1675961511208 0.5936084270477295 25320
1675961511521 0.6116744995117187 25360
1675961511794 0.6128995418548584 25400
1675961512093 0.6083025455474853 25440
1675961512403 0.5888262271881104 25480
1675961512778 0.6082928657531739 25520
1675961513129 0.6130319118499756 25560
1675961513599 0.6035039901733399 25600
1675961513958 0.6165434837341308 25640
1675961514265 0.5987623691558838 25680
1675961514555 0.591265058517456 25720
1675961514837 0.5983906269073487 25760
1675961515119 0.5922523975372315 25800
1675961515452 0.5930453777313233 25840
1675961515788 0.5891244411468506 25880
1675961516098 0.6281949996948242 25920
1675961516409 0.6145631313323975 25960
1675961516687 0.6015414714813232 26000
1675961516977 0.5953320503234864 26040
1675961517384 0.5845489501953125 26080
1675961517681 0.608774471282959 26120
1675961518018 0.6150526523590087 26160
1675961518391 0.6146215438842774 26200
1675961518716 0.6058416366577148 26240
1675961519000 0.6216666221618652 26280
1675961519322 0.6143607139587403 26320
1675961519640 0.5885273933410644 26360
1675961519969 0.6055222988128662 26400
1675961520240 0.5942898273468018 26440
1675961520518 0.6146236419677734 26480
1675961520803 0.603827428817749 26520
1675961521085 0.5877387046813964 26560
1675961521367 0.6031552314758301 26600
1675961521681 0.6219144821166992 26640
1675961521985 0.6141985893249512 26680
1675961522285 0.6085453510284424 26720
1675961522585 0.6084718227386474 26760
1675961522898 0.5797714710235595 26800
1675961523211 0.595021104812622 26840
1675961523509 0.6042702674865723 26880
1675961523800 0.6120516777038574 26920
1675961524114 0.5877244949340821 26960
1675961524425 0.6017738342285156 27000
1675961524709 0.5935370922088623 27040
1675961525043 0.5939198017120362 27080
1675961525368 0.6109429836273194 27120
1675961525673 0.6059957504272461 27160
1675961525975 0.5943066596984863 27200
1675961526290 0.6049701690673828 27240
1675961526594 0.6095271587371827 27280
1675961526880 0.6080575466156006 27320
1675961527162 0.5875704288482666 27360
1675961527571 0.5782476425170898 27400
1675961528462 0.6226449012756348 27440
1675961528907 0.6016804218292237 27480
1675961529215 0.6132914066314697 27520
1675961529494 0.6059498310089111 27560
1675961529782 0.592678165435791 27600
1675961530096 0.5822378635406494 27640
1675961530388 0.6001491069793701 27680
1675961530685 0.5788382530212403 27720
1675961530967 0.6067698955535888 27760
1675961531280 0.5927773475646972 27800
1675961531598 0.6241576194763183 27840
1675961531899 0.6027144432067871 27880
1675961532173 0.619345760345459 27920
1675961532452 0.595984411239624 27960
1675961532734 0.5899574756622314 28000
1675961533036 0.5806773662567138 28040
1675961533334 0.6091036796569824 28080
1675961533628 0.5936938762664795 28120
1675961533893 0.5865851879119873 28160
1675961534171 0.593922472000122 28200
1675961534450 0.5971879005432129 28240
1675961534711 0.6172636985778809 28280
1675961535017 0.5891691207885742 28320
1675961535280 0.5961431980133056 28360
1675961535633 0.6091318130493164 28400
1675961535899 0.6040449142456055 28440
1675961536181 0.5998964786529541 28480
1675961536486 0.5886632919311523 28520
1675961536766 0.6063976287841797 28560
1675961537033 0.6059662342071533 28600
1675961537330 0.6132787227630615 28640
1675961537641 0.5897783279418946 28680
1675961537973 0.6022072315216065 28720
1675961538310 0.6101552963256835 28760
1675961538641 0.6029004573822021 28800
1675961538936 0.5956361293792725 28840
1675961539248 0.5955914974212646 28880
1675961539549 0.6052316665649414 28920
1675961539934 0.5921235084533691 28960
1675961540216 0.6264468193054199 29000
1675961540512 0.5927648067474365 29040
1675961540798 0.6008408069610596 29080
1675961541078 0.6150643348693847 29120
1675961541393 0.5897070407867432 29160
1675961541674 0.6043635845184326 29200
1675961542004 0.5998378753662109 29240
1675961542298 0.5978527545928956 29280
1675961542618 0.5982371807098389 29320
1675961543082 0.6181433200836182 29360
1675961543622 0.6195898056030273 29400
1675961544178 0.6117982864379883 29440
1675961544480 0.5863202571868896 29480
1675961544754 0.6094770908355713 29520
1675961545032 0.6014106750488282 29560
1675961545323 0.5914218425750732 29600
1675961545641 0.5817850589752197 29640
1675961545923 0.5959804058074951 29680
1675961546241 0.5924298763275146 29720
1675961546529 0.6089223861694336 29760
1675961546795 0.6126111030578614 29800
1675961547070 0.6143719673156738 29840
1675961547359 0.6014753818511963 29880
1675961547664 0.5859946727752685 29920
1675961547976 0.6156592845916748 29960
1675961548366 0.6144842147827149 30000
1675961548664 0.5942578792572022 30040
1675961548947 0.6175569534301758 30080
1675961549232 0.6112056255340577 30120
1675961550880 0.3959416151046753 30160
1675961551152 0.594376802444458 30200
1675961551454 0.5920244216918945 30240
1675961551735 0.584820556640625 30280
1675961552035 0.6053731918334961 30320
1675961552329 0.5761674404144287 30360
1675961552654 0.5994075298309326 30400
1675961552941 0.599949836730957 30440
1675961553222 0.6045371055603027 30480
1675961553517 0.5849150657653809 30520
1675961553811 0.5946823120117187 30560
1675961554123 0.5946457862854004 30600
1675961554393 0.6171142101287842 30640
1675961554669 0.5773047924041748 30680
1675961554942 0.5981403350830078 30720
1675961555225 0.5965774059295654 30760
1675961555507 0.5845678329467774 30800
1675961555784 0.6018395900726319 30840
1675961556072 0.5933490753173828 30880
1675961556368 0.6019496440887451 30920
1675961556664 0.5922463893890381 30960
1675961556941 0.6264114379882812 31000
1675961557245 0.5942392349243164 31040
1675961557547 0.5991239070892334 31080
1675961557914 0.6063967704772949 31120
1675961558539 0.5944918632507324 31160
1675961558847 0.6198261260986329 31200
1675961559112 0.596513319015503 31240
1675961559418 0.5909993648529053 31280
1675961559735 0.5731610774993896 31320
1675961560077 0.6156409740447998 31360
1675961560391 0.6025300025939941 31400
1675961560677 0.6022446632385254 31440
1675961560969 0.5988829135894775 31480
1675961561264 0.5962968826293945 31520
1675961561528 0.5995665550231933 31560
1675961561812 0.6092025756835937 31600
1675961562090 0.6045103073120117 31640
1675961562461 0.5786635398864746 31680
1675961562775 0.5887328147888183 31720
1675961563027 0.6250260353088379 31760
1675961563304 0.6067821979522705 31800
1675961563580 0.6108883857727051 31840
1675961563856 0.6093818664550781 31880
1675961564118 0.615154218673706 31920
1675961564405 0.5960357666015625 31960
1675961564678 0.605127477645874 32000
1675961564937 0.6134868621826172 32040
1675961565205 0.6034379482269288 32080
1675961565478 0.6240588665008545 32120
1675961565753 0.5912132263183594 32160
1675961566043 0.6022471904754638 32200
1675961566342 0.5884259223937989 32240
1675961566669 0.6092294216156006 32280
1675961566938 0.6041106224060059 32320
1675961567225 0.5888906955718994 32360
1675961567511 0.592606782913208 32400
1675961567782 0.6021275043487548 32440
1675961568094 0.603265905380249 32480
1675961568455 0.5951737403869629 32520
1675961568743 0.612944507598877 32560
1675961569046 0.5852625846862793 32600
1675961569409 0.5973011970520019 32640
1675961569686 0.607054615020752 32680
1675961569983 0.5790501117706299 32720
1675961570265 0.6038204193115234 32760
1675961570579 0.5898401737213135 32800
1675961570846 0.6152952671051025 32840
1675961571131 0.5954011917114258 32880
1675961571435 0.5797788619995117 32920
1675961571706 0.610896635055542 32960
1675961571979 0.6216130256652832 33000
1675961572305 0.5924347877502442 33040
1675961572675 0.5892027854919434 33080
1675961573177 0.6086957931518555 33120
1675961573654 0.5947940826416016 33160
1675961573999 0.5845603466033935 33200
1675961574314 0.585771131515503 33240
1675961574610 0.5883825302124024 33280
1675961574908 0.6141605377197266 33320
1675961575175 0.600588607788086 33360
1675961575473 0.5856880187988281 33400
1675961575738 0.6104142665863037 33440
1675961576065 0.5854955196380616 33480
1675961576346 0.5993184089660645 33520
1675961576651 0.5978524684906006 33560
1675961576925 0.5907874584197998 33600
1675961577217 0.5976182460784912 33640
1675961577500 0.5867404937744141 33680
1675961577762 0.6145751953125 33720
1675961578057 0.5991673469543457 33760
1675961578413 0.5980994701385498 33800
1675961578694 0.605919075012207 33840
1675961578965 0.5786612033843994 33880
1675961579253 0.5882871627807618 33920
1675961579517 0.6128445625305176 33960
1675961579781 0.5946232795715332 34000
1675961580055 0.6149177074432373 34040
1675961580345 0.6084853649139405 34080
1675961580607 0.6036861419677735 34120
1675961580865 0.5904594898223877 34160
1675961581135 0.6041566848754882 34200
1675961581413 0.6050490379333496 34240
1675961581719 0.5815161228179931 34280
1675961581999 0.5906136989593506 34320
1675961582283 0.6068516731262207 34360
1675961582545 0.5963750839233398 34400
1675961582834 0.5959888458251953 34440
1675961583128 0.6002042293548584 34480
1675961583406 0.5937222957611084 34520
1675961583702 0.5760114192962646 34560
1675961584034 0.6015669345855713 34600
1675961584347 0.5801106929779053 34640
1675961584655 0.620654296875 34680
1675961585020 0.5983253479003906 34720
1675961585349 0.6079184532165527 34760
1675961585638 0.5811481475830078 34800
1675961585914 0.6005303859710693 34840
1675961586206 0.5616470336914062 34880
1675961586492 0.6032153129577636 34920
1675961586771 0.6025382995605468 34960
1675961587031 0.6113779067993164 35000
1675961587331 0.5748700141906739 35040
1675961587648 0.6239394187927246 35080
1675961588118 0.6008879661560058 35120
1675961588626 0.5977173328399659 35160
1675961589067 0.6026061534881592 35200
1675961589346 0.6175715923309326 35240
1675961589633 0.5955078601837158 35280
1675961589934 0.6183606147766113 35320
1675961590228 0.6003663063049316 35360
1675961590503 0.606503963470459 35400
1675961590770 0.6143967151641846 35440
1675961591038 0.613822603225708 35480
1675961591337 0.5893356800079346 35520
1675961591616 0.6054802894592285 35560
1675961591892 0.6093737602233886 35600
1675961592155 0.607159948348999 35640
1675961592459 0.6105862140655518 35680
1675961592766 0.6006073951721191 35720
1675961593063 0.5945324420928955 35760
1675961593405 0.605867576599121 35800
1675961593744 0.5948742866516114 35840
1675961594069 0.5901520729064942 35880
1675961594404 0.5839293956756592 35920
1675961594682 0.6255539894104004 35960
1675961594956 0.6152523040771485 36000
1675961595359 0.6045755386352539 36040
1675961595652 0.6035868644714355 36080
1675961596049 0.5759130954742432 36120
1675961596369 0.6106822490692139 36160
1675961596888 0.608353853225708 36200
1675961597228 0.6129710674285889 36240
1675961597537 0.6103405475616455 36280
1675961597860 0.6192705154418945 36320
1675961598165 0.6185497283935547 36360
1675961598453 0.5936696052551269 36400
1675961598800 0.599730110168457 36440
1675961599103 0.5983397960662842 36480
1675961599396 0.6084628105163574 36520
1675961599721 0.6041444778442383 36560
1675961600108 0.5923097133636475 36600
1675961600438 0.5953564167022705 36640
1675961600716 0.6205883026123047 36680
1675961600984 0.6234593391418457 36720
1675961601262 0.6012836933135987 36760
1675961601556 0.6081451892852783 36800
1675961601829 0.5863029003143311 36840
1675961602097 0.584648323059082 36880
1675961602385 0.6151055335998535 36920
1675961602725 0.6046580791473388 36960
1675961603221 0.5899777412414551 37000
1675961603744 0.6031094074249268 37040
1675961604087 0.5934560775756836 37080
1675961604376 0.5926623344421387 37120
1675961604656 0.6049811840057373 37160
1675961604931 0.6041644096374512 37200
1675961605202 0.5983147621154785 37240
1675961605515 0.6038471698760987 37280
1675961605786 0.6123455047607422 37320
1675961606046 0.6018658638000488 37360
1675961606332 0.5915205001831054 37400
1675961606691 0.575694465637207 37440
1675961607056 0.61776762008667 37480
1675961607382 0.6065773487091064 37520
1675961607670 0.6061507225036621 37560
1675961607954 0.617576265335083 37600
1675961608376 0.5918750762939453 37640
1675961608686 0.5797060489654541 37680
1675961608956 0.5911894321441651 37720
1675961609239 0.5889567852020263 37760
1675961609513 0.594903039932251 37800
1675961609812 0.5984755516052246 37840
1675961610120 0.6145889282226562 37880
1675961610439 0.6137997150421143 37920
1675961610775 0.6121793746948242 37960
1675961611108 0.5976572513580323 38000
1675961611457 0.5903828144073486 38040
1675961611733 0.578894567489624 38080
1675961612028 0.6056243419647217 38120
1675961612312 0.5965896606445312 38160
1675961612624 0.591333532333374 38200
1675961612928 0.5833599090576171 38240
1675961613207 0.6055830001831055 38280
1675961613500 0.6116985321044922 38320
1675961613802 0.5935779094696045 38360
1675961614094 0.5990174770355224 38400
1675961614399 0.6066993713378906 38440
1675961614702 0.6101553916931153 38480
1675961614987 0.5980804443359375 38520
1675961615282 0.5869338989257813 38560
1675961615585 0.6060245037078857 38600
1675961615892 0.6101606369018555 38640
1675961616161 0.6047369956970214 38680
1675961616455 0.5951653480529785 38720
1675961616720 0.6036510944366456 38760
1675961616990 0.6060338020324707 38800
1675961617262 0.6098906517028808 38840
1675961617588 0.597345495223999 38880
1675961618037 0.5927219867706299 38920
1675961618587 0.6111398696899414 38960
1675961619134 0.5823238849639892 39000
1675961619415 0.6288196086883545 39040
1675961619710 0.5912340641021728 39080
1675961620104 0.604326868057251 39120
1675961620415 0.6073506832122803 39160
1675961620712 0.5980915069580078 39200
1675961620999 0.5994303703308106 39240
1675961621296 0.6007374286651611 39280
1675961621692 0.6038704872131347 39320
1675961622056 0.589977216720581 39360
1675961622343 0.6142255306243897 39400
1675961622626 0.6239215850830078 39440
1675961622941 0.6040817260742187 39480
1675961623346 0.5971256732940674 39520
1675961623768 0.6006392478942871 39560
1675961624248 0.6039970397949219 39600
1675961624581 0.5934318542480469 39640
1675961624992 0.5802417755126953 39680
1675961625395 0.592383623123169 39720
1675961625689 0.5958887100219726 39760
1675961626001 0.6067885875701904 39800
1675961626270 0.6155412673950196 39840
1675961626593 0.616167402267456 39880
1675961626880 0.59658203125 39920
1675961627180 0.5957575798034668 39960
1675961627485 0.6069759368896485 40000
1675961627797 0.6174242496490479 40040
1675961628138 0.6001479625701904 40080
1675961628480 0.6111183166503906 40120
1675961628791 0.616166353225708 40160
1675961630488 0.32519378662109377 40200
1675961630793 0.5922216892242431 40240
1675961631066 0.5995169162750245 40280
1675961631404 0.5850793361663819 40320
1675961631732 0.602353286743164 40360
1675961632049 0.5837591171264649 40400
1675961632384 0.589169979095459 40440
1675961632809 0.6031642913818359 40480
1675961633180 0.6053097248077393 40520
1675961633686 0.5878856182098389 40560
1675961633962 0.5927504062652588 40600
1675961634266 0.5895223617553711 40640
1675961634618 0.621574878692627 40680
1675961634978 0.5750006198883056 40720
1675961635318 0.6050263404846191 40760
1675961635624 0.589087438583374 40800
1675961635933 0.5862101554870606 40840
1675961636240 0.6019298553466796 40880
1675961636565 0.5930164813995361 40920
1675961636828 0.6029971599578857 40960
1675961637077 0.60090012550354 41000
1675961637326 0.6170400619506836 41040
1675961637611 0.596938180923462 41080
1675961637858 0.6008222579956055 41120
1675961638122 0.6081687927246093 41160
1675961638467 0.5998013973236084 41200
1675961638774 0.6136404991149902 41240
1675961639086 0.5987323760986328 41280
1675961639408 0.5856915950775147 41320
1675961639728 0.581844425201416 41360
1675961640091 0.6046518802642822 41400
1675961640520 0.6054787158966064 41440
1675961640821 0.6036287307739258 41480
1675961641117 0.5910144805908203 41520
1675961641442 0.6087157249450683 41560
1675961641807 0.5888830184936523 41600
1675961642107 0.615867805480957 41640
1675961642445 0.5936566829681397 41680
1675961642787 0.5840695381164551 41720
1675961643080 0.595420503616333 41760
1675961643372 0.620343828201294 41800
1675961643659 0.6094740867614746 41840
1675961643939 0.6120450019836425 41880
1675961644234 0.6077075004577637 41920
1675961644527 0.6205371379852295 41960
1675961644834 0.5894019126892089 42000
1675961645141 0.6083529949188232 42040
1675961645440 0.6085310935974121 42080
1675961645829 0.6046195983886719 42120
1675961646150 0.6182942867279053 42160
1675961646562 0.5913100242614746 42200
1675961646872 0.6031096458435059 42240
1675961647159 0.5917364597320557 42280
1675961647461 0.6041062831878662 42320
1675961647838 0.5991597652435303 42360
1675961648458 0.5901643753051757 42400
1675961648871 0.5988710880279541 42440
1675961649181 0.5966145038604737 42480
1675961649518 0.6086050510406494 42520
1675961649929 0.5946766376495362 42560
1675961650212 0.6147743701934815 42600
1675961650521 0.5801328659057617 42640
1675961650842 0.592794942855835 42680
1675961651146 0.6095915317535401 42720
1675961651466 0.5846214294433594 42760
1675961651769 0.5997865200042725 42800
1675961652079 0.5890299797058105 42840
1675961652350 0.6151556015014649 42880
1675961652663 0.5943795204162597 42920
1675961652989 0.5867752075195313 42960
1675961653295 0.6013569831848145 43000
1675961653580 0.618617582321167 43040
1675961653882 0.5993316173553467 43080
1675961654218 0.5887908458709716 43120
1675961654617 0.6048844337463379 43160
1675961654923 0.5994040489196777 43200
1675961655219 0.5881917953491211 43240
1675961655552 0.58247971534729 43280
1675961655851 0.5942320823669434 43320
1675961656150 0.6085593223571777 43360
1675961656533 0.5940694808959961 43400
1675961656865 0.5887162685394287 43440
1675961657152 0.6158535957336426 43480
1675961657470 0.5798445701599121 43520
1675961657761 0.5936045169830322 43560
1675961658057 0.6066871166229248 43600
1675961658391 0.5888794898986817 43640
1675961658722 0.5943161010742187 43680
1675961659078 0.5954969882965088 43720
1675961659407 0.5979015827178955 43760
1675961659791 0.6011215209960937 43800
1675961660107 0.600328016281128 43840
1675961660412 0.6079663753509521 43880
1675961660726 0.5801380634307861 43920
1675961661048 0.5856325149536132 43960
1675961661392 0.620691442489624 44000
1675961661743 0.5876509666442871 44040
1675961662041 0.6136468410491943 44080
1675961662383 0.6065759658813477 44120
1675961662921 0.6139060974121093 44160
1675961663247 0.586406135559082 44200
1675961664086 0.6129920959472657 44240
1675961664373 0.597807788848877 44280
1675961664685 0.582419490814209 44320
1675961664968 0.5832828044891357 44360
1675961665244 0.6172760009765625 44400
1675961665567 0.5940230369567872 44440
1675961665868 0.588661003112793 44480
1675961666174 0.6077991962432862 44520
1675961666471 0.5923970699310303 44560
1675961666789 0.5746495723724365 44600
1675961667146 0.5994264602661132 44640
1675961667475 0.5832769870758057 44680
1675961667773 0.6189327239990234 44720
1675961668257 0.5999270915985108 44760
1675961668557 0.6105873107910156 44800
1675961668872 0.5776699542999267 44840
1675961669167 0.6060675144195556 44880
1675961669480 0.5601500511169434 44920
1675961669748 0.6083671569824218 44960
1675961670089 0.589353609085083 45000
1675961670427 0.6176198959350586 45040
1675961670725 0.5710139274597168 45080
1675961670987 0.6299929618835449 45120
1675961671295 0.6057748317718505 45160
1675961671576 0.5981579780578613 45200
1675961671853 0.5986761093139649 45240
1675961672138 0.6153049945831299 45280
1675961672426 0.5965001583099365 45320
1675961672718 0.6086756706237793 45360
1675961672992 0.613789701461792 45400
1675961673301 0.5970975875854492 45440
1675961673606 0.6144679069519043 45480
1675961673888 0.6116456508636474 45520
1675961674220 0.5923292160034179 45560
1675961674551 0.6120141983032227 45600
1675961674863 0.6031044960021973 45640
1675961675164 0.613421106338501 45680
1675961675468 0.6064201354980469 45720
1675961675775 0.5999526977539062 45760
1675961676111 0.5959250926971436 45800
1675961676439 0.5997050762176513 45840
1675961676789 0.5956927299499511 45880
1675961677095 0.5925344467163086 45920
1675961677418 0.5863678455352783 45960
1675961677809 0.6168083190917969 46000
1675961678327 0.6244386196136474 46040
1675961678850 0.6024988651275635 46080
1675961679168 0.6026509761810303 46120
1675961679538 0.5795561790466308 46160
1675961679836 0.6009164333343506 46200
1675961680152 0.6137155532836914 46240
1675961680439 0.6152957439422607 46280
1675961680724 0.6037904739379882 46320
1675961680990 0.6250970363616943 46360
1675961681287 0.6140451431274414 46400
1675961681611 0.5989750862121582 46440
1675961681919 0.606087064743042 46480
1675961682337 0.5967215538024903 46520
1675961682642 0.6049271583557129 46560
1675961682967 0.6100136756896972 46600
1675961683296 0.5909856796264649 46640
1675961683633 0.5916666507720947 46680
1675961683931 0.6154267311096191 46720
1675961684217 0.6297025680541992 46760
1675961684523 0.6043718338012696 46800
1675961684831 0.6090503692626953 46840
1675961685117 0.5898351192474365 46880
1675961685429 0.5724287986755371 46920
1675961685738 0.6197287559509277 46960
1675961686028 0.6058043956756591 47000
1675961686370 0.5940349578857422 47040
1675961686699 0.6079365730285644 47080
1675961687015 0.5864678382873535 47120
1675961687321 0.6026274204254151 47160
1675961687625 0.5936685562133789 47200
1675961687957 0.6053193569183349 47240
1675961688407 0.6053997993469238 47280
1675961688721 0.6031578540802002 47320
1675961689017 0.6083309650421143 47360
1675961689321 0.5970749378204345 47400
1675961689624 0.5995423316955566 47440
1675961689969 0.5800869941711426 47480
1675961690279 0.6108503341674805 47520
1675961690593 0.6011440277099609 47560
1675961690886 0.616709566116333 47600
1675961691173 0.6059391975402832 47640
1675961691464 0.6009435653686523 47680
1675961691749 0.5833614826202392 47720
1675961692049 0.5862521171569824 47760
1675961692367 0.5936663627624512 47800
1675961692714 0.6010493278503418 47840
1675961693490 0.5846179962158203 47880
1675961693829 0.6167784214019776 47920
1675961694190 0.6119833946228027 47960
1675961694504 0.6114780902862549 48000
1675961694787 0.608225965499878 48040
1675961695103 0.5848119735717774 48080
1675961695402 0.5857953548431396 48120
1675961695685 0.6045117855072022 48160
1675961695970 0.5994467735290527 48200
1675961696278 0.5872790336608886 48240
1675961696585 0.5821962356567383 48280
1675961696877 0.6028745174407959 48320
1675961697150 0.611673641204834 48360
1675961697447 0.5954189777374268 48400
1675961697754 0.5948553085327148 48440
1675961698057 0.611868143081665 48480
1675961698446 0.604943323135376 48520
1675961698775 0.6011619091033935 48560
1675961699107 0.5842430114746093 48600
1675961699438 0.6073221206665039 48640
1675961699742 0.6132563591003418 48680
1675961700055 0.6001089096069336 48720
1675961700353 0.5971836566925048 48760
1675961700680 0.6016709804534912 48800
1675961700981 0.6027068138122559 48840
1675961701282 0.6115122318267823 48880
1675961701652 0.6000294208526611 48920
1675961701967 0.597351360321045 48960
1675961702305 0.6064887523651123 49000
1675961702622 0.5837336540222168 49040
1675961702894 0.6251106262207031 49080
1675961703176 0.5973796844482422 49120
1675961703472 0.5972778797149658 49160
1675961703758 0.6129855155944824 49200
1675961704038 0.5946132183074951 49240
1675961704364 0.5956311702728272 49280
1675961704655 0.6113950729370117 49320
1675961704971 0.5939500331878662 49360
1675961705293 0.597613000869751 49400
1675961705606 0.6055570602416992 49440
1675961705921 0.6242788314819336 49480
1675961706285 0.6031130313873291 49520
1675961706606 0.6094702243804931 49560
1675961706888 0.5954174518585205 49600
1675961707235 0.6018085479736328 49640
1675961707792 0.594599437713623 49680
1675961708242 0.5845404148101807 49720
1675961708805 0.5895211219787597 49760
1675961709102 0.5938056945800781 49800
1675961709403 0.6055099964141846 49840
1675961709696 0.6110849380493164 49880
1675961710002 0.6187909603118896 49920
1675961710322 0.5987071990966797 49960
1675961710633 0.5980007171630859 50000
1675961710918 0.596000337600708 50040
1675961711225 0.6157702922821044 50080
1675961711553 0.6103249549865722 50120
1675961711892 0.6072082996368409 50160
1675961712203 0.6146739482879638 50200
1675961714032 0.2511035203933716 50240
1675961714340 0.5914247035980225 50280
1675961714686 0.5989814758300781 50320
1675961715061 0.5788730144500732 50360
1675961715355 0.6030421733856202 50400
1675961715659 0.5896034240722656 50440
1675961715965 0.582676887512207 50480
1675961716295 0.5979231834411621 50520
1675961716677 0.6055571079254151 50560
1675961716978 0.5981118679046631 50600
1675961717277 0.5894658088684082 50640
1675961717586 0.5882316589355469 50680
1675961717911 0.6219159126281738 50720
1675961718272 0.5823510646820068 50760
1675961718539 0.597756290435791 50800
1675961718824 0.5998075485229493 50840
1675961719129 0.5846080780029297 50880
1675961719421 0.5949382305145263 50920
1675961719717 0.5954678535461426 50960
1675961720008 0.6066112995147706 51000
1675961720305 0.590172529220581 51040
1675961720602 0.6145208358764649 51080
1675961720911 0.6047358989715577 51120
1675961721248 0.6007109165191651 51160
1675961721537 0.6006290435791015 51200
1675961721814 0.6008247852325439 51240
1675961722103 0.6138232231140137 51280
1675961722417 0.5970256328582764 51320
1675961723133 0.5911665439605713 51360
1675961723562 0.5698687553405761 51400
1675961723992 0.6089509010314942 51440
1675961724253 0.6101248264312744 51480
1675961724554 0.5982010364532471 51520
1675961724926 0.5913039684295655 51560
1675961725208 0.6097787380218506 51600
1675961725511 0.5838885307312012 51640
1675961725807 0.620485496520996 51680
1675961726114 0.5937782287597656 51720
1675961726454 0.5917547702789306 51760
1675961726810 0.5870905876159668 51800
1675961727118 0.6149396419525146 51840
1675961727455 0.6151498794555664 51880
1675961727746 0.6195755004882812 51920
1675961728113 0.6031628608703613 51960
1675961728490 0.6185452461242675 52000
1675961728819 0.5944989204406739 52040
1675961729377 0.6104515552520752 52080
1675961729667 0.6045165061950684 52120
1675961729979 0.6043394565582275 52160
1675961730268 0.6193116664886474 52200
1675961730581 0.5903634071350098 52240
1675961730961 0.6007701873779296 52280
1675961731272 0.5911641597747803 52320
1675961731564 0.6070669174194336 52360
1675961731891 0.5968105316162109 52400
1675961732200 0.5988587856292724 52440
1675961732531 0.5883964538574219 52480
1675961732853 0.6002875804901123 52520
1675961733163 0.6096970081329346 52560
1675961733480 0.5892691135406494 52600
1675961733785 0.6148574829101563 52640
1675961734089 0.5928973197937012 52680
1675961734378 0.5896505832672119 52720
1675961734694 0.6146772861480713 52760
1675961735050 0.5848292350769043 52800
1675961735406 0.5870558738708496 52840
1675961735716 0.5947347164154053 52880
1675961736025 0.6101452827453613 52920
1675961736354 0.5947755813598633 52960
1675961736693 0.5865867614746094 53000
1675961737028 0.6055829048156738 53040
1675961737329 0.6245636940002441 53080
1675961737827 0.5954455375671387 53120
1675961738437 0.5835798740386963 53160
1675961738986 0.6081241130828857 53200
1675961739310 0.6060008525848388 53240
1675961739637 0.5864526748657226 53280
1675961739977 0.5863945007324218 53320
1675961740326 0.5871482849121094 53360
1675961740615 0.6073581218719483 53400
1675961740915 0.5935168743133545 53440
1675961741250 0.5898009300231933 53480
1675961741550 0.6123482704162597 53520
1675961741894 0.5854999542236328 53560
1675961742194 0.5916783809661865 53600
1675961742454 0.616991376876831 53640
1675961742755 0.5751759529113769 53680
1675961743052 0.5987838745117188 53720
1675961743324 0.5935017108917237 53760
1675961743574 0.5991063594818116 53800
1675961743827 0.6035787105560303 53840
1675961744114 0.5974893569946289 53880
1675961744394 0.6095837116241455 53920
1675961744712 0.5840871334075928 53960
1675961745031 0.5768199920654297 54000
1675961745342 0.6228778839111329 54040
1675961745657 0.5910874366760254 54080
1675961746026 0.609600830078125 54120
1675961746414 0.6035903930664063 54160
1675961746700 0.6184845447540284 54200
1675961747004 0.5895827293395997 54240
1675961747303 0.6010294437408448 54280
1675961747660 0.6095881462097168 54320
1675961748051 0.5792486667633057 54360
1675961748386 0.5873253822326661 54400
1675961748749 0.6145543098449707 54440
1675961749041 0.5934974670410156 54480
1675961749318 0.598298168182373 54520
1675961749601 0.6028322696685791 54560
1675961749913 0.5914458751678466 54600
1675961750243 0.573319387435913 54640
1675961750527 0.5944316864013672 54680
1675961750884 0.5883578777313232 54720
1675961751166 0.6134708881378174 54760
1675961751511 0.6064385414123535 54800
1675961751815 0.6012340068817139 54840
1675961752129 0.579970407485962 54880
1675961752462 0.6026066780090332 54920
1675961753018 0.5651499271392822 54960
1675961753597 0.609440803527832 55000
1675961753998 0.5861098766326904 55040
1675961754288 0.6142776012420654 55080
1675961754600 0.5806775569915772 55120
1675961754921 0.6267030715942383 55160
1675961755223 0.6043261528015137 55200
1675961755512 0.5946504592895507 55240
1675961755796 0.6014942646026611 55280
1675961756078 0.6110296249389648 55320
1675961756395 0.5997885227203369 55360
1675961756671 0.6034269809722901 55400
1675961756982 0.6135995388031006 55440
1675961757294 0.5996143341064453 55480
1675961757584 0.6184714794158935 55520
1675961757912 0.6072514533996582 55560
1675961758305 0.5997748851776123 55600
1675961758647 0.6050214290618896 55640
1675961758923 0.6057100772857666 55680
1675961759234 0.6191407203674316 55720
1675961759600 0.6014708518981934 55760
1675961759907 0.6033886909484864 55800
1675961760206 0.5940833568572998 55840
1675961760535 0.6025452136993408 55880
1675961760827 0.5966525554656983 55920
1675961761188 0.591645622253418 55960
1675961761512 0.5814954757690429 56000
1675961761826 0.6139558315277099 56040
1675961762117 0.6229968070983887 56080
1675961762406 0.6131598472595214 56120
1675961762737 0.6031529903411865 56160
1675961763042 0.582001781463623 56200
1675961763333 0.5981110572814942 56240
1675961763618 0.6138166904449462 56280
1675961763973 0.6111340999603272 56320
1675961764269 0.6063616752624512 56360
1675961764602 0.6231666564941406 56400
1675961764953 0.621885108947754 56440
1675961765278 0.5877245903015137 56480
1675961765574 0.6087911128997803 56520
1675961765914 0.5970736503601074 56560
1675961766258 0.6073819160461426 56600
1675961766588 0.6065096378326416 56640
1675961766878 0.5912947177886962 56680
1675961767170 0.5912531852722168 56720
1675961767536 0.6149678707122803 56760
1675961767953 0.628908920288086 56800
1675961768568 0.6017421245574951 56840
1675961769030 0.6126595973968506 56880
1675961769342 0.5987273693084717 56920
1675961769678 0.5645072937011719 56960
1675961769992 0.6162631034851074 57000
1675961770434 0.6068097114562988 57040
1675961770800 0.5938457012176513 57080
1675961771119 0.6092460632324219 57120
1675961771463 0.5835559368133545 57160
1675961771804 0.6001696109771728 57200
1675961772150 0.5939569473266602 57240
1675961772436 0.608840799331665 57280
1675961772756 0.6021695613861084 57320
1675961773068 0.6032334804534912 57360
1675961773364 0.6026062488555908 57400
1675961773675 0.5996724128723144 57440
1675961774030 0.6063477516174316 57480
1675961774360 0.5835581302642823 57520
1675961774711 0.5982348442077636 57560
1675961775063 0.6094037532806397 57600
1675961775460 0.6128297805786133 57640
1675961775861 0.6069028377532959 57680
1675961776242 0.6035472869873046 57720
1675961776709 0.588351821899414 57760
1675961777050 0.5786036968231201 57800
1675961777349 0.6005345821380615 57840
1675961777649 0.5993449211120605 57880
1675961778005 0.5850191116333008 57920
1675961778351 0.6105635643005372 57960
1675961778643 0.611657190322876 58000
1675961778945 0.6117744445800781 58040
1675961779248 0.6063912391662598 58080
1675961779560 0.5896293640136718 58120
1675961779911 0.5869223594665527 58160
1675961780215 0.6043852806091309 58200
1675961780506 0.6045516014099122 58240
1675961780815 0.5790793418884277 58280
1675961781109 0.5819209575653076 58320
1675961781418 0.6073334693908692 58360
1675961781721 0.6072544574737548 58400
1675961782022 0.5933374404907227 58440
1675961782329 0.5964277744293213 58480
1675961782848 0.6012002944946289 58520
1675961783437 0.6052384853363038 58560
1675961784078 0.6129660129547119 58600
1675961784413 0.5882758617401123 58640
1675961784738 0.5995821952819824 58680
1675961785045 0.6125669956207276 58720
1675961785362 0.5973223686218262 58760
1675961785711 0.6050839424133301 58800
1675961786076 0.6016658782958985 58840
1675961786359 0.5952152252197266 58880
1675961786637 0.6167470455169678 58920
1675961786954 0.5981710910797119 58960
1675961787242 0.6012758255004883 59000
1675961787534 0.5988990783691406 59040
1675961787840 0.5944297790527344 59080
1675961788191 0.6173343658447266 59120
1675961788553 0.5993825435638428 59160
1675961788839 0.5947408676147461 59200
1675961789118 0.612393569946289 59240
1675961789429 0.5986547470092773 59280
1675961789697 0.5868629455566406 59320
1675961789983 0.6207908630371094 59360
1675961790273 0.5900841236114502 59400
1675961790564 0.5999967575073242 59440
1675961790842 0.6025270938873291 59480
1675961791101 0.6280403137207031 59520
1675961791391 0.6069517135620117 59560
1675961791689 0.6095545291900635 59600
1675961792018 0.5904798030853271 59640
1675961792331 0.6002302646636963 59680
1675961792648 0.597672700881958 59720
1675961792951 0.5832417488098145 59760
1675961793254 0.5978535652160645 59800
1675961793575 0.5878654956817627 59840
1675961793894 0.6023783683776855 59880
1675961794192 0.6124680042266846 59920
1675961794504 0.6165419101715088 59960
1675961794810 0.608644962310791 60000
1675961795137 0.5875563144683837 60040
1675961795450 0.5935186386108399 60080
1675961795780 0.6132845878601074 60120
1675961796085 0.6300417900085449 60160
1675961796412 0.5994707107543945 60200
1675961796813 0.6122260093688965 60240
1675961798956 0.17364099025726318 60280
1675961799291 0.593221378326416 60320
1675961799605 0.5975627422332763 60360
1675961799914 0.5869497299194336 60400
1675961800245 0.5925767898559571 60440
1675961800621 0.5973692417144776 60480
1675961800950 0.5785006523132324 60520
1675961801277 0.6030213832855225 60560
1675961801584 0.5992654800415039 60600
1675961801917 0.6011854648590088 60640
1675961802257 0.5907190322875977 60680
1675961802663 0.585979700088501 60720
1675961803025 0.6200540065765381 60760
1675961803380 0.5902305603027344 60800
1675961803740 0.5926716804504395 60840
1675961804070 0.598408317565918 60880
1675961804382 0.5876550674438477 60920
1675961804768 0.5998565196990967 60960
1675961805101 0.5858254432678223 61000
1675961805465 0.605976676940918 61040
1675961805815 0.5921041965484619 61080
1675961806116 0.6197776317596435 61120
1675961806487 0.6059810638427734 61160
1675961806849 0.5924417972564697 61200
1675961807207 0.6008483409881592 61240
1675961807543 0.6045196056365967 61280
1675961807885 0.6161101341247559 61320
1675961808242 0.6013148307800293 61360
1675961808622 0.5864658355712891 61400
1675961808981 0.5705962181091309 61440
1675961809308 0.6072858810424805 61480
1675961809640 0.6091955184936524 61520
1675961809960 0.6087967872619628 61560
1675961810309 0.5835870742797852 61600
1675961810677 0.6149735927581788 61640
1675961811052 0.5859210968017579 61680
1675961811385 0.6044882774353028 61720
1675961811723 0.6016579627990722 61760
1675961812042 0.5943139076232911 61800
1675961812395 0.5889377117156982 61840
1675961812816 0.6134326934814454 61880
1675961813380 0.6124453067779541 61920
1675961813932 0.6242324352264405 61960
1675961814292 0.6000119686126709 62000
1675961814568 0.6096743106842041 62040
1675961814879 0.6086580753326416 62080
1675961815167 0.601650333404541 62120
1675961815474 0.6075124740600586 62160
1675961815781 0.6057280540466309 62200
1675961816083 0.61534423828125 62240
1675961816396 0.6015009403228759 62280
1675961816712 0.5914384365081787 62320
1675961817051 0.5925082206726074 62360
1675961817369 0.6092767238616943 62400
1675961817661 0.5957430362701416 62440
1675961817969 0.6012180805206299 62480
1675961818351 0.5920654296875 62520
1675961818671 0.5915660858154297 62560
1675961818986 0.6151759624481201 62600
1675961819313 0.5862659931182861 62640
1675961819631 0.6096709251403809 62680
1675961819991 0.5975041389465332 62720
1675961820295 0.5860325813293457 62760
1675961820586 0.6162183284759521 62800
1675961820906 0.5818040370941162 62840
1675961821198 0.589453935623169 62880
1675961821515 0.5993772029876709 62920
1675961821820 0.6054958820343017 62960
1675961822130 0.5949347972869873 63000
1675961822450 0.5836268901824951 63040
1675961822802 0.6011812686920166 63080
1675961823152 0.6291798114776611 63120
1675961823474 0.5902247428894043 63160
1675961823772 0.592138147354126 63200
1675961824063 0.6070837020874024 63240
1675961824391 0.6000280380249023 63280
1675961824809 0.5884054183959961 63320
1675961825186 0.5823566913604736 63360
1675961825533 0.5772778987884521 63400
1675961825918 0.623884630203247 63440
1675961826287 0.5951679706573486 63480
1675961826614 0.5952312469482421 63520
1675961826927 0.6100340366363526 63560
1675961827268 0.5834953784942627 63600
1675961827614 0.5847597599029541 63640
1675961828030 0.6191145896911621 63680
1675961828416 0.5744670867919922 63720
1675961828869 0.5949606418609619 63760
1675961829222 0.603981876373291 63800
1675961829540 0.597536563873291 63840
1675961829925 0.599997091293335 63880
1675961830277 0.5995350837707519 63920
1675961830654 0.6045396804809571 63960
1675961830985 0.5872723579406738 64000
1675961831361 0.586304759979248 64040
1675961831687 0.611543607711792 64080
1675961832040 0.6015986919403076 64120
1675961832353 0.594554090499878 64160
1675961832674 0.6153905391693115 64200
1675961832999 0.6106099128723145 64240
1675961833358 0.5985451698303222 64280
1675961833655 0.5911332130432129 64320
1675961833959 0.6196460247039794 64360
1675961834301 0.5835431098937989 64400
1675961834612 0.5770375251770019 64440
1675961834908 0.6153822422027588 64480
1675961835336 0.6008316516876221 64520
1675961835658 0.5891826629638672 64560
1675961835973 0.6059321403503418 64600
1675961836276 0.5891242504119873 64640
1675961836697 0.5805763721466064 64680
1675961837042 0.5884431362152099 64720
1675961837428 0.5968128204345703 64760
1675961837749 0.6035318374633789 64800
1675961838060 0.60926513671875 64840
1675961838424 0.6018519878387452 64880
1675961838748 0.5814305305480957 64920
1675961839079 0.5994520664215088 64960
1675961839379 0.5771332740783691 65000
1675961839708 0.6018155574798584 65040
1675961840050 0.594342851638794 65080
1675961840373 0.6062523365020752 65120
1675961840705 0.5861410140991211 65160
1675961840993 0.6146934032440186 65200
1675961841296 0.6110032558441162 65240
1675961841674 0.5955516338348389 65280
1675961842042 0.5945783615112304 65320
1675961842360 0.6150001049041748 65360
1675961842911 0.6027054786682129 65400
1675961843173 0.5941873550415039 65440
1675961843721 0.6211611747741699 65480
1675961844300 0.6007083892822266 65520
1675961844622 0.6173277854919433 65560
1675961844992 0.6019005298614502 65600
1675961845913 0.6067324161529541 65640
1675961846238 0.5986403465270996 65680
1675961846548 0.60592679977417 65720
1675961846856 0.6189836502075196 65760
1675961847199 0.5968701839447021 65800
1675961847516 0.6123512744903564 65840
1675961847806 0.5892046928405762 65880
1675961848147 0.6083974361419677 65920
1675961848503 0.5932980537414551 65960
1675961848835 0.5899105072021484 66000
1675961849159 0.5817807674407959 66040
1675961849487 0.6125177860260009 66080
1675961849865 0.6220193862915039 66120
1675961850210 0.6114418029785156 66160
1675961850562 0.6032700061798095 66200
1675961850917 0.5859989643096923 66240
1675961851279 0.5909586429595948 66280
1675961851598 0.6114518642425537 66320
1675961851909 0.6134637355804443 66360
1675961852268 0.6120144844055175 66400
1675961852716 0.6161796092987061 66440
1675961853048 0.6310730934143066 66480
1675961853423 0.5868378162384034 66520
1675961853783 0.6015874862670898 66560
1675961854094 0.5995518684387207 66600
1675961854416 0.6081799507141114 66640
1675961854762 0.6102338790893554 66680
1675961855158 0.5918500900268555 66720
1675961855461 0.5931298732757568 66760
1675961855756 0.6116911411285401 66800
1675961856047 0.6302162170410156 66840
1675961856458 0.5994367599487305 66880
1675961856720 0.6129777908325196 66920
1675961857122 0.5984961032867432 66960
1675961857470 0.5761924743652344 67000
1675961857976 0.6077621936798095 67040
1675961858496 0.6008832931518555 67080
1675961858813 0.6004379272460938 67120
1675961859151 0.6087952136993409 67160
1675961859473 0.5929870128631591 67200
1675961859806 0.5973801612854004 67240
1675961860177 0.5836387157440186 67280
1675961860512 0.6098297595977783 67320
1675961860853 0.603414249420166 67360
1675961861190 0.6043051242828369 67400
1675961861536 0.6082873821258545 67440
1675961861866 0.5966784954071045 67480
1675961862275 0.6056001663208008 67520
1675961862628 0.5898160457611084 67560
1675961862950 0.5917635440826416 67600
1675961863318 0.6072957992553711 67640
1675961863689 0.6183744430541992 67680
1675961863999 0.6012704372406006 67720
1675961864363 0.6066166877746582 67760
1675961864684 0.5849554061889648 67800
1675961865054 0.5828010082244873 67840
1675961865440 0.6062993049621582 67880
1675961865762 0.592263126373291 67920
1675961866091 0.5857695579528809 67960
1675961866575 0.6037525177001953 68000
1675961866999 0.6139019966125489 68040
1675961867368 0.618312931060791 68080
1675961867711 0.6043641567230225 68120
1675961868070 0.5925187110900879 68160
1675961868410 0.5885505676269531 68200
1675961868729 0.5904197216033935 68240
1675961869037 0.6135868549346923 68280
1675961869359 0.5859500885009765 68320
1675961869694 0.5819354057312012 68360
1675961870079 0.6001181602478027 68400
1675961870469 0.6073466777801514 68440
1675961870814 0.6053649425506592 68480
1675961871136 0.5867794990539551 68520
1675961871441 0.6015527248382568 68560
1675961871805 0.6045171737670898 68600
1675961872142 0.6134339809417725 68640
1675961872532 0.5922702312469482 68680
1675961873268 0.600979232788086 68720
1675961873704 0.6058113098144531 68760
1675961874195 0.6037744522094727 68800
1675961874585 0.6135830879211426 68840
1675961874908 0.5911588668823242 68880
1675961875223 0.5946815967559814 68920
1675961875628 0.61164870262146 68960
1675961875989 0.6046521186828613 69000
1675961876375 0.6029390811920166 69040
1675961876771 0.5893261432647705 69080
1675961877113 0.6037062644958496 69120
1675961877425 0.6136924266815186 69160
1675961877721 0.602091646194458 69200
1675961878030 0.5854716777801514 69240
1675961878373 0.620039701461792 69280
1675961878728 0.5967135429382324 69320
1675961879042 0.5943528175354004 69360
1675961879378 0.6054329872131348 69400
1675961879727 0.6018479347229004 69440
1675961880057 0.5989949226379394 69480
1675961880383 0.5997235774993896 69520
1675961880743 0.6185399055480957 69560
1675961881057 0.618710708618164 69600
1675961881385 0.6050181865692139 69640
1675961881724 0.5976526737213135 69680
1675961882042 0.5942863941192627 69720
1675961882342 0.6017073631286621 69760
1675961882679 0.581275463104248 69800
1675961883046 0.5969600677490234 69840
1675961883389 0.5885163307189941 69880
1675961883732 0.6032828330993653 69920
1675961884047 0.6059617042541504 69960
1675961884361 0.6204967021942138 70000
1675961884680 0.5996739387512207 70040
1675961885028 0.5987997055053711 70080
1675961885369 0.596875 70120
1675961885683 0.6039520740509033 70160
1675961886023 0.6320087909698486 70200
1675961886397 0.6008904457092286 70240
1675961886735 0.6108715057373046 70280
1675961888486 0.09455177783966065 70320
1675961888751 0.6001667022705078 70360
1675961889303 0.5962133884429932 70400
1675961889599 0.5820115566253662 70440
1675961889912 0.6040234088897705 70480
1675961890201 0.5924369812011718 70520
1675961890491 0.5822971820831299 70560
1675961890779 0.6012454986572265 70600
1675961891084 0.5979855537414551 70640
1675961891399 0.5979656219482422 70680
1675961891717 0.5862372875213623 70720
1675961892028 0.5877674102783204 70760
1675961892311 0.6281092166900635 70800
1675961892631 0.587455940246582 70840
1675961893036 0.5855862617492675 70880
1675961893422 0.604075288772583 70920
1675961893734 0.5929270267486573 70960
1675961894056 0.5853715896606445 71000
1675961894369 0.5957330703735352 71040
1675961894660 0.6009546756744385 71080
1675961894982 0.5980184078216553 71120
1675961895344 0.6067050457000732 71160
1675961895695 0.6158976554870605 71200
1675961896052 0.5904172420501709 71240
1675961896461 0.6017793655395508 71280
1675961896762 0.6057859420776367 71320
1675961897066 0.6125746726989746 71360
1675961897442 0.6070405960083007 71400
1675961897747 0.5889912128448487 71440
1675961898125 0.5706047534942627 71480
1675961898451 0.5927453994750976 71520
1675961898759 0.6159287929534912 71560
1675961899058 0.6168757438659668 71600
1675961899401 0.5778551578521729 71640
1675961899724 0.608172082901001 71680
1675961900041 0.5853479385375977 71720
1675961900341 0.610955810546875 71760
1675961900643 0.6050603866577149 71800
1675961900959 0.5995648384094239 71840
1675961901288 0.579799747467041 71880
1675961901573 0.6119096279144287 71920
1675961901865 0.619661521911621 71960
1675961902139 0.6170668601989746 72000
1675961902439 0.6012919425964356 72040
1675961902848 0.6052752017974854 72080
1675961903311 0.609328031539917 72120
1675961903971 0.5980860710144043 72160
1675961904280 0.6169437885284423 72200
1675961904602 0.6033313751220704 72240
1675961904885 0.6196609497070312 72280
1675961905176 0.5986632823944091 72320
1675961905568 0.5893265247344971 72360
1675961905898 0.5951178550720215 72400
1675961906170 0.6062730312347412 72440
1675961906627 0.5979800224304199 72480
1675961906939 0.6035341262817383 72520
1675961907262 0.5922139167785645 72560
1675961907598 0.5896724700927735 72600
1675961907891 0.6163559436798096 72640
1675961908247 0.5900236606597901 72680
1675961908597 0.601408052444458 72720
1675961908893 0.6015853404998779 72760
1675961909195 0.5887558460235596 72800
1675961909617 0.6109601020812988 72840
1675961910348 0.5914716720581055 72880
1675961910883 0.5844864845275879 72920
1675961912997 0.598830270767212 72960
1675961913554 0.6026329040527344 73000
1675961913921 0.600285816192627 73040
1675961914345 0.5848185539245605 73080
1675961914754 0.5898574352264404 73120
1675961915122 0.6325924396514893 73160
1675961915688 0.5997943878173828 73200
1675961916028 0.5923717021942139 73240
1675961916589 0.6033868312835693 73280
1675961916961 0.5970893383026123 73320
1675961917375 0.5970005512237548 73360
1675961917925 0.5820543766021729 73400
1675961918362 0.5825082302093506 73440
1675961919374 0.6072779178619385 73480
1675961919771 0.6001628398895263 73520
1675961920130 0.6006895542144776 73560
1675961920928 0.6003965377807617 73600
1675961921371 0.5972520351409912 73640
1675961921857 0.5868244171142578 73680
1675961922243 0.6157437801361084 73720
1675961922818 0.5768302917480469 73760
1675961923374 0.5953985214233398 73800
1675961923780 0.5999255180358887 73840
1675961924271 0.5907496929168701 73880
1675961924695 0.5957079410552979 73920
1675961925168 0.6059575557708741 73960
1675961925783 0.6030890464782714 74000
1675961926686 0.5872036457061768 74040
1675961927284 0.5902530670166015 74080
1675961927687 0.6149628162384033 74120
1675961928065 0.5951380729675293 74160
1675961928477 0.5970495223999024 74200
1675961928882 0.6153897762298584 74240
1675961929347 0.6029243469238281 74280
1675961929696 0.602219533920288 74320
1675961929974 0.5981410503387451 74360
1675961930293 0.6149405002593994 74400
1675961930668 0.5792630195617676 74440
1675961931014 0.5837527751922608 74480
1675961931334 0.6124553203582763 74520
1675961931629 0.6000138759613037 74560
1675961932050 0.5878730773925781 74600
1675961932399 0.5991991996765137 74640
1675961932788 0.5945102214813233 74680
1675961933226 0.5862820625305176 74720
1675961933924 0.587230634689331 74760
1675961934308 0.5968910217285156 74800
1675961934686 0.5899246215820313 74840
1675961934976 0.6157652854919433 74880
1675961935262 0.6013462543487549 74920
1675961935569 0.5919114589691162 74960
1675961935968 0.5898158073425293 75000
1675961936381 0.5874482154846191 75040
1675961936658 0.5966439723968506 75080
1675961936960 0.5904983520507813 75120
1675961937312 0.6129270553588867 75160
1675961937654 0.5788466930389404 75200
1675961937965 0.6144064426422119 75240
1675961938478 0.612500524520874 75280
1675961938805 0.5931475639343262 75320
1675961939179 0.6014486312866211 75360
1675961939567 0.6081023216247559 75400
1675961939877 0.6049780368804931 75440
1675961940287 0.592638349533081 75480
1675961940593 0.629384183883667 75520
1675961940925 0.5962694644927978 75560
1675961941226 0.612309741973877 75600
1675961941519 0.6018476009368896 75640
1675961941830 0.6152503967285157 75680
1675961942175 0.595399284362793 75720
1675961942626 0.605230712890625 75760
1675961942902 0.6205651760101318 75800
1675961943312 0.5934316635131835 75840
1675961943656 0.618033504486084 75880
1675961943960 0.5822599411010743 75920
1675961944242 0.6126696586608886 75960
1675961944585 0.5924899578094482 76000
1675961944886 0.5845021724700927 76040
1675961945193 0.585266399383545 76080
1675961945494 0.611494493484497 76120
1675961945825 0.6225938320159912 76160
1675961946159 0.6138482570648194 76200
1675961946438 0.609494686126709 76240
1675961946742 0.5803562641143799 76280
1675961947127 0.5901052474975585 76320
1675961947524 0.6131198883056641 76360
1675961948301 0.6136741161346435 76400
1675961948573 0.6135497570037842 76440
1675961949125 0.6138682842254639 76480
1675961949404 0.6348423004150391 76520
1675961949745 0.5789871692657471 76560
1675961950051 0.6062814712524414 76600
1675961950364 0.6034776210784912 76640
1675961950673 0.5978275299072265 76680
1675961950970 0.6151575088500977 76720
1675961951270 0.5945373058319092 76760
1675961951570 0.5970850944519043 76800
1675961951858 0.6012843608856201 76840
1675961952134 0.6326729774475097 76880
1675961952451 0.6001360893249512 76920
1675961952771 0.6157547950744628 76960
1675961953063 0.6000648498535156 77000
1675961953408 0.5798316478729248 77040
1675961953734 0.5997930526733398 77080
1675961954036 0.5994068622589112 77120
1675961954361 0.6062471389770507 77160
1675961954674 0.5983154773712158 77200
1675961955084 0.5965224266052246 77240
1675961955391 0.6005033016204834 77280
1675961955709 0.5884345054626465 77320
1675961956044 0.6046128273010254 77360
1675961956489 0.604403305053711 77400
1675961956888 0.5985877990722657 77440
1675961957256 0.6166246891021728 77480
1675961957578 0.5966641902923584 77520
1675961957873 0.5968360900878906 77560
1675961958282 0.5876205444335938 77600
1675961958758 0.5999563694000244 77640
1675961959068 0.6057492256164551 77680
1675961959354 0.6167060375213623 77720
1675961959668 0.6032222747802735 77760
1675961959966 0.6038814544677734 77800
1675961960287 0.5853652000427246 77840
1675961960604 0.5829241275787354 77880
1675961961450 0.6011127471923828 77920
1675961961768 0.5893537521362304 77960
1675961962065 0.597251033782959 78000
1675961962374 0.6030091762542724 78040
1675961962953 0.6126343250274658 78080
1675961963678 0.6131467342376709 78120
1675961964083 0.6091811656951904 78160
1675961964413 0.5874332904815673 78200
1675961964756 0.5840384483337402 78240
1675961965090 0.5953596115112305 78280
1675961965475 0.6154070377349854 78320
1675961965791 0.5935649871826172 78360
1675961966113 0.5746102333068848 78400
1675961966442 0.5921107292175293 78440
1675961966749 0.6081560611724853 78480
1675961967133 0.605962085723877 78520
1675961967489 0.5976328372955322 78560
1675961967921 0.5960566997528076 78600
1675961968321 0.6030483245849609 78640
1675961968716 0.6109109878540039 78680
1675961969024 0.6004752159118653 78720
1675961969412 0.5995689392089844 78760
1675961969766 0.608598279953003 78800
1675961970143 0.6004415988922119 78840
1675961970439 0.602232837677002 78880
1675961970733 0.5938117027282714 78920
1675961971013 0.6056746006011963 78960
1675961971333 0.6024844646453857 79000
1675961971673 0.6086412906646729 79040
1675961971990 0.5931686878204345 79080
1675961972301 0.5993222236633301 79120
1675961972632 0.6028494358062744 79160
1675961972949 0.6031993865966797 79200
1675961973260 0.6087134838104248 79240
1675961973608 0.5910166263580322 79280
1675961973992 0.613526439666748 79320
1675961974305 0.5976722240447998 79360
1675961974714 0.5990770816802978 79400
1675961975013 0.6085078239440918 79440
1675961975339 0.597641134262085 79480
1675961975621 0.5966842651367188 79520
1675961975879 0.5978824615478515 79560
1675961976106 0.6192087650299072 79600
1675961976318 0.6231936931610107 79640
1675961976557 0.6030917644500733 79680
1675961976806 0.5953933715820312 79720
1675961977069 0.6039967060089111 79760
1675961977391 0.5994208812713623 79800
1675961978018 0.5823081016540528 79840
1675961978583 0.5950416564941406 79880
1675961978901 0.5804787635803222 79920
1675961979238 0.5998838901519775 79960
1675961979540 0.6153820514678955 80000
1675961979922 0.6116500854492187 80040
1675961980633 0.6089087963104248 80080
1675961981262 0.5973963260650634 80120
1675961981652 0.587040376663208 80160
1675961981971 0.6141125679016113 80200
1675961982258 0.6225841045379639 80240
1675961982722 0.6061936378479004 80280
1675961983181 0.6091305255889893 80320
1675961985288 0.015093013644218445 80360
1675961985600 0.6100223541259766 80400
1675961985981 0.5895532131195068 80440
1675961986404 0.5914231777191162 80480
1675961986933 0.5975368022918701 80520
1675961987685 0.5943940639495849 80560
1675961988586 0.5736391544342041 80600
1675961989061 0.6092614650726318 80640
1675961989553 0.5965735435485839 80680
1675961990189 0.5924677848815918 80720
1675961990752 0.5983494281768799 80760
1675961991206 0.5808080673217774 80800
1675961991603 0.6195589542388916 80840
1675961992032 0.5959819793701172 80880
1675961992398 0.5793364524841309 80920
1675961992831 0.6035070896148682 80960
1675961993455 0.5976388454437256 81000
1675961994046 0.5824769020080567 81040
1675961994449 0.594417667388916 81080
1675961994743 0.6073709487915039 81120
1675961995122 0.5967134952545166 81160
1675961995708 0.6055550575256348 81200
1675961996128 0.6134814262390137 81240
1675961996423 0.5998331069946289 81280
1675961996802 0.5997755050659179 81320
1675961997454 0.6035034656524658 81360
1675961997961 0.6080070018768311 81400
1675961998385 0.6041651725769043 81440
1675961998735 0.5986337661743164 81480
1675961999157 0.5680006980895996 81520
1675961999487 0.5976877689361573 81560
1675961999841 0.6115001678466797 81600
1675962000264 0.6120892524719238 81640
1675962001202 0.5829877853393555 81680
1675962002562 0.6033140182495117 81720
1675962003307 0.5938333988189697 81760
1675962004174 0.6076366424560546 81800
1675962004675 0.6021589756011962 81840
1675962005297 0.6003713607788086 81880
1675962005907 0.5819908142089844 81920
1675962006614 0.609503173828125 81960
1675962007021 0.6133400440216065 82000
1675962007614 0.6158519744873047 82040
1675962008538 0.6054919719696045 82080
1675962009135 0.6067949771881104 82120
1675962009800 0.6127411842346191 82160
1675962010328 0.5958745956420899 82200
1675962010644 0.6116080760955811 82240
1675962011096 0.6017334461212158 82280
1675962011679 0.6183141231536865 82320
1675962012145 0.6099541664123536 82360
1675962012568 0.5827422618865967 82400
1675962013032 0.604398250579834 82440
1675962013456 0.5975967884063721 82480
1675962013762 0.6047431468963623 82520
1675962014075 0.6024862289428711 82560
1675962014466 0.5778022766113281 82600
1675962014819 0.6020782947540283 82640
1675962015194 0.6176189422607422 82680
1675962015541 0.5920092582702636 82720
1675962015886 0.595272159576416 82760
1675962016258 0.6058696746826172 82800
1675962016636 0.578802490234375 82840
1675962017064 0.6161258697509766 82880
1675962017464 0.5931121826171875 82920
1675962017834 0.5877574443817138 82960
1675962018215 0.5951507568359375 83000
1675962018587 0.6060558795928955 83040
1675962018914 0.6002440929412842 83080
1675962019310 0.5867291927337647 83120
1675962019663 0.5888461112976074 83160
1675962020054 0.6244790077209472 83200
1675962020349 0.6018380641937255 83240
1675962020669 0.5944432258605957 83280
1675962021017 0.5969293594360352 83320
1675962021317 0.6073954105377197 83360
1675962021718 0.5929183959960938 83400
1675962022053 0.5755707263946533 83440
1675962022472 0.5899359703063964 83480
1675962022788 0.6038229465484619 83520
1675962023103 0.6055618286132812 83560
1675962023728 0.6003790855407715 83600
1675962024153 0.5905559539794922 83640
1675962024550 0.5966135025024414 83680
1675962024961 0.5922371864318847 83720
1675962025281 0.6041701316833497 83760
1675962025603 0.5863682270050049 83800
1675962025934 0.5968847751617432 83840
1675962026271 0.60335373878479 83880
1675962026593 0.5944495677947998 83920
1675962026993 0.5945123195648193 83960
1675962027384 0.6023084640502929 84000
1675962027688 0.6057212829589844 84040
1675962028032 0.5818675994873047 84080
1675962028390 0.5868547439575196 84120
1675962028684 0.6127130508422851 84160
1675962029059 0.6073130130767822 84200
1675962029384 0.5885550022125244 84240
1675962029668 0.616477632522583 84280
1675962030000 0.6066165447235108 84320
1675962030309 0.6029567718505859 84360
1675962030645 0.5960238456726075 84400
1675962030949 0.6103590488433838 84440
1675962031307 0.5849283695220947 84480
1675962031667 0.577006196975708 84520
1675962031968 0.6122755527496337 84560
1675962032259 0.6008565902709961 84600
1675962032548 0.5870940208435058 84640
1675962032957 0.6022934436798095 84680
1675962033353 0.5883489131927491 84720
1675962033664 0.5924371719360352 84760
1675962033985 0.5857500076293946 84800
1675962034407 0.5987035274505615 84840
1675962034755 0.5843538284301758 84880
1675962035131 0.6273556709289551 84920
1675962035483 0.5889988422393799 84960
1675962035928 0.6035623550415039 85000
1675962036255 0.579064130783081 85040
1675962036553 0.5921905040740967 85080
1675962036854 0.5872912883758545 85120
1675962037194 0.590001916885376 85160
1675962037524 0.6138522148132324 85200
1675962038218 0.5929488182067871 85240
1675962038927 0.6033152580261231 85280
1675962039559 0.6191149234771729 85320
1675962039959 0.5932160377502441 85360
1675962040311 0.5975245952606201 85400
1675962040651 0.6075185775756836 85440
1675962040992 0.6104824542999268 85480
1675962041347 0.5844725608825684 85520
1675962041706 0.6393585681915284 85560
1675962042032 0.5840743541717529 85600
1675962042373 0.6150262355804443 85640
1675962042776 0.6106573581695557 85680
1675962043062 0.606179666519165 85720
1675962043533 0.593396806716919 85760
1675962043854 0.6174920082092286 85800
1675962044198 0.6084111213684082 85840
1675962044564 0.599796199798584 85880
1675962044842 0.6173803806304932 85920
1675962045163 0.5869061946868896 85960
1675962045530 0.6068129062652587 86000
1675962045845 0.5897622108459473 86040
1675962046275 0.5910454750061035 86080
1675962046928 0.5891414165496827 86120
1675962047990 0.6059606075286865 86160
1675962049248 0.617453145980835 86200
1675962050127 0.6108227729797363 86240
1675962050531 0.6115363121032715 86280
1675962051062 0.5811635971069335 86320
1675962051536 0.5900351524353027 86360
1675962052013 0.6144279479980469 86400
1675962052328 0.6071821689605713 86440
1675962052723 0.6198292732238769 86480
1675962053292 0.60590500831604 86520
1675962053661 0.6345317363739014 86560
1675962054104 0.5966004848480224 86600
1675962054567 0.5920089721679688 86640
1675962054926 0.6061768054962158 86680
1675962055241 0.5992681503295898 86720
1675962055553 0.6125094413757324 86760
1675962055987 0.5968434810638428 86800
1675962056304 0.5973324775695801 86840
1675962056684 0.5979855060577393 86880
1675962057036 0.6309611320495605 86920
1675962057345 0.6073858261108398 86960
1675962057671 0.6054559707641601 87000
1675962057979 0.6027014255523682 87040
1675962058372 0.5814883232116699 87080
1675962058717 0.5999148845672607 87120
1675962059076 0.6022569179534912 87160
1675962059517 0.6075231075286865 87200
1675962059938 0.5904042243957519 87240
1675962060408 0.5977599620819092 87280
1675962060757 0.6005852699279786 87320
1675962061084 0.5889483451843261 87360
1675962061521 0.6122627258300781 87400
1675962061885 0.5982584476470947 87440
1675962062255 0.5976696014404297 87480
1675962062625 0.6124308109283447 87520
1675962062992 0.5996224403381347 87560
1675962063341 0.6042934894561768 87600
1675962063756 0.58075852394104 87640
1675962064137 0.6056636333465576 87680
1675962064517 0.6103271961212158 87720
1675962064849 0.6147369384765625 87760
1675962065353 0.6060152530670166 87800
1675962065721 0.5976661205291748 87840
1675962066094 0.5865670204162597 87880
1675962066449 0.5787595272064209 87920
1675962066796 0.6082592010498047 87960
1675962067160 0.5797955989837646 88000
1675962067593 0.6101610660552979 88040
1675962067942 0.5882763385772705 88080
1675962068373 0.6267714023590087 88120
1675962068769 0.6059416770935059 88160
1675962069158 0.6125132083892822 88200
1675962069431 0.5809589385986328 88240
1675962069830 0.5947887420654296 88280
1675962070183 0.5873006343841553 88320
1675962070477 0.6166213512420654 88360
1675962070885 0.5857127666473388 88400
1675962071250 0.5880724906921386 88440
1675962071566 0.5939479827880859 88480
1675962071869 0.59527587890625 88520
1675962072181 0.6180610179901123 88560
1675962072521 0.5905115604400635 88600
1675962072885 0.5969364643096924 88640
1675962073239 0.6071824073791504 88680
1675962073553 0.6069169521331788 88720
1675962073962 0.6005220890045166 88760
1675962074280 0.597011137008667 88800
1675962074667 0.6025434017181397 88840
1675962075001 0.6096021652221679 88880
1675962075562 0.6024329185485839 88920
1675962075980 0.5893606662750244 88960
1675962076312 0.6133139610290528 89000
1675962076692 0.5981707096099853 89040
1675962077059 0.604564094543457 89080
1675962077483 0.591875696182251 89120
1675962077947 0.6040811538696289 89160
1675962078344 0.6073653221130371 89200
1675962078679 0.5952286720275879 89240
1675962079476 0.6167073726654053 89280
1675962080483 0.5897392272949219 89320
1675962080981 0.6127487659454346 89360
1675962081496 0.600398588180542 89400
1675962081802 0.6017053604125977 89440
1675962082393 0.6067795753479004 89480
1675962083113 0.5950152397155761 89520
1675962083743 0.598067331314087 89560
1675962084396 0.5964780807495117 89600
1675962085179 0.622557258605957 89640
1675962085568 0.6137137889862061 89680
1675962086038 0.6110345840454101 89720
1675962086361 0.5892249584197998 89760
1675962086656 0.6065695285797119 89800
1675962087088 0.6076855182647705 89840
1675962087520 0.5760541915893554 89880
1675962087878 0.5910474300384522 89920
1675962088380 0.589286470413208 89960
1675962088825 0.5984102725982666 90000
1675962089206 0.6136868000030518 90040
1675962089551 0.6073157787322998 90080
1675962089916 0.6144436359405517 90120
1675962090313 0.5931705951690673 90160
1675962090633 0.5944769382476807 90200
1675962091036 0.6084880828857422 90240
1675962091496 0.6217468738555908 90280
1675962091818 0.6069450378417969 90320
1675962092185 0.6050643920898438 90360
1675962092509 0.6129082202911377 90400
