1675594528047 0.7321334481239319 0
1675594528182 0.7191352248191833 0
1675594528299 0.7073349356651306 0
1675594528428 0.6953221559524536 0
1675594528544 0.6842794418334961 0
1675594528687 0.672557532787323 0
1675594528820 0.6640195846557617 0
1675594528942 0.6554327011108398 0
1675594529056 0.645630955696106 0
1675594529164 0.6408988237380981 0
1675594529287 0.6333134174346924 0
1675594529391 0.625403106212616 0
1675594529521 0.6195631623268127 0
1675594529643 0.6147906184196472 0
1675594529786 0.6085634231567383 0
1675594529903 0.6024993062019348 0
1675594530011 0.5988197326660156 0
1675594530140 0.5882512927055359 0
1675594530270 0.5877310633659363 0
1675594530379 0.5821059942245483 0
1675594530488 0.5787804126739502 0
1675594530617 0.5761145353317261 0
1675594530729 0.5752608180046082 0
1675594530847 0.5677345395088196 0
1675594530977 0.5697622895240784 0
1675594531083 0.5616273283958435 0
1675594531235 0.5616440176963806 0
1675594531352 0.5577127933502197 0
1675594531468 0.5516461133956909 0
1675594531607 0.5490972995758057 0
1675594531727 0.5522440671920776 0
1675594531850 0.5495229363441467 0
1675594531959 0.5477222204208374 0
1675594532096 0.5418579578399658 0
1675594532214 0.5414273738861084 0
1675594532326 0.5370740294456482 0
1675594532426 0.5372345447540283 0
1675594532553 0.5335289835929871 0
1675594532688 0.5324400663375854 0
1675594532828 0.5310654044151306 0
1675594532946 0.5302588939666748 0
1675594533071 0.5318921208381653 0
1675594533196 0.5264778137207031 0
1675594533314 0.5248926877975464 0
1675594533436 0.5249558687210083 0
1675594533560 0.5213136076927185 0
1675594533691 0.5204136967658997 0
1675594533800 0.5224201679229736 0
1675594533892 0.523651123046875 0
1675594533998 0.5183776617050171 0
1675594534109 0.5205113291740417 0
1675594534228 0.5197511315345764 0
1675594534336 0.5151362419128418 0
1675594534468 0.512858510017395 0
1675594534573 0.5139904618263245 0
1675594534681 0.5099206566810608 0
1675594534832 0.5067620277404785 0
1675594534991 0.5101993680000305 0
1675594535094 0.5104547142982483 0
1675594535203 0.5122391581535339 0
1675594535293 0.5088460445404053 0
1675594535411 0.5085719227790833 0
1675594535550 0.5022611618041992 0
1675594535661 0.5046821236610413 0
1675594535774 0.5051546096801758 0
1675594535895 0.5038262009620667 0
1675594536035 0.5021671652793884 0
1675594536177 0.5041102766990662 0
1675594536335 0.49740684032440186 0
1675594536441 0.5050808787345886 0
1675594536574 0.5007537007331848 0
1675594536703 0.49648317694664 0
1675594536830 0.49998587369918823 0
1675594536959 0.49717071652412415 0
1675594537061 0.5005356073379517 0
1675594537187 0.49765801429748535 0
1675594537308 0.4965311586856842 0
1675594537425 0.49762406945228577 0
1675594537550 0.4971367418766022 0
1675594537674 0.4964917302131653 0
1675594537797 0.49508753418922424 0
1675594537928 0.4952754080295563 0
1675594538071 0.4911050796508789 0
1675594538180 0.4966714680194855 0
1675594538305 0.4933004677295685 0
1675594538448 0.4902932643890381 0
1675594538588 0.48858746886253357 0
1675594538709 0.4945523738861084 0
1675594538844 0.48813101649284363 0
1675594538990 0.4881604313850403 0
1675594539099 0.4908505082130432 0
1675594539224 0.4893168807029724 0
1675594539356 0.4885283410549164 0
1675594539470 0.4913361668586731 0
1675594539606 0.48524191975593567 0
1675594539741 0.48719626665115356 0
1675594539889 0.486991822719574 0
1675594539993 0.49009203910827637 0
1675594540117 0.4869212210178375 0
1675594540255 0.483508825302124 0
1675594540359 0.4894590675830841 0
1675594540501 0.4833488464355469 0
1675594540614 0.48685428500175476 0
1675594540724 0.4891822934150696 0
1675594540854 0.4907117187976837 0
1675594540986 0.48258721828460693 0
1675594541105 0.48439180850982666 0
1675594541240 0.4795088768005371 0
1675594541366 0.4827738404273987 0
1675594541501 0.4796005189418793 0
1675594541621 0.48500311374664307 0
1675594541754 0.47997426986694336 0
1675594541881 0.48305779695510864 0
1675594541994 0.4874812364578247 0
1675594542116 0.48617035150527954 0
1675594542224 0.4842434525489807 0
1675594542345 0.48529189825057983 0
1675594542469 0.48178064823150635 0
1675594542582 0.4821736514568329 0
1675594542697 0.48293009400367737 0
1675594542849 0.47474250197410583 0
1675594542966 0.4797384440898895 0
1675594543075 0.485206663608551 0
1675594543209 0.4788523316383362 0
1675594543353 0.4753893315792084 0
1675594543473 0.4782498776912689 0
1675594543586 0.48363521695137024 0
1675594543702 0.48147720098495483 0
1675594543836 0.47999000549316406 0
1675594543961 0.4791748821735382 0
1675594544087 0.47884953022003174 0
1675594544219 0.4778697192668915 0
1675594544363 0.4786195158958435 0
1675594544500 0.47800302505493164 0
1675594544615 0.4793021082878113 0
1675594544750 0.47936415672302246 0
1675594544877 0.4752604067325592 0
1675594545013 0.4771368205547333 0
1675594545164 0.475006639957428 0
1675594545301 0.47742247581481934 0
1675594545428 0.4763937294483185 0
1675594545536 0.4774981141090393 0
1675594545654 0.47774559259414673 0
1675594545784 0.4733632504940033 0
1675594545924 0.4762873947620392 0
1675594546062 0.46934327483177185 0
1675594546208 0.47199511528015137 0
1675594546338 0.47724631428718567 0
1675594546455 0.47504591941833496 0
1675594546589 0.47418907284736633 0
1675594546713 0.4711909294128418 0
1675594546834 0.4742865264415741 0
1675594546967 0.4722972512245178 0
1675594547090 0.475249320268631 0
1675594547219 0.4748305380344391 0
1675594547343 0.47334691882133484 0
1675594547483 0.47006532549858093 0
