1675959410694 0.01736496239900589 0
1675959411070 0.666439151763916 40
1675959411444 0.6051188468933105 80
1675959411807 0.9885072708129883 120
1675959412152 0.6023874759674073 160
1675959412548 0.6211670875549317 200
1675959413438 0.6196935176849365 240
1675959413854 0.6300494194030761 280
1675959414278 0.6038534641265869 320
1675959414675 0.6845251083374023 360
1675959415004 0.6029168605804444 400
1675959415409 0.6121079921722412 440
1675959415782 0.6355024814605713 480
1675959416201 0.6273013114929199 520
1675959416618 0.6140204429626465 560
1675959416937 0.6164122581481933 600
1675959417231 0.6025579452514649 640
1675959417552 0.5830731868743897 680
1675959417873 0.606976842880249 720
1675959418351 0.6131057262420654 760
1675959418675 0.5970554351806641 800
1675959419013 0.6029255867004395 840
1675959419353 0.6151927947998047 880
1675959419629 0.6027756214141846 920
1675959419925 0.6020589351654053 960
1675959420276 0.6052627086639404 1000
1675959420598 0.6083315372467041 1040
1675959420939 0.6045570373535156 1080
1675959421321 0.5991987228393555 1120
1675959421692 0.5659029483795166 1160
1675959422064 0.5976989269256592 1200
1675959422340 0.613767671585083 1240
1675959422647 0.6124915599822998 1280
1675959422984 0.5841075420379639 1320
1675959423324 0.6058139324188232 1360
1675959423597 0.5957882881164551 1400
1675959423910 0.6080071926116943 1440
1675959424213 0.6002910614013672 1480
1675959424553 0.6011343955993652 1520
1675959424882 0.5825534343719483 1560
1675959425197 0.6098486423492432 1600
1675959425701 0.6140015602111817 1640
1675959426038 0.6163569450378418 1680
1675959426405 0.6073680400848389 1720
1675959426714 0.6080900669097901 1760
1675959427066 0.6126717090606689 1800
1675959427447 0.5965570449829102 1840
1675959427991 0.6111093044281006 1880
1675959428523 0.601479434967041 1920
1675959429084 0.6195489883422851 1960
1675959429469 0.6084023475646972 2000
1675959429772 0.5825939655303956 2040
1675959430064 0.6046127319335938 2080
1675959430352 0.5978673934936524 2120
1675959430650 0.6060153484344483 2160
1675959430934 0.6027828216552734 2200
1675959431245 0.5752700328826904 2240
1675959431532 0.6022404670715332 2280
1675959431821 0.6182505130767822 2320
1675959432183 0.5906507015228272 2360
1675959432484 0.5939363956451416 2400
1675959432828 0.6076383590698242 2440
1675959433128 0.5794939041137696 2480
1675959433430 0.6149959087371826 2520
1675959433750 0.5936449527740478 2560
1675959434078 0.5879623889923096 2600
1675959434430 0.5953794002532959 2640
1675959434732 0.6047508716583252 2680
1675959435023 0.6013422012329102 2720
1675959435396 0.5867998600006104 2760
1675959435774 0.5888671875 2800
1675959436091 0.6252404689788819 2840
1675959436424 0.6016921997070312 2880
1675959436722 0.5944440364837646 2920
1675959437012 0.5973467350006103 2960
1675959437298 0.6079859256744384 3000
1675959437684 0.5940262317657471 3040
1675959438088 0.5778628349304199 3080
1675959438448 0.5906494617462158 3120
1675959438745 0.6048754215240478 3160
1675959439003 0.6062522888183594 3200
1675959439287 0.6014342784881592 3240
1675959439597 0.5893044948577881 3280
1675959439898 0.5972493171691895 3320
1675959440198 0.593816614151001 3360
1675959440473 0.6058099746704102 3400
1675959440763 0.5881134033203125 3440
1675959441064 0.5983086585998535 3480
1675959441371 0.6035007476806641 3520
1675959441693 0.5948446273803711 3560
1675959441998 0.5967513084411621 3600
1675959442301 0.6021902084350585 3640
1675959442848 0.607231330871582 3680
1675959443125 0.5810857295989991 3720
1675959443623 0.5873568534851075 3760
1675959443846 0.6129757404327393 3800
1675959444124 0.607774305343628 3840
1675959444411 0.5897031784057617 3880
1675959444686 0.6187028408050537 3920
1675959444968 0.6058156490325928 3960
1675959445284 0.6042460441589356 4000
1675959445633 0.5967202186584473 4040
1675959445954 0.6104244709014892 4080
1675959446299 0.58669114112854 4120
1675959446599 0.5773603439331054 4160
1675959446895 0.6141133308410645 4200
1675959447222 0.600465202331543 4240
1675959447575 0.5848560810089112 4280
1675959447912 0.6022545337677002 4320
1675959448285 0.5906352996826172 4360
1675959448608 0.59136962890625 4400
1675959448945 0.5851001262664794 4440
1675959449261 0.5977972984313965 4480
1675959449667 0.5832398414611817 4520
1675959449942 0.6307114124298095 4560
1675959450294 0.5872961997985839 4600
1675959450647 0.602113914489746 4640
1675959450932 0.5798985481262207 4680
1675959451245 0.5943726062774658 4720
1675959451577 0.586306095123291 4760
1675959451923 0.5900298595428467 4800
1675959452278 0.612074899673462 4840
1675959452653 0.5928030014038086 4880
1675959452972 0.6033502101898194 4920
1675959453320 0.6164778232574463 4960
