1675594233241 0.721555769443512 0
1675594233364 0.7138000726699829 0
1675594233494 0.7000083923339844 0
1675594233630 0.6905260682106018 0
1675594233787 0.6764466166496277 0
1675594233891 0.6753615140914917 0
1675594234016 0.6645809412002563 0
1675594234139 0.6567294597625732 0
1675594234269 0.6462247371673584 0
1675594234409 0.63861483335495 0
1675594234531 0.626369833946228 0
1675594234642 0.6268600225448608 0
1675594234746 0.6207762360572815 0
1675594234856 0.6118873953819275 0
1675594234982 0.6022310256958008 0
1675594235087 0.6029706001281738 0
1675594235228 0.591853141784668 0
1675594235323 0.5885797739028931 0
1675594235424 0.5820022821426392 0
1675594235570 0.5788655877113342 0
1675594235694 0.5715876817703247 0
1675594235810 0.5674205422401428 0
1675594235940 0.5660820007324219 0
1675594236043 0.5663724541664124 0
1675594236160 0.5653284192085266 0
1675594236286 0.5599532127380371 0
1675594236398 0.5546331405639648 0
1675594236525 0.5520861744880676 0
1675594236644 0.5478512048721313 0
1675594236771 0.5485985279083252 0
1675594236919 0.5423001646995544 0
1675594237027 0.54165118932724 0
1675594237141 0.5422713160514832 0
1675594237253 0.5398850440979004 0
1675594237369 0.5369997024536133 0
1675594237504 0.5332148671150208 0
1675594237605 0.537955105304718 0
1675594237744 0.5291069149971008 0
1675594237885 0.5261428356170654 0
1675594238013 0.5244860649108887 0
1675594238131 0.5301790833473206 0
1675594238270 0.5226740837097168 0
1675594238389 0.5263160467147827 0
1675594238520 0.5239116549491882 0
1675594238635 0.5228444337844849 0
1675594238753 0.5210543274879456 0
1675594238880 0.5208995342254639 0
1675594239021 0.5182205438613892 0
