1675624569359 0.6173511743545532 0
1675624569569 0.5403864979743958 0
1675624569770 0.455555260181427 0
1675624569961 0.2947385609149933 0
1675624570140 0.02570468559861183 0
1675624570347 0.02139139734208584 0
1675624570548 0.031139273196458817 0
1675624570729 0.19474494457244873 0
1675624570928 0.4576778709888458 0
1675624571143 0.37257370352745056 0
1675624571358 0.2751089632511139 0
1675624571562 0.14939934015274048 0
1675624571766 0.03753787651658058 0
1675624571967 0.02061242051422596 0
1675624572193 0.022334417328238487 0
1675624572397 0.018708843737840652 0
1675624572610 0.021552864462137222 0
1675624572814 0.018619978800415993 0
1675624573037 0.023600248619914055 0
1675624573230 0.01696830615401268 0
1675624573442 0.02130277268588543 0
1675624573623 0.01617773063480854 0
1675624573899 0.023609716445207596 0
1675624574109 0.019124798476696014 0
1675624574319 0.01831166446208954 0
1675624574539 0.022043844684958458 0
1675624574760 0.021240752190351486 0
1675624574958 0.017899759113788605 0
1675624575179 0.022457648068666458 0
1675624575399 0.022676048800349236 0
1675624575597 0.01839452236890793 0
1675624575823 0.020261632278561592 0
1675624576029 0.018733063712716103 0
1675624576232 0.01848885603249073 0
1675624576453 0.022845691069960594 0
1675624576651 0.01923689991235733 0
1675624576860 0.02045332081615925 0
1675624577075 0.02089734934270382 0
1675624577260 0.016134271398186684 0
1675624577463 0.01880493015050888 0
1675624577688 0.022058231756091118 0
1675624577908 0.02005825564265251 0
1675624578213 0.02919336035847664 0
1675624578443 0.020547496154904366 0
1675624578691 0.01733407936990261 0
1675624578985 0.02157505974173546 0
1675624579277 0.022777412086725235 0
1675624579522 0.017863832414150238 0
1675624579799 0.02267184853553772 0
1675624580067 0.017654938623309135 0
1675624580324 0.02034965343773365 0
1675624580560 0.018092598766088486 0
1675624580787 0.01699117384850979 0
1675624581035 0.020403986796736717 0
1675624581288 0.020363420248031616 0
1675624581548 0.023546628654003143 0
1675624581783 0.02046353556215763 0
1675624582056 0.019129900261759758 0
1675624582285 0.01697203703224659 0
1675624582526 0.02250177226960659 0
1675624582747 0.01735495589673519 0
1675624582945 0.015522175468504429 0
1675624583168 0.020792875438928604 0
1675624583359 0.014463433064520359 0
1675624583568 0.016840532422065735 0
1675624583795 0.015357328578829765 0
1675624584027 0.017519772052764893 0
1675624584245 0.015643419697880745 0
1675624584466 0.017833935096859932 0
1675624584666 0.017245804890990257 0
1675624584858 0.01434630062431097 0
1675624585044 0.013972515240311623 0
1675624585267 0.0197816900908947 0
1675624585477 0.019763946533203125 0
1675624585697 0.021325184032320976 0
1675624585901 0.018146295100450516 0
1675624586110 0.019848959520459175 0
1675624586335 0.022562170401215553 0
1675624586540 0.019634073600172997 0
1675624586769 0.021255958825349808 0
1675624587013 0.02467208541929722 0
1675624587240 0.023388739675283432 0
1675624587467 0.020982444286346436 0
1675624587690 0.019918665289878845 0
1675624587896 0.0192380603402853 0
1675624588118 0.022485246881842613 0
1675624588316 0.01819341443479061 0
1675624588511 0.017291950061917305 0
1675624588746 0.024289550259709358 0
1675624588958 0.021126363426446915 0
1675624589202 0.02451217919588089 0
1675624589393 0.01927216164767742 0
1675624589588 0.01778710074722767 0
1675624589772 0.016039453446865082 0
1675624589999 0.012675279751420021 0
1675624590222 0.016736363992094994 0
1675624590470 0.02050950564444065 0
1675624590701 0.0209515318274498 0
1675624590884 0.015710867941379547 0
1675624591125 0.025180276483297348 0
1675624591318 0.019463984295725822 0
1675624591529 0.02211219258606434 0
1675624591752 0.02056887187063694 0
1675624591947 0.016521058976650238 0
1675624592154 0.017051542177796364 0
1675624592361 0.020723756402730942 0
1675624592576 0.020718658342957497 0
1675624592806 0.022445812821388245 0
1675624593023 0.022409413009881973 0
1675624593258 0.02446024678647518 0
1675624593470 0.02177867665886879 0
1675624593681 0.021005665883421898 0
1675624593875 0.016505416482686996 0
1675624594147 0.024415045976638794 0
1675624594353 0.01710648462176323 0
1675624594558 0.018312891945242882 0
1675624594788 0.021983876824378967 0
1675624594978 0.0163814015686512 0
1675624595179 0.01751447096467018 0
1675624595390 0.020757142454385757 0
1675624595583 0.01731145568192005 0
1675624595791 0.020358337089419365 0
1675624595993 0.020085064694285393 0
1675624596227 0.02261478453874588 0
1675624596437 0.019731363281607628 0
1675624596638 0.018957093358039856 0
1675624596844 0.019804274663329124 0
1675624597066 0.02356071025133133 0
1675624597268 0.01951645128428936 0
1675624597491 0.022228743880987167 0
1675624597711 0.02210160903632641 0
1675624597928 0.020150575786828995 0
1675624598160 0.020856766030192375 0
1675624598346 0.016771048307418823 0
1675624598550 0.01936822012066841 0
1675624598783 0.02472865954041481 0
1675624598992 0.02035050466656685 0
1675624599188 0.01825985498726368 0
1675624599361 0.013826056383550167 0
1675624599598 0.026418065652251244 0
1675624599788 0.01824977435171604 0
1675624600005 0.021228579804301262 0
1675624600205 0.01834397204220295 0
1675624600431 0.02377321757376194 0
1675624600669 0.024835463613271713 0
1675624600868 0.01916116289794445 0
1675624601071 0.0191658902913332 0
1675624601280 0.019627733156085014 0
1675624601470 0.017094811424613 0
1675624601681 0.018107403069734573 0
1675624601899 0.021068181842565536 0
1675624602112 0.0211744774132967 0
1675624602310 0.016871565952897072 0
1675624602523 0.020791424438357353 0
1675624602740 0.02228436805307865 0
1675624602942 0.01940368488430977 0
1675624603140 0.018964052200317383 0
