1675884889699 0.6154220700263977 0
1675884889964 0.6066043972969055 0
1675884890239 0.6019133925437927 0
1675884890418 0.6089398264884949 0
1675884890681 0.5892334580421448 0
1675884890906 0.592287540435791 0
1675884891108 0.5910722613334656 0
1675884891300 0.5899874567985535 0
1675884891486 0.5873825550079346 0
1675884891712 0.5749644041061401 0
1675884891924 0.5732791423797607 0
1675884892125 0.571254551410675 0
1675884892338 0.5651645660400391 0
1675884892562 0.5619352459907532 0
1675884892825 0.5551496744155884 0
1675884893077 0.5497846007347107 0
1675884893303 0.5519105792045593 0
1675884893556 0.5409306883811951 0
1675884893801 0.5357398390769958 0
1675884894011 0.5356066226959229 0
1675884894235 0.526596188545227 0
1675884894423 0.5285608172416687 0
1675884894634 0.5167859792709351 0
1675884894853 0.5145262479782104 0
1675884895070 0.5040363669395447 0
1675884895277 0.4992426633834839 0
1675884895477 0.4950488209724426 0
1675884895680 0.4874723553657532 0
1675884895885 0.4793144464492798 0
1675884896097 0.47022658586502075 0
1675884896327 0.45819422602653503 0
1675884896538 0.4534790515899658 0
1675884896764 0.4422413408756256 0
1675884897003 0.4338931143283844 0
1675884897210 0.4231172204017639 0
1675884897414 0.4116615653038025 0
1675884897627 0.39692264795303345 0
1675884897845 0.3872228264808655 0
1675884898054 0.36953699588775635 0
1675884898249 0.35462653636932373 0
1675884898466 0.33502331376075745 0
1675884898664 0.3165489435195923 0
1675884898866 0.2963383197784424 0
1675884899104 0.2693808674812317 0
1675884899317 0.24754385650157928 0
1675884899504 0.2237735092639923 0
1675884899713 0.1959616094827652 0
1675884899917 0.16771580278873444 0
1675884900139 0.1400878131389618 0
1675884900342 0.11377884447574615 0
1675884900544 0.09010577946901321 0
1675884900794 0.0735851600766182 0
1675884901041 0.05541633442044258 0
1675884901268 0.04070693254470825 0
1675884901464 0.033397652208805084 0
1675884901681 0.029010364785790443 0
1675884901889 0.02533242478966713 0
1675884902094 0.023852311074733734 0
1675884902314 0.024430617690086365 0
1675884902521 0.02030918002128601 0
1675884902752 0.024888770654797554 0
1675884902967 0.021968446671962738 0
1675884903197 0.020104484632611275 0
1675884903427 0.020764948800206184 0
1675884903670 0.02355862967669964 0
1675884903895 0.02120991423726082 0
1675884904144 0.025584999471902847 0
1675884904378 0.022934602573513985 0
1675884904581 0.01678231731057167 0
1675884904787 0.018440434709191322 0
1675884905014 0.021090015769004822 0
1675884905257 0.020451026037335396 0
1675884905480 0.02147388644516468 0
1675884905718 0.021878786385059357 0
1675884905921 0.017770325765013695 0
1675884906129 0.01840296760201454 0
1675884906355 0.02212119847536087 0
1675884906553 0.016463249921798706 0
1675884906789 0.021227890625596046 0
1675884907061 0.02074960246682167 0
1675884907280 0.019237058237195015 0
1675884907509 0.021396664902567863 0
1675884907730 0.020149247720837593 0
1675884907921 0.014147298410534859 0
1675884908137 0.019158627837896347 0
1675884908348 0.018772730603814125 0
1675884908576 0.01997629553079605 0
1675884908812 0.022806065157055855 0
1675884909018 0.017623769119381905 0
1675884909235 0.019748486578464508 0
1675884909475 0.022510359063744545 0
1675884909685 0.018567508086562157 0
1675884909916 0.021918172016739845 0
1675884910132 0.017574232071638107 0
1675884910366 0.02133307419717312 0
1675884910607 0.022777915000915527 0
1675884910828 0.020011182874441147 0
1675884911066 0.01965920254588127 0
1675884911340 0.026190437376499176 0
1675884911552 0.019407564774155617 0
1675884911757 0.01778537407517433 0
1675884911946 0.015539489686489105 0
1675884912183 0.02308584190905094 0
1675884912411 0.020728744566440582 0
1675884912620 0.018244270235300064 0
1675884912857 0.02102060802280903 0
1675884913083 0.016455454751849174 0
1675884913290 0.017281686887145042 0
1675884913508 0.019798463210463524 0
1675884913740 0.022047238424420357 0
1675884913961 0.020572924986481667 0
1675884914175 0.019079044461250305 0
1675884914377 0.017428210005164146 0
1675884914592 0.018269969150424004 0
1675884914805 0.018436700105667114 0
1675884915031 0.01789894513785839 0
1675884915236 0.016724899411201477 0
1675884915460 0.019097063690423965 0
1675884915672 0.018864598125219345 0
1675884915880 0.018305480480194092 0
1675884916109 0.021760767325758934 0
1675884916333 0.021450623869895935 0
1675884916540 0.018020231276750565 0
1675884916791 0.02326779253780842 0
1675884917052 0.02285934053361416 0
1675884917267 0.020031757652759552 0
1675884917471 0.01729903556406498 0
1675884917667 0.01668848656117916 0
1675884917880 0.018801264464855194 0
1675884918111 0.022149648517370224 0
1675884918323 0.018943823873996735 0
1675884918565 0.023556353524327278 0
1675884918790 0.020709235221147537 0
1675884918971 0.013366695493459702 0
1675884919187 0.017630143091082573 0
1675884919443 0.026754844933748245 0
1675884919664 0.02094361186027527 0
1675884919888 0.020321588963270187 0
1675884920110 0.020208071917295456 0
1675884920310 0.01533651165664196 0
1675884920514 0.017914211377501488 0
1675884920730 0.019321726635098457 0
1675884920965 0.022513313218951225 0
1675884921176 0.018888911232352257 0
1675884921402 0.021576236933469772 0
1675884921626 0.02039339207112789 0
1675884921866 0.021980231627821922 0
1675884922071 0.017721043899655342 0
1675884922269 0.017059655860066414 0
1675884922485 0.019409924745559692 0
1675884922715 0.021965378895401955 0
1675884922941 0.021061986684799194 0
1675884923172 0.01982969045639038 0
1675884923412 0.02293105237185955 0
1675884923619 0.017831487581133842 0
1675884923825 0.017587849870324135 0
1675884924055 0.023113561794161797 0
1675884925618 0.016596002504229546 0
1675884925867 0.023865588009357452 0
1675884926118 0.022903872653841972 0
1675884926329 0.016072632744908333 0
1675884926526 0.015086064115166664 0
1675884926822 0.026879210025072098 0
1675884927081 0.021079575642943382 0
1675884927278 0.013964834623038769 0
1675884927501 0.018795380368828773 0
1675884927684 0.013133425265550613 0
1675884927911 0.02003372088074684 0
1675884928106 0.015244229696691036 0
1675884928323 0.019602922722697258 0
1675884928568 0.024211030453443527 0
1675884928782 0.01798577420413494 0
1675884928994 0.01926269568502903 0
1675884929204 0.017252983525395393 0
1675884929442 0.023870930075645447 0
1675884929654 0.018227197229862213 0
1675884929892 0.020511284470558167 0
1675884930107 0.01864006742835045 0
1675884930347 0.02347462624311447 0
1675884930574 0.02083100564777851 0
1675884930819 0.022908944636583328 0
1675884931027 0.017971709370613098 0
1675884931241 0.018479349091649055 0
1675884931471 0.02152446284890175 0
1675884931685 0.018371878191828728 0
1675884931918 0.02018367126584053 0
1675884932132 0.018832501024007797 0
1675884932340 0.018839171156287193 0
1675884932529 0.014878001995384693 0
1675884932749 0.020396826788783073 0
1675884932973 0.018672943115234375 0
1675884933211 0.021906279027462006 0
1675884933437 0.019261067733168602 0
1675884933639 0.016733374446630478 0
1675884933829 0.015511590987443924 0
1675884934059 0.020231155678629875 0
1675884934277 0.018662650138139725 0
1675884934496 0.018733976408839226 0
1675884934734 0.021527068689465523 0
1675884934930 0.016544701531529427 0
1675884935133 0.017555831000208855 0
1675884935362 0.02002559043467045 0
1675884935558 0.015492121689021587 0
1675884935775 0.02033117040991783 0
1675884936005 0.020907307043671608 0
1675884936248 0.02081545814871788 0
1675884936495 0.02137495018541813 0
1675884936727 0.021933497861027718 0
1675884936931 0.015919212251901627 0
1675884937154 0.017345096915960312 0
1675884937380 0.019885525107383728 0
1675884937609 0.021535957232117653 0
1675884937882 0.024934276938438416 0
1675884938123 0.022373169660568237 0
1675884938316 0.014789272099733353 0
1675884938535 0.018608333542943 0
1675884938748 0.01740289106965065 0
1675884938970 0.018347008153796196 0
1675884939189 0.019152695313096046 0
1675884939392 0.01636578142642975 0
1675884939611 0.017563093453645706 0
1675884939855 0.02315269410610199 0
1675884940082 0.01887418143451214 0
1675884940309 0.019947366788983345 0
1675884940528 0.01867716759443283 0
1675884940720 0.014290907420217991 0
1675884940947 0.020280206575989723 0
1675884941185 0.022273337468504906 0
1675884941423 0.01975650154054165 0
1675884941687 0.024068571627140045 0
1675884941936 0.022069785743951797 0
1675884942168 0.020189473405480385 0
1675884942389 0.018860677257180214 0
1675884942598 0.017023686319589615 0
1675884942789 0.014047699049115181 0
1675884943044 0.024007316678762436 0
1675884943261 0.01872413046658039 0
1675884943464 0.01616901159286499 0
1675884943688 0.018573688343167305 0
1675884943910 0.02095167525112629 0
1675884944118 0.017939342185854912 0
1675884944321 0.015518502332270145 0
1675884944528 0.01695832796394825 0
1675884944755 0.022298375144600868 0
1675884944955 0.017477750778198242 0
1675884945157 0.017275292426347733 0
1675884945358 0.017743589356541634 0
1675884945642 0.024271206930279732 0
1675884945863 0.020716169849038124 0
1675884946072 0.01873885653913021 0
1675884946299 0.021319683641195297 0
1675884946523 0.020957045257091522 0
1675884946735 0.01874363049864769 0
1675884946939 0.01718350686132908 0
1675884947181 0.02357090450823307 0
1675884947397 0.019515352323651314 0
1675884947623 0.021771878004074097 0
1675884947841 0.019600408151745796 0
1675884948070 0.020937994122505188 0
1675884948304 0.023741669952869415 0
1675884948544 0.023939834907650948 0
1675884948743 0.01729072630405426 0
1675884948975 0.022248845547437668 0
1675884949193 0.02015591971576214 0
1675884949403 0.01877373456954956 0
1675884949624 0.02051830105483532 0
1675884949840 0.0207993071526289 0
1675884950035 0.0163589995354414 0
1675884950259 0.020878838375210762 0
1675884950482 0.019653843715786934 0
1675884950702 0.02139499969780445 0
1675884950924 0.018797239288687706 0
1675884951140 0.017928361892700195 0
1675884951372 0.018668796867132187 0
1675884951598 0.022059548646211624 0
1675884951827 0.02224232815206051 0
1675884952031 0.01895836740732193 0
1675884952267 0.02416430227458477 0
1675884952478 0.019842468202114105 0
1675884952669 0.016163168475031853 0
1675884952872 0.017432618886232376 0
1675884953069 0.0166665967553854 0
1675884953275 0.018245311453938484 0
1675884953511 0.023457158356904984 0
1675884953738 0.019885480403900146 0
1675884953928 0.01496887393295765 0
1675884954183 0.019244946539402008 0
1675884954402 0.019579503685235977 0
1675884954617 0.019203443080186844 0
1675884954860 0.02448142319917679 0
1675884955083 0.02155744470655918 0
1675884955274 0.015434451401233673 0
1675884955494 0.01976499892771244 0
1675884955731 0.019636094570159912 0
1675884955962 0.020621199160814285 0
1675884956186 0.01750299148261547 0
1675884956416 0.022898303344845772 0
1675884956634 0.01987743005156517 0
1675884956857 0.020996931940317154 0
1675884957093 0.02200442925095558 0
1675884957312 0.018026838079094887 0
1675884957519 0.018377751111984253 0
1675884957767 0.022842667996883392 0
1675884957986 0.019434131681919098 0
1675884958212 0.021390097215771675 0
1675884958427 0.020021969452500343 0
1675884958641 0.01926678977906704 0
1675884958857 0.01893812231719494 0
1675884959070 0.017206843942403793 0
1675884959308 0.022629380226135254 0
1675884959521 0.01810368523001671 0
1675884959805 0.028155077248811722 0
1675884960005 0.01786741055548191 0
1675884960216 0.020091217011213303 0
