1674830757282 0.735661506652832 0
1674830757714 0.7349583506584167 0
1674830758195 0.7343267202377319 0
1674830758631 0.7317397594451904 0
1674830759115 0.7337878346443176 0
1674830759505 0.7350196838378906 0
1674830759903 0.7354124784469604 0
1674830760440 0.7317047119140625 0
1674830760920 0.7317279577255249 0
1674830761370 0.7348377704620361 0
1674830761810 0.7355847358703613 0
1674830762255 0.733971357345581 0
1674830762690 0.7315212488174438 0
1674830763210 0.7288861870765686 0
1674830763720 0.7304211258888245 0
1674830764172 0.7344760298728943 0
1674830764610 0.7321165800094604 0
1674830765040 0.7339433431625366 0
1674830765495 0.7320374846458435 0
1674830766025 0.7289871573448181 0
1674830766480 0.7328236103057861 0
1674830767070 0.7295222878456116 0
1674830767445 0.7328593134880066 0
1674830768032 0.731215238571167 0
1674830768375 0.7335299849510193 0
1674830768860 0.7301098108291626 0
1674830769445 0.7277215123176575 0
1674830769965 0.7309550642967224 0
1674830770390 0.732922375202179 0
1674830770954 0.7275152206420898 0
1674830771310 0.7333859801292419 0
1674830771760 0.7320703268051147 0
1674830772280 0.7282027006149292 0
1674830772770 0.7305933833122253 0
1674830773175 0.731951117515564 0
1674830773565 0.7312690019607544 0
1674830773975 0.7321233749389648 0
1674830774500 0.7293310761451721 0
1674830774912 0.7321180105209351 0
1674830775380 0.7296289801597595 0
1674830776015 0.7287935614585876 0
1674830776671 0.7260290384292603 0
1674830777170 0.7305931448936462 0
1674830777698 0.7247181534767151 0
1674830778160 0.7317773699760437 0
1674830778803 0.7263566255569458 0
1674830779300 0.7271427512168884 0
1674830779780 0.730657696723938 0
1674830780308 0.7272694110870361 0
1674830780743 0.7293774485588074 0
1674830781221 0.7294597625732422 0
1674830781770 0.7265793085098267 0
1674830782190 0.7295973300933838 0
1674830782621 0.7290449738502502 0
1674830783020 0.7300455570220947 0
1674830783490 0.7272698283195496 0
1674830783946 0.7302945852279663 0
1674830784470 0.7285096645355225 0
1674830784930 0.7284939885139465 0
1674830785415 0.729121208190918 0
1674830786240 0.7322000861167908 0
1674830787035 0.7306728363037109 0
1674830787480 0.7307487726211548 0
1674830787876 0.7310688495635986 0
1674830788323 0.7301234006881714 0
1674830788786 0.7294320464134216 0
1674830789180 0.7295727133750916 0
1674830789645 0.7269585728645325 0
1674830790065 0.7283497452735901 0
1674830790582 0.7244518995285034 0
1674830791010 0.7297494411468506 0
1674830791435 0.7285259366035461 0
1674830791985 0.7258464694023132 0
1674830792555 0.7278501987457275 0
1674830793105 0.726457953453064 0
1674830793490 0.7279403805732727 0
1674830793940 0.7270158529281616 0
1674830794350 0.7275487184524536 0
1674830794925 0.7274444699287415 0
1674830795670 0.7214725613594055 0
1674830796205 0.7250891923904419 0
1674830796685 0.725458025932312 0
1674830797246 0.7239030003547668 0
1674830797723 0.7255191206932068 0
1674830798145 0.7274932265281677 0
1674830798551 0.7282073497772217 0
1674830798930 0.7282900214195251 0
1674830799323 0.7280294895172119 0
1674830799810 0.7249723076820374 0
1674830800326 0.7234956622123718 0
1674830800820 0.7248607873916626 0
1674830801441 0.721696138381958 0
1674830801924 0.7267159223556519 0
1674830802575 0.7289201617240906 0
1674830803464 0.7270604372024536 0
1674830804330 0.7238719463348389 0
1674830804792 0.7282059788703918 0
1674830805477 0.7170858979225159 0
1674830805890 0.7250325679779053 0
1674830806280 0.7264676690101624 0
1674830806670 0.7240303754806519 0
1674830807200 0.7229028940200806 0
1674830807970 0.72450190782547 0
1674830808986 0.7226971387863159 0
1674830809932 0.7198343873023987 0
1674830810345 0.7246542572975159 0
1674830810820 0.7233246564865112 0
1674830811260 0.7227900624275208 0
1674830811805 0.7223682999610901 0
1674830812315 0.7223681807518005 0
1674830812745 0.7247456312179565 0
1674830813425 0.7177231311798096 0
1674830813870 0.7234582304954529 0
1674830814380 0.7237658500671387 0
1674830814698 0.7259880900382996 0
1674830815140 0.7216507792472839 0
1674830815525 0.7258535623550415 0
1674830816000 0.7221250534057617 0
1674830816435 0.724529504776001 0
1674830817422 0.7208386063575745 0
1674830818110 0.722538948059082 0
1674830818550 0.7240497469902039 0
1674830819055 0.7195355892181396 0
1674830819555 0.7231972217559814 0
1674830819980 0.7225887775421143 0
1674830820447 0.7223462462425232 0
1674830820960 0.7199830412864685 0
1674830821370 0.7204030752182007 0
1674830821735 0.7222839593887329 0
1674830822125 0.7223311066627502 0
1674830822580 0.7223947644233704 0
1674830823050 0.7219394445419312 0
1674830823495 0.7215174436569214 0
1674830823840 0.7233309745788574 0
1674830824405 0.7201918959617615 0
1674830824830 0.7216610908508301 0
1674830825330 0.7177888751029968 0
1674830825740 0.720439612865448 0
1674830826250 0.7199082374572754 0
1674830826555 0.7180762887001038 0
1674830836360 0.7160473465919495 0
1674830837187 0.7211472988128662 0
1674830838026 0.718745231628418 0
1674830838480 0.7224504947662354 0
1674830839035 0.7208438515663147 0
1674830839766 0.7194257378578186 0
1674830840434 0.7168934345245361 0
1674830840918 0.7187449932098389 0
1674830841425 0.7199065685272217 0
1674830841940 0.7176299095153809 0
1674830842420 0.7200939655303955 0
1674830842970 0.7207768559455872 0
1674830843460 0.7194333672523499 0
1674830843975 0.7172591686248779 0
1674830844558 0.7149062752723694 0
1674830845085 0.7202891707420349 0
1674830845510 0.7173558473587036 0
1674830846145 0.7166138887405396 0
1674830846721 0.718255877494812 0
1674830847680 0.7183753848075867 0
1674830848185 0.7223361730575562 0
1674830848748 0.7165501117706299 0
1674830849296 0.7155135273933411 0
1674830849725 0.7184420228004456 0
1674830850315 0.713655948638916 0
1674830850818 0.7188707590103149 0
1674830851415 0.7153046131134033 0
1674830851900 0.7199810147285461 0
1674830852625 0.7164270281791687 0
1674830853095 0.7195367813110352 0
1674830853653 0.7155647873878479 0
1674830854272 0.7148606777191162 0
1674830854857 0.7190837860107422 0
1674830855236 0.7209630012512207 0
1674830855655 0.7184901237487793 0
1674830856058 0.7199490070343018 0
1674830856540 0.7174302935600281 0
1674830856930 0.7201383709907532 0
1674830857480 0.7178004384040833 0
1674830857920 0.7172697186470032 0
1674830858365 0.7165581583976746 0
1674830858780 0.7168429493904114 0
1674830859265 0.7148445844650269 0
1674830859695 0.715961217880249 0
1674830860440 0.7150588631629944 0
1674830861057 0.7157641649246216 0
1674830861700 0.7180339694023132 0
1674830862404 0.71555495262146 0
1674830862960 0.7153728604316711 0
1674830863561 0.7158175706863403 0
1674830864169 0.7122476100921631 0
1674830864830 0.7140539288520813 0
1674830865470 0.7145914435386658 0
1674830865880 0.7156689167022705 0
1674830866722 0.7168962955474854 0
1674830867680 0.7120596170425415 0
1674830868346 0.7155388593673706 0
1674830868810 0.7139114141464233 0
1674830869245 0.7155251502990723 0
1674830869864 0.7135323286056519 0
1674830870360 0.7159181237220764 0
1674830870830 0.7149986624717712 0
1674830871644 0.7136767506599426 0
1674830872745 0.7162413001060486 0
1674830873461 0.7144584059715271 0
1674830874067 0.7152472734451294 0
1674830874550 0.7136669158935547 0
1674830875030 0.7143367528915405 0
1674830875580 0.714419424533844 0
1674830876035 0.7128476500511169 0
1674830876453 0.7140282988548279 0
1674830876895 0.7116426825523376 0
1674830877590 0.7128927707672119 0
1674830878610 0.7101990580558777 0
1674830879258 0.7150419354438782 0
1674830880159 0.7107821702957153 0
1674830880994 0.7142374515533447 0
1674830882131 0.7103636860847473 0
1674830882760 0.7145537734031677 0
1674830883210 0.7133946418762207 0
1674830883860 0.7145646810531616 0
1674830884585 0.71059650182724 0
1674830885122 0.7119052410125732 0
1674830885682 0.7116958498954773 0
1674830886285 0.7128142714500427 0
1674830886850 0.7111703753471375 0
1674830887280 0.712713897228241 0
1674830888161 0.7106172442436218 0
1674830888800 0.7122729420661926 0
1674830889580 0.7126901149749756 0
1674830890501 0.7127915620803833 0
1674830891342 0.7133138179779053 0
1674830892005 0.7112456560134888 0
1674830892527 0.7111402750015259 0
1674830892975 0.7128270864486694 0
1674830893420 0.7113480567932129 0
1674830893795 0.7138897180557251 0
1674830894335 0.7129591107368469 0
1674830894820 0.7097445726394653 0
1674830895410 0.7088916301727295 0
1674830895797 0.7124434113502502 0
1674830896330 0.7099418044090271 0
1674830896853 0.7122176289558411 0
1674830897499 0.7104357481002808 0
1674830897947 0.7115216851234436 0
1674830898553 0.7090314626693726 0
1674830899075 0.7077609300613403 0
1674830899610 0.7107893824577332 0
1674830900250 0.7090546488761902 0
1674830901025 0.7079265713691711 0
1674830901531 0.7113760113716125 0
1674830902026 0.7117453813552856 0
1674830902622 0.7069971561431885 0
1674830903070 0.7111631035804749 0
1674830903613 0.7083768248558044 0
1674830903963 0.710628092288971 0
1674830904480 0.7100908756256104 0
1674830904964 0.7090862393379211 0
1674830905385 0.708570122718811 0
1674830905823 0.7088260054588318 0
1674830906467 0.7055491805076599 0
1674830906891 0.7104337811470032 0
1674830907657 0.7087605595588684 0
1674830908175 0.7087863683700562 0
1674830908765 0.7050096392631531 0
1674830909119 0.7119938135147095 0
1674830909647 0.7107504606246948 0
1674830910142 0.7076524496078491 0
1674830910639 0.7095053195953369 0
1674830911145 0.7052509188652039 0
1674830911681 0.7080201506614685 0
1674830912202 0.708617627620697 0
1674830912650 0.7084808945655823 0
1674830913190 0.7048921585083008 0
1674830913680 0.7061059474945068 0
1674830914105 0.7067288756370544 0
1674830914570 0.7057012319564819 0
1674830915000 0.7063906788825989 0
1674830915405 0.7069677710533142 0
1674830915605 0.7093296051025391 0
1674830924585 0.7069600820541382 0
1674830925115 0.7087318301200867 0
1674830925550 0.7075188755989075 0
1674830926132 0.7082417607307434 0
1674830926739 0.7068531513214111 0
1674830927370 0.7048309445381165 0
1674830927964 0.7073363065719604 0
1674830928575 0.7066595554351807 0
1674830929098 0.7068207263946533 0
1674830929704 0.7052642107009888 0
1674830930145 0.704700231552124 0
1674830930792 0.7033963799476624 0
1674830931201 0.7084908485412598 0
1674830931625 0.7053450345993042 0
1674830932146 0.7028935551643372 0
1674830932679 0.7051963806152344 0
1674830933090 0.7069986462593079 0
1674830933562 0.7081519365310669 0
1674830934110 0.7029104828834534 0
1674830934733 0.7007842063903809 0
1674830935196 0.705333411693573 0
1674830935665 0.7056102156639099 0
1674830936040 0.7074974179267883 0
1674830936470 0.7042104005813599 0
1674830936950 0.7040680646896362 0
1674830937400 0.7057062387466431 0
1674830937875 0.7010400295257568 0
1674830938370 0.7024937868118286 0
1674830938886 0.7026300430297852 0
1674830939261 0.7072206735610962 0
1674830939720 0.7032479047775269 0
1674830940150 0.705626368522644 0
1674830940595 0.7026988863945007 0
1674830941150 0.7006896734237671 0
1674830941509 0.7053842544555664 0
1674830942015 0.7040398716926575 0
1674830942509 0.7036088109016418 0
1674830942900 0.7039560675621033 0
1674830943460 0.7020279765129089 0
1674830943995 0.702115535736084 0
1674830944364 0.7057101726531982 0
1674830944962 0.7005428075790405 0
1674830945400 0.7022027969360352 0
1674830945855 0.7033555507659912 0
1674830946429 0.7020907402038574 0
1674830946880 0.7025492191314697 0
1674830947340 0.7048673629760742 0
1674830947845 0.7031087875366211 0
1674830948240 0.7027145624160767 0
1674830948934 0.7042698860168457 0
1674830949491 0.7025039196014404 0
1674830950010 0.7014449238777161 0
1674830950450 0.7041897177696228 0
1674830951063 0.698695719242096 0
1674830951502 0.7029074430465698 0
1674830951987 0.7035583257675171 0
1674830952400 0.7029030919075012 0
1674830952990 0.6996008157730103 0
1674830953525 0.7014667391777039 0
1674830954110 0.7021217346191406 0
1674830954630 0.7002052068710327 0
1674830955115 0.6988027691841125 0
1674830955630 0.6995910406112671 0
1674830956045 0.7012694478034973 0
1674830956564 0.6990973353385925 0
1674830957050 0.700269341468811 0
1674830957420 0.7022271156311035 0
1674830958046 0.7009257078170776 0
1674830958542 0.6999526023864746 0
1674830959145 0.6988184452056885 0
1674830959675 0.7005400657653809 0
1674830960200 0.6991819739341736 0
1674830960660 0.7010173797607422 0
1674830961225 0.6998925805091858 0
1674830961770 0.6986420154571533 0
1674830962231 0.6992196440696716 0
1674830962665 0.7009559273719788 0
1674830963195 0.699835479259491 0
1674830963815 0.6971576809883118 0
1674830964653 0.7008130550384521 0
1674830965165 0.7009544372558594 0
1674830965672 0.6992459893226624 0
1674830966130 0.6992504596710205 0
1674830966690 0.6967624425888062 0
1674830967250 0.6969916224479675 0
1674830967684 0.698704183101654 0
1674830968260 0.6956936120986938 0
1674830968762 0.6994742751121521 0
1674830969319 0.6983036398887634 0
1674830969910 0.6983201503753662 0
1674830970400 0.6985144019126892 0
1674830970784 0.7002198696136475 0
1674830971205 0.7000579833984375 0
1674830971641 0.6991565227508545 0
1674830972030 0.7029054164886475 0
1674830972645 0.6972278952598572 0
1674830973236 0.6981651186943054 0
1674830973780 0.6974631547927856 0
1674830974339 0.697162389755249 0
1674830974898 0.695002555847168 0
1674830975430 0.6952696442604065 0
1674830975965 0.6951237916946411 0
1674830976420 0.6955572962760925 0
1674830976855 0.6987216472625732 0
1674830977335 0.6964516639709473 0
1674830977745 0.6952715516090393 0
1674830978330 0.6939065456390381 0
1674830978650 0.6992687582969666 0
1674830979228 0.6969953775405884 0
1674830979765 0.6971231698989868 0
1674830980275 0.6960594058036804 0
1674830980870 0.6958291530609131 0
1674830981280 0.698474645614624 0
1674830981875 0.6959744095802307 0
1674830982300 0.6972236037254333 0
1674830982770 0.6959977149963379 0
1674830983190 0.6964617371559143 0
1674830983630 0.6971141695976257 0
1674830984070 0.6966267824172974 0
1674830984530 0.6939756870269775 0
1674830985030 0.6934749484062195 0
1674830985560 0.6943153142929077 0
1674830985925 0.6971514821052551 0
1674830986408 0.6967359781265259 0
1674830986930 0.695745050907135 0
1674830987375 0.6948570609092712 0
1674830987800 0.6948279738426208 0
1674830988190 0.6952916979789734 0
1674830988680 0.6932412385940552 0
1674830989130 0.6958898305892944 0
1674830989648 0.6943559050559998 0
1674830990160 0.6962442994117737 0
1674830990770 0.6910901069641113 0
1674830991300 0.693185031414032 0
1674830991796 0.6956385374069214 0
1674830992375 0.6922425627708435 0
1674830993039 0.6908637285232544 0
1674830993474 0.6964899301528931 0
1674830993935 0.6970917582511902 0
1674830994420 0.6918547749519348 0
