1675885120120 0.6193681955337524 0
1675885120328 0.6115870475769043 0
1675885120545 0.6019152402877808 0
1675885120757 0.5954181551933289 0
1675885120956 0.591264545917511 0
1675885121184 0.5814570784568787 0
1675885121410 0.5716083645820618 0
1675885121623 0.5646931529045105 0
1675885121834 0.5576688051223755 0
1675885122062 0.5461248755455017 0
1675885122269 0.5405464172363281 0
1675885122477 0.5317152738571167 0
1675885122692 0.5200474858283997 0
1675885122918 0.5089491605758667 0
1675885123119 0.5029474496841431 0
1675885123303 0.49294623732566833 0
1675885123539 0.4675076901912689 0
1675885123760 0.45604264736175537 0
1675885123974 0.4391585886478424 0
1675885124205 0.41701778769493103 0
1675885124408 0.39859724044799805 0
1675885124618 0.3704471290111542 0
1675885124818 0.34057754278182983 0
1675885125019 0.30439087748527527 0
1675885125258 0.2578657269477844 0
1675885125450 0.2121255099773407 0
1675885125659 0.15716440975666046 0
1675885125857 0.10559093207120895 0
1675885126084 0.06434838473796844 0
1675885126291 0.03881630674004555 0
1675885126509 0.029202664270997047 0
1675885126716 0.02469402551651001 0
1675885126936 0.024801522493362427 0
1675885127167 0.02540035918354988 0
1675885127398 0.019505012780427933 0
1675885127622 0.021250460296869278 0
1675885127823 0.01822509802877903 0
1675885128053 0.022727038711309433 0
1675885128251 0.01702667586505413 0
1675885128455 0.01749805547297001 0
1675885128683 0.02262192778289318 0
1675885128910 0.023194247856736183 0
1675885129124 0.02004099264740944 0
1675885129342 0.020074523985385895 0
1675885129555 0.01860167272388935 0
1675885129788 0.021839827299118042 0
1675885129998 0.01946067437529564 0
1675885130226 0.022004595026373863 0
1675885130456 0.02292017452418804 0
1675885130654 0.018195865675807 0
1675885130877 0.02207396738231182 0
1675885131091 0.02063671499490738 0
1675885131308 0.019063066691160202 0
1675885131519 0.02081821858882904 0
1675885131729 0.020040659233927727 0
1675885131950 0.02131476067006588 0
1675885132159 0.018146317452192307 0
1675885132399 0.02378799207508564 0
1675885132620 0.021454943343997 0
1675885132839 0.01802690140902996 0
1675885133041 0.017894167453050613 0
1675885133290 0.022106217220425606 0
1675885133481 0.016583720222115517 0
1675885133676 0.016750456765294075 0
1675885133882 0.01998155005276203 0
1675885134112 0.02295137755572796 0
1675885134296 0.014662825502455235 0
1675885134517 0.018123319372534752 0
1675885134720 0.0179784893989563 0
1675885134942 0.02165750041604042 0
1675885135157 0.017927490174770355 0
1675885135382 0.020114753395318985 0
1675885135593 0.0200849249958992 0
1675885135858 0.031296052038669586 0
1675885136067 0.018995065242052078 0
1675885136282 0.019971340894699097 0
1675885136485 0.0178607739508152 0
1675885136699 0.02125938981771469 0
1675885136910 0.019210776314139366 0
1675885137119 0.016945775598287582 0
1675885137317 0.016550511121749878 0
1675885137520 0.016601404175162315 0
1675885137727 0.017926769331097603 0
1675885137975 0.023437397554516792 0
1675885138181 0.018124325200915337 0
1675885138374 0.016224920749664307 0
1675885138599 0.022151269018650055 0
1675885138797 0.017435764893889427 0
1675885139003 0.018862353637814522 0
1675885139260 0.025967292487621307 0
1675885139469 0.01857447810471058 0
1675885139679 0.020030951127409935 0
1675885139894 0.020858582109212875 0
1675885140097 0.01814555935561657 0
1675885140341 0.02334369346499443 0
1675885140548 0.01982351578772068 0
1675885140750 0.01671951822936535 0
1675885140962 0.020180922001600266 0
1675885141184 0.02074899524450302 0
1675885141429 0.02260575070977211 0
1675885141619 0.016078287735581398 0
1675885141828 0.01803639903664589 0
1675885142029 0.01621038094162941 0
1675885142264 0.023550214245915413 0
1675885142474 0.018906520679593086 0
1675885142723 0.02391108311712742 0
1675885143004 0.02419048547744751 0
1675885143202 0.016222655773162842 0
1675885143424 0.014982952736318111 0
1675885143640 0.018812241032719612 0
1675885143865 0.02099846675992012 0
1675885144075 0.019816337153315544 0
1675885144264 0.015166711993515491 0
1675885144495 0.02382291853427887 0
1675885144705 0.02014915831387043 0
1675885144923 0.02083970233798027 0
1675885145134 0.01875181309878826 0
1675885145345 0.017766591161489487 0
1675885145533 0.014548076316714287 0
1675885145756 0.02047044225037098 0
1675885145982 0.021288970485329628 0
1675885146206 0.018221184611320496 0
1675885146439 0.022525662556290627 0
1675885146657 0.019333574920892715 0
1675885146880 0.02089787647128105 0
1675885147141 0.025104153901338577 0
1675885147351 0.018164897337555885 0
1675885147559 0.018652305006980896 0
1675885147767 0.018724601715803146 0
1675885147989 0.017808474600315094 0
1675885148194 0.01585790328681469 0
1675885148443 0.026554908603429794 0
1675885148663 0.020813798531889915 0
1675885148857 0.016459660604596138 0
1675885149062 0.01764265075325966 0
1675885149276 0.020362110808491707 0
1675885149492 0.019253097474575043 0
1675885149701 0.019269362092018127 0
1675885149944 0.02224668115377426 0
1675885150157 0.017320888116955757 0
1675885150375 0.020509274676442146 0
1675885150569 0.01663212478160858 0
1675885150809 0.021443957462906837 0
1675885151023 0.01849232241511345 0
1675885151229 0.017823904752731323 0
1675885151435 0.017356200143694878 0
1675885151653 0.020509818568825722 0
1675885151865 0.01787583716213703 0
1675885152084 0.02099028415977955 0
1675885152302 0.0190203208476305 0
1675885152533 0.021587034687399864 0
1675885152721 0.015765395015478134 0
1675885152930 0.01720535382628441 0
1675885153158 0.01934744045138359 0
1675885153363 0.018416503444314003 0
1675885153576 0.020623620599508286 0
1675885153804 0.022200440987944603 0
1675885155241 0.018120212480425835 0
1675885155435 0.015903927385807037 0
1675885155685 0.02525211125612259 0
1675885155915 0.019840341061353683 0
1675885156110 0.016474051401019096 0
1675885156312 0.016588831320405006 0
1675885156558 0.02671479806303978 0
1675885156793 0.02285712957382202 0
1675885157043 0.025324128568172455 0
1675885157246 0.015447460114955902 0
1675885157478 0.021928565576672554 0
1675885157717 0.022295046597719193 0
1675885157935 0.01919812150299549 0
1675885158160 0.02071203850209713 0
1675885158413 0.020738910883665085 0
1675885158642 0.019094068557024002 0
1675885158894 0.02306906133890152 0
1675885159130 0.020224183797836304 0
1675885159380 0.023739110678434372 0
1675885159583 0.01642569527029991 0
1675885159798 0.019794568419456482 0
1675885160001 0.017388533800840378 0
1675885160213 0.018649188801646233 0
1675885160419 0.016463661566376686 0
1675885160655 0.02348344586789608 0
1675885160875 0.0206280667334795 0
1675885161118 0.024321457371115685 0
1675885161340 0.02031218819320202 0
1675885161563 0.019734198227524757 0
1675885161810 0.02312525548040867 0
1675885162027 0.01750311069190502 0
1675885162250 0.020884769037365913 0
1675885162463 0.018886812031269073 0
1675885162698 0.021794307976961136 0
1675885162917 0.018423864617943764 0
1675885163124 0.019709056243300438 0
1675885163345 0.020929934456944466 0
1675885163553 0.01844320446252823 0
1675885163766 0.020217036828398705 0
1675885163972 0.01903037168085575 0
1675885164196 0.02192515879869461 0
1675885164393 0.018180252984166145 0
1675885164590 0.015408765524625778 0
1675885164781 0.016275154426693916 0
1675885164976 0.016120752319693565 0
1675885165174 0.0167594812810421 0
1675885165389 0.02136762998998165 0
1675885165597 0.01808864250779152 0
1675885165823 0.020654501393437386 0
1675885166021 0.017886986956000328 0
1675885166222 0.017269080504775047 0
1675885166428 0.016892893239855766 0
1675885166620 0.016094887629151344 0
1675885166833 0.01960449293255806 0
1675885167027 0.017072752118110657 0
1675885167239 0.019485222175717354 0
1675885167436 0.017422134056687355 0
1675885167657 0.021019406616687775 0
1675885167875 0.01945902220904827 0
1675885168088 0.018243400380015373 0
1675885168306 0.019415827468037605 0
1675885168541 0.023702384904026985 0
1675885168764 0.020392779260873795 0
1675885169002 0.024947406724095345 0
1675885169207 0.01811581291258335 0
1675885169436 0.021569786593317986 0
1675885169657 0.019158482551574707 0
1675885169873 0.018168196082115173 0
1675885170097 0.020835313946008682 0
1675885170323 0.020923180505633354 0
1675885170529 0.01858685165643692 0
1675885170741 0.019675763323903084 0
1675885170955 0.01956777460873127 0
1675885171155 0.017556075006723404 0
1675885171355 0.01730448380112648 0
1675885171569 0.020471349358558655 0
1675885171788 0.02054128609597683 0
1675885172001 0.020046968013048172 0
1675885172255 0.02552429586648941 0
1675885172450 0.016896283254027367 0
1675885172668 0.01985904574394226 0
1675885172894 0.02251693606376648 0
1675885173118 0.01773146167397499 0
1675885173358 0.020112335681915283 0
1675885173569 0.01802634820342064 0
1675885173795 0.02060709334909916 0
1675885174001 0.01686442457139492 0
1675885174225 0.021249711513519287 0
1675885174454 0.02079828456044197 0
1675885174667 0.018219903111457825 0
1675885174863 0.017072007060050964 0
1675885175078 0.018943030387163162 0
1675885175266 0.014947389252483845 0
1675885175473 0.01785944774746895 0
1675885175734 0.027017589658498764 0
1675885175966 0.02264261804521084 0
1675885176175 0.01893625780940056 0
1675885176380 0.017856651917099953 0
1675885176566 0.0143753532320261 0
1675885176769 0.017897462472319603 0
1675885176961 0.016754277050495148 0
1675885177175 0.019840572029352188 0
1675885177380 0.01722804643213749 0
1675885177604 0.020444834604859352 0
1675885177830 0.017678499221801758 0
1675885178107 0.022220809012651443 0
1675885178332 0.019095176830887794 0
1675885178549 0.019052419811487198 0
1675885178756 0.018099652603268623 0
1675885178980 0.021242212504148483 0
1675885179221 0.023178061470389366 0
1675885179418 0.016104962676763535 0
1675885179615 0.01593289151787758 0
1675885179819 0.017755821347236633 0
1675885180027 0.018319571390748024 0
1675885180229 0.017255490645766258 0
1675885180436 0.019422737881541252 0
1675885180658 0.020706402137875557 0
1675885180882 0.019905079156160355 0
1675885181115 0.01838742196559906 0
1675885181324 0.019129766151309013 0
1675885181534 0.018642032518982887 0
1675885181765 0.023350577801465988 0
1675885181974 0.018958725035190582 0
1675885182214 0.024750972166657448 0
1675885182445 0.02323385886847973 0
1675885182662 0.020572513341903687 0
1675885182864 0.017396681010723114 0
1675885183067 0.017137877643108368 0
1675885183339 0.026453403756022453 0
1675885183589 0.018604684621095657 0
1675885183809 0.018429746851325035 0
1675885184032 0.018885305151343346 0
1675885184249 0.020899491384625435 0
1675885184460 0.02001057378947735 0
1675885184677 0.019743451848626137 0
1675885184913 0.02335532195866108 0
1675885185133 0.020069003105163574 0
1675885185336 0.017733095213770866 0
1675885185531 0.015674814581871033 0
1675885185764 0.023677930235862732 0
1675885185973 0.019727246835827827 0
1675885186184 0.016870472580194473 0
1675885186363 0.01540902629494667 0
1675885186619 0.02352118492126465 0
1675885186833 0.020163055509328842 0
1675885187047 0.017769362777471542 0
1675885187236 0.0153943607583642 0
1675885187483 0.022269127890467644 0
1675885187707 0.020267793908715248 0
1675885187930 0.019270261749625206 0
1675885188171 0.020331474021077156 0
1675885188401 0.02151922695338726 0
1675885188621 0.019476693123579025 0
1675885188820 0.017586510628461838 0
1675885189039 0.02032395452260971 0
1675885189258 0.021701324731111526 0
