1675597499972 0.7285103797912598 0
1675597500193 0.6980798244476318 0
1675597500425 0.6760292053222656 0
1675597500651 0.6487529277801514 0
1675597500838 0.6376391649246216 0
1675597501041 0.6190593838691711 0
1675597501233 0.6061592102050781 0
1675597501446 0.5894326567649841 0
1675597501653 0.5788720846176147 0
1675597501864 0.5742748975753784 0
1675597502060 0.5662282109260559 0
1675597502297 0.5555993914604187 0
1675597502574 0.5375458002090454 0
1675597502779 0.5465244054794312 0
1675597502978 0.5448675155639648 0
1675597503173 0.5410383343696594 0
1675597503377 0.5351557731628418 0
1675597503627 0.526233971118927 0
1675597503833 0.5231349468231201 0
1675597504056 0.514977216720581 0
1675597504321 0.5132765769958496 0
1675597504536 0.5191806554794312 0
1675597504728 0.5159651637077332 0
1675597504952 0.5084939002990723 0
1675597505154 0.5111098289489746 0
1675597505359 0.5078823566436768 0
1675597505621 0.49491047859191895 0
1675597505832 0.5031617283821106 0
1675597506077 0.4981927275657654 0
1675597506284 0.5007821917533875 0
1675597506494 0.5008144974708557 0
1675597506711 0.49488672614097595 0
1675597506937 0.49549224972724915 0
1675597507169 0.4912949204444885 0
1675597507410 0.49363189935684204 0
1675597507653 0.49127310514450073 0
1675597507900 0.4877740740776062 0
1675597508124 0.4891338348388672 0
1675597508343 0.4899336099624634 0
1675597508560 0.48693886399269104 0
1675597508769 0.4872140884399414 0
1675597508995 0.48638445138931274 0
1675597509233 0.484478235244751 0
1675597509433 0.484096497297287 0
1675597509667 0.47788840532302856 0
1675597509882 0.48341962695121765 0
1675597510087 0.4840185046195984 0
1675597510326 0.4742451608181 0
1675597510553 0.47989168763160706 0
1675597510771 0.47953763604164124 0
1675597511006 0.4743822515010834 0
1675597511243 0.47091832756996155 0
1675597511439 0.4817345142364502 0
1675597511673 0.47307854890823364 0
1675597511871 0.47842225432395935 0
1675597512078 0.47708964347839355 0
1675597512297 0.4725172519683838 0
1675597512535 0.4748139977455139 0
1675597512766 0.47055819630622864 0
1675597512981 0.4759052097797394 0
1675597513203 0.4724726676940918 0
1675597513441 0.46882903575897217 0
1675597513645 0.47549957036972046 0
1675597513852 0.4725525379180908 0
1675597514058 0.4741500914096832 0
1675597514282 0.4717913269996643 0
1675597514498 0.4681556224822998 0
1675597514709 0.4726172387599945 0
1675597514927 0.4682016670703888 0
1675597515125 0.47598016262054443 0
1675597515337 0.4677339792251587 0
1675597515567 0.4665195047855377 0
1675597515805 0.46330201625823975 0
1675597516009 0.4695351719856262 0
1675597516237 0.4634706377983093 0
1675597516444 0.4697049558162689 0
1675597516659 0.4708077609539032 0
1675597516891 0.4593104422092438 0
1675597517107 0.4649333655834198 0
1675597517338 0.4646666646003723 0
1675597517601 0.460949182510376 0
1675597517828 0.462184876203537 0
1675597518044 0.4677703082561493 0
1675597518281 0.46258726716041565 0
1675597518482 0.47142842411994934 0
1675597518699 0.46479660272598267 0
1675597518918 0.462864488363266 0
1675597519124 0.4675498306751251 0
1675597519347 0.4625222980976105 0
1675597519573 0.46400338411331177 0
1675597519791 0.4687039852142334 0
1675597520036 0.45910659432411194 0
1675597520231 0.47075900435447693 0
1675597520464 0.46340304613113403 0
1675597520710 0.457782119512558 0
1675597520928 0.4634322226047516 0
1675597521166 0.4567301571369171 0
1675597521396 0.46324872970581055 0
1675597521622 0.4629693031311035 0
1675597521854 0.46208325028419495 0
1675597522078 0.46769872307777405 0
1675597522325 0.46225735545158386 0
1675597522600 0.4578248858451843 0
1675597522829 0.4618549346923828 0
1675597523049 0.45926979184150696 0
1675597523269 0.4607829451560974 0
1675597523483 0.46431925892829895 0
1675597523675 0.46920913457870483 0
1675597523894 0.4583283066749573 0
1675597524129 0.4564318358898163 0
1675597524340 0.46197691559791565 0
1675597524567 0.4585387110710144 0
1675597524803 0.4555412232875824 0
1675597525012 0.4612877070903778 0
1675597525244 0.45584267377853394 0
1675597525478 0.4545750021934509 0
1675597525699 0.4598325788974762 0
1675597525903 0.46356135606765747 0
1675597526110 0.4608776271343231 0
1675597526318 0.45985761284828186 0
1675597526524 0.46038079261779785 0
1675597526724 0.4636867940425873 0
1675597526931 0.4634101390838623 0
1675597527146 0.46039456129074097 0
1675597527353 0.46107617020606995 0
1675597527558 0.46110641956329346 0
1675597527802 0.4517301023006439 0
1675597528018 0.4579598903656006 0
1675597528245 0.45547962188720703 0
1675597528465 0.458522766828537 0
1675597528677 0.45947837829589844 0
1675597528893 0.45631739497184753 0
1675597529106 0.4577450752258301 0
1675597529308 0.4650017023086548 0
1675597529533 0.45333606004714966 0
1675597529761 0.4563957750797272 0
1675597529993 0.45333924889564514 0
1675597530192 0.46188828349113464 0
1675597530399 0.45826399326324463 0
1675597530612 0.45653998851776123 0
1675597530835 0.45268744230270386 0
1675597531059 0.45561453700065613 0
1675597531268 0.45681291818618774 0
1675597531482 0.45673996210098267 0
1675597531705 0.4589305520057678 0
1675597531931 0.4539601504802704 0
1675597532162 0.45439085364341736 0
1675597532383 0.4539598524570465 0
1675597532635 0.4509522616863251 0
1675597532855 0.45353955030441284 0
1675597533093 0.4483686089515686 0
1675597533325 0.45540255308151245 0
1675597533550 0.4551844000816345 0
1675597533765 0.45903173089027405 0
1675597534012 0.445127010345459 0
1675597534242 0.4514186680316925 0
1675597534482 0.44710907340049744 0
