1675460419411 0.7249882221221924 0
1675460419660 0.722277820110321 0
1675460419984 0.7112417817115784 0
1675460420205 0.7108424305915833 0
1675460420389 0.7082949280738831 0
1675460420602 0.7017840147018433 0
1675460420828 0.6940051317214966 0
1675460421047 0.691685676574707 0
1675460421273 0.6859009265899658 0
1675460421511 0.6814847588539124 0
1675460421794 0.6742899417877197 0
1675460421973 0.6749451160430908 0
1675460422185 0.667962908744812 0
1675460422398 0.662055253982544 0
1675460422604 0.6593490242958069 0
1675460422923 0.6484742760658264 0
1675460423157 0.64715576171875 0
1675460423420 0.6448521614074707 0
1675460423641 0.6420195698738098 0
1675460423863 0.6397237181663513 0
1675460424098 0.6323011517524719 0
1675460424361 0.6255898475646973 0
1675460424587 0.6235125064849854 0
1675460424819 0.6221737861633301 0
1675460425041 0.6171765327453613 0
1675460425236 0.6169192790985107 0
1675460425534 0.6103774905204773 0
1675460425767 0.6107921004295349 0
1675460426065 0.6010880470275879 0
1675460426253 0.6082952618598938 0
1675460426483 0.6002215147018433 0
1675460426677 0.6008796095848083 0
1675460426887 0.5928812623023987 0
1675460427143 0.5931094288825989 0
1675460427400 0.5895481109619141 0
1675460427599 0.5920577049255371 0
1675460427880 0.5805082321166992 0
1675460428153 0.5851475596427917 0
1675460428392 0.5780524611473083 0
1675460428638 0.5774107575416565 0
1675460428880 0.5745133757591248 0
1675460429125 0.5742758512496948 0
1675460429341 0.5701041221618652 0
1675460429562 0.5711076259613037 0
1675460429795 0.5677142143249512 0
1675460430049 0.5646968483924866 0
1675460430270 0.5631325840950012 0
1675460430490 0.5609848499298096 0
1675460430721 0.5616966485977173 0
1675460430913 0.557994544506073 0
1675460431160 0.5574072003364563 0
1675460431403 0.5522124171257019 0
1675460431639 0.552131712436676 0
1675460431888 0.5507398843765259 0
1675460432107 0.5508112907409668 0
1675460432325 0.5525541305541992 0
1675460432545 0.5513860583305359 0
1675460432854 0.5468945503234863 0
1675460433073 0.5471463203430176 0
1675460433264 0.5497879385948181 0
1675460433516 0.539702832698822 0
1675460433759 0.541260302066803 0
1675460433991 0.5384478569030762 0
1675460434244 0.5369023084640503 0
1675460434507 0.5351710915565491 0
1675460434728 0.5358353853225708 0
1675460434985 0.5362415313720703 0
1675460435274 0.5343978404998779 0
1675460435514 0.5344356894493103 0
1675460435712 0.5341333150863647 0
1675460435942 0.531694769859314 0
1675460436300 0.5296767950057983 0
1675460436490 0.5341837406158447 0
1675460436753 0.5278438925743103 0
1675460436954 0.5284430384635925 0
1675460437184 0.5247319936752319 0
1675460437405 0.5281875133514404 0
1675460437632 0.5294138193130493 0
1675460437915 0.5230666995048523 0
1675460438182 0.5203782916069031 0
1675460438413 0.5229392647743225 0
1675460438618 0.5224704742431641 0
1675460438858 0.5209271311759949 0
1675460439055 0.5204612612724304 0
1675460439369 0.5167723298072815 0
1675460439578 0.5160387754440308 0
1675460439839 0.5192887187004089 0
1675460440109 0.518431544303894 0
1675460440335 0.5153025388717651 0
1675460440583 0.5159810781478882 0
1675460440801 0.5159263014793396 0
1675460441066 0.5115029811859131 0
1675460441259 0.5202686786651611 0
1675460441499 0.5128422975540161 0
1675460441734 0.5142496824264526 0
1675460441980 0.514431357383728 0
1675460442263 0.508480966091156 0
1675460442481 0.5121020078659058 0
1675460442719 0.5086847543716431 0
1675460442984 0.5090711712837219 0
1675460443208 0.5074299573898315 0
1675460443472 0.504927396774292 0
1675460443732 0.5094389915466309 0
1675460443925 0.5109966993331909 0
1675460444226 0.5030339360237122 0
1675460444497 0.503146231174469 0
1675460444729 0.5029050707817078 0
1675460444961 0.5052950978279114 0
1675460445161 0.5093684196472168 0
1675460445392 0.50242680311203 0
1675460445625 0.5035839080810547 0
1675460445981 0.5031284093856812 0
1675460446226 0.5026544332504272 0
1675460446443 0.5047433376312256 0
1675460446683 0.49931880831718445 0
1675460446884 0.5035682916641235 0
1675460447140 0.49687105417251587 0
1675460447380 0.5031928420066833 0
1675460447603 0.5008504986763 0
1675460447807 0.5005132555961609 0
1675460448040 0.49935775995254517 0
1675460448261 0.4983524680137634 0
1675460448577 0.4934910833835602 0
1675460448800 0.5009388327598572 0
1675460449024 0.49789461493492126 0
1675460449239 0.4969020187854767 0
1675460449462 0.4969941973686218 0
1675460449717 0.4962361752986908 0
1675460449907 0.5006899237632751 0
1675460450159 0.49695664644241333 0
1675460450402 0.4943227767944336 0
1675460450663 0.49497491121292114 0
1675460450891 0.4960329532623291 0
1675460451113 0.49470871686935425 0
1675460451364 0.49560895562171936 0
1675460451589 0.4939432144165039 0
1675460451796 0.49335652589797974 0
1675460452070 0.4929582476615906 0
1675460452315 0.49109551310539246 0
1675460452550 0.4900820553302765 0
1675460452832 0.48867616057395935 0
1675460453079 0.4921398162841797 0
1675460453319 0.4893445372581482 0
1675460453573 0.48907390236854553 0
1675460453853 0.4909808933734894 0
1675460454071 0.49239814281463623 0
1675460454328 0.48811259865760803 0
1675460454553 0.4908080995082855 0
1675460454724 0.4938237965106964 0
1675460454972 0.4849257171154022 0
1675460455204 0.48613598942756653 0
1675460455489 0.486564576625824 0
1675460455740 0.4845918118953705 0
1675460455958 0.48733943700790405 0
1675460456155 0.4926028251647949 0
1675460456392 0.4888818562030792 0
1675460456598 0.4895707964897156 0
1675460458784 0.49073365330696106 0
1675460458985 0.4927222728729248 0
1675460459187 0.4914035499095917 0
1675460459447 0.487032413482666 0
1675460459720 0.48238450288772583 0
1675460459946 0.4864025413990021 0
1675460460178 0.4865753948688507 0
1675460460379 0.48940491676330566 0
1675460460602 0.48531126976013184 0
1675460460852 0.4850688874721527 0
1675460461152 0.48418670892715454 0
1675460461379 0.48592692613601685 0
1675460461665 0.4794219434261322 0
1675460461900 0.4820576608181 0
1675460462101 0.48683592677116394 0
1675460462325 0.48436617851257324 0
1675460462565 0.48449015617370605 0
1675460462807 0.47942519187927246 0
1675460463084 0.4838242530822754 0
1675460463366 0.479488730430603 0
1675460463619 0.48050904273986816 0
1675460463984 0.47568345069885254 0
1675460464182 0.48693424463272095 0
1675460464435 0.482971727848053 0
1675460464725 0.4805455207824707 0
1675460464951 0.4854377508163452 0
1675460465192 0.48436570167541504 0
1675460465456 0.4761468470096588 0
1675460465687 0.4847196340560913 0
1675460465923 0.4820680022239685 0
1675460466196 0.47600454092025757 0
1675460466425 0.4765528440475464 0
1675460466716 0.4788021147251129 0
1675460466962 0.4805242121219635 0
1675460467210 0.4781617522239685 0
1675460467502 0.476519376039505 0
1675460467758 0.4814763069152832 0
1675460467961 0.4816654920578003 0
1675460468202 0.47596001625061035 0
1675460468394 0.4822812080383301 0
1675460468616 0.479916512966156 0
1675460468866 0.47900843620300293 0
1675460469093 0.4802733063697815 0
1675460469374 0.47964510321617126 0
1675460469660 0.47844305634498596 0
1675460469867 0.48189622163772583 0
1675460470112 0.48261669278144836 0
1675460470414 0.4775161147117615 0
1675460470710 0.47664082050323486 0
1675460470956 0.477917343378067 0
1675460471200 0.4801049530506134 0
1675460471520 0.47446295619010925 0
1675460471789 0.4768681526184082 0
1675460472037 0.4771157503128052 0
1675460472309 0.47386622428894043 0
1675460472578 0.47567376494407654 0
1675460472777 0.4818722903728485 0
1675460472984 0.4789162874221802 0
1675460473241 0.4763692021369934 0
1675460473461 0.47702792286872864 0
1675460473687 0.4787508249282837 0
1675460473906 0.478806734085083 0
1675460474083 0.4832994341850281 0
1675460474311 0.4792669713497162 0
1675460474516 0.4763987958431244 0
1675460474753 0.47394537925720215 0
1675460474997 0.4745289385318756 0
1675460475285 0.475454717874527 0
1675460475503 0.4757215082645416 0
1675460475738 0.4773392975330353 0
1675460475953 0.4787280857563019 0
1675460476150 0.4788355231285095 0
1675460476365 0.4764537811279297 0
1675460476623 0.47266215085983276 0
1675460476865 0.4741673469543457 0
1675460477066 0.47876280546188354 0
1675460477277 0.4757542610168457 0
1675460477501 0.47630682587623596 0
1675460477742 0.4727697968482971 0
1675460478063 0.464306503534317 0
1675460478248 0.4785747528076172 0
1675460478510 0.4717143177986145 0
1675460478683 0.47985169291496277 0
1675460478911 0.47717365622520447 0
1675460479107 0.47891539335250854 0
1675460479331 0.4763750433921814 0
1675460479541 0.47714728116989136 0
1675460479784 0.4683712422847748 0
1675460480041 0.47254523634910583 0
1675460480394 0.46743619441986084 0
1675460480630 0.47347134351730347 0
1675460480902 0.4697808027267456 0
1675460481125 0.4725833237171173 0
1675460481328 0.47370055317878723 0
1675460481577 0.4723397493362427 0
1675460481872 0.469772607088089 0
1675460482119 0.47309964895248413 0
1675460482324 0.4752800166606903 0
1675460482563 0.472087562084198 0
1675460482743 0.4781806766986847 0
1675460482993 0.4693639576435089 0
1675460483255 0.4696331024169922 0
1675460483555 0.46791529655456543 0
1675460483823 0.4667380452156067 0
1675460484040 0.47594720125198364 0
1675460484275 0.4726170301437378 0
1675460484480 0.4750359356403351 0
1675460484694 0.4734557569026947 0
1675460484955 0.4719475507736206 0
1675460485262 0.46709609031677246 0
1675460485510 0.47443658113479614 0
1675460485704 0.4759993553161621 0
1675460485959 0.46998900175094604 0
1675460486220 0.47157758474349976 0
1675460486422 0.4734606146812439 0
1675460486621 0.4746423065662384 0
1675460486869 0.4721001982688904 0
1675460487108 0.4666023850440979 0
1675460487362 0.47298088669776917 0
1675460487675 0.4642956852912903 0
1675460487908 0.4699365794658661 0
1675460488199 0.4661804735660553 0
1675460488459 0.47016116976737976 0
1675460488701 0.47213834524154663 0
1675460488960 0.4662007689476013 0
1675460489131 0.47723865509033203 0
1675460489358 0.47044628858566284 0
1675460489587 0.470129132270813 0
1675460489839 0.4688303768634796 0
1675460490096 0.46634411811828613 0
1675460490284 0.4745148718357086 0
1675460490540 0.46818864345550537 0
1675460490759 0.4703819453716278 0
1675460491027 0.4698164463043213 0
1675460491251 0.47215989232063293 0
1675460491452 0.47176486253738403 0
1675460491728 0.4676434397697449 0
1675460491934 0.47362881898880005 0
1675460492161 0.47097140550613403 0
1675460492387 0.47210970520973206 0
1675460492652 0.46669793128967285 0
1675460492903 0.468349426984787 0
1675460493149 0.4682651460170746 0
1675460493391 0.4680267870426178 0
1675460493611 0.47085994482040405 0
1675460493892 0.46748149394989014 0
1675460494115 0.4710298776626587 0
1675460494325 0.4706890285015106 0
1675460494584 0.46896347403526306 0
1675460494778 0.4710782468318939 0
1675460495046 0.4676608741283417 0
1675460495342 0.4631369411945343 0
1675460495524 0.47372934222221375 0
1675460495745 0.46835029125213623 0
1675460495942 0.4738016724586487 0
1675460496198 0.46501240134239197 0
1675460496415 0.4689672887325287 0
1675460498622 0.46752211451530457 0
1675460498841 0.46908214688301086 0
1675460499092 0.46428000926971436 0
1675460499385 0.4644416570663452 0
1675460499594 0.47303786873817444 0
1675460499939 0.46073824167251587 0
1675460500142 0.46994486451148987 0
1675460500410 0.4629405438899994 0
1675460500618 0.47071269154548645 0
1675460500891 0.4641765058040619 0
1675460501078 0.47122135758399963 0
1675460501354 0.463347852230072 0
1675460501557 0.46914705634117126 0
1675460501786 0.4691235423088074 0
1675460502059 0.46271252632141113 0
1675460502359 0.46283411979675293 0
1675460502649 0.4642713665962219 0
1675460502888 0.4656502902507782 0
1675460503189 0.4622492790222168 0
1675460503389 0.46969732642173767 0
1675460503611 0.4700639247894287 0
1675460503930 0.45908433198928833 0
1675460504162 0.4638674259185791 0
1675460504388 0.46514859795570374 0
1675460504616 0.46898818016052246 0
1675460504883 0.4609113931655884 0
1675460505104 0.4689990282058716 0
1675460505349 0.4631252586841583 0
1675460505563 0.46724703907966614 0
1675460505816 0.4616577923297882 0
1675460506108 0.4585820138454437 0
1675460506387 0.4615918695926666 0
1675460506609 0.4670582413673401 0
1675460506821 0.4673762917518616 0
1675460506993 0.4720000624656677 0
1675460507234 0.46633729338645935 0
1675460507436 0.46777400374412537 0
1675460507712 0.46413493156433105 0
1675460507954 0.4663412272930145 0
1675460508201 0.4624018669128418 0
1675460508472 0.4584072232246399 0
1675460508717 0.46443983912467957 0
1675460508947 0.4645792543888092 0
1675460509161 0.4681395888328552 0
1675460509415 0.4650126099586487 0
1675460509645 0.4680224657058716 0
1675460509916 0.4619244337081909 0
1675460510136 0.4654594659805298 0
1675460510343 0.4674350321292877 0
1675460510590 0.46413227915763855 0
1675460510806 0.46751680970191956 0
1675460510981 0.47199273109436035 0
1675460511251 0.46101826429367065 0
1675460511492 0.465990275144577 0
1675460511701 0.46802520751953125 0
1675460511971 0.4616142809391022 0
1675460512215 0.4623798429965973 0
1675460512489 0.45829713344573975 0
1675460512746 0.4656998813152313 0
1675460512996 0.45982253551483154 0
1675460513258 0.4640764594078064 0
1675460513525 0.46230530738830566 0
1675460513758 0.46440863609313965 0
1675460513962 0.4666239321231842 0
1675460514200 0.4628974199295044 0
1675460514436 0.4654228091239929 0
1675460514718 0.4560072124004364 0
1675460514951 0.4636133909225464 0
1675460515184 0.46510857343673706 0
1675460515404 0.4640406370162964 0
1675460515674 0.45971423387527466 0
1675460515917 0.4641176760196686 0
1675460516191 0.4594622254371643 0
1675460516421 0.4650045335292816 0
1675460516626 0.4671972692012787 0
1675460516863 0.4618053138256073 0
1675460517108 0.4642220735549927 0
1675460517356 0.4605865478515625 0
1675460517570 0.4660235643386841 0
1675460517820 0.4605550765991211 0
1675460518055 0.4635030925273895 0
1675460518297 0.4624215364456177 0
1675460518514 0.4638221561908722 0
1675460518745 0.4663245379924774 0
1675460519011 0.45977041125297546 0
1675460519235 0.46545732021331787 0
1675460519483 0.4618828594684601 0
1675460519739 0.46058738231658936 0
1675460520024 0.45906704664230347 0
1675460520241 0.4655032157897949 0
1675460520525 0.4584123194217682 0
1675460520766 0.4617993235588074 0
1675460520995 0.46236884593963623 0
1675460521241 0.46266648173332214 0
1675460521485 0.4637899398803711 0
1675460521736 0.46234041452407837 0
1675460521998 0.4582281708717346 0
1675460522268 0.45977479219436646 0
1675460522556 0.4570711553096771 0
1675460522815 0.46143996715545654 0
1675460523010 0.4674168825149536 0
1675460523240 0.4609402120113373 0
1675460523461 0.45968878269195557 0
1675460523637 0.46867287158966064 0
1675460523887 0.4591551125049591 0
1675460524157 0.4579894244670868 0
1675460524430 0.4597732424736023 0
1675460524645 0.46487411856651306 0
1675460524891 0.45923712849617004 0
1675460525130 0.45990708470344543 0
1675460525401 0.45791926980018616 0
1675460525625 0.4618266224861145 0
1675460525890 0.46129322052001953 0
1675460526123 0.4635601043701172 0
1675460526310 0.46460258960723877 0
1675460526563 0.45933255553245544 0
1675460526766 0.46479731798171997 0
1675460527004 0.46210944652557373 0
1675460527231 0.4618469178676605 0
1675460527460 0.45907819271087646 0
1675460527705 0.45998454093933105 0
1675460527899 0.4699352979660034 0
1675460528124 0.46188974380493164 0
1675460528336 0.4628280699253082 0
1675460528563 0.45818015933036804 0
1675460528748 0.4664336144924164 0
1675460528970 0.46330443024635315 0
1675460529201 0.45947423577308655 0
1675460529465 0.4588543474674225 0
1675460529646 0.4691806733608246 0
1675460529857 0.46411600708961487 0
1675460530110 0.45964953303337097 0
1675460530377 0.46039727330207825 0
1675460530588 0.46301642060279846 0
1675460530787 0.46606746315956116 0
1675460531006 0.46179282665252686 0
1675460531201 0.46497514843940735 0
1675460531483 0.4551662504673004 0
1675460531679 0.4652976095676422 0
1675460531966 0.4557632803916931 0
1675460532189 0.4623136818408966 0
1675460532373 0.46455612778663635 0
1675460532655 0.4550355076789856 0
1675460532917 0.4578758180141449 0
1675460533134 0.4620918035507202 0
1675460533350 0.45928338170051575 0
1675460533612 0.4534929692745209 0
1675460533836 0.45963698625564575 0
1675460534085 0.45925578474998474 0
1675460534375 0.45348620414733887 0
1675460534601 0.460519939661026 0
1675460534807 0.46089327335357666 0
1675460535069 0.457021564245224 0
1675460535283 0.4611400365829468 0
1675460535509 0.46393880248069763 0
1675460535757 0.4572255313396454 0
1675460535946 0.46050718426704407 0
1675460538064 0.46160608530044556 0
1675460538317 0.45646151900291443 0
1675460538512 0.4623693823814392 0
1675460538749 0.4589994549751282 0
1675460538959 0.46224474906921387 0
1675460539162 0.4610556364059448 0
1675460539367 0.46107393503189087 0
1675460539679 0.4504142105579376 0
1675460539986 0.45059263706207275 0
1675460540234 0.4542008936405182 0
1675460540431 0.4617897868156433 0
1675460540638 0.4621067941188812 0
1675460540940 0.4502732455730438 0
1675460541223 0.45545321702957153 0
1675460541439 0.4610285460948944 0
1675460541672 0.4595203101634979 0
1675460541930 0.45583242177963257 0
1675460542154 0.4572683274745941 0
1675460542405 0.4574567973613739 0
1675460542634 0.4571366608142853 0
1675460542839 0.45944640040397644 0
1675460543032 0.4637589454650879 0
1675460543260 0.459137499332428 0
1675460543463 0.4604216516017914 0
1675460543665 0.4615015387535095 0
1675460543882 0.4596807658672333 0
1675460544131 0.4568852186203003 0
1675460544365 0.4602249562740326 0
1675460544555 0.46180588006973267 0
1675460544789 0.4570189118385315 0
1675460544973 0.4628243148326874 0
1675460545214 0.4570789039134979 0
1675460545456 0.457809716463089 0
1675460545664 0.4620867967605591 0
1675460545882 0.45919495820999146 0
1675460546181 0.44998031854629517 0
1675460546421 0.458671510219574 0
1675460546675 0.4568699598312378 0
1675460546911 0.4579034447669983 0
1675460547142 0.4595274329185486 0
1675460547384 0.45757371187210083 0
1675460547678 0.4507019817829132 0
1675460547938 0.45425111055374146 0
1675460548146 0.46010658144950867 0
1675460548379 0.4557760953903198 0
1675460548606 0.45744797587394714 0
1675460548834 0.45821431279182434 0
1675460549093 0.45460382103919983 0
1675460549381 0.4517805576324463 0
1675460549618 0.4579817056655884 0
1675460549841 0.45349395275115967 0
1675460550103 0.45233556628227234 0
1675460550349 0.4569515883922577 0
1675460550572 0.459189236164093 0
1675460550777 0.459888756275177 0
1675460550950 0.46532824635505676 0
1675460551211 0.45400944352149963 0
1675460551428 0.45911675691604614 0
1675460551615 0.46131575107574463 0
1675460551825 0.4604538083076477 0
1675460552111 0.4555489122867584 0
1675460552337 0.45752429962158203 0
1675460552604 0.45719435811042786 0
1675460552876 0.45228901505470276 0
1675460553149 0.45114806294441223 0
1675460553363 0.4581587016582489 0
1675460553643 0.45248934626579285 0
1675460553873 0.4571407735347748 0
1675460554123 0.4542650580406189 0
1675460554394 0.4536937177181244 0
1675460554680 0.4486972987651825 0
1675460554932 0.45573899149894714 0
1675460555147 0.4555392563343048 0
1675460555365 0.45738720893859863 0
1675460555634 0.45521044731140137 0
1675460555875 0.4572397470474243 0
1675460556113 0.4553835093975067 0
1675460556354 0.45331746339797974 0
1675460556618 0.4559575319290161 0
1675460556882 0.4536619186401367 0
1675460557100 0.45923054218292236 0
1675460557318 0.4570702314376831 0
1675460557521 0.4613937735557556 0
1675460557783 0.4524233341217041 0
1675460558048 0.4535622298717499 0
1675460558263 0.45911705493927 0
1675460558455 0.462602823972702 0
1675460558668 0.4597962200641632 0
1675460558955 0.45085030794143677 0
1675460559156 0.46051377058029175 0
1675460559405 0.4532300531864166 0
1675460559715 0.44899851083755493 0
1675460559948 0.45603063702583313 0
1675460560170 0.4576636850833893 0
1675460560350 0.46160250902175903 0
1675460560594 0.4565713107585907 0
1675460560833 0.45615920424461365 0
1675460561036 0.45754048228263855 0
1675460561276 0.45507100224494934 0
1675460561481 0.4588035047054291 0
1675460561762 0.45163390040397644 0
1675460561985 0.4609089493751526 0
1675460562184 0.45928534865379333 0
1675460562499 0.44290900230407715 0
1675460562743 0.4524345099925995 0
1675460562964 0.46025803685188293 0
1675460563252 0.4513188898563385 0
1675460563551 0.4520097076892853 0
1675460563786 0.4569518268108368 0
1675460564030 0.4557691812515259 0
1675460564252 0.45616844296455383 0
1675460564470 0.4572922885417938 0
1675460564675 0.4599370062351227 0
1675460564876 0.4586537480354309 0
1675460565127 0.45090189576148987 0
1675460565345 0.4592754542827606 0
1675460565612 0.4529728889465332 0
1675460565822 0.4542660713195801 0
1675460566041 0.4551146924495697 0
1675460566279 0.4528829753398895 0
1675460566516 0.4540739953517914 0
1675460566785 0.45075082778930664 0
1675460567032 0.45434844493865967 0
1675460567278 0.45641031861305237 0
1675460567468 0.4600728452205658 0
1675460567665 0.45844602584838867 0
1675460567913 0.4544244706630707 0
1675460568126 0.4609444737434387 0
1675460568368 0.45209360122680664 0
1675460568617 0.4551740288734436 0
1675460568836 0.45594194531440735 0
1675460569027 0.4576902985572815 0
1675460569325 0.4488399624824524 0
1675460569583 0.4493872821331024 0
1675460569817 0.45401719212532043 0
1675460570048 0.4580182433128357 0
1675460570232 0.4605378806591034 0
1675460570451 0.4543514549732208 0
1675460570756 0.4463942348957062 0
1675460570955 0.45804280042648315 0
1675460571206 0.45413506031036377 0
1675460571436 0.45383307337760925 0
1675460571749 0.44656044244766235 0
1675460572012 0.4472362697124481 0
1675460572210 0.45591044425964355 0
1675460572387 0.4614107310771942 0
1675460572617 0.4540683627128601 0
1675460572900 0.4520120620727539 0
1675460573132 0.4518752992153168 0
1675460573356 0.45487597584724426 0
1675460573545 0.4606574773788452 0
1675460573731 0.46171697974205017 0
1675460573924 0.45797935128211975 0
1675460574143 0.4566640853881836 0
1675460574419 0.45079705119132996 0
1675460574637 0.45553359389305115 0
1675460574861 0.4550573527812958 0
1675460577029 0.45528319478034973 0
1675460577262 0.4564787447452545 0
1675460577466 0.4578206241130829 0
1675460577704 0.450299471616745 0
1675460577949 0.45104727149009705 0
1675460578226 0.45085543394088745 0
1675460578414 0.45799005031585693 0
1675460578687 0.4477667808532715 0
1675460578883 0.4590930938720703 0
1675460579096 0.456374853849411 0
1675460579322 0.4544523060321808 0
1675460579535 0.4565735161304474 0
1675460579795 0.4535951614379883 0
1675460580058 0.4537438154220581 0
1675460580262 0.4562954306602478 0
1675460580493 0.4526364505290985 0
1675460580711 0.4534728229045868 0
1675460580973 0.44837749004364014 0
1675460581182 0.45760926604270935 0
1675460581452 0.4488595128059387 0
1675460581663 0.4564548134803772 0
1675460581916 0.4499310851097107 0
1675460582117 0.4545765221118927 0
1675460582399 0.45025336742401123 0
1675460582623 0.4539656639099121 0
1675460582877 0.44842439889907837 0
1675460583095 0.4517292380332947 0
1675460583284 0.45810484886169434 0
1675460583594 0.44808661937713623 0
1675460583799 0.4609507918357849 0
1675460584010 0.45437055826187134 0
1675460584208 0.4562172591686249 0
1675460584438 0.4571259021759033 0
1675460584688 0.4470176100730896 0
1675460584945 0.4516490399837494 0
1675460585167 0.45407259464263916 0
1675460585402 0.4517756402492523 0
1675460585660 0.44801053404808044 0
1675460585875 0.457406222820282 0
1675460586114 0.45192673802375793 0
1675460586324 0.4560830891132355 0
1675460586563 0.4543291926383972 0
1675460586849 0.450097918510437 0
1675460587053 0.45477229356765747 0
1675460587262 0.4543730914592743 0
1675460587518 0.45089206099510193 0
1675460587800 0.4468870460987091 0
1675460588063 0.44975006580352783 0
1675460588328 0.45173153281211853 0
1675460588532 0.45546942949295044 0
1675460588764 0.4521573483943939 0
1675460588976 0.45427340269088745 0
1675460589245 0.4492409825325012 0
1675460589460 0.4548848271369934 0
1675460589644 0.4604909121990204 0
1675460589916 0.44953683018684387 0
1675460590172 0.4499186873435974 0
1675460590511 0.44532158970832825 0
1675460590753 0.4529643952846527 0
1675460590982 0.45061612129211426 0
1675460591194 0.4547460973262787 0
1675460591421 0.4508787989616394 0
1675460591669 0.4526982307434082 0
1675460591925 0.4508151710033417 0
1675460592158 0.4525187909603119 0
1675460592436 0.44981229305267334 0
1675460592740 0.446272611618042 0
1675460593001 0.45013627409935 0
1675460593249 0.45141154527664185 0
1675460593505 0.451218843460083 0
1675460593733 0.45608893036842346 0
1675460593944 0.4557003378868103 0
1675460594160 0.45522481203079224 0
1675460594438 0.45039522647857666 0
1675460594672 0.45313701033592224 0
1675460594871 0.45761823654174805 0
1675460595104 0.45223313570022583 0
1675460595385 0.4488271176815033 0
1675460595711 0.44274523854255676 0
1675460595942 0.45305341482162476 0
1675460596240 0.44218289852142334 0
1675460596444 0.4601976275444031 0
1675460596670 0.4549030363559723 0
1675460596872 0.45810580253601074 0
1675460597153 0.4476243853569031 0
1675460597436 0.4466697871685028 0
1675460597707 0.44751453399658203 0
1675460597901 0.4564295709133148 0
1675460598094 0.4575256407260895 0
1675460598366 0.44680678844451904 0
1675460598586 0.453361451625824 0
1675460598815 0.4529661536216736 0
1675460598988 0.4600645899772644 0
1675460599287 0.4466814398765564 0
1675460599497 0.45602378249168396 0
1675460599771 0.447558730840683 0
1675460600006 0.45276734232902527 0
1675460600216 0.4560598134994507 0
1675460600413 0.45502305030822754 0
1675460600657 0.4499325752258301 0
1675460600905 0.44930189847946167 0
1675460601174 0.4507645070552826 0
1675460601374 0.45571762323379517 0
1675460601678 0.44198766350746155 0
1675460601901 0.4543379843235016 0
1675460602132 0.4516235888004303 0
1675460602350 0.4527730345726013 0
1675460602584 0.4538589417934418 0
1675460602804 0.4530925452709198 0
1675460603087 0.44643548130989075 0
1675460603328 0.4503527879714966 0
1675460603568 0.44962772727012634 0
1675460603797 0.45183876156806946 0
1675460604074 0.44865918159484863 0
1675460604324 0.44807860255241394 0
1675460604511 0.4571506977081299 0
1675460604754 0.44830065965652466 0
1675460605014 0.4493459165096283 0
1675460605218 0.45646756887435913 0
1675460605445 0.4534955620765686 0
1675460605700 0.4470593333244324 0
1675460605954 0.4498976767063141 0
1675460606190 0.4504079222679138 0
1675460606444 0.45073190331459045 0
1675460606641 0.45574212074279785 0
1675460606907 0.44529658555984497 0
1675460607148 0.4528202414512634 0
1675460607384 0.4518508315086365 0
1675460607677 0.44805142283439636 0
1675460607966 0.4447724521160126 0
1675460608182 0.45645612478256226 0
1675460608431 0.4512905776500702 0
1675460608689 0.45191001892089844 0
1675460608954 0.4451046884059906 0
1675460609182 0.45302319526672363 0
1675460609423 0.4483087360858917 0
1675460609639 0.45262688398361206 0
1675460609896 0.44830289483070374 0
1675460610155 0.45036810636520386 0
1675460610364 0.4541756510734558 0
1675460610620 0.4501192271709442 0
1675460610836 0.45325830578804016 0
1675460611051 0.4533437490463257 0
1675460611287 0.4544930160045624 0
1675460611545 0.4512670934200287 0
1675460611832 0.44628769159317017 0
1675460612015 0.45790454745292664 0
1675460612277 0.4484843611717224 0
1675460612478 0.4526965916156769 0
1675460612702 0.4519166350364685 0
1675460612901 0.45412224531173706 0
1675460613117 0.45188090205192566 0
1675460613340 0.4542404115200043 0
1675460613579 0.4497964084148407 0
1675460613829 0.4473213851451874 0
1675460614041 0.45205143094062805 0
1675460614268 0.44973722100257874 0
