1675786903491 0.6789032816886902 0
1675786903544 0.6854340434074402 0
1675786903597 0.6763407588005066 0
1675786903646 0.6735075116157532 0
1675786903698 0.6446374654769897 0
1675786903745 0.6799737811088562 0
1675786903794 0.6768500208854675 0
1675786903843 0.6729623079299927 0
1675786903891 0.6719759106636047 0
1675786903941 0.6246293783187866 0
1675786903987 0.6177041530609131 0
1675786904032 0.6228997111320496 0
1675786904077 0.6497707366943359 0
1675786904126 0.6336031556129456 0
1675786904170 0.6775660514831543 0
1675786904214 0.5858532190322876 0
1675786904263 0.6856592893600464 0
1675786904312 0.5899177193641663 0
1675786904358 0.6106796860694885 0
1675786904401 0.5700372457504272 0
1675786904457 0.5172228813171387 0
1675786904503 0.5992228388786316 0
1675786904546 0.5262944102287292 0
1675786904592 0.5365716814994812 0
1675786904639 0.7437246441841125 0
1675786904690 0.4534803628921509 0
1675786904746 0.6101471781730652 0
1675786904790 0.7608970999717712 0
1675786904840 0.5306906700134277 0
1675786904882 0.7740849256515503 0
1675786904934 0.6317712068557739 0
1675786904981 0.7351314425468445 0
1675786905026 0.554355263710022 0
1675786905071 0.7234278917312622 0
1675786905122 0.6463137269020081 0
1675786905165 0.6302012801170349 0
1675786905213 0.5335898399353027 0
1675786905259 0.49567466974258423 0
1675786905304 0.6366074681282043 0
1675786905350 0.5004437565803528 0
1675786905400 0.6140271425247192 0
1675786905448 0.6004098653793335 0
1675786905493 0.47678452730178833 0
1675786905541 0.543645977973938 0
1675786905591 0.5287657976150513 0
1675786905634 0.6916102766990662 0
1675786905689 0.6001494526863098 0
1675786905738 0.5082087516784668 0
1675786905781 0.5347973704338074 0
1675786905829 0.6272141933441162 0
1675786905881 0.6028465032577515 0
1675786905924 0.5205067992210388 0
1675786905971 0.4904663860797882 0
1675786906019 0.6545621752738953 0
1675786906063 0.6549626588821411 0
1675786906112 0.743493378162384 0
1675786906163 0.45026230812072754 0
1675786906212 0.5376943945884705 0
1675786906259 0.6368897557258606 0
1675786906306 0.7135036587715149 0
1675786906357 0.5039952397346497 0
1675786906406 0.5917612314224243 0
1675786906452 0.6015738248825073 0
1675786906498 0.7370515465736389 0
1675786906550 0.4822111129760742 0
1675786906597 0.6431941390037537 0
1675786906642 0.5250322818756104 0
1675786906692 0.542796790599823 0
1675786906737 0.690834105014801 0
1675786906851 0.45983216166496277 0
1675786906969 0.7021530270576477 0
1675786907031 0.6971154808998108 0
1675786907082 0.5617499351501465 0
1675786907139 0.489758163690567 0
1675786907186 0.6597633361816406 0
1675786907233 0.535026490688324 0
1675786907280 0.6999088525772095 0
1675786907334 0.5264106392860413 0
1675786907391 0.5471295714378357 0
1675786907442 0.6270297169685364 0
1675786907492 0.49000275135040283 0
1675786907539 0.6340309381484985 0
1675786907588 0.6485944986343384 0
1675786907631 0.561272919178009 0
1675786907680 0.5491213798522949 0
1675786907729 0.5098437070846558 0
1675786907775 0.5827432870864868 0
1675786907825 0.5797003507614136 0
1675786907875 0.4426104426383972 0
1675786907924 0.5833630561828613 0
1675786907973 0.6373479962348938 0
1675786908022 0.6674714088439941 0
1675786908071 0.5870157480239868 0
1675786908124 0.48965442180633545 0
1675786908172 0.36470168828964233 0
1675786908220 0.625282347202301 0
1675786908266 0.46809253096580505 0
1675786908316 0.57793128490448 0
1675786908363 0.6388270258903503 0
1675786908414 0.36643218994140625 0
1675786910255 0.41464197635650635 0
1675786910308 0.6702401041984558 0
1675786910358 0.5023688077926636 0
1675786910410 0.4475924074649811 0
1675786910454 0.36827775835990906 0
1675786910496 0.5010403990745544 0
1675786910547 0.5185531377792358 0
1675786910595 0.4527781903743744 0
1675786910641 0.5846210718154907 0
1675786910695 0.6857663989067078 0
1675786910744 0.6440100073814392 0
1675786910798 0.48187413811683655 0
1675786910846 0.5036216378211975 0
1675786910904 0.30937913060188293 0
1675786910950 0.3801528513431549 0
1675786910998 0.5321671962738037 0
1675786911043 0.5736888647079468 0
1675786911093 0.45423999428749084 0
1675786911143 0.30581599473953247 0
1675786911203 0.35865530371665955 0
1675786911276 0.3611808717250824 0
1675786911335 0.7057026624679565 0
1675786911390 0.38485515117645264 0
1675786911439 0.4208795130252838 0
1675786911490 0.3779272735118866 0
1675786911540 0.37401214241981506 0
1675786911584 0.9192886352539062 0
1675786911628 0.3373473286628723 0
1675786911676 0.4720055162906647 0
1675786911729 0.4258381724357605 0
1675786911777 0.5766324400901794 0
1675786911825 0.4929921627044678 0
1675786911879 0.2770381271839142 0
1675786911929 0.4405045509338379 0
1675786911977 0.36791783571243286 0
1675786912054 0.43438929319381714 0
1675786912168 0.41775429248809814 0
1675786912257 0.438469260931015 0
1675786912313 0.5280068516731262 0
1675786912368 0.4543786346912384 0
1675786912418 0.2818732261657715 0
1675786912469 0.7827412486076355 0
1675786912518 0.3270129859447479 0
1675786912565 0.31564295291900635 0
1675786912612 0.35706257820129395 0
1675786912734 0.3276520371437073 0
1675786912800 0.3411395251750946 0
1675786912847 0.3051954507827759 0
1675786912893 0.388203501701355 0
1675786912939 0.2821097671985626 0
1675786912989 0.23305772244930267 0
1675786913047 0.40051329135894775 0
1675786913113 0.3296794593334198 0
1675786913164 0.5932608246803284 0
1675786913212 0.42379289865493774 0
1675786913261 0.25894102454185486 0
1675786913307 0.4084702432155609 0
1675786913358 0.40551549196243286 0
1675786913406 0.33493998646736145 0
1675786913447 0.22986164689064026 0
1675786913499 0.41680073738098145 0
1675786913548 0.48514848947525024 0
1675786913596 0.3693344295024872 0
1675786913644 0.4557254910469055 0
1675786913695 0.2932173013687134 0
1675786913742 0.34499624371528625 0
1675786913790 0.3108009994029999 0
1675786913839 0.36715343594551086 0
1675786913885 0.21634340286254883 0
1675786913934 0.39022085070610046 0
1675786913981 0.4600367546081543 0
1675786914036 0.21221725642681122 0
1675786914082 0.1555776596069336 0
1675786914135 0.25804758071899414 0
1675786914185 0.35998040437698364 0
1675786914227 0.43667149543762207 0
1675786914279 0.3055000901222229 0
1675786914330 0.2408723533153534 0
1675786914381 0.3854963779449463 0
1675786914429 0.41084375977516174 0
1675786914485 0.5033403038978577 0
1675786914533 0.5847023129463196 0
1675786914583 0.13655570149421692 0
1675786914634 0.09945696592330933 0
1675786914688 0.3818436563014984 0
1675786914743 0.5398797988891602 0
1675786914790 0.33998432755470276 0
1675786914839 0.6035149693489075 0
1675786914893 0.33366328477859497 0
1675786914941 0.3665793538093567 0
1675786914990 0.6119287014007568 0
1675786915036 0.15691158175468445 0
1675786915082 0.13731570541858673 0
1675786915130 0.4618041217327118 0
1675786915186 0.3040546774864197 0
1675786915230 0.4509376883506775 0
1675786915279 0.26879599690437317 0
1675786915331 0.3725539743900299 0
1675786915377 0.7149917483329773 0
1675786915427 0.2385895997285843 0
1675786917149 0.23285892605781555 0
1675786917205 0.5853992700576782 0
1675786917257 0.17756403982639313 0
1675786917348 0.12626777589321136 0
1675786917479 0.4000295102596283 0
1675786917548 0.16338315606117249 0
1675786917605 0.45235005021095276 0
1675786917652 0.14477667212486267 0
1675786917696 0.341845840215683 0
1675786917754 0.544783890247345 0
1675786917800 0.6299222111701965 0
1675786917847 0.4077172577381134 0
1675786917901 0.30466508865356445 0
1675786917946 0.10187710076570511 0
1675786917995 0.13324859738349915 0
1675786918041 0.6682687997817993 0
1675786918088 0.6581813097000122 0
1675786918145 0.16309066116809845 0
1675786918195 0.09695544838905334 0
1675786918246 0.24588866531848907 0
1675786918304 0.3520284593105316 0
1675786918353 0.6240464448928833 0
1675786918400 0.31382715702056885 0
1675786918448 0.18552489578723907 0
1675786918493 0.1484452188014984 0
1675786918548 0.34450027346611023 0
1675786918593 0.5868878960609436 0
1675786918641 0.12994948029518127 0
1675786918690 0.4805198311805725 0
1675786918737 0.13391852378845215 0
1675786918787 0.4979327917098999 0
1675786918830 0.5250423550605774 0
1675786918884 0.06760456413030624 0
1675786918939 0.10243368148803711 0
1675786918988 0.2662522494792938 0
1675786919041 0.3346518576145172 0
1675786919090 0.3254322111606598 0
1675786919139 0.43394750356674194 0
1675786919190 0.1708526313304901 0
1675786919241 0.35717281699180603 0
1675786919290 0.08512388169765472 0
1675786919346 0.4378175139427185 0
1675786919404 0.3559011220932007 0
1675786919458 0.1714174896478653 0
1675786919513 0.27338436245918274 0
1675786919563 0.12023687362670898 0
1675786919608 0.25738245248794556 0
1675786919653 0.3291991353034973 0
1675786919697 0.46117231249809265 0
1675786919742 0.09097489714622498 0
1675786919794 0.05151208117604256 0
1675786919844 0.4689267575740814 0
1675786919904 0.33612382411956787 0
1675786919949 0.6863702535629272 0
1675786920001 0.3691026270389557 0
1675786920059 0.0943140983581543 0
1675786920111 0.3847196102142334 0
1675786920163 0.42039790749549866 0
1675786920208 0.3688642084598541 0
1675786920256 0.08418794721364975 0
1675786920306 0.4298711121082306 0
1675786920356 0.6520167589187622 0
1675786920409 0.2593344748020172 0
1675786920457 0.4523046910762787 0
1675786920506 0.26210421323776245 0
1675786920555 0.28694427013397217 0
1675786920597 0.32753607630729675 0
1675786920653 0.3039490282535553 0
1675786920695 0.2256101667881012 0
1675786920745 0.41038092970848083 0
1675786920791 0.4730915427207947 0
1675786920838 0.1561436504125595 0
1675786920883 0.10973246395587921 0
1675786920930 0.2417650669813156 0
1675786920982 0.12608426809310913 0
1675786921029 0.4643022119998932 0
1675786921078 0.13951632380485535 0
1675786921129 0.21601124107837677 0
1675786921192 0.3519674241542816 0
1675786921240 0.3514740765094757 0
1675786921290 0.3865165710449219 0
1675786921336 0.5235316157341003 0
1675786921382 0.07569698244333267 0
1675786921429 0.055245526134967804 0
1675786921487 0.2901064157485962 0
1675786921535 0.4972880780696869 0
1675786921580 0.3337465226650238 0
1675786921625 0.5078171491622925 0
1675786921675 0.3317367136478424 0
1675786921728 0.3659306466579437 0
1675786921771 0.7178342342376709 0
1675786921821 0.08701135218143463 0
1675786921874 0.08026419579982758 0
1675786921922 0.4288022518157959 0
1675786921969 0.26487997174263 0
1675786922012 0.37284594774246216 0
1675786922059 0.25176337361335754 0
1675786922105 0.3132374584674835 0
1675786922162 0.3639972507953644 0
1675786922213 0.20740778744220734 0
1675786924104 0.19627752900123596 0
1675786924158 0.6299206018447876 0
1675786924215 0.22297853231430054 0
1675786924262 0.049785491079092026 0
1675786924311 0.34000149369239807 0
1675786924355 0.07714236527681351 0
1675786924403 0.4301605820655823 0
1675786924452 0.14815673232078552 0
1675786924503 0.09108103811740875 0
1675786924553 0.49269282817840576 0
1675786924599 0.5437481999397278 0
1675786924648 0.4994778037071228 0
1675786924693 0.30636411905288696 0
1675786924740 0.058039579540491104 0
1675786924781 0.066644087433815 0
1675786924829 0.7582581043243408 0
1675786924877 0.6297083497047424 0
1675786924922 0.09244423359632492 0
1675786924971 0.07563899457454681 0
1675786925018 0.19559048116207123 0
1675786925062 0.36823779344558716 0
1675786925108 0.597877025604248 0
1675786925162 0.33180689811706543 0
1675786925222 0.18471336364746094 0
1675786925272 0.10359559208154678 0
1675786925322 0.3782913088798523 0
1675786925370 0.7564246654510498 0
1675786925415 0.06641234457492828 0
1675786925463 0.49058258533477783 0
1675786925512 0.10723608732223511 0
1675786925559 0.476223886013031 0
1675786925620 0.38973069190979004 0
1675786925668 0.05772402882575989 0
1675786925712 0.15579243004322052 0
1675786925760 0.143822580575943 0
1675786925807 0.3109035789966583 0
1675786925856 0.2752596437931061 0
1675786925907 0.4178456962108612 0
1675786925959 0.1076832264661789 0
1675786926005 0.4001041650772095 0
1675786926054 0.0973736122250557 0
1675786926106 0.4006947875022888 0
1675786926163 0.318147748708725 0
1675786926214 0.16455289721488953 0
1675786926261 0.2611098289489746 0
1675786926310 0.0502384677529335 0
1675786926352 0.2614915370941162 0
1675786926398 0.24709126353263855 0
1675786926447 0.4131344258785248 0
1675786926492 0.10057777911424637 0
1675786926538 0.09931454062461853 0
1675786926583 0.39791223406791687 0
1675786926627 0.35876336693763733 0
1675786926673 0.5142775177955627 0
1675786926721 0.2893896698951721 0
1675786926770 0.07244861125946045 0
1675786926817 0.3576861619949341 0
1675786926869 0.4236985146999359 0
1675786926913 0.24632327258586884 0
1675786926961 0.04399760812520981 0
1675786927007 0.39012664556503296 0
1675786927055 0.4513769745826721 0
1675786927100 0.2900191843509674 0
1675786927155 0.4161064624786377 0
1675786927205 0.3117811977863312 0
1675786927253 0.3324013948440552 0
1675786927301 0.4430893659591675 0
1675786927345 0.26940515637397766 0
1675786927392 0.056667111814022064 0
1675786927445 0.3993198275566101 0
1675786927488 0.38497257232666016 0
1675786927539 0.13389769196510315 0
1675786927584 0.07767210900783539 0
1675786927630 0.22913116216659546 0
1675786927680 0.09041518718004227 0
1675786927730 0.4008883237838745 0
1675786927804 0.10430599749088287 0
1675786927913 0.1909027248620987 0
1675786928004 0.3529844582080841 0
1675786928057 0.2738897502422333 0
1675786928123 0.45351630449295044 0
1675786928190 0.3572658896446228 0
1675786928240 0.10188869386911392 0
1675786928287 0.01971134915947914 0
1675786928330 0.24510397017002106 0
1675786928377 0.46467071771621704 0
1675786928431 0.3193312883377075 0
1675786928477 0.484844833612442 0
1675786928675 0.4413672089576721 0
1675786928730 0.2722710072994232 0
1675786928785 0.6804040670394897 0
1675786928843 0.052481960505247116 0
1675786928897 0.038401078432798386 0
1675786928962 0.35377204418182373 0
1675786929027 0.2183961719274521 0
1675786929094 0.3817896246910095 0
1675786929163 0.2294768989086151 0
1675786929234 0.27859658002853394 0
1675786929300 0.4080173075199127 0
1675786929356 0.22063510119915009 0
1675786931018 0.217851459980011 0
1675786931075 0.6042273640632629 0
1675786931129 0.07369112968444824 0
1675786931180 0.045227859169244766 0
1675786931235 0.2949361801147461 0
1675786931285 0.02745787240564823 0
1675786931330 0.36927834153175354 0
1675786931377 0.02384413406252861 0
1675786931425 0.05087309330701828 0
1675786931473 0.4473336637020111 0
1675786931525 0.5168424248695374 0
1675786931573 0.463246613740921 0
1675786931617 0.22742332518100739 0
1675786931662 0.05250801891088486 0
1675786931705 0.04946628957986832 0
1675786931756 0.4888724684715271 0
1675786931809 0.5186049938201904 0
1675786931858 0.04502810165286064 0
1675786931907 0.047422558069229126 0
1675786931952 0.152429461479187 0
1675786932005 0.2830812931060791 0
1675786932214 0.5968989729881287 0
1675786932259 0.3495493233203888 0
1675786932309 0.14206737279891968 0
1675786932355 0.07323472946882248 0
1675786932404 0.35588470101356506 0
1675786932454 0.6027148365974426 0
1675786932496 0.03410104662179947 0
1675786932543 0.47699201107025146 0
1675786932588 0.06940314173698425 0
1675786932635 0.3967514932155609 0
1675786932680 0.4354097247123718 0
1675786932729 0.003667591605335474 0
1675786932776 0.03472178056836128 0
1675786932822 0.06778386235237122 0
1675786932872 0.27879199385643005 0
1675786932923 0.19031162559986115 0
1675786932977 0.3421626389026642 0
1675786933028 0.11000607162714005 0
1675786933131 0.28942441940307617 0
1675786933245 0.003182134125381708 0
1675786933309 0.36063486337661743 0
1675786933367 0.33995312452316284 0
1675786933431 0.13817335665225983 0
1675786933476 0.4101127088069916 0
1675786933531 0.0011133735533803701 0
1675786933583 0.2829732298851013 0
1675786933628 0.2496630996465683 0
1675786933680 0.28182515501976013 0
1675786933736 0.022889267653226852 0
1675786933788 0.02865837886929512 0
1675786933836 0.35170072317123413 0
1675786933887 0.42915597558021545 0
1675786933936 0.499726802110672 0
1675786933988 0.25327032804489136 0
1675786934038 0.04886632412672043 0
1675786934102 0.3144697844982147 0
1675786934159 0.4048328101634979 0
1675786934223 0.5295169949531555 0
1675786934269 0.023556772619485855 0
1675786934315 0.408251017332077 0
1675786934359 0.39870598912239075 0
1675786934405 0.22637847065925598 0
1675786934454 0.3982335925102234 0
1675786934511 0.22759978473186493 0
1675786934554 0.27203369140625 0
1675786934603 0.34970125555992126 0
1675786934649 0.33002784848213196 0
1675786934691 0.04301881045103073 0
1675786934745 0.4106293022632599 0
1675786934795 0.6635288000106812 0
1675786934842 0.09769867360591888 0
1675786934889 0.07902269810438156 0
1675786934938 0.23548506200313568 0
1675786934986 0.09337932616472244 0
1675786935041 0.4146413803100586 0
1675786935088 0.03407081216573715 0
1675786935138 0.2029450684785843 0
1675786935189 0.3871866762638092 0
1675786935241 0.24407604336738586 0
1675786935292 0.3870024085044861 0
1675786935334 0.3667011260986328 0
1675786935381 0.034616172313690186 0
1675786935428 0.05025847256183624 0
1675786935478 0.20119844377040863 0
1675786935524 0.434895396232605 0
1675786935573 0.20372745394706726 0
1675786935614 0.4075007736682892 0
1675786935662 0.3219144642353058 0
1675786935709 0.21883392333984375 0
1675786935760 0.4575824737548828 0
1675786935803 0.018609916791319847 0
1675786935853 0.009234421886503696 0
1675786935899 0.353527307510376 0
1675786935952 0.2563670873641968 0
1675786936001 0.387698769569397 0
1675786936057 0.23798736929893494 0
1675786936125 0.1907750815153122 0
1675786936184 0.28368550539016724 0
1675786936231 0.1702767163515091 0
1675786937927 0.2745846211910248 0
1675786937979 0.6756947636604309 0
1675786938029 0.035718921571969986 0
1675786938077 0.009423363022506237 0
1675786938128 0.31822800636291504 0
1675786938185 0.0162732545286417 0
1675786938243 0.35241469740867615 0
1675786938287 0.07016603648662567 0
1675786938393 0.2229410856962204 0
1675786938502 0.3955560326576233 0
1675786938557 0.4412528872489929 0
1675786938609 0.42398568987846375 0
1675786938662 0.22097811102867126 0
1675786938710 0.015098708681762218 0
1675786938755 0.00576022919267416 0
1675786938807 0.4766903519630432 0
1675786938852 0.559324324131012 0
1675786938908 0.007058392278850079 0
1675786938961 0.011914364993572235 0
1675786939004 0.14828230440616608 0
1675786939056 0.3465353846549988 0
1675786939108 0.5185492634773254 0
1675786939157 0.5683086514472961 0
1675786939211 0.148188054561615 0
1675786939261 0.006390789058059454 0
1675786939309 0.3205975890159607 0
1675786939358 0.4680580496788025 0
1675786939407 0.020995598286390305 0
1675786939460 0.44627082347869873 0
1675786939513 0.003621205221861601 0
1675786939562 0.31868842244148254 0
1675786939605 0.42647257447242737 0
1675786939662 0.14258672297000885 0
1675786939718 0.12219728529453278 0
1675786939769 0.019722020253539085 0
1675786939819 0.2665891945362091 0
1675786939867 0.24025219678878784 0
1675786939921 0.27732139825820923 0
1675786939970 0.002458390314131975 0
1675786940022 0.280699223279953 0
1675786940068 0.002630269853398204 0
1675786940124 0.32633718848228455 0
1675786940184 0.29266157746315 0
1675786940229 0.10463038086891174 0
1675786940280 0.2565823793411255 0
1675786940336 0.004937854595482349 0
1675786940387 0.22256526350975037 0
1675786940441 0.27276575565338135 0
1675786940486 0.32205045223236084 0
1675786940535 0.008473101072013378 0
1675786940584 0.004919498227536678 0
1675786940631 0.3384660482406616 0
1675786940686 0.6358933448791504 0
1675786940734 0.5355802774429321 0
1675786940779 0.2670849859714508 0
1675786940828 0.04425729066133499 0
1675786940875 0.28672271966934204 0
1675786940925 0.32805415987968445 0
1675786940971 0.3454746901988983 0
1675786941025 0.04730873927474022 0
1675786941081 0.3226296007633209 0
1675786941130 0.4185802936553955 0
1675786941186 0.25818026065826416 0
1675786941233 0.3826223909854889 0
1675786941308 0.2572840452194214 0
1675786941366 0.21389509737491608 0
1675786941412 0.30230653285980225 0
1675786941464 0.26724979281425476 0
1675786941511 0.010620055720210075 0
1675786941573 0.3324294984340668 0
1675786941631 0.43382197618484497 0
1675786941672 0.025444597005844116 0
1675786941720 0.024705247953534126 0
1675786941768 0.2154126912355423 0
1675786941814 0.04266154021024704 0
1675786941858 0.36290472745895386 0
1675786941904 0.001506381668150425 0
1675786941959 0.23397138714790344 0
1675786942005 0.3512476086616516 0
1675786942051 0.20715709030628204 0
1675786942100 0.40654686093330383 0
1675786942154 0.31029176712036133 0
1675786942206 0.017519591376185417 0
1675786942251 0.012290786020457745 0
1675786942294 0.16521981358528137 0
1675786942353 0.42812931537628174 0
1675786942403 0.3592216670513153 0
1675786942454 0.38504281640052795 0
1675786942510 0.38018539547920227 0
1675786942558 0.2026137113571167 0
1675786942605 0.4520232081413269 0
1675786942650 0.022919178009033203 0
1675786942694 0.038675107061862946 0
1675786942745 0.3270876109600067 0
1675786942792 0.23635481297969818 0
1675786942840 0.2871841788291931 0
1675786942887 0.22953949868679047 0
1675786942935 0.17013806104660034 0
1675786942981 0.39634713530540466 0
1675786943034 0.2027372419834137 0
1675786944861 0.2218807339668274 0
1675786944916 0.5389079451560974 0
1675786944968 0.0028887807857245207 0
1675786945016 0.007017596159130335 0
1675786945062 0.2895332872867584 0
1675786945109 0.0035147755406796932 0
1675786945159 0.2570400834083557 0
1675786945209 0.017702709883451462 0
1675786945255 0.0013735047541558743 0
1675786945308 0.38412463665008545 0
1675786945359 0.4095088243484497 0
1675786945409 0.38769668340682983 0
1675786945457 0.2115822285413742 0
1675786945499 0.10044921189546585 0
1675786945545 0.05305691808462143 0
1675786945593 0.4657805263996124 0
1675786945642 0.4859923720359802 0
1675786945685 0.18000029027462006 0
1675786945728 0.0037700519897043705 0
1675786945786 0.11362398415803909 0
1675786945841 0.316267192363739 0
1675786945894 0.4990083575248718 0
1675786945951 0.2659478485584259 0
1675786946001 0.1374165564775467 0
1675786946045 0.00282961199991405 0
1675786946095 0.32620784640312195 0
1675786946148 0.4745500087738037 0
1675786946205 0.06257006525993347 0
1675786946254 0.45663154125213623 0
1675786946303 0.0004448458494152874 0
1675786946350 0.3196379542350769 0
1675786946395 0.3744658827781677 0
1675786946448 0.0039986129850149155 0
1675786946501 0.0147565808147192 0
1675786946546 0.0654471218585968 0
1675786946592 0.18677562475204468 0
1675786946640 0.18896743655204773 0
1675786946690 0.2866724133491516 0
1675786946743 0.015114670619368553 0
1675786946788 0.277569055557251 0
1675786946835 0.004325324669480324 0
1675786946880 0.28295332193374634 0
1675786946933 0.328256756067276 0
1675786946983 0.09118293225765228 0
1675786947036 0.3086209297180176 0
1675786947078 1.8239124983665533e-06 0
1675786947135 0.20849640667438507 0
1675786947189 0.2100859433412552 0
1675786947242 0.23762300610542297 0
1675786947291 0.04352553188800812 0
1675786947338 0.00029168222681619227 0
1675786947386 0.3727833032608032 0
1675786947434 0.3948141038417816 0
1675786947479 0.5350947976112366 0
1675786947526 0.2000172734260559 0
1675786947588 0.00013005046639591455 0
1675786947639 0.2860131859779358 0
1675786947685 0.27558520436286926 0
1675786947732 0.2040647566318512 0
1675786947774 0.00022789210197515786 0
1675786947828 0.35308000445365906 0
1675786947877 0.407809317111969 0
1675786947920 0.19330371916294098 0
1675786947972 0.30170589685440063 0
1675786948026 0.24137139320373535 0
1675786948071 0.24939203262329102 0
1675786948118 0.293221652507782 0
1675786948173 0.2836468517780304 0
1675786948219 0.0006814986118115485 0
1675786948269 0.3490353524684906 0
1675786948312 0.295754611492157 0
1675786948360 0.0007085028337314725 0
1675786948408 0.012327932752668858 0
1675786948461 0.17620141804218292 0
1675786948513 0.007804977707564831 0
1675786948560 0.35039108991622925 0
1675786948607 0.029591703787446022 0
1675786948657 0.1583670973777771 0
1675786948707 0.2536114752292633 0
1675786948755 0.17057861387729645 0
1675786948842 0.35284221172332764 0
1675786948949 0.3601497709751129 0
1675786949029 0.0033744715619832277 0
1675786949086 0.030176673084497452 0
1675786949143 0.18148115277290344 0
1675786949201 0.3790486752986908 0
1675786949252 0.218888521194458 0
1675786949303 0.3415420949459076 0
1675786949354 0.3336434066295624 0
1675786949447 0.15272057056427002 0
1675786949615 0.45527413487434387 0
1675786949680 0.007209709379822016 0
1675786949741 0.00031215412309393287 0
1675786949807 0.24606353044509888 0
1675786949876 0.24660703539848328 0
1675786949934 0.1847783625125885 0
1675786950001 0.20960785448551178 0
1675786950059 0.2009422481060028 0
1675786950124 0.34406495094299316 0
1675786950172 0.18884821236133575 0
1675786951839 0.15839998424053192 0
1675786951893 0.633001446723938 0
1675786951940 0.006749037187546492 0
1675786951988 0.0024497832637280226 0
1675786952034 0.2557820975780487 0
1675786952083 0.0008211330277845263 0
1675786952133 0.27860552072525024 0
1675786952197 0.009002307429909706 0
1675786952241 0.006384767591953278 0
1675786952308 0.3739847242832184 0
1675786952362 0.3994828462600708 0
1675786952411 0.28912240266799927 0
1675786952458 0.2295820713043213 0
1675786952506 0.0013409097446128726 0
1675786952551 0.0005812814342789352 0
1675786952605 0.3779158592224121 0
1675786952653 0.5891619920730591 0
1675786952710 0.005483765620738268 0
1675786952759 0.002715067006647587 0
1675786952814 0.18076755106449127 0
1675786952864 0.2790640890598297 0
1675786952912 0.47386038303375244 0
1675786952961 0.21834945678710938 0
1675786953010 0.10408781468868256 0
1675786953058 0.0007525511318817735 0
1675786953107 0.32013991475105286 0
1675786953165 0.4271923303604126 0
1675786953209 0.00033766182605177164 0
1675786953266 0.4439909756183624 0
1675786953312 0.000286970695015043 0
1675786953364 0.30657556653022766 0
1675786953420 0.3671337366104126 0
1675786953472 0.00161181075964123 0
1675786953516 5.1329698180779815e-05 0
1675786953566 0.022415654733777046 0
1675786953609 0.26044148206710815 0
1675786953661 0.17040757834911346 0
1675786953709 0.27710607647895813 0
1675786953758 0.00020616738765966147 0
1675786953807 0.21848289668560028 0
1675786953856 0.012193113565444946 0
1675786953908 0.25608861446380615 0
1675786954000 0.2960801422595978 0
1675786954129 0.0817461907863617 0
1675786954248 0.26792728900909424 0
1675786954313 8.738285032450221e-06 0
1675786954368 0.2409939467906952 0
1675786954425 0.2262987345457077 0
1675786954471 0.2566029131412506 0
1675786954534 0.00032996281515806913 0
1675786954584 0.0003932588442694396 0
1675786954647 0.2761801481246948 0
1675786954702 0.34889283776283264 0
1675786954772 0.4517163932323456 0
1675786954828 0.19021983444690704 0
1675786954878 4.972842725692317e-05 0
1675786954930 0.26190754771232605 0
1675786954978 0.30987754464149475 0
1675786955023 0.13610179722309113 0
1675786955072 3.0283170417533256e-05 0
1675786955138 0.3535628318786621 0
1675786955188 0.32006701827049255 0
1675786955237 0.15061591565608978 0
1675786955286 0.3013829290866852 0
1675786955336 0.5018672943115234 0
1675786955384 0.21656888723373413 0
1675786955439 0.21209195256233215 0
1675786955491 0.2723257541656494 0
1675786955540 0.007120294962078333 0
1675786955588 0.2905903458595276 0
1675786955633 0.2221476137638092 0
1675786955677 4.3610114516923204e-05 0
1675786955725 0.08130712062120438 0
1675786955774 0.1642150729894638 0
1675786955832 0.0023974464274942875 0
1675786955876 0.32038694620132446 0
1675786955927 0.000315227109240368 0
1675786955982 0.1367979198694229 0
1675786956037 0.2530596852302551 0
1675786956088 0.24220527708530426 0
1675786956145 0.35730233788490295 0
1675786956200 0.3993557095527649 0
1675786956243 0.006962811108678579 0
1675786956299 0.017687657848000526 0
1675786956343 0.17182643711566925 0
1675786956392 0.40065351128578186 0
1675786956440 0.18710564076900482 0
1675786956488 0.2343471348285675 0
1675786956541 0.3403241038322449 0
1675786956591 0.18351364135742188 0
1675786956642 0.45467159152030945 0
1675786956693 0.0010335866827517748 0
1675786956750 0.07318858057260513 0
1675786956797 0.24721592664718628 0
1675786956844 0.21931011974811554 0
1675786956903 0.17813488841056824 0
1675786956951 0.20043988525867462 0
1675786957001 0.17075854539871216 0
1675786957050 0.1902921497821808 0
1675786957101 0.15765300393104553 0
