1675601470696 0.7276909947395325 0
1675601470945 0.6991707682609558 0
1675601471190 0.6833847165107727 0
1675601471410 0.6662408113479614 0
1675601471632 0.6510938405990601 0
1675601471853 0.6388055682182312 0
1675601472102 0.6247416138648987 0
1675601472377 0.6149095296859741 0
1675601472662 0.6004095673561096 0
1675601472919 0.5971786975860596 0
1675601473192 0.5902217626571655 0
1675601473438 0.583623468875885 0
1675601473707 0.5764018893241882 0
1675601473930 0.5719452500343323 0
1675601474118 0.5718773603439331 0
1675601474353 0.5629265308380127 0
1675601474560 0.5601927042007446 0
1675601474769 0.5577807426452637 0
1675601474994 0.5494971871376038 0
1675601475204 0.5498816967010498 0
1675601475436 0.5444034337997437 0
1675601475665 0.5439274311065674 0
1675601475888 0.5424675345420837 0
1675601476206 0.5305074453353882 0
1675601476478 0.5327968001365662 0
1675601476730 0.5301767587661743 0
1675601476967 0.5270125269889832 0
1675601477221 0.5275375247001648 0
1675601477461 0.5243237614631653 0
1675601477666 0.526371955871582 0
1675601477911 0.5158448815345764 0
1675601478172 0.5136688947677612 0
1675601478402 0.5153588056564331 0
1675601478605 0.5205627679824829 0
1675601478820 0.5154794454574585 0
1675601479081 0.5071831345558167 0
1675601479333 0.5070620775222778 0
1675601479536 0.5133947730064392 0
1675601479765 0.5088641047477722 0
1675601479969 0.510360598564148 0
1675601480174 0.5103533267974854 0
1675601480410 0.5032391548156738 0
1675601480627 0.5053511261940002 0
1675601480838 0.508027970790863 0
1675601481045 0.5076000094413757 0
1675601481265 0.502721905708313 0
1675601481477 0.5044652223587036 0
1675601481721 0.4985736012458801 0
1675601481924 0.5061743259429932 0
1675601482139 0.5019254684448242 0
1675601482372 0.500943124294281 0
1675601482576 0.5018711686134338 0
1675601482772 0.5014834403991699 0
1675601482985 0.49806270003318787 0
1675601483232 0.4909036159515381 0
1675601483442 0.4982069134712219 0
1675601483643 0.498229056596756 0
1675601483879 0.4952753186225891 0
1675601484089 0.4960036277770996 0
1675601484309 0.4934179484844208 0
1675601484535 0.4927016794681549 0
1675601484738 0.4961005449295044 0
1675601484954 0.4934026598930359 0
1675601485156 0.49649232625961304 0
1675601485374 0.495292991399765 0
1675601485582 0.4943349063396454 0
1675601485809 0.4910321533679962 0
1675601486030 0.4896896183490753 0
1675601486246 0.4906008541584015 0
1675601486473 0.48810315132141113 0
1675601486691 0.49067920446395874 0
1675601486903 0.4910098612308502 0
1675601487103 0.4912717044353485 0
1675601487316 0.4914309084415436 0
1675601487535 0.4889025092124939 0
1675601487761 0.4840269684791565 0
1675601487970 0.49068522453308105 0
1675601488181 0.48949936032295227 0
1675601488381 0.48928335309028625 0
1675601488583 0.4902280569076538 0
1675601488797 0.4880959391593933 0
1675601489004 0.4887610077857971 0
1675601489215 0.4871629774570465 0
1675601489446 0.48572075366973877 0
1675601489683 0.48196324706077576 0
1675601489888 0.48648586869239807 0
1675601490110 0.48426124453544617 0
1675601490331 0.4840392470359802 0
1675601490526 0.49025702476501465 0
1675601490720 0.4888577461242676 0
1675601490948 0.48185911774635315 0
1675601491155 0.48586270213127136 0
1675601491369 0.48720309138298035 0
1675601491591 0.48522648215293884 0
1675601491806 0.4893021285533905 0
1675601492046 0.4781130850315094 0
1675601492261 0.4823586940765381 0
1675601492464 0.48514944314956665 0
1675601492666 0.4856392443180084 0
1675601492876 0.4846801459789276 0
1675601493071 0.485382616519928 0
1675601493315 0.4740723669528961 0
1675601493543 0.4826366901397705 0
1675601493739 0.4844004809856415 0
1675601493974 0.4750834107398987 0
1675601494184 0.48034971952438354 0
1675601494397 0.4784650206565857 0
1675601494588 0.48433178663253784 0
1675601494804 0.48023831844329834 0
1675601494997 0.48425930738449097 0
1675601495199 0.48037898540496826 0
1675601495413 0.47884851694107056 0
1675601495639 0.47456037998199463 0
1675601495858 0.47644054889678955 0
1675601496076 0.47682154178619385 0
1675601496300 0.4752592444419861 0
1675601496522 0.4771246314048767 0
1675601496761 0.47311681509017944 0
1675601496960 0.48013943433761597 0
1675601497171 0.47898441553115845 0
1675601497429 0.47008681297302246 0
1675601497656 0.4767983853816986 0
1675601497862 0.47836998105049133 0
1675601498096 0.4707867503166199 0
1675601498301 0.479179710149765 0
1675601498528 0.47504374384880066 0
1675601498741 0.4757218360900879 0
1675601498935 0.4791116714477539 0
1675601499145 0.47671252489089966 0
1675601499391 0.46868303418159485 0
1675601499620 0.47519463300704956 0
1675601499830 0.4744335412979126 0
1675601500044 0.47315213084220886 0
1675601500221 0.483602911233902 0
1675601500453 0.47339800000190735 0
1675601500649 0.4791567623615265 0
1675601500903 0.46802425384521484 0
1675601501131 0.47290176153182983 0
1675601501341 0.476209819316864 0
1675601501546 0.47639819979667664 0
1675601501771 0.47344282269477844 0
1675601501994 0.47373923659324646 0
1675601502192 0.47817662358283997 0
1675601502415 0.4726965129375458 0
1675601502635 0.4707450866699219 0
1675601502887 0.4675683081150055 0
1675601503082 0.4790879189968109 0
1675601503297 0.4721003770828247 0
1675601503518 0.47148406505584717 0
1675601503725 0.4747142195701599 0
1675601503938 0.4729917645454407 0
1675601504130 0.47867536544799805 0
1675601504363 0.47046130895614624 0
1675601504576 0.4748099446296692 0
1675601504805 0.4694235324859619 0
1675601505029 0.4689755141735077 0
1675601505243 0.47079113125801086 0
1675601506696 0.47110259532928467 0
1675601506933 0.47029852867126465 0
1675601507156 0.4707382321357727 0
1675601507373 0.4764799177646637 0
1675601507612 0.47085216641426086 0
1675601507807 0.4791749119758606 0
1675601508023 0.47138097882270813 0
1675601508241 0.4721830487251282 0
1675601508484 0.46599528193473816 0
1675601508716 0.4673736095428467 0
1675601508925 0.47362178564071655 0
1675601509179 0.46635469794273376 0
1675601509393 0.47345560789108276 0
1675601509675 0.4598332643508911 0
1675601509895 0.4760887622833252 0
1675601510086 0.47984588146209717 0
1675601510343 0.4616106152534485 0
1675601510572 0.4697660505771637 0
1675601510787 0.4710429012775421 0
1675601510984 0.4758298695087433 0
1675601511200 0.47199177742004395 0
1675601511403 0.4739111661911011 0
1675601511587 0.4789091646671295 0
1675601511819 0.4681483805179596 0
1675601512029 0.4733206331729889 0
1675601512265 0.46895653009414673 0
1675601512458 0.4781758189201355 0
1675601512675 0.47016236186027527 0
1675601512898 0.4700752794742584 0
1675601513115 0.4703315198421478 0
1675601513326 0.4712173342704773 0
1675601513533 0.4742903709411621 0
1675601513749 0.4708213806152344 0
1675601513985 0.46775978803634644 0
1675601514199 0.4711400270462036 0
1675601514419 0.46923476457595825 0
1675601514640 0.4694925844669342 0
1675601514869 0.4682418406009674 0
1675601515075 0.4746733605861664 0
1675601515305 0.46837326884269714 0
1675601515543 0.4654931128025055 0
1675601515758 0.46948477625846863 0
1675601515970 0.4722468852996826 0
1675601516200 0.46511223912239075 0
1675601516394 0.4782247245311737 0
1675601516623 0.4671136736869812 0
1675601516865 0.4690403342247009 0
1675601517092 0.46721404790878296 0
1675601517340 0.46657249331474304 0
1675601517565 0.46975207328796387 0
1675601517762 0.4753953516483307 0
1675601517986 0.4670700132846832 0
1675601518191 0.4726043939590454 0
1675601518420 0.46666911244392395 0
1675601518638 0.46633777022361755 0
1675601518854 0.47000768780708313 0
1675601519101 0.46470919251441956 0
1675601519338 0.46333083510398865 0
1675601519545 0.47125205397605896 0
1675601519752 0.47285521030426025 0
1675601520007 0.46578508615493774 0
1675601520228 0.47007545828819275 0
1675601520438 0.47466519474983215 0
1675601520666 0.46542859077453613 0
1675601520902 0.4650436341762543 0
1675601521122 0.4699839949607849 0
1675601521345 0.469752699136734 0
1675601521584 0.46832168102264404 0
1675601521813 0.4709565043449402 0
1675601522116 0.4609915316104889 0
1675601522349 0.47067782282829285 0
1675601522568 0.4687258303165436 0
1675601522806 0.4602437913417816 0
1675601523042 0.46640855073928833 0
1675601523250 0.47351378202438354 0
1675601523485 0.46558719873428345 0
1675601523705 0.46950066089630127 0
1675601523948 0.46485814452171326 0
1675601524176 0.46872398257255554 0
1675601524411 0.4637320339679718 0
1675601524650 0.4651280641555786 0
1675601524870 0.46924784779548645 0
1675601525059 0.4779268503189087 0
1675601525294 0.470653235912323 0
1675601525523 0.4695349931716919 0
1675601525753 0.4685223698616028 0
1675601525973 0.4691833257675171 0
1675601526251 0.46500077843666077 0
1675601526512 0.4646555185317993 0
1675601526748 0.4644903540611267 0
1675601526980 0.46537208557128906 0
1675601527204 0.46536487340927124 0
1675601527460 0.46662232279777527 0
1675601527695 0.4639005959033966 0
1675601527927 0.4677046239376068 0
1675601528144 0.4674835503101349 0
1675601528340 0.4734618365764618 0
1675601528586 0.4610869884490967 0
1675601528781 0.4729263484477997 0
1675601528984 0.4699653685092926 0
1675601529184 0.4723835587501526 0
1675601529410 0.46668514609336853 0
1675601529639 0.4659493863582611 0
1675601529876 0.4650909900665283 0
1675601530073 0.47201499342918396 0
1675601530309 0.46580469608306885 0
1675601530533 0.46517810225486755 0
1675601530768 0.4631158709526062 0
1675601530978 0.46881482005119324 0
1675601531215 0.4627998471260071 0
1675601531460 0.4601060152053833 0
1675601531660 0.4741625189781189 0
1675601531878 0.4673435389995575 0
1675601532100 0.46855461597442627 0
1675601532376 0.45538392663002014 0
1675601532646 0.46125930547714233 0
1675601532886 0.4587705135345459 0
1675601533106 0.46817687153816223 0
1675601533326 0.4716135561466217 0
1675601533572 0.4625374972820282 0
1675601533836 0.46103960275650024 0
1675601534043 0.4694671630859375 0
1675601534250 0.4705927073955536 0
1675601534460 0.46807152032852173 0
1675601534676 0.4694264233112335 0
1675601534900 0.46589818596839905 0
1675601535110 0.47019484639167786 0
1675601535343 0.46354082226753235 0
1675601535570 0.46463605761528015 0
1675601535808 0.46209102869033813 0
1675601536046 0.4589008688926697 0
1675601536262 0.47286930680274963 0
1675601536499 0.4651126563549042 0
1675601536748 0.4651019275188446 0
1675601536980 0.46539992094039917 0
1675601537223 0.4663807451725006 0
1675601537458 0.4700499176979065 0
1675601537718 0.454532653093338 0
1675601537936 0.46754786372184753 0
1675601538184 0.4597768485546112 0
1675601538418 0.4642215073108673 0
1675601538660 0.4601474106311798 0
1675601538869 0.47117123007774353 0
1675601539098 0.4631090462207794 0
1675601539310 0.46794188022613525 0
1675601539540 0.4633967876434326 0
1675601539754 0.4699743092060089 0
1675601539957 0.4681578278541565 0
1675601540186 0.4658755958080292 0
1675601540400 0.46829304099082947 0
1675601540659 0.45682042837142944 0
1675601540878 0.46768438816070557 0
1675601541093 0.4656045436859131 0
1675601541343 0.46056124567985535 0
1675601541568 0.4656102955341339 0
1675601541807 0.462913453578949 0
1675601542032 0.4675028324127197 0
1675601543522 0.47225502133369446 0
1675601543746 0.4669455289840698 0
1675601543983 0.4647793471813202 0
1675601544236 0.46321550011634827 0
1675601544454 0.4688916802406311 0
1675601544693 0.46295857429504395 0
1675601544947 0.46117135882377625 0
1675601545186 0.4623587429523468 0
1675601545403 0.4663573205471039 0
1675601545636 0.46566930413246155 0
1675601545871 0.46731194853782654 0
1675601546095 0.4648151397705078 0
1675601546303 0.4676746726036072 0
1675601546551 0.46121615171432495 0
1675601546787 0.46186643838882446 0
1675601547030 0.46094241738319397 0
1675601547269 0.4634697437286377 0
1675601547503 0.4650445580482483 0
1675601547771 0.4590193033218384 0
1675601548002 0.46534428000450134 0
1675601548217 0.4711177349090576 0
1675601548479 0.4678349494934082 0
1675601548712 0.46421781182289124 0
1675601548931 0.4657636284828186 0
1675601549144 0.46563369035720825 0
1675601549358 0.4663117527961731 0
1675601549570 0.46777430176734924 0
1675601549812 0.46191510558128357 0
1675601550030 0.4713019132614136 0
1675601550253 0.4650118350982666 0
1675601550470 0.4674764573574066 0
1675601550701 0.4635136127471924 0
1675601550932 0.4629914164543152 0
1675601551144 0.46720337867736816 0
1675601551410 0.4594973921775818 0
1675601551680 0.4575817286968231 0
1675601551930 0.4633325934410095 0
1675601552171 0.46235305070877075 0
1675601552379 0.46914154291152954 0
1675601552621 0.46390068531036377 0
1675601552847 0.46409133076667786 0
1675601553086 0.4620925784111023 0
1675601553322 0.4640990197658539 0
1675601553557 0.4608302116394043 0
1675601553795 0.4601151943206787 0
1675601554017 0.4648154079914093 0
1675601554218 0.46876221895217896 0
1675601554418 0.46992769837379456 0
1675601554663 0.4615185558795929 0
1675601554863 0.47221770882606506 0
1675601555106 0.4586317837238312 0
1675601555312 0.4680279493331909 0
1675601555540 0.46747514605522156 0
1675601555739 0.46929800510406494 0
1675601555946 0.46888864040374756 0
1675601556166 0.46285659074783325 0
1675601556380 0.46642881631851196 0
1675601556604 0.46479514241218567 0
1675601556816 0.4660993814468384 0
1675601557029 0.46682703495025635 0
1675601557290 0.4609268009662628 0
1675601557529 0.46080517768859863 0
1675601557755 0.46298569440841675 0
1675601557999 0.4601864218711853 0
1675601558238 0.45852914452552795 0
1675601558471 0.46340411901474 0
1675601558669 0.46979624032974243 0
1675601558868 0.46948692202568054 0
1675601559089 0.46738922595977783 0
1675601559331 0.4599241316318512 0
1675601559570 0.46092626452445984 0
1675601559809 0.4658515453338623 0
1675601560037 0.46488845348358154 0
1675601560258 0.4639763832092285 0
1675601560480 0.46584707498550415 0
1675601560693 0.46714526414871216 0
1675601560877 0.4751426577568054 0
1675601561109 0.46094733476638794 0
1675601561366 0.4554041922092438 0
1675601561611 0.4592798948287964 0
1675601561847 0.46391260623931885 0
1675601562068 0.4662925899028778 0
1675601562316 0.45628947019577026 0
1675601562550 0.46007248759269714 0
1675601562778 0.46312928199768066 0
1675601562984 0.46699556708335876 0
1675601563202 0.46620914340019226 0
1675601563427 0.46244674921035767 0
1675601563653 0.4638447165489197 0
1675601563883 0.46139630675315857 0
1675601564114 0.4609522819519043 0
1675601564346 0.46206405758857727 0
1675601564595 0.45917555689811707 0
1675601564833 0.4662773311138153 0
1675601565057 0.4654012620449066 0
1675601565281 0.4617097079753876 0
1675601565477 0.47010716795921326 0
1675601565684 0.4670405983924866 0
1675601565921 0.4646814167499542 0
1675601566147 0.4617152512073517 0
1675601566406 0.4632241427898407 0
1675601566654 0.46314212679862976 0
1675601566905 0.46105778217315674 0
1675601567145 0.4613768756389618 0
1675601567413 0.45904970169067383 0
1675601567699 0.45710840821266174 0
1675601567913 0.4644930362701416 0
1675601568129 0.4654288589954376 0
1675601568349 0.47101840376853943 0
1675601568610 0.4553588926792145 0
1675601568836 0.46289724111557007 0
1675601569091 0.4602341949939728 0
1675601569303 0.4684867858886719 0
1675601569539 0.46367549896240234 0
1675601569783 0.4635341167449951 0
1675601570002 0.46317437291145325 0
1675601570245 0.4548320174217224 0
1675601570502 0.45519107580184937 0
1675601570760 0.4557841718196869 0
1675601570999 0.46443814039230347 0
1675601571239 0.46436479687690735 0
1675601571514 0.46376335620880127 0
1675601571747 0.47142264246940613 0
1675601571959 0.4735347330570221 0
1675601572181 0.46987950801849365 0
1675601572410 0.46818140149116516 0
1675601572683 0.4589948058128357 0
1675601572962 0.4550398886203766 0
1675601573196 0.46633899211883545 0
1675601573425 0.46526211500167847 0
1675601573695 0.4674322009086609 0
1675601573941 0.46296489238739014 0
1675601574186 0.4617648124694824 0
1675601574416 0.46548089385032654 0
1675601574684 0.4605008065700531 0
1675601574941 0.45958319306373596 0
1675601575186 0.4625345468521118 0
1675601575437 0.463833749294281 0
1675601575682 0.46818944811820984 0
1675601575925 0.4636964201927185 0
1675601576209 0.4612986147403717 0
1675601576499 0.46203529834747314 0
1675601576783 0.4605906307697296 0
1675601577063 0.46322596073150635 0
1675601577307 0.46514892578125 0
1675601577542 0.46771058440208435 0
1675601577824 0.4585481584072113 0
1675601578060 0.46295273303985596 0
1675601578317 0.45663130283355713 0
1675601578528 0.4651423990726471 0
1675601578731 0.47278153896331787 0
1675601578935 0.4691608250141144 0
1675601579168 0.4600165784358978 0
1675601579370 0.4684157073497772 0
1675601579569 0.4694366455078125 0
1675601579796 0.46709150075912476 0
1675601580160 0.4584572911262512 0
1675601581870 0.46046075224876404 0
1675601582174 0.4618915319442749 0
1675601582438 0.4641914367675781 0
1675601582737 0.46314430236816406 0
1675601582945 0.47072920203208923 0
1675601583168 0.4644201993942261 0
1675601583477 0.45852023363113403 0
1675601583714 0.46129941940307617 0
1675601583921 0.4673961400985718 0
1675601584211 0.457592636346817 0
1675601584467 0.4612436592578888 0
1675601584704 0.465257465839386 0
1675601584944 0.4626070559024811 0
1675601585177 0.4692148268222809 0
1675601585449 0.4556906521320343 0
1675601585690 0.46417689323425293 0
1675601585942 0.4602507948875427 0
1675601586217 0.4658817648887634 0
1675601586446 0.4676329791545868 0
1675601586692 0.46311765909194946 0
1675601586933 0.4624875485897064 0
1675601587190 0.46250542998313904 0
1675601587458 0.4588117301464081 0
1675601587700 0.4639851450920105 0
1675601587950 0.45913320779800415 0
1675601588186 0.4661790728569031 0
1675601588425 0.4636264443397522 0
1675601588678 0.4614847004413605 0
1675601588932 0.470675528049469 0
1675601589222 0.45825231075286865 0
1675601589477 0.46104490756988525 0
1675601589770 0.455379456281662 0
1675601590012 0.46595701575279236 0
1675601590275 0.4607585370540619 0
1675601590525 0.4636561870574951 0
1675601590776 0.46126890182495117 0
1675601591017 0.464015394449234 0
1675601591267 0.46194636821746826 0
1675601591499 0.46743178367614746 0
1675601591767 0.4586957097053528 0
1675601592073 0.4581463932991028 0
1675601592309 0.46620917320251465 0
1675601592558 0.4605352580547333 0
1675601592807 0.4622715413570404 0
1675601593056 0.4601878523826599 0
1675601593294 0.4664696753025055 0
1675601593527 0.46498820185661316 0
1675601593771 0.4634166955947876 0
1675601593990 0.46898576617240906 0
1675601594249 0.4608627259731293 0
1675601594500 0.4682159721851349 0
1675601594825 0.45198649168014526 0
1675601595112 0.4607953727245331 0
1675601595376 0.46563977003097534 0
1675601595614 0.4642201364040375 0
1675601595879 0.46211478114128113 0
1675601596145 0.4615437686443329 0
1675601596386 0.4679710566997528 0
1675601596644 0.45932406187057495 0
1675601596876 0.4659673869609833 0
1675601597132 0.46128907799720764 0
1675601597377 0.47195175290107727 0
1675601597598 0.46519288420677185 0
1675601597833 0.4591142237186432 0
1675601598046 0.4653816521167755 0
1675601598288 0.456358939409256 0
1675601598494 0.4697570502758026 0
1675601598714 0.46422895789146423 0
1675601598942 0.46174973249435425 0
1675601599189 0.4593055248260498 0
1675601599417 0.4613626003265381 0
1675601599620 0.4693744480609894 0
1675601599827 0.4703604280948639 0
1675601600065 0.4609149396419525 0
1675601600291 0.4603349268436432 0
1675601600504 0.46602311730384827 0
1675601600718 0.46627071499824524 0
1675601600918 0.46961459517478943 0
1675601601146 0.4632307291030884 0
1675601601371 0.4652787148952484 0
1675601601614 0.4617222845554352 0
1675601601835 0.461802214384079 0
1675601602106 0.457561194896698 0
1675601602317 0.4687228500843048 0
1675601602533 0.4654662609100342 0
1675601602765 0.4616762399673462 0
1675601602981 0.4664912521839142 0
1675601603254 0.4539720118045807 0
1675601603508 0.4605114758014679 0
1675601603729 0.4654231667518616 0
1675601603962 0.4630599021911621 0
1675601604167 0.4682105779647827 0
1675601604385 0.46227312088012695 0
1675601604629 0.4553461968898773 0
1675601604857 0.4612528085708618 0
1675601605070 0.465686172246933 0
1675601605311 0.4627780616283417 0
1675601605538 0.4611540734767914 0
1675601605778 0.4582929313182831 0
1675601606002 0.46428731083869934 0
1675601606223 0.46336060762405396 0
1675601606447 0.4630405902862549 0
1675601606670 0.4673057794570923 0
1675601606890 0.46903300285339355 0
1675601607120 0.4624679386615753 0
1675601607364 0.4604628384113312 0
1675601607606 0.4588470458984375 0
1675601607804 0.46909162402153015 0
1675601608012 0.46661537885665894 0
1675601608228 0.46417850255966187 0
1675601608461 0.4596503674983978 0
1675601608698 0.45731958746910095 0
1675601608901 0.4668166935443878 0
1675601609119 0.4620722532272339 0
1675601609328 0.46497178077697754 0
1675601609554 0.46249648928642273 0
1675601609750 0.4676772654056549 0
1675601609980 0.4616084694862366 0
1675601610196 0.46462365984916687 0
1675601610387 0.4729793965816498 0
1675601610632 0.4597967267036438 0
1675601610851 0.4641498029232025 0
1675601611068 0.4621034860610962 0
1675601611297 0.46355950832366943 0
1675601611608 0.46188104152679443 0
1675601611839 0.466288298368454 0
1675601612101 0.45708686113357544 0
1675601612304 0.46531346440315247 0
1675601612511 0.4659107029438019 0
1675601612718 0.46511152386665344 0
1675601612931 0.4622860848903656 0
1675601613142 0.46709316968917847 0
1675601613384 0.45405104756355286 0
1675601613594 0.4633868932723999 0
1675601613830 0.4579949975013733 0
1675601614059 0.4577685594558716 0
1675601614279 0.46064871549606323 0
1675601614485 0.46456268429756165 0
1675601614687 0.4666726887226105 0
1675601614912 0.45844152569770813 0
1675601615138 0.46421217918395996 0
1675601615359 0.46278393268585205 0
1675601615583 0.4612461030483246 0
1675601615836 0.452023983001709 0
1675601616060 0.4609558582305908 0
1675601616279 0.4617144763469696 0
1675601616510 0.46008729934692383 0
1675601616741 0.46448153257369995 0
1675601616961 0.4681553542613983 0
1675601617200 0.45959794521331787 0
1675601617435 0.4638558328151703 0
1675601617673 0.45853152871131897 0
1675601617897 0.46467483043670654 0
1675601618086 0.47186651825904846 0
1675601618305 0.46272170543670654 0
1675601618520 0.4628484547138214 0
1675601618745 0.4576258063316345 0
1675601620201 0.4667662978172302 0
1675601620474 0.45554423332214355 0
1675601620760 0.4496983587741852 0
1675601621003 0.4633462727069855 0
1675601621252 0.46184059977531433 0
1675601621514 0.4565238952636719 0
1675601621723 0.46564429998397827 0
1675601621928 0.4669070243835449 0
1675601622148 0.462016761302948 0
1675601622353 0.46566805243492126 0
1675601622608 0.4572659134864807 0
1675601622841 0.4619894325733185 0
1675601623071 0.46097660064697266 0
1675601623269 0.46635767817497253 0
1675601623498 0.4592491388320923 0
1675601623711 0.4649065136909485 0
1675601623943 0.4580882787704468 0
1675601624168 0.462154358625412 0
1675601624378 0.4634149670600891 0
1675601624625 0.4637068808078766 0
1675601624876 0.46343377232551575 0
1675601625159 0.4593285620212555 0
1675601625438 0.4637681543827057 0
1675601625644 0.4673279821872711 0
1675601625862 0.4632272720336914 0
1675601626094 0.4668343663215637 0
1675601626320 0.4725510776042938 0
1675601626655 0.4575047194957733 0
1675601626935 0.46083083748817444 0
1675601627246 0.4552108645439148 0
1675601627604 0.465054452419281 0
1675601627837 0.46510085463523865 0
1675601628080 0.46425899863243103 0
1675601628321 0.4624346196651459 0
1675601628622 0.4572409391403198 0
1675601628863 0.4626104235649109 0
1675601629090 0.459859699010849 0
1675601629334 0.461577445268631 0
1675601629575 0.46126165986061096 0
1675601629826 0.4613373577594757 0
1675601630061 0.4591556191444397 0
1675601630262 0.46663638949394226 0
1675601630500 0.4579714834690094 0
1675601630719 0.4654070734977722 0
1675601630939 0.46220073103904724 0
1675601631172 0.46130236983299255 0
1675601631467 0.4694904088973999 0
1675601631734 0.4659576416015625 0
1675601631999 0.4609258770942688 0
1675601632231 0.46145424246788025 0
1675601632456 0.46510013937950134 0
1675601632703 0.45764854550361633 0
1675601632917 0.4635399580001831 0
1675601633128 0.46712571382522583 0
1675601633366 0.4590860903263092 0
1675601633579 0.46582910418510437 0
1675601633777 0.4684174358844757 0
1675601634000 0.46252885460853577 0
1675601634200 0.46703433990478516 0
1675601634454 0.4578832983970642 0
1675601634693 0.4588410556316376 0
1675601634928 0.46090421080589294 0
1675601635179 0.45361965894699097 0
1675601635479 0.4607924222946167 0
1675601635746 0.4636264145374298 0
1675601636003 0.462525874376297 0
1675601636297 0.4629444479942322 0
1675601636573 0.45468637347221375 0
1675601636808 0.4667075574398041 0
1675601637022 0.4664716124534607 0
1675601637227 0.46872416138648987 0
1675601637449 0.4664057195186615 0
1675601637679 0.46353879570961 0
1675601637893 0.4634353518486023 0
1675601638106 0.4653676748275757 0
1675601638321 0.46290549635887146 0
1675601638550 0.45964354276657104 0
1675601638787 0.45820650458335876 0
1675601639032 0.4584878385066986 0
1675601639254 0.46266207098960876 0
1675601639515 0.4650880992412567 0
1675601639782 0.46125173568725586 0
1675601640049 0.455857515335083 0
1675601640297 0.4569266438484192 0
1675601640537 0.4616750478744507 0
1675601640772 0.4610433280467987 0
1675601641007 0.4601164758205414 0
1675601641277 0.4575350284576416 0
1675601641549 0.4595968723297119 0
1675601641818 0.46402910351753235 0
1675601642054 0.4683821499347687 0
1675601642290 0.4634042978286743 0
1675601642539 0.4606897532939911 0
1675601642764 0.46276623010635376 0
1675601642996 0.4603760540485382 0
1675601643232 0.4599241316318512 0
1675601643453 0.463424414396286 0
1675601643710 0.4584348201751709 0
1675601643997 0.4470878839492798 0
1675601644215 0.4723324477672577 0
1675601644450 0.4594669044017792 0
1675601644716 0.4593657851219177 0
1675601644919 0.47265127301216125 0
1675601645139 0.46613287925720215 0
1675601645404 0.4576551020145416 0
1675601645627 0.46799236536026 0
1675601645848 0.4609549343585968 0
1675601646052 0.4666610658168793 0
1675601646303 0.46117180585861206 0
1675601646533 0.4657939374446869 0
1675601646763 0.462387353181839 0
1675601646979 0.46788567304611206 0
1675601647209 0.4618871510028839 0
1675601647465 0.4631069004535675 0
1675601647736 0.45884329080581665 0
1675601647947 0.46683815121650696 0
1675601648180 0.4599279761314392 0
1675601648428 0.4593786895275116 0
1675601648628 0.4683297276496887 0
1675601648847 0.46201032400131226 0
1675601649083 0.46037036180496216 0
1675601649307 0.4599376320838928 0
1675601649512 0.46359094977378845 0
1675601649755 0.45538246631622314 0
1675601649959 0.46894532442092896 0
1675601650190 0.4611895680427551 0
1675601650435 0.4586344361305237 0
1675601650657 0.4637969136238098 0
1675601650881 0.4663398563861847 0
1675601651127 0.46429163217544556 0
1675601651344 0.4676413834095001 0
1675601651585 0.46319475769996643 0
1675601651808 0.4717855751514435 0
1675601652024 0.4658104181289673 0
1675601652307 0.45563551783561707 0
1675601652568 0.46705129742622375 0
1675601652867 0.45723581314086914 0
1675601653086 0.46520504355430603 0
1675601653295 0.4647311866283417 0
1675601653527 0.4606238007545471 0
1675601653759 0.4637247622013092 0
1675601653975 0.46320807933807373 0
1675601654215 0.46157801151275635 0
1675601654488 0.4574914574623108 0
1675601654708 0.4664754867553711 0
1675601654921 0.4648764431476593 0
1675601655138 0.47128987312316895 0
1675601655365 0.46723923087120056 0
1675601655598 0.46061232686042786 0
1675601655890 0.45469963550567627 0
1675601656113 0.4693765938282013 0
1675601656369 0.4650557339191437 0
1675601656632 0.46710702776908875 0
1675601656939 0.4572940170764923 0
1675601657233 0.4597277343273163 0
1675601657503 0.4647862911224365 0
1675601657791 0.45739150047302246 0
