1675280856533 0.7271249294281006 0
1675280856756 0.7202886939048767 0
1675280856988 0.7106146812438965 0
1675280857179 0.7047641277313232 0
1675280857397 0.6953315138816833 0
1675280857644 0.6860894560813904 0
1675280857887 0.6802404522895813 0
1675280858122 0.6716828346252441 0
1675280858354 0.6639483571052551 0
1675280858606 0.6567034721374512 0
1675280858876 0.6489453315734863 0
1675280859130 0.644929051399231 0
1675280859375 0.6393378376960754 0
1675280859648 0.6312943696975708 0
1675280859880 0.6292523741722107 0
1675280860083 0.6245014071464539 0
1675280860312 0.6160563230514526 0
1675280860538 0.6123557090759277 0
1675280860787 0.6078810095787048 0
1675280861031 0.6034409999847412 0
1675280861240 0.5993148684501648 0
1675280861468 0.597925066947937 0
1675280861713 0.5900110006332397 0
1675280861978 0.5841001868247986 0
1675280862231 0.5827860236167908 0
1675280862468 0.579692542552948 0
1675280862744 0.5726221799850464 0
1675280862938 0.5754387974739075 0
1675280863204 0.5709330439567566 0
1675280863439 0.5667909979820251 0
1675280863679 0.5634951591491699 0
1675280863906 0.5627948641777039 0
1675280864136 0.5559968948364258 0
1675280864399 0.5534447431564331 0
1675280864648 0.5541558861732483 0
1675280864866 0.5480024218559265 0
1675280865136 0.5448340773582458 0
1675280865349 0.5447819232940674 0
1675280865633 0.5429062247276306 0
1675280865789 0.5473170280456543 0
1675280866071 0.5361006259918213 0
1675280866311 0.5356335043907166 0
1675280866473 0.5405828952789307 0
1675280866699 0.5335962176322937 0
1675280866938 0.531064510345459 0
1675280867139 0.5312301516532898 0
1675280867356 0.5272420048713684 0
1675280867583 0.5294673442840576 0
1675280867800 0.5249679088592529 0
1675280868034 0.5245345830917358 0
1675280868339 0.5204854607582092 0
1675280868537 0.5229215621948242 0
1675280868771 0.5169042348861694 0
1675280868978 0.5212177634239197 0
1675280869195 0.5174213647842407 0
1675280869394 0.5181940793991089 0
1675280869602 0.5164444446563721 0
1675280869830 0.5143566131591797 0
1675280870052 0.5100737810134888 0
1675280870238 0.5123322010040283 0
1675280870446 0.5110740661621094 0
1675280870742 0.5053152441978455 0
1675280870950 0.508722722530365 0
1675280871132 0.5088514089584351 0
1675280871392 0.5056244730949402 0
1675280871638 0.502933919429779 0
1675280871855 0.5052175521850586 0
1675280872125 0.49985235929489136 0
1675280872306 0.5081004500389099 0
1675280872523 0.5052116513252258 0
1675280872756 0.5010977387428284 0
1675280872991 0.5008828639984131 0
1675280873229 0.49799051880836487 0
1675280873475 0.49717652797698975 0
1675280873697 0.5016165375709534 0
1675280873949 0.49608099460601807 0
1675280874147 0.5010849237442017 0
1675280874406 0.4946196973323822 0
1675280874653 0.49705153703689575 0
1675280874926 0.49429741501808167 0
1675280875170 0.49329766631126404 0
1675280875394 0.5001237988471985 0
1675280875629 0.4954136908054352 0
1675280875857 0.4958201050758362 0
1675280876188 0.4849522113800049 0
1675280876362 0.4976631700992584 0
1675280876621 0.4894133508205414 0
1675280876891 0.48812323808670044 0
1675280877119 0.4946291148662567 0
1675280877395 0.4874686598777771 0
1675280877692 0.4902292788028717 0
1675280877950 0.48767542839050293 0
1675280878159 0.48990464210510254 0
1675280878374 0.49036240577697754 0
1675280878613 0.4871920347213745 0
1675280878842 0.48929786682128906 0
1675280879050 0.4906960129737854 0
1675280879299 0.4831674098968506 0
1675280879529 0.48883646726608276 0
1675280879715 0.4910520911216736 0
1675280879986 0.4866190254688263 0
1675280880305 0.4825640916824341 0
1675280880575 0.4859778583049774 0
1675280880782 0.4893684685230255 0
1675280881091 0.48165762424468994 0
1675280881322 0.48365312814712524 0
1675280881559 0.4852891266345978 0
1675280881837 0.4846932590007782 0
1675280882075 0.48478737473487854 0
1675280882316 0.4844829738140106 0
1675280882565 0.4851100742816925 0
1675280882817 0.48271164298057556 0
1675280883026 0.48349297046661377 0
1675280883283 0.47982656955718994 0
1675280883478 0.4865587651729584 0
1675280883688 0.48214802145957947 0
1675280883946 0.4774858057498932 0
1675280884142 0.485645592212677 0
1675280884387 0.47887173295021057 0
1675280884612 0.48230522871017456 0
1675280884868 0.478833943605423 0
1675280885128 0.48020270466804504 0
1675280885419 0.4763367474079132 0
1675280885719 0.475011944770813 0
1675280885967 0.4778638482093811 0
1675280886256 0.47479626536369324 0
1675280886542 0.47311392426490784 0
1675280886798 0.47695231437683105 0
1675280887040 0.4787522852420807 0
1675280887248 0.48141321539878845 0
1675280887490 0.47839444875717163 0
1675280887701 0.4797053933143616 0
1675280887911 0.48088520765304565 0
1675280888190 0.47539597749710083 0
1675280888454 0.4745427668094635 0
1675280888696 0.47473064064979553 0
1675280888979 0.4721674919128418 0
1675280889191 0.4801972508430481 0
1675280889429 0.47711384296417236 0
1675280889662 0.4751969277858734 0
1675280889914 0.4770892560482025 0
1675280890090 0.4820726811885834 0
1675280890333 0.4726392328739166 0
1675280890572 0.4750775396823883 0
1675280890829 0.4722989797592163 0
1675280891059 0.47416260838508606 0
1675280891271 0.4767298102378845 0
1675280891474 0.4768301844596863 0
1675280891760 0.4717184901237488 0
1675280892039 0.4707564413547516 0
1675280892270 0.4738904535770416 0
1675280892507 0.4720229208469391 0
1675280892721 0.47470688819885254 0
1675280892985 0.47338777780532837 0
1675280893225 0.4740825593471527 0
1675280893464 0.47457247972488403 0
1675280893725 0.4664847254753113 0
