1675962345381 0.017530958354473113 0
1675962345904 0.675872802734375 40
1675962346485 0.6351525783538818 80
1675962347334 0.5886430740356445 120
1675962347897 0.6546252250671387 160
1675962348559 0.5927944183349609 200
1675962349204 0.5977825164794922 240
1675962349717 0.6257652282714844 280
1675962350299 0.6197193145751954 320
1675962351051 0.6124613285064697 360
1675962351629 0.6087302207946778 400
1675962352256 0.5875296115875244 440
1675962352778 0.6214863300323487 480
1675962353559 0.6002017021179199 520
1675962354120 0.5820967197418213 560
1675962354672 0.6118903160095215 600
1675962355244 0.5989386081695557 640
1675962355849 0.5833652973175049 680
1675962356361 0.5962534427642823 720
1675962356887 0.6079707622528077 760
1675962357497 0.5982376575469971 800
1675962358073 0.6058888912200928 840
1675962358601 0.6116206169128418 880
1675962359329 0.6005218982696533 920
1675962359868 0.5995140075683594 960
1675962360457 0.603243350982666 1000
1675962361022 0.6098322868347168 1040
1675962361607 0.6056346893310547 1080
1675962362203 0.6003932476043701 1120
1675962362913 0.565544843673706 1160
1675962363502 0.5976176738739014 1200
1675962364086 0.6104249477386474 1240
1675962364623 0.6131764411926269 1280
1675962365315 0.5818935394287109 1320
1675962365953 0.6047699928283692 1360
1675962366489 0.5939759731292724 1400
1675962367239 0.6073704719543457 1440
1675962367767 0.6018609523773193 1480
1675962368302 0.6013063907623291 1520
1675962368881 0.5833438396453857 1560
1675962369486 0.6086430549621582 1600
1675962370188 0.6146868705749512 1640
1675962371637 0.6175528526306152 1680
1675962372291 0.6050709247589111 1720
1675962372841 0.6069092750549316 1760
1675962373401 0.6126570224761962 1800
1675962373989 0.5972895145416259 1840
1675962374539 0.6117141246795654 1880
1675962375060 0.6027374744415284 1920
1675962375607 0.6181682586669922 1960
1675962376240 0.6079831600189209 2000
1675962376980 0.5818570613861084 2040
1675962377604 0.6022627830505372 2080
1675962378293 0.5965473175048828 2120
1675962378844 0.6078412532806396 2160
1675962379503 0.6028328895568847 2200
1675962380174 0.5730805397033691 2240
1675962380790 0.6019978046417236 2280
1675962381307 0.6174735069274903 2320
1675962381927 0.5902837753295899 2360
1675962382682 0.5912668228149414 2400
1675962383256 0.605970048904419 2440
1675962384075 0.5787806034088134 2480
1675962384650 0.6116391658782959 2520
1675962385201 0.5891693115234375 2560
1675962385788 0.5785204410552979 2600
1675962386314 0.5846103668212891 2640
1675962386935 0.5891010761260986 2680
1675962387634 0.5728079319000244 2720
1675962388192 0.5461631774902344 2760
1675962388866 0.5373683929443359 2800
1675962389417 0.5336321830749512 2840
1675962389991 0.4936684131622314 2880
1675962390630 0.45752944946289065 2920
1675962391164 0.43604378700256347 2960
1675962391680 0.4395719051361084 3000
1675962392259 0.414475679397583 3040
1675962393033 0.4127086639404297 3080
1675962393625 0.4265420913696289 3120
1675962394169 0.3750377416610718 3160
1675962394690 0.40005011558532716 3200
1675962395311 0.3622701168060303 3240
1675962395912 0.38101284503936766 3280
1675962396485 0.36360774040222166 3320
1675962397168 0.38536078929901124 3360
1675962397747 0.40477871894836426 3400
1675962398374 0.3435938358306885 3440
1675962398993 0.3692654848098755 3480
1675962399530 0.41159257888793943 3520
1675962400102 0.32449049949645997 3560
1675962400635 0.3369672536849976 3600
1675962401245 0.3512516736984253 3640
1675962401893 0.2857323884963989 3680
1675962402544 0.30685977935791015 3720
1675962403242 0.36973984241485597 3760
1675962403728 0.3131265640258789 3800
1675962404273 0.3505150079727173 3840
1675962404802 0.3237249135971069 3880
1675962405479 0.3143671274185181 3920
1675962406058 0.397805380821228 3960
1675962406578 0.32942311763763427 4000
1675962407385 0.34307079315185546 4040
1675962407944 0.3230332374572754 4080
1675962408653 0.3609699964523315 4120
1675962409266 0.3455268621444702 4160
1675962409949 0.2843881130218506 4200
1675962410517 0.3334846496582031 4240
1675962411534 0.3505228519439697 4280
1675962412133 0.3155602216720581 4320
1675962412733 0.2680302619934082 4360
1675962413332 0.3555332899093628 4400
1675962414044 0.3272719144821167 4440
1675962414651 0.2883259057998657 4480
1675962415275 0.2926417112350464 4520
1675962415904 0.35041656494140627 4560
1675962416438 0.3866065502166748 4600
1675962416989 0.28828277587890627 4640
1675962417733 0.2796532154083252 4680
1675962418394 0.3128547668457031 4720
1675962418954 0.3238227844238281 4760
1675962419598 0.2693536996841431 4800
1675962420172 0.3011747360229492 4840
1675962420752 0.23734893798828124 4880
1675962421264 0.266786527633667 4920
1675962421766 0.24395496845245362 4960
1675962422405 0.2576898097991943 5000
1675962422954 0.2694381237030029 5040
1675962423510 0.23865346908569335 5080
1675962424044 0.2833276271820068 5120
1675962424680 0.3234279632568359 5160
1675962425147 0.23650546073913575 5200
1675962425825 0.3054442644119263 5240
1675962426393 0.26732120513916013 5280
1675962426901 0.29320361614227297 5320
1675962427585 0.2631253480911255 5360
1675962428219 0.27145545482635497 5400
1675962428715 0.20091888904571534 5440
1675962429242 0.2890147686004639 5480
1675962429789 0.27126524448394773 5520
1675962430313 0.289549446105957 5560
1675962430912 0.27712574005126955 5600
1675962431499 0.2679020166397095 5640
1675962432157 0.23721098899841309 5680
1675962432878 0.2780351400375366 5720
1675962433500 0.2547751903533936 5760
1675962434074 0.2151362657546997 5800
1675962434633 0.315471887588501 5840
1675962435152 0.23718888759613038 5880
1675962435729 0.32580769062042236 5920
1675962436372 0.323609733581543 5960
1675962437158 0.29967708587646485 6000
1675962437671 0.2734055757522583 6040
1675962438379 0.21819188594818115 6080
1675962439064 0.2013545513153076 6120
1675962439590 0.24444642066955566 6160
1675962440119 0.23920559883117676 6200
1675962440698 0.20580451488494872 6240
1675962441294 0.23957743644714355 6280
1675962441843 0.27997612953186035 6320
1675962442504 0.28844399452209474 6360
1675962443140 0.28548479080200195 6400
1675962443733 0.2263418197631836 6440
1675962444650 0.21482717990875244 6480
1675962445424 0.24172725677490234 6520
1675962445910 0.28107759952545164 6560
1675962446475 0.2888554573059082 6600
1675962447115 0.1943540096282959 6640
1675962447657 0.24361872673034668 6680
1675962448349 0.272762656211853 6720
1675962448995 0.24097490310668945 6760
1675962449667 0.23395543098449706 6800
1675962450264 0.21926186084747315 6840
1675962450834 0.210141921043396 6880
1675962451459 0.21044273376464845 6920
1675962452022 0.20696017742156983 6960
1675962452618 0.2102184772491455 7000
1675962453129 0.21874659061431884 7040
1675962453729 0.23890583515167235 7080
1675962454276 0.1954006552696228 7120
1675962454767 0.24056880474090575 7160
1675962455502 0.2508585453033447 7200
1675962456014 0.18042411804199218 7240
1675962456633 0.21764702796936036 7280
1675962457225 0.20182414054870607 7320
1675962457798 0.19793667793273925 7360
1675962458401 0.23265931606292725 7400
1675962458955 0.25003459453582766 7440
1675962459559 0.17765783071517943 7480
1675962460116 0.2397459030151367 7520
1675962460709 0.30080811977386473 7560
1675962461212 0.21567873954772948 7600
1675962461931 0.2419801950454712 7640
1675962462516 0.19869565963745117 7680
1675962463064 0.23390324115753175 7720
1675962463560 0.18334985971450807 7760
1675962464128 0.2091162919998169 7800
1675962464728 0.14968596696853637 7840
1675962465313 0.2537966012954712 7880
1675962465909 0.22978520393371582 7920
1675962466497 0.23759164810180664 7960
1675962467146 0.19638866186141968 8000
1675962467822 0.25481879711151123 8040
1675962468475 0.22401347160339355 8080
1675962469070 0.19210209846496581 8120
1675962469618 0.23198084831237792 8160
1675962470281 0.15071057081222533 8200
1675962470854 0.19249595403671266 8240
1675962471428 0.22141036987304688 8280
1675962472025 0.2156468391418457 8320
1675962472565 0.20444910526275634 8360
1675962473132 0.22836952209472655 8400
1675962473712 0.17515140771865845 8440
1675962474322 0.16729552745819093 8480
1675962474890 0.19045270681381227 8520
1675962475417 0.18354412317276 8560
1675962476011 0.18241223096847534 8600
1675962476511 0.22638292312622071 8640
1675962477081 0.20759541988372804 8680
1675962477618 0.1414120078086853 8720
1675962478351 0.1559747576713562 8760
1675962478920 0.17661789655685425 8800
1675962479441 0.21200530529022216 8840
1675962480070 0.18839447498321532 8880
1675962480638 0.15535175800323486 8920
1675962481224 0.1530311107635498 8960
1675962481753 0.20867531299591063 9000
1675962482397 0.19411892890930177 9040
1675962482977 0.18049893379211426 9080
1675962483574 0.1688590407371521 9120
1675962484165 0.17868705987930297 9160
1675962484791 0.18313198089599608 9200
1675962485345 0.20644371509552 9240
1675962485830 0.1335726261138916 9280
1675962486561 0.19911025762557982 9320
1675962487139 0.1501150608062744 9360
1675962487703 0.17438828945159912 9400
1675962488311 0.17197530269622802 9440
1675962488908 0.1563275933265686 9480
1675962489542 0.20846860408782958 9520
1675962490147 0.1761866331100464 9560
1675962490773 0.1803849458694458 9600
1675962491359 0.15551562309265138 9640
1675962492030 0.12667765617370605 9680
1675962492584 0.18845235109329223 9720
1675962493139 0.16046111583709716 9760
1675962493711 0.1881563901901245 9800
1675962494252 0.19397305250167846 9840
1675962494781 0.12798866033554077 9880
1675962495325 0.17461917400360108 9920
1675962495841 0.1551225185394287 9960
1675962496373 0.2250976324081421 10000
1675962497168 0.15199052095413207 10040
1675962500555 0.14104317426681517 10080
1675962501225 0.20772917270660402 10120
1675962501788 0.16216374635696412 10160
1675962502377 0.16888864040374757 10200
1675962502976 0.15640883445739745 10240
1675962503696 0.1843737006187439 10280
1675962504158 0.20758018493652344 10320
1675962504939 0.21920294761657716 10360
1675962505560 0.23921716213226318 10400
1675962506108 0.1793702721595764 10440
1675962506711 0.17707273960113526 10480
1675962507226 0.17431232929229737 10520
1675962507831 0.1688341021537781 10560
1675962508481 0.17139592170715331 10600
1675962509056 0.16448469161987306 10640
1675962509821 0.203763747215271 10680
1675962510355 0.17849278450012207 10720
1675962510950 0.17070648670196534 10760
1675962511568 0.15604249238967896 10800
1675962512191 0.1609424114227295 10840
1675962512683 0.15729644298553466 10880
1675962513236 0.13738373517990113 10920
1675962513780 0.1965769648551941 10960
1675962514324 0.2230290651321411 11000
1675962514824 0.17331572771072387 11040
1675962515388 0.18907427787780762 11080
1675962516128 0.16191960573196412 11120
1675962516643 0.18850197792053222 11160
1675962517293 0.20457808971405028 11200
1675962517878 0.18013467788696289 11240
1675962518428 0.18267933130264283 11280
1675962518965 0.16036518812179565 11320
1675962519572 0.19546990394592284 11360
1675962520134 0.11331257820129395 11400
1675962520643 0.130278480052948 11440
1675962521227 0.171154248714447 11480
1675962521832 0.1962476134300232 11520
1675962522454 0.18062055110931396 11560
1675962523028 0.14814255237579346 11600
1675962523576 0.15003153085708618 11640
1675962524214 0.1797143816947937 11680
1675962524725 0.16981325149536133 11720
1675962525299 0.1886499285697937 11760
1675962525838 0.14273329973220825 11800
1675962526425 0.14346264600753783 11840
1675962527080 0.16526427268981933 11880
1675962527673 0.16999900341033936 11920
1675962528385 0.13300302028656005 11960
1675962528920 0.1506178617477417 12000
1675962529497 0.12907508611679078 12040
1675962530108 0.162711501121521 12080
1675962530711 0.18363233804702758 12120
1675962531312 0.16001372337341307 12160
1675962531845 0.18355294466018676 12200
1675962532473 0.1497273325920105 12240
1675962533064 0.16398541927337645 12280
1675962533651 0.17159030437469483 12320
1675962534148 0.1563126802444458 12360
1675962534712 0.14115231037139891 12400
1675962535306 0.15489039421081544 12440
1675962535800 0.16542840003967285 12480
1675962536365 0.17555395364761353 12520
1675962536998 0.13288363218307495 12560
1675962537614 0.16442979574203492 12600
1675962538235 0.1411435604095459 12640
1675962538808 0.13959181308746338 12680
1675962539460 0.17378203868865966 12720
1675962540028 0.14732156991958617 12760
1675962540521 0.18562310934066772 12800
1675962541196 0.24298672676086425 12840
1675962541739 0.17977982759475708 12880
1675962542314 0.1790354371070862 12920
1675962542926 0.1828145146369934 12960
1675962543466 0.16655337810516357 13000
1675962544008 0.17025465965270997 13040
1675962544561 0.16460953950881957 13080
1675962545251 0.20009467601776124 13120
1675962545860 0.2242133140563965 13160
1675962546394 0.16767133474349977 13200
1675962546980 0.1415509819984436 13240
1675962547847 0.1398411989212036 13280
1675962548396 0.1822708249092102 13320
1675962548923 0.15162274837493897 13360
1675962549535 0.1804503917694092 13400
1675962550088 0.27684626579284666 13440
1675962550819 0.14963099956512452 13480
1675962551887 0.15691189765930175 13520
1675962552525 0.1652752161026001 13560
1675962553039 0.17701536417007446 13600
1675962553598 0.13380560874938965 13640
1675962554147 0.1949179768562317 13680
1675962554652 0.14035272598266602 13720
1675962555209 0.13851395845413209 13760
1675962555813 0.17454369068145753 13800
1675962556369 0.1315662145614624 13840
1675962557411 0.15158034563064576 13880
1675962558125 0.1485862612724304 13920
1675962558665 0.16197128295898439 13960
1675962559229 0.1920657753944397 14000
1675962559806 0.15742595195770265 14040
1675962560380 0.1785226821899414 14080
1675962560895 0.15507344007492066 14120
1675962561547 0.1614769220352173 14160
1675962562268 0.1883265495300293 14200
1675962562771 0.14896894693374635 14240
1675962563310 0.1466587543487549 14280
1675962563931 0.17796334028244018 14320
1675962564455 0.14148271083831787 14360
1675962565084 0.1331606388092041 14400
1675962565803 0.13204170465469361 14440
1675962566454 0.1671863913536072 14480
1675962566950 0.14103295803070068 14520
1675962567594 0.15245144367218016 14560
1675962568128 0.14279829263687133 14600
1675962568684 0.19329414367675782 14640
1675962569215 0.1964043140411377 14680
1675962569926 0.15401946306228637 14720
1675962570651 0.1778491258621216 14760
1675962571181 0.18671681880950927 14800
1675962571779 0.16083914041519165 14840
1675962572421 0.17393748760223388 14880
1675962573031 0.11476958990097046 14920
1675962573603 0.1506149649620056 14960
1675962574094 0.13007391691207887 15000
1675962574805 0.14128320217132567 15040
1675962575369 0.1371656537055969 15080
1675962575963 0.14149012565612792 15120
1675962576500 0.1339409112930298 15160
1675962577127 0.18649789094924926 15200
1675962577626 0.11603797674179077 15240
1675962578207 0.1329469084739685 15280
1675962578797 0.13401851654052735 15320
1675962579268 0.16448454856872557 15360
1675962579815 0.14238255023956298 15400
1675962580426 0.1521819829940796 15440
1675962581042 0.11337788105010986 15480
1675962581520 0.14206491708755492 15520
1675962582153 0.14906020164489747 15560
1675962582755 0.15852603912353516 15600
1675962583333 0.1577818512916565 15640
1675962583901 0.11329910755157471 15680
1675962584438 0.14088518619537355 15720
1675962585011 0.15920065641403197 15760
1675962585583 0.16529126167297364 15800
1675962586143 0.11638064384460449 15840
1675962586638 0.17318518161773683 15880
1675962587486 0.15276916027069093 15920
1675962588015 0.17162439823150635 15960
1675962588553 0.20841047763824463 16000
1675962589273 0.1580829620361328 16040
1675962589789 0.1399951696395874 16080
1675962590328 0.15011088848114013 16120
1675962590837 0.09635046720504761 16160
1675962591396 0.14590671062469482 16200
1675962591944 0.13631172180175782 16240
1675962592568 0.13358466625213622 16280
1675962593299 0.13568195104598998 16320
1675962593854 0.17346611022949218 16360
1675962594490 0.14940773248672484 16400
1675962595114 0.16252890825271607 16440
1675962595644 0.13488801717758178 16480
1675962596198 0.16339727640151977 16520
1675962596717 0.1392289638519287 16560
1675962597268 0.1766510248184204 16600
1675962597739 0.15059705972671508 16640
1675962598315 0.14299113750457765 16680
1675962598812 0.12405019998550415 16720
1675962599660 0.18584165573120118 16760
1675962600252 0.1401747226715088 16800
1675962601308 0.1264857053756714 16840
1675962601981 0.15512309074401856 16880
1675962602602 0.13362380266189575 16920
1675962603155 0.11524665355682373 16960
1675962603837 0.12121025323867798 17000
1675962604451 0.15106589794158937 17040
1675962604949 0.13344674110412597 17080
1675962605659 0.1535056710243225 17120
1675962606223 0.11717112064361572 17160
1675962606795 0.15415312051773072 17200
1675962607411 0.17538754940032958 17240
1675962608064 0.09996798634529114 17280
1675962608613 0.13208379745483398 17320
1675962609209 0.14121867418289186 17360
1675962609741 0.15179119110107422 17400
1675962610337 0.10696961879730224 17440
1675962610887 0.15618181228637695 17480
1675962611429 0.1006814956665039 17520
1675962612094 0.1231850266456604 17560
1675962612727 0.19640135765075684 17600
1675962613239 0.13972935676574708 17640
1675962613850 0.12504863739013672 17680
1675962614537 0.13316322565078736 17720
1675962615118 0.16329346895217894 17760
1675962615604 0.13060972690582276 17800
1675962616221 0.12643885612487793 17840
1675962616931 0.09402909278869628 17880
1675962617544 0.1557123064994812 17920
1675962618257 0.13914355039596557 17960
1675962618941 0.1668184995651245 18000
1675962619438 0.1206060767173767 18040
1675962620052 0.18162750005722045 18080
1675962620747 0.17680436372756958 18120
1675962621365 0.12112194299697876 18160
1675962622087 0.13916347026824952 18200
1675962622730 0.10850040912628174 18240
1675962623335 0.11208432912826538 18280
1675962623949 0.15919686555862428 18320
1675962624488 0.1783083200454712 18360
1675962625097 0.1341690182685852 18400
1675962625772 0.1584630489349365 18440
1675962626434 0.1349744439125061 18480
1675962627014 0.1282539486885071 18520
1675962627527 0.14033846855163573 18560
1675962628260 0.15312416553497316 18600
1675962628915 0.1274147629737854 18640
1675962629461 0.1735671877861023 18680
1675962630106 0.14851540327072144 18720
1675962630688 0.10585936307907104 18760
1675962631254 0.1303171157836914 18800
1675962631768 0.17860652208328248 18840
1675962632325 0.16588658094406128 18880
1675962632938 0.13081459999084472 18920
1675962633507 0.11746759414672851 18960
1675962634068 0.12657322883605956 19000
1675962634635 0.1618642807006836 19040
1675962635371 0.14522265195846557 19080
1675962635958 0.15320769548416138 19120
1675962636545 0.12773944139480592 19160
1675962637189 0.1585321307182312 19200
1675962637799 0.12938233613967895 19240
1675962638373 0.14568089246749877 19280
1675962638855 0.10872056484222412 19320
1675962639426 0.15261739492416382 19360
1675962639919 0.08988966345787049 19400
1675962640500 0.1514323592185974 19440
1675962641075 0.1589031457901001 19480
1675962641922 0.11644179821014404 19520
1675962642574 0.12940238714218139 19560
1675962643179 0.13271958827972413 19600
1675962643852 0.12953661680221557 19640
1675962644405 0.12967314720153808 19680
1675962644955 0.10006753206253052 19720
1675962645522 0.14493666887283324 19760
1675962646003 0.10752143859863281 19800
1675962646506 0.1575125575065613 19840
1675962647177 0.14498900175094603 19880
1675962647855 0.09354488849639893 19920
1675962648408 0.16156046390533446 19960
1675962649025 0.12825305461883546 20000
1675962649543 0.15650691986083984 20040
1675962650084 0.1644580841064453 20080
1675962653316 0.09869823455810547 20120
1675962653977 0.12894234657287598 20160
1675962654520 0.135023832321167 20200
1675962655134 0.13081953525543213 20240
1675962655639 0.13111977577209472 20280
1675962656297 0.14123213291168213 20320
1675962656840 0.1333042025566101 20360
1675962657419 0.15803565979003906 20400
1675962658172 0.19524965286254883 20440
1675962658720 0.14598004817962645 20480
1675962659305 0.12136218547821045 20520
1675962659903 0.14712520837783813 20560
1675962660474 0.12200695276260376 20600
1675962661071 0.10926982164382934 20640
1675962661580 0.12591923475265504 20680
1675962662270 0.15977275371551514 20720
1675962662831 0.1331777811050415 20760
1675962663429 0.1351260781288147 20800
1675962664008 0.13324038982391356 20840
1675962664705 0.1377016067504883 20880
1675962665315 0.13593307733535767 20920
1675962665936 0.11432232856750488 20960
1675962666603 0.1599602460861206 21000
1675962667244 0.15434006452560425 21040
1675962667747 0.1571699261665344 21080
1675962668334 0.1338261365890503 21120
1675962668858 0.12922077178955077 21160
1675962669450 0.11934608221054077 21200
1675962670077 0.15609153509140014 21240
1675962670775 0.14935593605041503 21280
1675962671313 0.13343565464019774 21320
1675962671907 0.10909202098846435 21360
1675962672608 0.14667290449142456 21400
1675962673133 0.10214008092880249 21440
1675962673696 0.13080483675003052 21480
1675962674250 0.10626800060272217 21520
1675962674959 0.15374605655670165 21560
1675962675518 0.1492981195449829 21600
1675962676082 0.1534551739692688 21640
1675962676643 0.1322911262512207 21680
1675962677323 0.13955906629562378 21720
1675962677952 0.13562469482421874 21760
1675962678536 0.1697293996810913 21800
1675962679245 0.13086165189743043 21840
1675962679860 0.11674041748046875 21880
1675962680406 0.15677677392959594 21920
1675962681201 0.17357020378112792 21960
1675962681908 0.141329026222229 22000
1675962682466 0.11136099100112914 22040
1675962683162 0.1714722990989685 22080
1675962683835 0.1543519139289856 22120
1675962684402 0.17129142284393312 22160
1675962685064 0.15030148029327392 22200
1675962685672 0.14313021898269654 22240
1675962686352 0.14038915634155275 22280
1675962687114 0.17349404096603394 22320
1675962687736 0.15056861639022828 22360
1675962688296 0.1431996464729309 22400
1675962688871 0.12986516952514648 22440
1675962689476 0.1274771809577942 22480
1675962690042 0.14732742309570312 22520
1675962690627 0.16736044883728027 22560
1675962691211 0.11956396102905273 22600
1675962691951 0.11789436340332031 22640
1675962692615 0.13567147254943848 22680
1675962693142 0.10102052688598633 22720
1675962693800 0.15006247758865357 22760
1675962694461 0.10229519605636597 22800
1675962695043 0.14861764907836914 22840
1675962695774 0.1552242398262024 22880
1675962696414 0.14062451124191283 22920
1675962697156 0.10839180946350098 22960
1675962697845 0.1409087061882019 23000
1675962698467 0.11846908330917358 23040
1675962699163 0.13771156072616578 23080
1675962699793 0.10807380676269532 23120
1675962700470 0.1512717366218567 23160
1675962701064 0.1423155665397644 23200
1675962701811 0.11885831356048585 23240
1675962702444 0.1220098614692688 23280
1675962703041 0.1310977816581726 23320
1675962703737 0.14442741870880127 23360
1675962704484 0.111842942237854 23400
1675962705071 0.15251078605651855 23440
1675962705665 0.1538303256034851 23480
1675962706308 0.10933456420898438 23520
1675962706972 0.12871493101119996 23560
1675962707561 0.12093902826309204 23600
1675962708221 0.1623229742050171 23640
1675962708841 0.07857986092567444 23680
1675962709378 0.14404991865158082 23720
1675962709911 0.12686643600463868 23760
1675962710487 0.07290130257606506 23800
1675962711088 0.14717357158660888 23840
1675962711997 0.13249380588531495 23880
1675962712815 0.13456302881240845 23920
1675962713409 0.13244613409042358 23960
1675962714051 0.1288256287574768 24000
1675962714698 0.15284782648086548 24040
1675962715250 0.15423014163970947 24080
1675962715801 0.1531385064125061 24120
1675962716424 0.1467248558998108 24160
1675962717011 0.12432942390441895 24200
1675962717646 0.16240731477737427 24240
1675962718234 0.11715785264968873 24280
1675962718909 0.13604434728622436 24320
1675962719451 0.17075674533843993 24360
1675962720045 0.09725677967071533 24400
1675962720624 0.1211132287979126 24440
1675962721147 0.11864858865737915 24480
1675962721730 0.16484858989715576 24520
1675962722300 0.08871996998786927 24560
1675962722944 0.14875882863998413 24600
1675962723451 0.112748122215271 24640
1675962724006 0.16427575349807738 24680
1675962724546 0.1359580159187317 24720
1675962725239 0.16673698425292968 24760
1675962725880 0.14437248706817626 24800
1675962726485 0.1665034770965576 24840
1675962727227 0.1359622836112976 24880
1675962728125 0.12874339818954467 24920
1675962728706 0.09338622689247131 24960
1675962729384 0.14135750532150268 25000
1675962729878 0.09448618292808533 25040
1675962730469 0.10513393878936768 25080
1675962731625 0.09553269147872925 25120
1675962732488 0.13168628215789796 25160
1675962733275 0.10132211446762085 25200
1675962733820 0.1419621706008911 25240
1675962734435 0.09525281190872192 25280
1675962735024 0.1262119174003601 25320
1675962735606 0.10433832406997681 25360
1675962736175 0.12796204090118407 25400
1675962736802 0.11629385948181152 25440
1675962737533 0.13132133483886718 25480
1675962738107 0.09955042600631714 25520
1675962738646 0.11684011220932007 25560
1675962739323 0.13590645790100098 25600
1675962739889 0.11844004392623901 25640
1675962740502 0.13328486680984497 25680
1675962741100 0.11195235252380371 25720
1675962741846 0.12280535697937012 25760
1675962742458 0.13115618228912354 25800
1675962743035 0.13500651121139526 25840
1675962743749 0.12539011240005493 25880
1675962744245 0.118228280544281 25920
1675962744748 0.13312954902648927 25960
1675962745276 0.14412641525268555 26000
1675962745979 0.18193223476409912 26040
1675962746623 0.14206724166870116 26080
1675962747417 0.12923741340637207 26120
1675962747993 0.13971083164215087 26160
1675962748581 0.09208336472511292 26200
1675962749125 0.13363890647888182 26240
1675962749684 0.1124310851097107 26280
1675962750332 0.13074430227279663 26320
1675962750963 0.12713075876235963 26360
1675962751499 0.13390270471572877 26400
1675962752193 0.14516141414642333 26440
1675962752732 0.16377447843551635 26480
1675962753304 0.13652600049972535 26520
1675962753864 0.13798267841339112 26560
1675962754501 0.129611074924469 26600
1675962755017 0.1735202431678772 26640
1675962755549 0.13291938304901124 26680
1675962756182 0.12998623847961427 26720
1675962756706 0.11276729106903076 26760
1675962757376 0.15457615852355958 26800
1675962758012 0.14198269844055175 26840
1675962758586 0.10591641664505005 26880
1675962759171 0.1287981390953064 26920
1675962759784 0.120111083984375 26960
1675962760388 0.08084056377410889 27000
1675962761009 0.10128768682479858 27040
1675962761587 0.13728492259979247 27080
1675962762197 0.09822813272476197 27120
1675962762902 0.13819204568862914 27160
1675962763461 0.21601216793060302 27200
1675962764057 0.1158898115158081 27240
1675962764660 0.12409485578536987 27280
1675962765249 0.10606951713562011 27320
1675962765936 0.10661584138870239 27360
1675962766650 0.13982763290405273 27400
1675962767343 0.11024268865585327 27440
1675962768097 0.08999378681182861 27480
1675962768828 0.14952348470687865 27520
1675962769409 0.08806304335594177 27560
1675962770070 0.09919906854629516 27600
1675962770799 0.16189152002334595 27640
1675962771386 0.12857911586761475 27680
1675962772153 0.11004223823547363 27720
1675962772835 0.11876434087753296 27760
1675962773509 0.12688651084899902 27800
1675962774198 0.1246410846710205 27840
1675962774991 0.09539027214050293 27880
1675962775614 0.0934337317943573 27920
1675962776257 0.09704784750938415 27960
1675962776904 0.11509599685668945 28000
1675962777629 0.1415700674057007 28040
1675962778242 0.09786373376846313 28080
1675962778865 0.1681750774383545 28120
1675962779581 0.1462637186050415 28160
1675962780270 0.10434672832489014 28200
1675962780882 0.12416605949401856 28240
1675962781563 0.08221441507339478 28280
1675962782207 0.09400150179862976 28320
1675962782832 0.13353754281997682 28360
1675962783473 0.1604229688644409 28400
1675962784027 0.12128933668136596 28440
1675962784622 0.11383686065673829 28480
1675962785219 0.10906972885131835 28520
1675962785898 0.10708492994308472 28560
1675962786474 0.09814789891242981 28600
1675962787092 0.1084393858909607 28640
1675962787759 0.1094620704650879 28680
1675962788352 0.14121193885803224 28720
1675962788912 0.14291285276412963 28760
1675962789609 0.0813858687877655 28800
1675962790266 0.1025010347366333 28840
1675962790924 0.14748060703277588 28880
1675962791511 0.14372793436050416 28920
1675962792188 0.1379285454750061 28960
1675962792682 0.09426590204238891 29000
1675962793273 0.09662129878997802 29040
1675962793911 0.14283692836761475 29080
1675962794398 0.11379929780960082 29120
1675962795055 0.11995428800582886 29160
1675962795556 0.1308015465736389 29200
1675962796209 0.13167479038238525 29240
1675962796882 0.10178054571151733 29280
1675962797500 0.12034451961517334 29320
1675962798101 0.09622091054916382 29360
1675962798647 0.10140979290008545 29400
1675962799265 0.09499050378799438 29440
1675962799989 0.10747357606887817 29480
1675962800514 0.12430772781372071 29520
1675962801113 0.11827598810195923 29560
1675962801670 0.11837136745452881 29600
1675962802274 0.11490340232849121 29640
1675962802824 0.13231383562088012 29680
1675962803437 0.12076442241668701 29720
1675962803960 0.0797015130519867 29760
1675962804514 0.1267639398574829 29800
1675962807645 0.09868752360343933 29840
1675962808301 0.13350774049758912 29880
1675962808879 0.13705339431762695 29920
1675962809440 0.09942203760147095 29960
1675962810018 0.12889530658721923 30000
1675962810677 0.11355682611465454 30040
1675962811178 0.12875233888626098 30080
1675962811808 0.1487886667251587 30120
1675962815107 0.06222955584526062 30160
1675962815643 0.11014811992645264 30200
1675962816188 0.1225536584854126 30240
1675962816818 0.12060445547103882 30280
1675962817391 0.09463912844657899 30320
1675962817987 0.12281498908996583 30360
1675962818520 0.12101551294326782 30400
1675962819045 0.15522918701171876 30440
1675962819729 0.15060639381408691 30480
1675962820324 0.12613898515701294 30520
1675962820937 0.1002052903175354 30560
1675962821587 0.16036384105682372 30600
1675962822147 0.10899631977081299 30640
1675962822788 0.11108666658401489 30680
1675962823306 0.10842887163162232 30720
1675962823866 0.13479844331741334 30760
1675962824432 0.1357603907585144 30800
1675962825168 0.11535823345184326 30840
1675962825764 0.13092230558395385 30880
1675962826309 0.10980794429779053 30920
1675962826994 0.12507469654083253 30960
1675962827531 0.10140044689178467 31000
1675962828156 0.12482959032058716 31040
1675962828729 0.15124038457870484 31080
1675962829353 0.10207738876342773 31120
1675962829938 0.1177209734916687 31160
1675962830470 0.10620075464248657 31200
1675962831057 0.11827353239059449 31240
1675962831781 0.13604265451431274 31280
1675962832408 0.13970352411270143 31320
1675962832928 0.0926857590675354 31360
1675962833495 0.10095356702804566 31400
1675962834052 0.10448281764984131 31440
1675962834669 0.08295447230339051 31480
1675962835200 0.10896849632263184 31520
1675962835826 0.08384982347488404 31560
1675962836359 0.11602594852447509 31600
1675962836850 0.10950523614883423 31640
1675962837515 0.153511118888855 31680
1675962838040 0.10226265192031861 31720
1675962838508 0.1308211326599121 31760
1675962839039 0.12272619009017945 31800
1675962839658 0.1246139407157898 31840
1675962840171 0.1263071060180664 31880
1675962840666 0.14121346473693847 31920
1675962841224 0.1257471799850464 31960
1675962841832 0.1615012764930725 32000
1675962842396 0.0997067391872406 32040
1675962842864 0.12752223014831543 32080
1675962843355 0.11405843496322632 32120
1675962843922 0.11024770736694336 32160
1675962844492 0.1644774317741394 32200
1675962845022 0.20837898254394532 32240
1675962845522 0.1071496844291687 32280
1675962846061 0.10962873697280884 32320
1675962846614 0.1640514016151428 32360
1675962847190 0.11961721181869507 32400
1675962847699 0.1479346752166748 32440
1675962848391 0.12417653799057007 32480
1675962848899 0.12873915433883668 32520
1675962849402 0.11838486194610595 32560
1675962849972 0.16241943836212158 32600
1675962850561 0.10841224193572999 32640
1675962851080 0.11777712106704712 32680
1675962851649 0.12503916025161743 32720
1675962852301 0.09747346639633178 32760
1675962852923 0.13790642023086547 32800
1675962853452 0.07282121777534485 32840
1675962854076 0.10522228479385376 32880
1675962854699 0.1724040389060974 32920
1675962855243 0.12505570650100709 32960
1675962855840 0.0852963924407959 33000
1675962856450 0.13634681701660156 33040
1675962857528 0.11986014842987061 33080
1675962858244 0.10852254629135132 33120
1675962858869 0.11080024242401124 33160
1675962859473 0.13223274946212768 33200
1675962860123 0.13454462289810182 33240
1675962860736 0.11083648204803467 33280
1675962861258 0.08445953130722046 33320
1675962861927 0.11148377656936645 33360
1675962862672 0.13162635564804076 33400
1675962863205 0.10142734050750732 33440
1675962863814 0.12602839469909669 33480
1675962864578 0.1212458848953247 33520
1675962865206 0.11919628381729126 33560
1675962865809 0.11258572340011597 33600
1675962866347 0.11140328645706177 33640
1675962866965 0.1542934536933899 33680
1675962867567 0.06333683729171753 33720
1675962868326 0.14637038707733155 33760
1675962868918 0.13353519439697265 33800
1675962869481 0.08624696135520935 33840
1675962870143 0.14460216760635375 33880
1675962870744 0.12513630390167235 33920
1675962871292 0.1285119652748108 33960
1675962871796 0.10327104330062867 34000
1675962872326 0.11346402168273925 34040
1675962872913 0.12844704389572142 34080
1675962873418 0.1341775894165039 34120
1675962873960 0.11366413831710816 34160
1675962874491 0.12992967367172242 34200
1675962875152 0.10263181924819946 34240
1675962875664 0.15905263423919677 34280
1675962876261 0.10058999061584473 34320
1675962876783 0.13330655097961425 34360
1675962877387 0.13083407878875733 34400
1675962877921 0.0926331877708435 34440
1675962878447 0.09910852313041688 34480
1675962878981 0.10301738977432251 34520
1675962879588 0.14382197856903076 34560
1675962880116 0.08891206383705139 34600
1675962880679 0.13215044736862183 34640
1675962881345 0.09352174401283264 34680
1675962881854 0.1381801962852478 34720
1675962882435 0.134860360622406 34760
1675962883115 0.14225949048995973 34800
1675962883722 0.1256506085395813 34840
1675962884433 0.15716514587402344 34880
1675962884974 0.10732464790344239 34920
1675962885587 0.13921092748641967 34960
1675962886070 0.10807441473007202 35000
1675962886735 0.12699753046035767 35040
1675962887661 0.08394837975502015 35080
1675962888251 0.1010709524154663 35120
1675962888840 0.09375911355018615 35160
1675962889398 0.1065778374671936 35200
1675962889982 0.09246416687965393 35240
1675962890561 0.11198856830596923 35280
1675962891072 0.0930789828300476 35320
1675962891760 0.10776782035827637 35360
1675962892337 0.11617920398712159 35400
1675962892921 0.10205788612365722 35440
1675962893432 0.1072159767150879 35480
1675962894225 0.14243168830871583 35520
1675962894786 0.09762330651283264 35560
1675962895302 0.10931959152221679 35600
1675962895913 0.12242754697799682 35640
1675962896436 0.10239367485046387 35680
1675962897031 0.13268547058105468 35720
1675962898003 0.10058287382125855 35760
1675962898835 0.10025212764739991 35800
1675962899469 0.14446818828582764 35840
1675962900113 0.11185722351074219 35880
1675962901374 0.10730501413345336 35920
1675962901937 0.1365431785583496 35960
1675962902503 0.11422255039215087 36000
1675962903063 0.11057810783386231 36040
1675962903636 0.15281599760055542 36080
1675962904316 0.14086155891418456 36120
1675962904881 0.1388551712036133 36160
1675962905449 0.12249572277069092 36200
1675962906067 0.09736618995666504 36240
1675962906610 0.11694601774215699 36280
1675962907193 0.10514426231384277 36320
1675962907778 0.15050963163375855 36360
1675962908602 0.12506451606750488 36400
1675962909159 0.10579934120178222 36440
1675962909721 0.15980385541915892 36480
1675962910292 0.1717327356338501 36520
1675962910829 0.11557296514511109 36560
1675962911792 0.11072602272033691 36600
1675962912589 0.1323134183883667 36640
1675962913112 0.14160276651382447 36680
1675962913581 0.12341041564941406 36720
1675962914128 0.14461177587509155 36760
1675962914656 0.10524433851242065 36800
1675962915210 0.14070671796798706 36840
1675962915725 0.1406884551048279 36880
1675962916199 0.09750254154205322 36920
1675962916803 0.11434588432312012 36960
1675962917403 0.1170307755470276 37000
1675962917927 0.0747094988822937 37040
1675962918525 0.09616703987121582 37080
1675962919019 0.1293777585029602 37120
1675962919531 0.08822804689407349 37160
1675962920112 0.13502879142761232 37200
1675962920736 0.0975559651851654 37240
1675962921324 0.11595853567123413 37280
1675962921919 0.16005795001983641 37320
1675962922487 0.10917227268218994 37360
1675962923040 0.10579444169998169 37400
1675962923664 0.1338894009590149 37440
1675962924220 0.1083827257156372 37480
1675962924819 0.08561638593673707 37520
1675962925392 0.12952247858047486 37560
1675962925875 0.0875849187374115 37600
1675962926439 0.087847501039505 37640
1675962927090 0.15685970783233644 37680
1675962927639 0.11637077331542969 37720
1675962928440 0.10715163946151733 37760
1675962929145 0.11074106693267823 37800
1675962929726 0.13060733079910278 37840
1675962930280 0.11459455490112305 37880
1675962930859 0.10788584947586059 37920
1675962931411 0.10477794408798217 37960
1675962931984 0.07826889157295228 38000
1675962932587 0.10854109525680541 38040
1675962933234 0.1403196096420288 38080
1675962933810 0.0961304783821106 38120
1675962934369 0.16722573041915895 38160
1675962935003 0.11858795881271363 38200
1675962935607 0.11718599796295166 38240
1675962936214 0.10950056314468384 38280
1675962936766 0.09123995304107665 38320
1675962937484 0.09275238513946533 38360
1675962938149 0.1164894938468933 38400
1675962938696 0.18267332315444945 38440
1675962939229 0.09240686893463135 38480
1675962939766 0.11169999837875366 38520
1675962940265 0.1012193202972412 38560
1675962940782 0.09098057150840759 38600
1675962941382 0.09453526139259338 38640
1675962942065 0.11179331541061402 38680
1675962942668 0.07055760025978089 38720
1675962943234 0.13124244213104247 38760
1675962943786 0.12553147077560425 38800
1675962944322 0.07189549207687378 38840
1675962944926 0.08995777368545532 38880
1675962945684 0.12032281160354615 38920
1675962946209 0.11477527618408204 38960
1675962946895 0.11780678033828736 39000
1675962947566 0.09919764399528504 39040
1675962948201 0.08525297641754151 39080
1675962948773 0.10765279531478882 39120
1675962949296 0.10150669813156128 39160
1675962949885 0.12009140253067016 39200
1675962950531 0.11874551773071289 39240
1675962951298 0.1306736707687378 39280
1675962952652 0.10424517393112183 39320
1675962953301 0.1118330717086792 39360
1675962953853 0.09894807934761048 39400
1675962954494 0.10304028987884521 39440
1675962955341 0.10109565258026124 39480
1675962956465 0.08150632977485657 39520
1675962956972 0.12947754859924315 39560
1675962957595 0.09980512857437134 39600
1675962958265 0.10289528369903564 39640
1675962958821 0.09645476341247558 39680
1675962959356 0.12421519756317138 39720
1675962960061 0.11190694570541382 39760
1675962960618 0.07477266788482666 39800
1675962961230 0.10447207689285279 39840
1675962961854 0.09548165202140808 39880
1675962963240 0.11659129858016967 39920
1675962964224 0.12755227088928223 39960
1675962968017 0.09276221394538879 40000
1675962969705 0.11233429908752442 40040
1675962970300 0.11156145334243775 40080
1675962970872 0.10827555656433105 40120
1675962971363 0.22890195846557618 40160
1675962974489 0.04853767156600952 40200
1675962975182 0.09965794682502746 40240
1675962975715 0.10217485427856446 40280
1675962976356 0.11123503446578979 40320
1675962977147 0.097803795337677 40360
1675962977735 0.10650161504745484 40400
1675962978438 0.1225216269493103 40440
1675962979144 0.13188822269439698 40480
1675962979695 0.1536240816116333 40520
1675962980337 0.10877084732055664 40560
1675962980959 0.10687460899353027 40600
1675962981589 0.11797765493392945 40640
1675962982168 0.09811710119247437 40680
1675962982745 0.10852624177932739 40720
1675962983391 0.08941089510917663 40760
1675962984010 0.1358081579208374 40800
1675962984623 0.13027094602584838 40840
1675962985517 0.13204431533813477 40880
1675962986473 0.10766143798828125 40920
1675962987142 0.11910603046417237 40960
1675962987786 0.11940367221832275 41000
1675962988429 0.09933744072914123 41040
1675962989246 0.12244553565979004 41080
1675962989946 0.134166157245636 41120
1675962990977 0.10596729516983032 41160
1675962991847 0.09386489987373352 41200
1675962992451 0.08206528425216675 41240
1675962993062 0.11653444766998292 41280
1675962993765 0.12191345691680908 41320
1675962994414 0.15337707996368408 41360
1675962995032 0.14423916339874268 41400
1675962995746 0.09300164580345154 41440
1675962996431 0.10964840650558472 41480
1675962997035 0.08853030204772949 41520
1675962997628 0.0871674358844757 41560
1675962998299 0.09349300265312195 41600
1675962998894 0.11914714574813842 41640
1675962999424 0.11853063106536865 41680
1675963000057 0.13768370151519777 41720
1675963000616 0.09128802418708801 41760
1675963001131 0.11246705055236816 41800
1675963001714 0.10481542348861694 41840
1675963002350 0.11938198804855346 41880
1675963002953 0.12554067373275757 41920
1675963003627 0.1014590859413147 41960
1675963004240 0.11678141355514526 42000
1675963004824 0.14577393531799315 42040
1675963005393 0.10779463052749634 42080
1675963005961 0.11022487878799439 42120
1675963006538 0.12861056327819825 42160
1675963007297 0.10519075393676758 42200
1675963007901 0.1770097494125366 42240
1675963008512 0.13087756633758546 42280
1675963009053 0.09971185326576233 42320
1675963009633 0.09938794374465942 42360
1675963010323 0.13298296928405762 42400
1675963010902 0.118798828125 42440
1675963011522 0.1301054000854492 42480
1675963012158 0.10789312124252319 42520
1675963012911 0.11935324668884277 42560
1675963013407 0.11902509927749634 42600
1675963014005 0.13217173814773558 42640
1675963014659 0.10659431219100952 42680
1675963015183 0.1119471549987793 42720
1675963016058 0.12379195690155029 42760
1675963016682 0.08677226901054383 42800
1675963017305 0.11193587779998779 42840
1675963017847 0.08713297843933106 42880
1675963018445 0.08210451006889344 42920
1675963019226 0.1449829339981079 42960
1675963019812 0.11063755750656128 43000
1675963020391 0.09453144669532776 43040
1675963020962 0.12287065982818604 43080
1675963021594 0.10956028699874878 43120
1675963022203 0.1086980938911438 43160
1675963022750 0.12125552892684936 43200
1675963023447 0.13073499202728273 43240
1675963024120 0.12037894725799561 43280
1675963024779 0.10070285797119141 43320
1675963025395 0.08863601088523865 43360
1675963025998 0.12646286487579345 43400
1675963026633 0.11804755926132202 43440
1675963027266 0.08962587714195251 43480
1675963027913 0.12103815078735351 43520
1675963028565 0.12346028089523316 43560
1675963029110 0.10455719232559205 43600
1675963029694 0.12481721639633178 43640
1675963030235 0.10340275764465331 43680
1675963030799 0.12610287666320802 43720
1675963031413 0.07421692609786987 43760
1675963031990 0.12773969173431396 43800
1675963032528 0.12134493589401245 43840
1675963033095 0.0696447491645813 43880
1675963033866 0.11134201288223267 43920
1675963034408 0.12408603429794311 43960
1675963034939 0.10503121614456176 44000
1675963035574 0.11761796474456787 44040
1675963036128 0.10591361522674561 44080
1675963036776 0.09515442848205566 44120
1675963037394 0.12441776990890503 44160
1675963038098 0.1037909984588623 44200
1675963038714 0.09526301622390747 44240
1675963039302 0.11808680295944214 44280
1675963040022 0.1461774706840515 44320
1675963040614 0.08957903385162354 44360
1675963041272 0.11124074459075928 44400
1675963041918 0.12216253280639648 44440
1675963042504 0.10983113050460816 44480
1675963043113 0.08689444065093994 44520
1675963043776 0.10091853141784668 44560
1675963044419 0.14793392419815063 44600
1675963044986 0.07933427095413208 44640
1675963045701 0.11726653575897217 44680
1675963046211 0.09830378293991089 44720
1675963046720 0.12089383602142334 44760
1675963047283 0.14352083206176758 44800
1675963048071 0.13303120136260987 44840
1675963048616 0.1242802619934082 44880
1675963049499 0.15667240619659423 44920
1675963050169 0.10573729276657104 44960
1675963050773 0.14662580490112304 45000
1675963051289 0.10194082260131836 45040
1675963051852 0.11805306673049927 45080
1675963052433 0.09331327676773071 45120
1675963053023 0.10878422260284423 45160
1675963053598 0.09121662974357606 45200
1675963054241 0.10746868848800659 45240
1675963054749 0.0949608862400055 45280
1675963055301 0.1175062894821167 45320
1675963055826 0.12259695529937745 45360
1675963056528 0.09580023884773255 45400
1675963057182 0.135802161693573 45440
1675963057712 0.09214049577713013 45480
1675963058403 0.11921684741973877 45520
1675963058956 0.13225104808807372 45560
1675963059520 0.09385537505149841 45600
1675963060061 0.09370554685592651 45640
1675963060678 0.11793606281280518 45680
1675963061255 0.10308958292007446 45720
1675963061844 0.13139938116073607 45760
1675963062580 0.09495846629142761 45800
1675963063121 0.09397329092025757 45840
1675963063696 0.10176268815994263 45880
1675963064278 0.13058139085769654 45920
1675963064972 0.09943848252296447 45960
1675963065557 0.10874029397964477 46000
1675963066080 0.09931763410568237 46040
1675963066813 0.11709811687469482 46080
1675963067439 0.12821767330169678 46120
1675963068068 0.14903246164321898 46160
1675963068703 0.12826974391937257 46200
1675963069248 0.11723860502243041 46240
1675963069782 0.09626677632331848 46280
1675963070395 0.08871728181838989 46320
1675963070982 0.07612913846969604 46360
1675963071607 0.11568695306777954 46400
1675963072218 0.09640604257583618 46440
1675963072940 0.11045277118682861 46480
1675963073528 0.13773523569107055 46520
1675963074122 0.15336791276931763 46560
1675963074694 0.10415022373199463 46600
1675963075387 0.14257800579071045 46640
1675963075980 0.13481403589248658 46680
1675963076512 0.12964786291122438 46720
1675963077174 0.10537568330764771 46760
1675963077771 0.12455698251724243 46800
1675963078334 0.12328325510025025 46840
1675963079100 0.1431000351905823 46880
1675963079716 0.14512295722961427 46920
1675963080311 0.08488078117370605 46960
1675963080855 0.10387794971466065 47000
1675963081453 0.11216721534729004 47040
1675963082051 0.08804426193237305 47080
1675963082665 0.09798407554626465 47120
1675963083311 0.12538398504257203 47160
1675963083935 0.09164932370185852 47200
1675963084461 0.11557859182357788 47240
1675963086156 0.08888562321662903 47280
1675963086699 0.08123481869697571 47320
1675963087307 0.13084348440170288 47360
1675963087955 0.0964095115661621 47400
1675963088740 0.0908219039440155 47440
1675963089355 0.11680452823638916 47480
1675963089996 0.12258576154708863 47520
1675963090529 0.07495883107185364 47560
1675963091089 0.10803883075714112 47600
1675963091993 0.0879526674747467 47640
1675963092809 0.0815024197101593 47680
1675963093488 0.11287212371826172 47720
1675963094202 0.12033370733261109 47760
1675963094749 0.11329789161682129 47800
1675963095366 0.09606533646583557 47840
1675963096024 0.11228923797607422 47880
1675963096582 0.09579564929008484 47920
1675963097367 0.10611110925674438 47960
1675963098046 0.08370369672775269 48000
1675963098625 0.06674920916557311 48040
1675963099204 0.11401674747467042 48080
1675963099804 0.10457556247711182 48120
1675963100537 0.10492539405822754 48160
1675963101122 0.12719278335571288 48200
1675963101783 0.1160821795463562 48240
1675963102469 0.12164714336395263 48280
1675963103057 0.10640102624893188 48320
1675963103610 0.07409127950668334 48360
1675963104322 0.08957200646400451 48400
1675963104931 0.10737205743789673 48440
1675963105526 0.12130298614501953 48480
1675963106051 0.11344735622406006 48520
1675963106635 0.09810247421264648 48560
1675963107237 0.10374375581741332 48600
1675963107784 0.07601075768470764 48640
1675963108282 0.08960380554199218 48680
1675963108915 0.10087252855300903 48720
1675963109765 0.07724531888961791 48760
1675963110389 0.11253057718276978 48800
1675963110987 0.12086700201034546 48840
1675963111537 0.07450791597366332 48880
1675963112159 0.08987158536911011 48920
1675963112800 0.1115073323249817 48960
1675963113373 0.12083401679992675 49000
1675963113995 0.1268913745880127 49040
1675963114581 0.0853699266910553 49080
1675963115123 0.08196032047271729 49120
1675963115679 0.11091828346252441 49160
1675963116285 0.11361948251724244 49200
1675963117043 0.09724584817886353 49240
1675963117653 0.14435361623764037 49280
1675963118232 0.12000824213027954 49320
1675963118923 0.09032810926437378 49360
1675963119504 0.12482372522354127 49400
1675963120082 0.09725185632705688 49440
1675963120587 0.09832383990287781 49480
1675963121324 0.11891717910766601 49520
1675963121857 0.08692780733108521 49560
1675963122564 0.13156892061233522 49600
1675963123241 0.10627609491348267 49640
1675963123790 0.10153015851974487 49680
1675963124370 0.09859523177146912 49720
1675963124995 0.11945993900299072 49760
1675963125591 0.10556572675704956 49800
1675963126168 0.10751222372055054 49840
1675963126743 0.09225641489028931 49880
1675963127404 0.08007102012634278 49920
1675963127987 0.10411598682403564 49960
1675963128601 0.14647122621536254 50000
1675963129276 0.10128848552703858 50040
1675963129779 0.1207309365272522 50080
1675963130378 0.09714751243591309 50120
1675963130885 0.15837090015411376 50160
1675963131563 0.14031842947006226 50200
1675963134857 0.03689340353012085 50240
1675963135535 0.08852012753486634 50280
1675963136123 0.0996099054813385 50320
1675963136762 0.11185493469238281 50360
1675963137380 0.09228523969650268 50400
1675963138053 0.10309078693389892 50440
1675963138655 0.12143450975418091 50480
1675963139218 0.1238988995552063 50520
1675963139839 0.1392616629600525 50560
1675963140456 0.10071253776550293 50600
1675963141024 0.11466081142425537 50640
1675963141597 0.12049970626831055 50680
1675963142174 0.08691294193267822 50720
1675963142786 0.09703935980796814 50760
1675963143337 0.09475189447402954 50800
1675963143920 0.11087175607681274 50840
1675963144520 0.12890052795410156 50880
1675963145052 0.1253689169883728 50920
1675963145634 0.11071393489837647 50960
1675963146276 0.10992927551269531 51000
1675963146877 0.1255740761756897 51040
1675963147435 0.09580376744270325 51080
1675963148049 0.12085191011428834 51120
1675963148622 0.13547440767288207 51160
1675963149149 0.11383136510848998 51200
1675963149715 0.11257961988449097 51240
1675963150338 0.07738376259803773 51280
1675963150926 0.11570318937301635 51320
1675963151475 0.12025556564331055 51360
1675963152226 0.15433380603790284 51400
1675963152742 0.11021318435668945 51440
1675963153269 0.08152719140052796 51480
1675963153846 0.1059252142906189 51520
1675963154537 0.08971602916717529 51560
1675963155079 0.06948312520980834 51600
1675963155627 0.08701613545417786 51640
1675963156194 0.10370763540267944 51680
1675963157294 0.08567193150520325 51720
1675963158030 0.12747372388839723 51760
1675963158651 0.09993271827697754 51800
1675963159191 0.09389296770095826 51840
1675963159708 0.09814512133598327 51880
1675963160276 0.10601218938827514 51920
1675963160825 0.1311989188194275 51960
1675963161357 0.09229297041893006 52000
1675963161907 0.10069813728332519 52040
1675963162579 0.11870831251144409 52080
1675963163294 0.13340743780136108 52120
1675963163809 0.0984834909439087 52160
1675963164391 0.11126434803009033 52200
1675963165029 0.10192586183547973 52240
1675963165622 0.14100648164749147 52280
1675963166224 0.15884793996810914 52320
1675963166767 0.09325776100158692 52360
1675963167353 0.09201075434684754 52400
1675963167859 0.11156574487686158 52440
1675963168479 0.12201098203659058 52480
1675963169028 0.12733150720596315 52520
1675963169577 0.10449554920196533 52560
1675963170483 0.1410176157951355 52600
1675963171127 0.11381462812423707 52640
1675963171654 0.12898095846176147 52680
1675963172253 0.09656277894973755 52720
1675963172755 0.13101147413253783 52760
1675963173395 0.10063165426254272 52800
1675963173921 0.10678614377975464 52840
1675963174480 0.09966384768486022 52880
1675963175029 0.06487203240394593 52920
1675963175589 0.10746814012527466 52960
1675963176177 0.14284354448318481 53000
1675963176808 0.12813847064971923 53040
1675963177494 0.07189128994941711 53080
1675963178029 0.10529118776321411 53120
1675963178654 0.10078091621398926 53160
1675963179196 0.120101797580719 53200
1675963179723 0.0892149806022644 53240
1675963180307 0.11941851377487182 53280
1675963180934 0.10747843980789185 53320
1675963181575 0.11568007469177247 53360
1675963182142 0.08950042724609375 53400
1675963182693 0.12327321767807006 53440
1675963183310 0.11737970113754273 53480
1675963183841 0.09090297818183898 53520
1675963184391 0.10707969665527343 53560
1675963184953 0.11302162408828735 53600
1675963185495 0.09539481997489929 53640
1675963186149 0.11742817163467408 53680
1675963186764 0.10750386714935303 53720
1675963187691 0.13809604644775392 53760
1675963188243 0.05890865325927734 53800
1675963188779 0.10075553655624389 53840
1675963189306 0.12399952411651612 53880
1675963189892 0.07533621191978454 53920
1675963190534 0.10050362348556519 53960
1675963191150 0.12521014213562012 54000
1675963191730 0.10057592391967773 54040
1675963192322 0.1111230731010437 54080
1675963192885 0.0991519808769226 54120
1675963193455 0.09868010878562927 54160
1675963194139 0.13821728229522706 54200
1675963194684 0.08064391613006591 54240
1675963195226 0.10710022449493409 54280
1675963195769 0.13154646158218383 54320
1675963196401 0.1412060260772705 54360
1675963196949 0.08512066006660461 54400
1675963197488 0.11518406867980957 54440
1675963198084 0.11926360130310058 54480
1675963198611 0.10828449726104736 54520
1675963199167 0.08744450211524964 54560
1675963199736 0.08338909745216369 54600
1675963201060 0.1389981746673584 54640
1675963202107 0.08559274673461914 54680
1675963202836 0.11259694099426269 54720
1675963203585 0.09830781817436218 54760
1675963204197 0.09946102499961854 54800
1675963204736 0.14105304479598998 54840
1675963205390 0.13598445653915406 54880
1675963205919 0.12527652978897094 54920
1675963206913 0.1440091013908386 54960
1675963207522 0.08383290767669678 55000
1675963208132 0.11728180646896362 55040
1675963208743 0.10490405559539795 55080
1675963209350 0.09143224954605103 55120
1675963209849 0.07998625636100769 55160
1675963210427 0.08664317727088929 55200
1675963211037 0.07719608545303344 55240
1675963211668 0.0824238657951355 55280
1675963212240 0.09305018186569214 55320
1675963212957 0.16185810565948486 55360
1675963213603 0.09930046200752259 55400
1675963214152 0.08561652898788452 55440
1675963214789 0.12758169174194336 55480
1675963215255 0.0863715648651123 55520
1675963215771 0.10408211946487426 55560
1675963216309 0.13045148849487304 55600
1675963216962 0.0813728928565979 55640
1675963217586 0.1012011170387268 55680
1675963218155 0.10391937494277954 55720
1675963218727 0.10861891508102417 55760
1675963219308 0.12669383287429808 55800
1675963219873 0.1066251277923584 55840
1675963220436 0.07905781865119935 55880
1675963221126 0.0906613826751709 55920
1675963221732 0.11388154029846191 55960
1675963222376 0.10126276016235351 56000
1675963222893 0.09435219764709472 56040
1675963223425 0.10603936910629272 56080
1675963224011 0.09805831909179688 56120
1675963224597 0.13200196027755737 56160
1675963225337 0.12379769086837769 56200
1675963225911 0.1204792618751526 56240
1675963226497 0.09104154109954835 56280
1675963227082 0.09799718260765075 56320
1675963227673 0.06471025943756104 56360
1675963228220 0.08029142022132874 56400
1675963228729 0.10891995429992676 56440
1675963229401 0.09248022437095642 56480
1675963229930 0.0914567768573761 56520
1675963230743 0.13443856239318847 56560
1675963231341 0.09669743776321411 56600
1675963231857 0.11403710842132568 56640
1675963232437 0.1135135531425476 56680
1675963232981 0.11138086318969727 56720
1675963233643 0.15060482025146485 56760
1675963234179 0.1075545072555542 56800
1675963234698 0.12494276762008667 56840
1675963235233 0.0964407503604889 56880
1675963235777 0.10985444784164429 56920
1675963236484 0.15466796159744262 56960
1675963236993 0.08777138590812683 57000
1675963237640 0.10929417610168457 57040
1675963238216 0.10289597511291504 57080
1675963238713 0.08160952925682068 57120
1675963239302 0.07813413143157959 57160
1675963239870 0.09022101163864135 57200
1675963240401 0.13069344758987428 57240
1675963240907 0.11023879051208496 57280
1675963241448 0.0902184545993805 57320
1675963242047 0.07300466895103455 57360
1675963242633 0.11953635215759277 57400
1675963243235 0.09247860312461853 57440
1675963243816 0.0910609483718872 57480
1675963244518 0.110759437084198 57520
1675963245080 0.11530669927597045 57560
1675963245612 0.07936137914657593 57600
1675963246204 0.09711511135101318 57640
1675963246823 0.0952701985836029 57680
1675963247496 0.07814574241638184 57720
1675963248188 0.0961773693561554 57760
1675963248853 0.11797256469726562 57800
1675963249444 0.13033742904663087 57840
1675963250191 0.10109672546386719 57880
1675963250819 0.09940481185913086 57920
1675963251340 0.11618279218673706 57960
1675963251924 0.10455137491226196 58000
1675963252534 0.08644334077835084 58040
1675963253055 0.06990556120872497 58080
1675963253631 0.14486100673675537 58120
1675963254275 0.09744132161140442 58160
1675963254804 0.11433925628662109 58200
1675963255352 0.12076280117034913 58240
1675963255949 0.1247338056564331 58280
1675963256628 0.11359091997146606 58320
1675963257192 0.09032398462295532 58360
1675963257809 0.08512863516807556 58400
1675963258403 0.09929327964782715 58440
1675963258951 0.08768889307975769 58480
1675963259459 0.11747329235076905 58520
1675963260040 0.12265317440032959 58560
1675963260595 0.09580001831054688 58600
1675963261154 0.10281951427459717 58640
1675963261721 0.08639010190963745 58680
1675963262290 0.08306339383125305 58720
1675963263081 0.10025532245635986 58760
1675963263631 0.07249932885169982 58800
1675963264163 0.11584492921829223 58840
1675963264718 0.12200233936309815 58880
1675963265218 0.07274473309516907 58920
1675963265774 0.0919633150100708 58960
1675963266382 0.10117818117141723 59000
1675963266995 0.10472912788391113 59040
1675963267547 0.12704384326934814 59080
1675963268151 0.0741838812828064 59120
1675963269087 0.09496418237686158 59160
1675963269653 0.1145828127861023 59200
1675963270206 0.1120697021484375 59240
1675963270751 0.09125675559043885 59280
1675963271408 0.1469593644142151 59320
1675963272363 0.09584731459617615 59360
1675963273294 0.09419412612915039 59400
1675963273859 0.10828301906585694 59440
1675963274405 0.09815005660057068 59480
1675963274867 0.08612356185913086 59520
1675963275432 0.08662526607513428 59560
1675963276007 0.08604999780654907 59600
1675963276554 0.10430318117141724 59640
1675963277389 0.1315150737762451 59680
1675963277901 0.08892658352851868 59720
1675963278543 0.0988797128200531 59760
1675963279052 0.09299340844154358 59800
1675963279689 0.1081396460533142 59840
1675963280324 0.07467756271362305 59880
1675963280805 0.08396970629692077 59920
1675963281383 0.10442769527435303 59960
1675963281926 0.10248450040817261 60000
1675963282569 0.13709431886672974 60040
1675963283180 0.09347019195556641 60080
1675963283786 0.09511409997940064 60120
1675963284357 0.09385468959808349 60160
1675963284914 0.11630545854568482 60200
1675963285568 0.15374599695205687 60240
1675963288846 0.022239628434181213 60280
1675963289508 0.08592281937599182 60320
1675963290181 0.10011796951293946 60360
1675963290843 0.09666657447814941 60400
1675963291733 0.1026375412940979 60440
1675963292352 0.08780438899993896 60480
1675963292968 0.11340856552124023 60520
1675963293640 0.13477630615234376 60560
1675963294307 0.11550673246383666 60600
1675963294886 0.11865615844726562 60640
1675963295505 0.10510646104812622 60680
1675963296206 0.10528343915939331 60720
1675963296777 0.08780974745750428 60760
1675963297396 0.09801949262619018 60800
1675963298056 0.10527688264846802 60840
1675963298624 0.10812218189239502 60880
1675963299244 0.11549710035324097 60920
1675963299808 0.13267686367034912 60960
1675963300446 0.09004814624786377 61000
1675963301044 0.12356331348419189 61040
1675963301611 0.15457444190979003 61080
1675963302309 0.06941120028495788 61120
1675963302872 0.13120566606521605 61160
1675963303400 0.1458583116531372 61200
1675963304011 0.13466089963912964 61240
1675963304586 0.09854031801223755 61280
1675963305085 0.07401233315467834 61320
1675963305652 0.11909182071685791 61360
1675963306311 0.11614105701446534 61400
1675963307066 0.15250101089477539 61440
1675963307724 0.09971612095832824 61480
1675963308402 0.08018862605094909 61520
1675963309064 0.11520829200744628 61560
1675963309701 0.10172039270401001 61600
1675963310363 0.0699653148651123 61640
1675963310970 0.08273069858551026 61680
1675963311620 0.10957937240600586 61720
1675963312257 0.07751877307891845 61760
1675963312885 0.14791001081466676 61800
1675963313651 0.07101129293441773 61840
1675963314321 0.10003752708435058 61880
1675963314940 0.1110800862312317 61920
1675963315475 0.095743066072464 61960
1675963316012 0.13241374492645264 62000
1675963316902 0.08001987338066101 62040
1675963317529 0.09846044182777405 62080
1675963318130 0.1383719563484192 62120
1675963318743 0.1359735369682312 62160
1675963319308 0.09779956936836243 62200
1675963319905 0.10869243144989013 62240
1675963320628 0.11996194124221801 62280
1675963321343 0.12250691652297974 62320
1675963321965 0.15788894891738892 62360
1675963322600 0.08467255830764771 62400
1675963323343 0.11643272638320923 62440
1675963323920 0.10622392892837525 62480
1675963324579 0.1329279661178589 62520
1675963325211 0.1300790548324585 62560
1675963325852 0.08219752311706544 62600
1675963326541 0.12781577110290526 62640
1675963327177 0.09497608542442322 62680
1675963327769 0.12188246250152587 62720
1675963328399 0.10853884220123292 62760
1675963328985 0.10144696235656739 62800
1675963329621 0.0998228669166565 62840
1675963330221 0.10621120929718017 62880
1675963330806 0.07993285655975342 62920
1675963331511 0.08529123067855834 62960
1675963332195 0.08903246521949768 63000
1675963332852 0.1263651132583618 63040
1675963333512 0.10655747652053833 63080
1675963334088 0.07726239562034606 63120
1675963334747 0.11246448755264282 63160
1675963335435 0.09941327571868896 63200
1675963336019 0.1172143816947937 63240
1675963336614 0.08649041056632996 63280
1675963337449 0.11495195627212525 63320
1675963338217 0.09420397281646728 63360
1675963338964 0.14036161899566652 63400
1675963339529 0.07703720927238464 63440
1675963340206 0.10280804634094239 63480
1675963340782 0.09463040828704834 63520
1675963341393 0.09843614101409912 63560
1675963342103 0.08979705572128296 63600
1675963342741 0.1220097303390503 63640
1675963343326 0.10297868251800538 63680
1675963344085 0.11067595481872558 63720
1675963344620 0.10099133253097534 63760
1675963345156 0.11334980726242065 63800
1675963345792 0.08630810379981994 63840
1675963346457 0.10116863250732422 63880
1675963346982 0.1249876856803894 63920
1675963347568 0.08287792801856994 63960
1675963348311 0.08904733657836914 64000
1675963348945 0.12367105484008789 64040
1675963349618 0.10208967924118043 64080
1675963350350 0.0987604558467865 64120
1675963350968 0.09530611038208008 64160
1675963351767 0.10918506383895873 64200
1675963352551 0.1303695797920227 64240
1675963353194 0.07402337193489075 64280
1675963353817 0.11176201105117797 64320
1675963354431 0.09285027384757996 64360
1675963355013 0.1081697940826416 64400
1675963355633 0.14712884426116943 64440
1675963356269 0.1074950098991394 64480
1675963356835 0.11673417091369628 64520
1675963357421 0.11733587980270385 64560
1675963357940 0.08808178901672363 64600
1675963358782 0.08922602534294129 64640
1675963359441 0.14382270574569703 64680
1675963360063 0.09452074766159058 64720
1675963360758 0.10149180889129639 64760
1675963361301 0.07413530349731445 64800
1675963361880 0.12929049730300904 64840
1675963362614 0.12144268751144409 64880
1675963363331 0.14074456691741943 64920
1675963364014 0.11851136684417725 64960
1675963364771 0.14371953010559083 65000
1675963365345 0.08842942714691163 65040
1675963365988 0.11714224815368653 65080
1675963366571 0.10692895650863647 65120
1675963367386 0.08511589765548706 65160
1675963367931 0.09679559469223023 65200
1675963368536 0.06120457649230957 65240
1675963369210 0.08267145752906799 65280
1675963369866 0.09915117621421814 65320
1675963370475 0.080130535364151 65360
1675963371084 0.11610084772109985 65400
1675963371676 0.11199060678482056 65440
1675963372280 0.05910482406616211 65480
1675963372891 0.12662595510482788 65520
1675963373560 0.08882059454917908 65560
1675963374217 0.09633820056915283 65600
1675963374777 0.12040855884552001 65640
1675963375414 0.08349613547325134 65680
1675963375907 0.0871678650379181 65720
1675963376459 0.09273240566253663 65760
1675963376987 0.10674278736114502 65800
1675963377579 0.0939286470413208 65840
1675963378215 0.11919571161270141 65880
1675963378755 0.07186464071273804 65920
1675963379462 0.08241580128669738 65960
1675963380139 0.11995320320129395 66000
1675963380762 0.10021452903747559 66040
1675963381491 0.09120383262634277 66080
1675963382025 0.0931667685508728 66120
1675963382602 0.08772324323654175 66160
1675963383223 0.12960336208343506 66200
1675963383868 0.13148329257965088 66240
1675963384508 0.1284419536590576 66280
1675963385069 0.10116369724273681 66320
1675963385705 0.0915321946144104 66360
1675963386457 0.07008853554725647 66400
1675963387147 0.07825119495391845 66440
1675963387788 0.10985687971115113 66480
1675963388493 0.08130942583084107 66520
1675963389019 0.0887872576713562 66560
1675963389705 0.13690521717071533 66600
1675963390329 0.11057559251785279 66640
1675963390971 0.12648489475250244 66680
1675963391585 0.10123555660247803 66720
1675963392409 0.10304896831512451 66760
1675963392975 0.12638704776763915 66800
1675963393518 0.09979989528656005 66840
1675963394098 0.1173389196395874 66880
1675963394659 0.07948805689811707 66920
1675963396925 0.11580662727355957 66960
1675963397672 0.13882241249084473 67000
1675963398327 0.10933595895767212 67040
1675963398901 0.08879490494728089 67080
1675963399505 0.11086878776550294 67120
1675963400211 0.07943500280380249 67160
1675963400790 0.0662026047706604 67200
1675963401359 0.08542505502700806 67240
1675963401984 0.12168104648590088 67280
1675963402723 0.11238826513290405 67320
1675963403283 0.11467373371124268 67360
1675963403879 0.06350233554840087 67400
1675963404521 0.11540250778198242 67440
1675963405192 0.10139436721801758 67480
1675963405809 0.09085268378257752 67520
1675963406532 0.09465692043304444 67560
1675963408749 0.09849651455879212 67600
1675963409332 0.08627409934997558 67640
1675963409957 0.07818331122398377 67680
1675963410670 0.10077208280563354 67720
1675963411249 0.07805117964744568 67760
1675963412122 0.08293313384056092 67800
1675963412883 0.1258512020111084 67840
1675963413463 0.11489372253417969 67880
1675963414084 0.08557171821594238 67920
1675963414690 0.12467436790466309 67960
1675963415327 0.09524582624435425 68000
1675963415885 0.11390601396560669 68040
1675963416556 0.0607155442237854 68080
1675963417250 0.07354539632797241 68120
1675963417860 0.10593416690826415 68160
1675963418480 0.08229052424430847 68200
1675963419107 0.11612823009490966 68240
1675963419683 0.08449723720550537 68280
1675963420312 0.14875590801239014 68320
1675963420877 0.11989439725875854 68360
1675963421499 0.09224074482917785 68400
1675963422059 0.08459136486053467 68440
1675963422664 0.08212896585464477 68480
1675963423506 0.10544869899749756 68520
1675963424094 0.10841195583343506 68560
1675963424761 0.10116572380065918 68600
1675963425385 0.08257452845573425 68640
1675963426030 0.0907494843006134 68680
1675963426657 0.07298065423965454 68720
1675963427403 0.07064920663833618 68760
1675963427972 0.10597077608108521 68800
1675963428625 0.06553104519844055 68840
1675963429280 0.11026490926742553 68880
1675963430068 0.10214152336120605 68920
1675963430679 0.08547580838203431 68960
1675963431259 0.07753337025642396 69000
1675963431943 0.09820610880851746 69040
1675963432624 0.09439856410026551 69080
1675963433225 0.11262555122375488 69120
1675963433922 0.07968201637268066 69160
1675963434524 0.08113544583320617 69200
1675963435130 0.09275692105293273 69240
1675963435853 0.1122887134552002 69280
1675963436525 0.11151944398880005 69320
1675963437900 0.1295581579208374 69360
1675963438510 0.10428553819656372 69400
1675963439107 0.09266019463539124 69440
1675963439802 0.11562827825546265 69480
1675963440436 0.09046782851219178 69520
1675963441001 0.08613983988761902 69560
1675963441595 0.0809863805770874 69600
1675963442246 0.0778552234172821 69640
1675963442814 0.08986188769340515 69680
1675963443426 0.12596557140350342 69720
1675963444172 0.10281087160110473 69760
1675963444813 0.08078776597976685 69800
1675963445415 0.09169022440910339 69840
1675963446183 0.11386644840240479 69880
1675963446710 0.08299543261528015 69920
1675963447312 0.08873896598815918 69960
1675963447820 0.07935830950737 70000
1675963448530 0.0876114547252655 70040
1675963449431 0.11061911582946778 70080
1675963450137 0.09843528866767884 70120
1675963450749 0.08678811192512512 70160
1675963451354 0.10379271507263184 70200
1675963452271 0.09569571614265442 70240
1675963453543 0.12299100160598755 70280
1675963456632 0.01088038831949234 70320
1675963457875 0.10223885774612426 70360
1675963458621 0.0918362021446228 70400
1675963459181 0.08693022131919861 70440
1675963459775 0.10462143421173095 70480
1675963460392 0.08932250738143921 70520
1675963460992 0.09040581583976745 70560
1675963461560 0.14307268857955932 70600
1675963462189 0.09305460453033447 70640
1675963462925 0.12064986228942871 70680
1675963463566 0.09751867651939392 70720
1675963464158 0.12107322216033936 70760
1675963464654 0.07028273344039918 70800
1675963465242 0.09925779104232788 70840
1675963465832 0.10795388221740723 70880
1675963466418 0.10025509595870971 70920
1675963467039 0.1128400444984436 70960
1675963467682 0.10102963447570801 71000
1675963468231 0.11432960033416747 71040
1675963468863 0.10158984661102295 71080
1675963469502 0.1308393359184265 71120
1675963470157 0.08911327123641968 71160
1675963470729 0.12623579502105714 71200
1675963471303 0.10030529499053956 71240
1675963471900 0.12868551015853882 71280
1675963472776 0.09656225442886353 71320
1675963473425 0.06893683075904847 71360
1675963473994 0.11397958993911743 71400
1675963474540 0.09272227883338928 71440
1675963475263 0.13944629430770875 71480
1675963475880 0.09623175263404846 71520
1675963476486 0.07653123736381531 71560
1675963477068 0.08794035315513611 71600
1675963477829 0.1072792649269104 71640
1675963478345 0.057109791040420535 71680
1675963478923 0.08333886861801147 71720
1675963479505 0.09770950675010681 71760
1675963480103 0.09021863341331482 71800
1675963480634 0.12501864433288573 71840
1675963481311 0.0684781014919281 71880
1675963481870 0.10680041313171387 71920
1675963482477 0.09524390697479249 71960
1675963483029 0.08899912834167481 72000
1675963483717 0.16058707237243652 72040
1675963484279 0.07774363160133362 72080
1675963484793 0.11205873489379883 72120
1675963485343 0.1162102222442627 72160
1675963485930 0.11263118982315064 72200
1675963486537 0.10318042039871216 72240
1675963487193 0.10358103513717651 72280
1675963488140 0.11383652687072754 72320
1675963488764 0.12286595106124878 72360
1675963489359 0.14779924154281615 72400
1675963490086 0.08450127840042114 72440
1675963490665 0.11452819108963012 72480
1675963491261 0.10896389484405518 72520
1675963491819 0.11959234476089478 72560
1675963492460 0.12257144451141358 72600
1675963492977 0.08424896597862244 72640
1675963493594 0.11717195510864258 72680
1675963494242 0.09686254262924195 72720
1675963494781 0.12912665605545043 72760
1675963495404 0.12250162363052368 72800
1675963495968 0.09616283178329468 72840
1675963496609 0.10539379119873046 72880
1675963497291 0.0977652609348297 72920
1675963497837 0.08989232182502746 72960
1675963498459 0.09514532089233399 73000
1675963499087 0.08129847049713135 73040
1675963499684 0.10511285066604614 73080
1675963500665 0.13665088415145873 73120
1675963501379 0.07352016568183899 73160
1675963501926 0.11432839632034301 73200
1675963502608 0.09644450545310974 73240
1675963503128 0.12336472272872925 73280
1675963503745 0.09212048053741455 73320
1675963504264 0.11877983808517456 73360
1675963505000 0.10320557355880737 73400
1675963505601 0.12618789672851563 73440
1675963506166 0.0998469352722168 73480
1675963506781 0.09174427390098572 73520
1675963507370 0.0968260943889618 73560
1675963507952 0.10592851638793946 73600
1675963508506 0.06971457004547119 73640
1675963509121 0.1340932607650757 73680
1675963509669 0.10445272922515869 73720
1675963510318 0.10855579376220703 73760
1675963510913 0.10154061317443848 73800
1675963511500 0.10932869911193847 73840
1675963512108 0.09783576726913452 73880
1675963512734 0.08375371098518372 73920
1675963513390 0.11509087085723876 73960
1675963513983 0.07845274806022644 74000
1675963514558 0.10586459636688232 74040
1675963515195 0.11636242866516114 74080
1675963515686 0.09329466819763184 74120
1675963516247 0.0985852301120758 74160
1675963516972 0.102910315990448 74200
1675963517594 0.08408471345901489 74240
1675963518142 0.13645689487457274 74280
1675963518715 0.07599164247512817 74320
1675963519418 0.09848769307136536 74360
1675963519992 0.08864299058914185 74400
1675963520612 0.12242145538330078 74440
1675963521249 0.1012561559677124 74480
1675963521766 0.08649398684501648 74520
1675963522372 0.11767150163650512 74560
1675963522934 0.12622513771057128 74600
1675963523611 0.09113315343856812 74640
1675963524255 0.07979179620742798 74680
1675963524837 0.11860250234603882 74720
1675963525530 0.09111443161964417 74760
1675963526162 0.09246877431869507 74800
1675963526823 0.09371918439865112 74840
1675963527574 0.1254021167755127 74880
1675963528223 0.11154621839523315 74920
1675963528830 0.11347098350524902 74960
1675963529548 0.10503647327423096 75000
1675963530140 0.1413141369819641 75040
1675963530713 0.08190004825592041 75080
1675963531357 0.12305941581726074 75120
1675963531968 0.10199134349822998 75160
1675963532667 0.09839234948158264 75200
1675963533471 0.09437702298164367 75240
1675963534020 0.07880682349205018 75280
1675963534758 0.0868371844291687 75320
1675963535401 0.08712043166160584 75360
1675963535997 0.08553561568260193 75400
1675963536575 0.1026484489440918 75440
1675963537131 0.11682649850845336 75480
1675963537648 0.06015198826789856 75520
1675963538403 0.12525560855865478 75560
1675963538968 0.09853132367134095 75600
1675963539530 0.11804749965667724 75640
1675963540157 0.11164617538452148 75680
1675963540777 0.0962839663028717 75720
1675963541317 0.08246075510978698 75760
1675963541826 0.10155011415481567 75800
1675963542484 0.11300399303436279 75840
1675963543001 0.10045350790023803 75880
1675963543665 0.11628578901290894 75920
1675963544234 0.06523146629333496 75960
1675963544843 0.08313851356506348 76000
1675963545480 0.11918926239013672 76040
1675963546173 0.09657866954803467 76080
1675963546767 0.08266471028327942 76120
1675963547347 0.11936980485916138 76160
1675963547854 0.07141159772872925 76200
1675963548505 0.10143269300460815 76240
1675963549144 0.14498918056488036 76280
1675963549726 0.11867024898529052 76320
1675963550389 0.10363959074020386 76360
1675963550958 0.08388223052024842 76400
1675963551532 0.06892242431640624 76440
1675963552078 0.08602212071418762 76480
1675963552652 0.10437172651290894 76520
1675963553310 0.09767916798591614 76560
1675963553834 0.0833594560623169 76600
1675963554540 0.1295182704925537 76640
1675963555133 0.09015018343925477 76680
1675963555651 0.12235684394836426 76720
1675963556287 0.10077651739120483 76760
1675963557025 0.09601818323135376 76800
1675963557590 0.1172178864479065 76840
1675963558095 0.10162966251373291 76880
1675963558685 0.12626646757125853 76920
1675963559206 0.06816813349723816 76960
1675963559725 0.1053473949432373 77000
1675963560372 0.1340099573135376 77040
1675963561106 0.09755106568336487 77080
1675963561624 0.09633475542068481 77120
1675963562225 0.09293836951255799 77160
1675963562853 0.09450957775115967 77200
1675963563455 0.0693436861038208 77240
1675963564035 0.08964545130729676 77280
1675963564638 0.09928421974182129 77320
1675963565309 0.09224116206169128 77360
1675963565925 0.11612226963043212 77400
1675963566587 0.060528284311294554 77440
1675963567289 0.09374260306358337 77480
1675963567884 0.10867067575454711 77520
1675963568535 0.0860043466091156 77560
1675963569191 0.08593357801437378 77600
1675963569816 0.1000583291053772 77640
1675963570382 0.08091444969177246 77680
1675963570921 0.10841180086135864 77720
1675963571633 0.09792885184288025 77760
1675963572184 0.08633984923362732 77800
1675963572873 0.08965968489646911 77840
1675963573615 0.1352970838546753 77880
1675963574236 0.12558008432388307 77920
1675963574828 0.07918897271156311 77960
1675963575450 0.10004057884216308 78000
1675963575992 0.09652426838874817 78040
1675963576529 0.10752769708633422 78080
1675963577214 0.08640702366828919 78120
1675963577813 0.08059073090553284 78160
1675963578393 0.10991601943969727 78200
1675963578993 0.08502138257026673 78240
1675963579642 0.10640541315078736 78280
1675963580251 0.07544471621513367 78320
1675963580839 0.14967583417892455 78360
1675963581648 0.11588952541351319 78400
1675963582301 0.08284499645233154 78440
1675963582902 0.09051390290260315 78480
1675963583554 0.07040727138519287 78520
1675963584175 0.09253883957862855 78560
1675963584829 0.11603840589523315 78600
1675963585384 0.1040952205657959 78640
1675963586041 0.08468521237373353 78680
1675963586634 0.09486878514289857 78720
1675963587319 0.07404239773750305 78760
1675963588039 0.09658713936805725 78800
1675963588616 0.09205307364463806 78840
1675963589202 0.06816712021827698 78880
1675963589830 0.11168291568756103 78920
1675963590437 0.09363886713981628 78960
1675963590973 0.08541037440299988 79000
1675963591529 0.079177987575531 79040
1675963592182 0.099467533826828 79080
1675963592717 0.09943722486495972 79120
1675963593342 0.11353228092193604 79160
1675963594245 0.08589028120040894 79200
1675963594781 0.07769860625267029 79240
1675963595373 0.06612886786460877 79280
1675963595914 0.09771907925605774 79320
1675963596615 0.09629093408584595 79360
1675963597262 0.1383012890815735 79400
1675963597831 0.09901853203773499 79440
1675963598493 0.09900451302528382 79480
1675963599145 0.09789113402366638 79520
1675963599699 0.09610518217086791 79560
1675963600369 0.07024953365325928 79600
1675963600878 0.08852772116661071 79640
1675963601428 0.08783046007156373 79680
1675963601959 0.08651494979858398 79720
1675963602621 0.1128922700881958 79760
1675963603252 0.10385500192642212 79800
1675963603815 0.10792745351791382 79840
1675963604417 0.1064917802810669 79880
1675963605005 0.108799147605896 79920
1675963605588 0.08814046382904053 79960
1675963606106 0.070494145154953 80000
1675963606870 0.0893956959247589 80040
1675963607517 0.07786310315132142 80080
1675963608091 0.11420332193374634 80120
1675963608824 0.11367870569229126 80160
1675963609395 0.06164429783821106 80200
1675963609954 0.10618946552276612 80240
1675963610667 0.0868813931941986 80280
1675963611226 0.11628468036651611 80320
1675963614528 0.0032808907330036164 80360
1675963615181 0.15862677097320557 80400
1675963615876 0.07670093774795532 80440
1675963616470 0.0906949758529663 80480
1675963617448 0.09583982825279236 80520
1675963618092 0.09584133625030518 80560
1675963618787 0.09760436415672302 80600
1675963619603 0.13203957080841064 80640
1675963620271 0.11229054927825928 80680
1675963620938 0.12604361772537231 80720
1675963621585 0.08323256373405456 80760
1675963622288 0.09571972489356995 80800
1675963622903 0.08765397667884826 80840
1675963623556 0.09093105196952819 80880
1675963624180 0.09654467105865479 80920
1675963624766 0.10856525897979737 80960
1675963625416 0.10601012706756592 81000
1675963626063 0.10905648469924926 81040
1675963626752 0.11382949352264404 81080
1675963627535 0.09535161852836609 81120
1675963628221 0.1115142822265625 81160
1675963629197 0.10063786506652832 81200
1675963629859 0.09412295818328857 81240
1675963630509 0.10837513208389282 81280
1675963631151 0.13024091720581055 81320
1675963631800 0.09981383085250854 81360
1675963633067 0.09360021948814393 81400
1675963634035 0.09856932163238526 81440
1675963634651 0.09788255095481872 81480
1675963635406 0.14463717937469484 81520
1675963636089 0.09595081210136414 81560
1675963636810 0.08721533417701721 81600
1675963637514 0.083128160238266 81640
1675963638334 0.10989739894866943 81680
1675963638964 0.05819396376609802 81720
1675963639609 0.06530270576477051 81760
1675963640453 0.08536234498023987 81800
1675963641059 0.1021068811416626 81840
1675963641684 0.13118205070495606 81880
1675963642402 0.07536101341247559 81920
1675963642987 0.09443675875663757 81960
1675963643609 0.0980192244052887 82000
1675963644235 0.08135671019554139 82040
1675963644921 0.13484431505203248 82080
1675963645530 0.08747036457061767 82120
1675963646132 0.09506699442863464 82160
1675963646776 0.10729957818984985 82200
1675963647521 0.11674275398254394 82240
1675963648142 0.098953777551651 82280
1675963648787 0.09717301726341247 82320
1675963649389 0.0841684341430664 82360
1675963650078 0.11471195220947265 82400
1675963650748 0.13351447582244874 82440
1675963651320 0.1006522536277771 82480
1675963651992 0.09908891320228577 82520
1675963652800 0.12362366914749146 82560
1675963653442 0.11683194637298584 82600
1675963654328 0.12063719034194946 82640
1675963654970 0.09861493706703187 82680
1675963655583 0.1293285608291626 82720
1675963656223 0.10162642002105712 82760
1675963656904 0.11232913732528686 82800
1675963657541 0.12757748365402222 82840
1675963658311 0.08415685892105103 82880
1675963659021 0.11009584665298462 82920
1675963659682 0.08388060927391053 82960
1675963660309 0.09032742381095886 83000
1675963660930 0.08863148093223572 83040
1675963661505 0.07503516674041748 83080
1675963662172 0.0960992693901062 83120
1675963662987 0.13437752723693847 83160
1675963663537 0.07564977407455445 83200
1675963664128 0.11026988029479981 83240
1675963664707 0.08962084054946899 83280
1675963665372 0.1057836651802063 83320
1675963665988 0.08750301599502563 83360
1675963666599 0.10316030979156494 83400
1675963667548 0.10539978742599487 83440
1675963668230 0.10411732196807862 83480
1675963668867 0.08181548118591309 83520
1675963669518 0.0745242714881897 83560
1675963670121 0.09731035828590393 83600
1675963670808 0.10114444494247436 83640
1675963671471 0.06979050636291503 83680
1675963672099 0.11157006025314331 83720
1675963672700 0.10251858234405517 83760
1675963673405 0.0959859311580658 83800
1675963674036 0.10160408020019532 83840
1675963674740 0.10375916957855225 83880
1675963675392 0.09510963559150695 83920
1675963676047 0.09463341236114502 83960
1675963676750 0.11424024105072021 84000
1675963677556 0.08430731892585755 84040
1675963678262 0.0808711290359497 84080
1675963678953 0.11284761428833008 84120
1675963679630 0.09595382809638978 84160
1675963680194 0.0932709515094757 84200
1675963680853 0.09625884294509887 84240
1675963681382 0.09424678683280945 84280
1675963682102 0.14120180606842042 84320
1675963682773 0.09058241844177246 84360
1675963683439 0.09630941748619079 84400
1675963684144 0.08945274353027344 84440
1675963684772 0.11886292695999146 84480
1675963685427 0.10999226570129395 84520
1675963686122 0.09058526158332825 84560
1675963686796 0.1074336051940918 84600
1675963687441 0.1078790307044983 84640
1675963688041 0.08501166701316834 84680
1675963688706 0.0820030152797699 84720
1675963689310 0.12735941410064697 84760
1675963690002 0.10132941007614135 84800
1675963690606 0.10131490230560303 84840
1675963691230 0.08912816643714905 84880
1675963691753 0.09599540829658508 84920
1675963692449 0.13643803596496581 84960
1675963693076 0.09802919030189514 85000
1675963693702 0.11136009693145751 85040
1675963694364 0.12672224044799804 85080
1675963695020 0.09483581781387329 85120
1675963695624 0.10969202518463135 85160
1675963696243 0.10641199350357056 85200
1675963696917 0.08023349642753601 85240
1675963697680 0.09022136330604554 85280
1675963698345 0.07010566592216491 85320
1675963699004 0.07545462250709534 85360
1675963699642 0.08054578304290771 85400
1675963700427 0.08867362141609192 85440
1675963701072 0.09650779366493226 85480
1675963701734 0.11544058322906495 85520
1675963702445 0.0552084743976593 85560
1675963703143 0.11069165468215943 85600
1675963703743 0.09765185117721557 85640
1675963704417 0.0981289803981781 85680
1675963705037 0.10964587926864625 85720
1675963705723 0.09861886501312256 85760
1675963706319 0.06250381469726562 85800
1675963706989 0.09947558641433715 85840
1675963707691 0.10208619832992553 85880
1675963708276 0.08300374746322632 85920
1675963708941 0.11920996904373168 85960
1675963709535 0.08358081579208373 86000
1675963710351 0.08504078388214112 86040
1675963711018 0.11745318174362182 86080
1675963711721 0.08972951173782348 86120
1675963712399 0.08274595737457276 86160
1675963712990 0.10586543083190918 86200
1675963713545 0.07763593792915344 86240
1675963714138 0.12735817432403565 86280
1675963715208 0.13428517580032348 86320
1675963715950 0.10653016567230225 86360
1675963716604 0.10680146217346191 86400
1675963717260 0.10363879203796386 86440
1675963717823 0.0686194896697998 86480
1675963718445 0.09142333269119263 86520
1675963719051 0.08904137015342713 86560
1675963719757 0.07616993188858032 86600
1675963720483 0.0893368124961853 86640
1675963721201 0.11110527515411377 86680
1675963721874 0.1009946346282959 86720
1675963722605 0.11840517520904541 86760
1675963723288 0.08894011974334717 86800
1675963723993 0.1041788935661316 86840
1675963724643 0.08912688493728638 86880
1675963725280 0.13323761224746705 86920
1675963725923 0.10163036584854127 86960
1675963726520 0.08655150532722473 87000
1675963727221 0.09885436892509461 87040
1675963728188 0.11533596515655517 87080
1675963728877 0.09529944062232971 87120
1675963729500 0.10046936273574829 87160
1675963730111 0.10467737913131714 87200
1675963730745 0.08868314027786255 87240
1675963731342 0.08332970142364501 87280
1675963732024 0.07785276174545289 87320
1675963732674 0.11841746568679809 87360
1675963733308 0.08584407567977906 87400
1675963734101 0.1180698037147522 87440
1675963734727 0.06110216379165649 87480
1675963735330 0.09238309860229492 87520
1675963736016 0.11850022077560425 87560
1675963736602 0.08204429149627686 87600
1675963737357 0.08781515955924987 87640
1675963738034 0.11291059255599975 87680
1675963738614 0.08124877810478211 87720
1675963739207 0.07563690543174743 87760
1675963739829 0.10414549112319946 87800
1675963740485 0.06626790165901184 87840
1675963741161 0.0998684048652649 87880
1675963741818 0.13180099725723265 87920
1675963742481 0.09129341840744018 87960
1675963743180 0.08850781321525573 88000
1675963743799 0.08836746215820312 88040
1675963744472 0.11179717779159545 88080
1675963745010 0.10008896589279175 88120
1675963745618 0.07376564741134643 88160
1675963746205 0.06732959747314453 88200
1675963746872 0.11053292751312256 88240
1675963747509 0.0765770435333252 88280
1675963748082 0.15565475225448608 88320
1675963748759 0.06901648044586181 88360
1675963749446 0.1524960994720459 88400
1675963750099 0.10606775283813477 88440
1675963750801 0.08284925222396851 88480
1675963751476 0.10509841442108155 88520
1675963752035 0.05689072608947754 88560
1675963752781 0.0898056983947754 88600
1675963753371 0.10819275379180908 88640
1675963753956 0.08328445553779602 88680
1675963754556 0.08370393514633179 88720
1675963755109 0.09226450920104981 88760
1675963755725 0.07286964654922486 88800
1675963756318 0.0925708532333374 88840
1675963757644 0.08833794593811035 88880
1675963758268 0.07707542777061463 88920
1675963759006 0.09362281560897827 88960
1675963759558 0.11279700994491577 89000
1675963760171 0.0800383746623993 89040
1675963760898 0.0834379255771637 89080
1675963761532 0.0952342689037323 89120
1675963762198 0.07979971766471863 89160
1675963762956 0.11993532180786133 89200
1675963763599 0.08968775272369385 89240
1675963764192 0.07806745767593384 89280
1675963764892 0.07344527244567871 89320
1675963765444 0.09251666069030762 89360
1675963766036 0.10622975826263428 89400
1675963766598 0.10052425861358642 89440
1675963767362 0.10054589509963989 89480
1675963768019 0.10862264633178711 89520
1675963768667 0.08616448640823364 89560
1675963769339 0.09777286052703857 89600
1675963769965 0.06339547634124756 89640
1675963770575 0.09916098713874817 89680
1675963771299 0.06806487441062928 89720
1675963771874 0.09018453359603881 89760
1675963772506 0.10807064771652222 89800
1675963773077 0.08470763564109803 89840
1675963773706 0.09835712909698487 89880
1675963774295 0.09478638768196106 89920
1675963775145 0.08577585816383362 89960
1675963775823 0.09801867008209228 90000
1675963776449 0.0675188958644867 90040
1675963776987 0.11571582555770873 90080
1675963777632 0.05708787441253662 90120
1675963778242 0.12223697900772094 90160
1675963778824 0.12580106258392335 90200
1675963779420 0.07327099442481995 90240
1675963779960 0.10144258737564087 90280
1675963780544 0.11227450370788575 90320
1675963781102 0.12676917314529418 90360
1675963781840 0.08324618339538574 90400
