1675955597333 0.01743251383304596 0
1675955598409 0.6462779521942139 40
1675955599520 7.856436920166016 80
1675955600591 0.6223390102386475 120
1675955601698 0.6625520706176757 160
1675955602822 0.6709412574768067 200
1675955604080 0.6716960430145263 240
1675955605157 0.6758293628692627 280
1675955606232 0.6729564189910888 320
1675955607338 0.6691674709320068 360
1675955608485 0.6650471210479736 400
1675955609629 0.6547348499298096 440
1675955610652 0.6546432495117187 480
1675955611721 0.6361143112182617 520
1675955612810 0.6091235637664795 560
1675955613857 0.6061621189117432 600
1675955614963 0.6237510204315185 640
1675955616049 0.5879587650299072 680
1675955617119 0.5962529659271241 720
1675955618274 0.6113223075866699 760
1675955619475 0.6021007061004638 800
1675955620556 0.6060359001159668 840
1675955621611 0.6137084007263184 880
1675955622665 0.602110767364502 920
1675955623740 0.6009642601013183 960
1675955624853 0.603437852859497 1000
1675955625903 0.6124811172485352 1040
1675955626969 0.6054832935333252 1080
1675955628053 0.5982386112213135 1120
1675955629281 0.5707791805267334 1160
1675955630372 0.5997423648834228 1200
1675955631444 0.6104406833648681 1240
1675955632531 0.6200380802154541 1280
1675955633793 0.5844176769256592 1320
1675955634883 0.6015500068664551 1360
1675955635958 0.5961428642272949 1400
1675955637052 0.6090826034545899 1440
1675955638119 0.6043199062347412 1480
1675955639192 0.6021231174468994 1520
1675955640320 0.5841211795806884 1560
1675955641396 0.6105400085449219 1600
1675955642425 0.6121856689453125 1640
1675955643455 0.6207481861114502 1680
1675955644523 0.6070643901824951 1720
1675955645577 0.6078755855560303 1760
1675955646608 0.6139130115509033 1800
1675955647722 0.5983908176422119 1840
1675955648912 0.6153891563415528 1880
1675955650047 0.6035497665405274 1920
1675955651093 0.6207127094268798 1960
1675955652180 0.6074944019317627 2000
1675955653300 0.5829412937164307 2040
1675955654380 0.6048720359802247 2080
1675955655497 0.5983499526977539 2120
1675955656585 0.6079322338104248 2160
1675955657644 0.6017387390136719 2200
1675955658793 0.5755920886993409 2240
1675955659897 0.6058688640594483 2280
1675955660939 0.6195836067199707 2320
1675955662029 0.5949033737182617 2360
1675955663170 0.594518518447876 2400
1675955664267 0.6060728549957275 2440
1675955665425 0.5789533138275147 2480
1675955666483 0.6150905609130859 2520
1675955667628 0.5928709030151367 2560
1675955668852 0.5910984516143799 2600
1675955669996 0.5954159736633301 2640
1675955671080 0.6036862373352051 2680
1675955672176 0.6007876396179199 2720
1675955673235 0.5872021198272706 2760
1675955674395 0.5873155117034912 2800
1675955675481 0.6168508529663086 2840
1675955676536 0.5939663887023926 2880
1675955677650 0.5911012649536133 2920
1675955678787 0.6017868995666504 2960
1675955679895 0.6103007316589355 3000
1675955681016 0.5946149349212646 3040
1675955682215 0.5770954608917236 3080
1675955683315 0.5909533977508545 3120
1675955684385 0.6042851448059082 3160
1675955685526 0.6062351703643799 3200
1675955686749 0.6002690315246582 3240
1675955687952 0.5891021728515625 3280
1675955689055 0.59658203125 3320
1675955690158 0.5947514057159424 3360
1675955691220 0.6059513568878174 3400
1675955692321 0.5895502090454101 3440
1675955693507 0.5982415199279785 3480
1675955694603 0.604840612411499 3520
1675955695657 0.5944235801696778 3560
1675955696750 0.5944217681884766 3600
1675955697810 0.6039900302886962 3640
1675955698870 0.6031665802001953 3680
1675955700014 0.5842791557312011 3720
1675955701115 0.5856866836547852 3760
1675955702130 0.6139090538024903 3800
1675955703182 0.6068294525146485 3840
1675955704261 0.5882003307342529 3880
1675955705280 0.6140979766845703 3920
1675955706337 0.6116463661193847 3960
1675955707403 0.6050476551055908 4000
1675955708557 0.5970261573791504 4040
1675955709710 0.6105791091918945 4080
1675955710787 0.5838574409484864 4120
1675955711926 0.5726077079772949 4160
1675955712964 0.6171969890594482 4200
1675955714000 0.6015609741210938 4240
1675955715072 0.5842052459716797 4280
1675955716140 0.598651123046875 4320
1675955717259 0.5877774238586426 4360
1675955718362 0.5887403011322021 4400
1675955719491 0.5850871086120606 4440
1675955720579 0.5907938003540039 4480
1675955721683 0.5881705284118652 4520
1675955722728 0.624946928024292 4560
1675955723870 0.5911165237426758 4600
1675955724972 0.5985107898712159 4640
1675955726121 0.5776911735534668 4680
1675955727239 0.5887914180755616 4720
1675955728358 0.5847073078155518 4760
1675955729445 0.5879726409912109 4800
1675955730523 0.6101940155029297 4840
1675955731588 0.5891790390014648 4880
1675955732642 0.5972781658172608 4920
1675955733660 0.6152659893035889 4960
1675955734715 0.5881750583648682 5000
1675955735790 0.5898679733276367 5040
1675955736839 0.5984551906585693 5080
1675955737916 0.6083144187927246 5120
1675955739154 0.5835467338562011 5160
1675955740167 0.6295740127563476 5200
1675955741302 0.578413438796997 5240
1675955742369 0.6082255840301514 5280
1675955743392 0.6082114696502685 5320
1675955744433 0.6018924713134766 5360
1675955745520 0.5879697322845459 5400
1675955746558 0.615541410446167 5440
1675955747606 0.5995934486389161 5480
1675955748704 0.5948943614959716 5520
1675955749742 0.6094598770141602 5560
1675955750869 0.5775851249694824 5600
1675955751942 0.6010077953338623 5640
1675955753133 0.5750581741333007 5680
1675955754309 0.5788114547729493 5720
1675955755473 0.5670133590698242 5760
1675955756564 0.5825043201446534 5800
1675955757613 0.6027786254882812 5840
1675955758867 0.5865580558776855 5880
1675955759941 0.5845892906188965 5920
1675955761146 0.5317303657531738 5960
1675955762267 0.5406951904296875 6000
1675955763334 0.5484154224395752 6040
1675955764391 0.5015571117401123 6080
1675955765410 0.4501305103302002 6120
1675955766474 1.2147385597229003 6160
1675955767515 0.4806366920471191 6200
1675955768809 0.558922815322876 6240
1675955769937 0.513376522064209 6280
1675955770989 0.5290136814117432 6320
1675955772070 0.5692192077636719 6360
1675955773140 0.5357876300811768 6400
1675955774208 0.49434328079223633 6440
1675955775281 0.4904340267181396 6480
1675955776429 0.41877155303955077 6520
1675955777513 0.46237521171569823 6560
1675955779082 0.4790280818939209 6600
1675955780464 0.41274590492248536 6640
1675955781861 0.4604649543762207 6680
1675955783213 0.4162038803100586 6720
1675955784598 0.4275330066680908 6760
1675955785745 0.4271437168121338 6800
1675955786949 0.4181372165679932 6840
1675955788185 0.3931505918502808 6880
1675955789361 0.3794201135635376 6920
1675955790565 0.3515751361846924 6960
1675955791789 0.31689605712890623 7000
1675955792932 0.3677456617355347 7040
1675955794099 0.37834126949310304 7080
1675955795152 0.3131627082824707 7120
1675955796201 0.38626415729522706 7160
1675955797328 0.36444916725158694 7200
1675955798473 0.3231590509414673 7240
1675955799670 0.38036155700683594 7280
1675955800746 0.3147053480148315 7320
1675955801790 0.324939227104187 7360
1675955802862 0.27498688697814944 7400
1675955803952 0.44240851402282716 7440
1675955804996 0.28586111068725584 7480
1675955806114 0.3536341190338135 7520
1675955807268 0.3882869005203247 7560
1675955808368 0.33720054626464846 7600
1675955809495 0.37043802738189696 7640
1675955810574 0.3322992086410522 7680
1675955811660 0.36019823551177976 7720
1675955812708 0.32735538482666016 7760
1675955813983 0.32436628341674806 7800
1675955815023 0.2790112257003784 7840
1675955816165 0.3733630657196045 7880
1675955817245 0.33006911277770995 7920
1675955818379 0.3512859582901001 7960
1675955819408 0.313962721824646 8000
1675955820528 0.36969053745269775 8040
1675955821659 0.3455137491226196 8080
1675955822750 0.3042389154434204 8120
1675955823838 0.33128156661987307 8160
1675955824863 0.2291459321975708 8200
1675955825944 0.26116118431091306 8240
1675955827010 0.3199552297592163 8280
1675955828101 0.3124150991439819 8320
1675955829275 0.3344425678253174 8360
1675955830319 0.3778106689453125 8400
1675955831375 0.32264392375946044 8440
1675955832443 0.27968199253082277 8480
1675955833504 0.3037811517715454 8520
1675955834592 0.3228690385818481 8560
1675955835709 0.29383857250213624 8600
1675955836728 0.3308428764343262 8640
1675955837771 0.32397563457489015 8680
1675955838879 0.24835102558135985 8720
1675955839960 0.27394895553588866 8760
1675955841020 0.24676172733306884 8800
1675955842076 0.3384561061859131 8840
1675955843255 0.3191638708114624 8880
1675955844371 0.2578080177307129 8920
1675955845456 0.28755290508270265 8960
1675955846527 0.3049176692962646 9000
1675955847625 0.34958558082580565 9040
1675955848793 0.31696233749389646 9080
1675955850051 0.2691967248916626 9120
1675955851330 0.3147029638290405 9160
1675955852650 0.3204189777374268 9200
1675955853824 0.34275591373443604 9240
1675955854880 0.23188178539276122 9280
1675955855916 0.34519271850585936 9320
1675955856985 0.2613284826278687 9360
1675955858147 0.28990983963012695 9400
1675955859298 0.3138718843460083 9440
1675955860375 0.2638512372970581 9480
1675955861444 0.3117572784423828 9520
1675955862508 0.2997280597686768 9560
1675955863592 0.27165653705596926 9600
1675955864680 0.31798324584960935 9640
1675955865702 0.23951163291931152 9680
1675955866719 0.32345244884490965 9720
1675955867757 0.25907163619995116 9760
1675955868856 0.3260873079299927 9800
1675955869943 0.3204324245452881 9840
1675955870975 0.23152368068695067 9880
1675955871975 0.3005423069000244 9920
1675955873117 0.2440864324569702 9960
1675955874257 0.3501688718795776 10000
1675955875292 0.24243979454040526 10040
1675955879342 0.2137993335723877 10080
1675955880501 0.27423479557037356 10120
1675955881549 0.258176589012146 10160
1675955882660 0.26957728862762453 10200
1675955883724 0.2555312871932983 10240
1675955884885 0.2685194730758667 10280
1675955885925 0.28652517795562743 10320
1675955887023 0.2616068124771118 10360
1675955888213 0.3297238826751709 10400
1675955889374 0.23933172225952148 10440
1675955890513 0.2718677520751953 10480
1675955891542 0.22808220386505126 10520
1675955892607 0.22820725440979003 10560
1675955893754 0.24422433376312255 10600
1675955894814 0.25062873363494875 10640
1675955895867 0.2614266872406006 10680
1675955896966 0.2737386226654053 10720
1675955898036 0.2590678930282593 10760
1675955899138 0.21029975414276122 10800
1675955900244 0.2429142951965332 10840
1675955901292 0.22216534614562988 10880
1675955902332 0.18058024644851683 10920
1675955903455 0.2779886722564697 10960
1675955904576 0.26707265377044676 11000
1675955905673 0.19882348775863648 11040
1675955906771 0.26993618011474607 11080
1675955907835 0.2504166841506958 11120
1675955908914 0.2112348794937134 11160
1675955910104 0.2638933897018433 11200
1675955911204 0.20789701938629152 11240
1675955912269 0.21404142379760743 11280
1675955913341 0.25352940559387205 11320
1675955914469 0.23340601921081544 11360
1675955915545 0.1761643886566162 11400
1675955916619 0.15343042612075805 11440
1675955917781 0.20695915222167968 11480
1675955919129 0.22856054306030274 11520
1675955920230 0.23038077354431152 11560
1675955921326 0.2028785228729248 11600
1675955922393 0.20182602405548095 11640
1675955923411 0.252742862701416 11680
1675955924441 0.22443218231201173 11720
1675955925535 0.27076475620269774 11760
1675955926577 0.19173136949539185 11800
1675955927603 0.17626147270202636 11840
1675955928662 0.21641864776611328 11880
1675955929742 0.20637061595916747 11920
1675955930841 0.1697535514831543 11960
1675955931874 0.18789390325546265 12000
1675955933016 0.17935374975204468 12040
1675955934236 0.2377103805541992 12080
1675955935304 0.23890354633331298 12120
1675955936414 0.18390293121337892 12160
1675955937479 0.21001791954040527 12200
1675955938543 0.1836076259613037 12240
1675955939668 0.1917526602745056 12280
1675955940760 0.25030059814453126 12320
1675955941793 0.1733566164970398 12360
1675955942850 0.18454781770706177 12400
1675955943949 0.1825174570083618 12440
1675955944980 0.20167851448059082 12480
1675955946103 0.1950713276863098 12520
1675955947199 0.16528946161270142 12560
1675955948422 0.22647309303283691 12600
1675955949627 0.18842586278915405 12640
1675955950634 0.16519931554794312 12680
1675955951744 0.20026960372924804 12720
1675955952815 0.1383692979812622 12760
1675955953904 0.18588117361068726 12800
1675955955051 0.24382388591766357 12840
1675955956127 0.22215285301208496 12880
1675955957188 0.17643381357192994 12920
1675955958307 0.20588266849517822 12960
1675955959379 0.17656420469284057 13000
1675955960446 0.18986794948577881 13040
1675955961547 0.16350873708724975 13080
1675955962734 0.21200799942016602 13120
1675955963949 0.23845508098602294 13160
1675955965054 0.13632396459579468 13200
1675955966118 0.18007829189300537 13240
1675955967183 0.17224076986312867 13280
1675955968299 0.18278323411941527 13320
1675955969359 0.19289805889129638 13360
1675955970458 0.19517661333084108 13400
1675955971528 0.18350244760513307 13440
1675955972638 0.18809201717376708 13480
1675955973730 0.23746225833892823 13520
1675955974748 0.19145272970199584 13560
1675955975804 0.1885122299194336 13600
1675955976919 0.1533198118209839 13640
1675955978034 0.22019429206848146 13680
1675955979179 0.15914313793182372 13720
1675955980286 0.15578858852386473 13760
1675955981393 0.20682966709136963 13800
1675955982439 0.16290607452392578 13840
1675955983511 0.1794575572013855 13880
1675955984575 0.18620513677597045 13920
1675955985607 0.16652592420578002 13960
1675955986645 0.20652155876159667 14000
1675955987687 0.17164589166641236 14040
1675955988768 0.19300251007080077 14080
1675955989860 0.20771548748016358 14120
1675955990915 0.1775289535522461 14160
1675955992056 0.1939487338066101 14200
1675955993154 0.15450247526168823 14240
1675955994257 0.16119844913482667 14280
1675955995380 0.19010632038116454 14320
1675955996411 0.13996254205703734 14360
1675955997520 0.15286177396774292 14400
1675955998589 0.14540008306503296 14440
1675955999739 0.1941835641860962 14480
1675956000780 0.14460150003433228 14520
1675956001930 0.14908965826034545 14560
1675956002958 0.15117608308792113 14600
1675956004001 0.23076233863830567 14640
1675956005061 0.17532836198806762 14680
1675956006207 0.14470361471176146 14720
1675956007313 0.18457907438278198 14760
1675956008522 0.19313701391220092 14800
1675956009678 0.1684005856513977 14840
1675956010748 0.17579859495162964 14880
1675956011810 0.12666772603988646 14920
1675956012898 0.16572420597076415 14960
1675956013922 0.12281910181045533 15000
1675956014993 0.15489422082901 15040
1675956016085 0.1429177403450012 15080
1675956017141 0.17527778148651124 15120
1675956018174 0.1600971221923828 15160
1675956019285 0.2012972354888916 15200
1675956020301 0.12073044776916504 15240
1675956021420 0.15086208581924437 15280
1675956022487 0.14318294525146485 15320
1675956023565 0.21385500431060792 15360
1675956024645 0.14300246238708497 15400
1675956025745 0.1753653645515442 15440
1675956026772 0.12872202396392823 15480
1675956027829 0.16366599798202514 15520
1675956028911 0.17639261484146118 15560
1675956029945 0.18922430276870728 15600
1675956031031 0.176630437374115 15640
1675956032113 0.18749070167541504 15680
1675956033235 0.16706204414367676 15720
1675956034305 0.210394024848938 15760
1675956035440 0.1717313528060913 15800
1675956036538 0.13677974939346313 15840
1675956037581 0.17591007947921752 15880
1675956038670 0.16966719627380372 15920
1675956039766 0.19783610105514526 15960
1675956040876 0.23317124843597412 16000
1675956041988 0.17030513286590576 16040
1675956043067 0.15770972967147828 16080
1675956044139 0.1592124104499817 16120
1675956045191 0.11981257200241088 16160
1675956046231 0.19522976875305176 16200
1675956047258 0.1333676815032959 16240
1675956048387 0.13786519765853883 16280
1675956049480 0.1471754193305969 16320
1675956050527 0.1683882236480713 16360
1675956051640 0.16230287551879882 16400
1675956052710 0.18457250595092772 16440
1675956053867 0.16777591705322265 16480
1675956054995 0.14970656633377075 16520
1675956056050 0.15184612274169923 16560
1675956057058 0.2047865629196167 16600
1675956058145 0.16429120302200317 16640
1675956059188 0.15061380863189697 16680
1675956060188 0.15225974321365357 16720
1675956061328 0.21011219024658204 16760
1675956062420 0.15126022100448608 16800
1675956063439 0.13200640678405762 16840
1675956064470 0.1328646183013916 16880
1675956065564 0.1613803505897522 16920
1675956066628 0.1686590075492859 16960
1675956067731 0.12032437324523926 17000
1675956069039 0.15052944421768188 17040
1675956070075 0.1210015892982483 17080
1675956071162 0.14289644956588746 17120
1675956072212 0.1169674277305603 17160
1675956073262 0.1490270495414734 17200
1675956074367 0.16310381889343262 17240
1675956075400 0.13332688808441162 17280
1675956076451 0.15529249906539916 17320
1675956077605 0.14851642847061158 17360
1675956078628 0.12930649518966675 17400
1675956079734 0.11486587524414063 17440
1675956080822 0.1731274127960205 17480
1675956081863 0.13777575492858887 17520
1675956083038 0.11262392997741699 17560
1675956084412 0.21282732486724854 17600
1675956085481 0.1376679539680481 17640
1675956086584 0.14263712167739867 17680
1675956087683 0.14085845947265624 17720
1675956088794 0.19331730604171754 17760
1675956089815 0.1358676791191101 17800
1675956090920 0.13054378032684327 17840
1675956091951 0.09752112627029419 17880
1675956093024 0.1442132592201233 17920
1675956094187 0.13355889320373535 17960
1675956095304 0.16148741245269777 18000
1675956096331 0.11448812484741211 18040
1675956097482 0.19328230619430542 18080
1675956098722 0.16733959913253785 18120
1675956099888 0.12270363569259643 18160
1675956100955 0.13859106302261354 18200
1675956101974 0.11311191320419312 18240
1675956103071 0.11641817092895508 18280
1675956104155 0.14320224523544312 18320
1675956105224 0.19985781908035277 18360
1675956106273 0.12831261157989501 18400
1675956107336 0.17779918909072875 18440
1675956108433 0.1335607051849365 18480
1675956109507 0.11786003112792968 18520
1675956110548 0.13421541452407837 18560
1675956111614 0.14917503595352172 18600
1675956112803 0.12246689796447754 18640
1675956113999 0.1515366792678833 18680
1675956115137 0.1269670009613037 18720
1675956116208 0.10173474550247193 18760
1675956117316 0.13050967454910278 18800
1675956118411 0.15123213529586793 18840
1675956119459 0.15228624343872071 18880
1675956120547 0.16478464603424073 18920
1675956121572 0.1292242169380188 18960
1675956122634 0.12110131978988647 19000
1675956123698 0.15514076948165895 19040
1675956124750 0.15697576999664306 19080
1675956125819 0.13969666957855226 19120
1675956126896 0.13010587692260742 19160
1675956128038 0.14766532182693481 19200
1675956129270 0.12091073989868165 19240
1675956130366 0.16105693578720093 19280
1675956131377 0.10526635646820068 19320
1675956132430 0.13932595252990723 19360
1675956133471 0.11403377056121826 19400
1675956134562 0.14505963325500487 19440
1675956135635 0.13101749420166015 19480
1675956136716 0.11592179536819458 19520
1675956137811 0.14759749174118042 19560
1675956138883 0.14487664699554442 19600
1675956139982 0.13799315690994263 19640
1675956141034 0.1361294984817505 19680
1675956142064 0.0925289273262024 19720
1675956143146 0.15586509704589843 19760
1675956144254 0.10815545320510864 19800
1675956145371 0.15673900842666627 19840
1675956146460 0.16271957159042358 19880
1675956147492 0.08597819805145264 19920
1675956148550 0.15607386827468872 19960
1675956149640 0.11863561868667602 20000
1675956150689 0.19015007019042968 20040
1675956151741 0.14892148971557617 20080
1675956155698 0.09527965784072875 20120
1675956156781 0.12100878953933716 20160
1675956157877 0.12867876291275024 20200
1675956159067 0.12559859752655028 20240
1675956160135 0.10913219451904296 20280
1675956161271 0.16125996112823487 20320
1675956162293 0.13374196290969848 20360
1675956163382 0.17012628316879272 20400
1675956164445 0.171334171295166 20440
1675956165523 0.157175874710083 20480
1675956166603 0.13108761310577394 20520
1675956167635 0.1410001754760742 20560
1675956168680 0.125641131401062 20600
1675956169766 0.1298924446105957 20640
1675956170774 0.1421152949333191 20680
1675956171848 0.15933061838150026 20720
1675956172971 0.15389468669891357 20760
1675956174093 0.14557411670684814 20800
1675956175219 0.13919092416763307 20840
1675956176445 0.1264265298843384 20880
1675956177757 0.1309739351272583 20920
1675956179056 0.1222686767578125 20960
1675956180148 0.1814090371131897 21000
1675956181177 0.15942810773849486 21040
1675956182246 0.12333215475082397 21080
1675956183325 0.15647974014282226 21120
1675956184323 0.13163903951644898 21160
1675956185359 0.13862159252166747 21200
1675956186502 0.15675148963928223 21240
1675956187669 0.1628517508506775 21280
1675956188815 0.1351317882537842 21320
1675956189984 0.1631191372871399 21360
1675956191067 0.16138051748275756 21400
1675956192110 0.10687143802642822 21440
1675956193141 0.10725685358047485 21480
1675956194190 0.12661392688751222 21520
1675956195258 0.15328654050827026 21560
1675956196308 0.13892152309417724 21600
1675956197380 0.15120832920074462 21640
1675956198420 0.1350032925605774 21680
1675956199399 0.12806278467178345 21720
1675956200424 0.12703441381454467 21760
1675956201447 0.16221020221710206 21800
1675956202494 0.14962731599807738 21840
1675956203548 0.11158055067062378 21880
1675956204644 0.1440616250038147 21920
1675956205695 0.1944576621055603 21960
1675956206764 0.11682897806167603 22000
1675956207804 0.11271364688873291 22040
1675956208856 0.15283727645874023 22080
1675956209978 0.14921704530715943 22120
1675956211020 0.15974693298339843 22160
1675956212129 0.1557426333427429 22200
1675956213150 0.14716798067092896 22240
1675956214177 0.1391424298286438 22280
1675956215271 0.16541396379470824 22320
1675956216308 0.14507824182510376 22360
1675956217358 0.14273831844329835 22400
1675956218469 0.13699908256530763 22440
1675956219681 0.13190723657608033 22480
1675956220658 0.1413424491882324 22520
1675956221732 0.15429657697677612 22560
1675956222809 0.13677115440368653 22600
1675956223843 0.1380851149559021 22640
1675956224980 0.2144669771194458 22680
1675956225996 0.11248542070388794 22720
1675956227096 0.13709964752197265 22760
1675956228169 0.09993363618850708 22800
1675956229206 0.14460382461547852 22840
1675956230352 0.19485238790512086 22880
1675956231382 0.13449784517288207 22920
1675956232430 0.11360419988632202 22960
1675956233599 0.15653527975082399 23000
1675956234687 0.13292211294174194 23040
1675956235714 0.13508529663085939 23080
1675956236764 0.11570225954055786 23120
1675956237938 0.13980307579040527 23160
1675956239032 0.1467833399772644 23200
1675956240081 0.12380006313323974 23240
1675956241128 0.11824198961257934 23280
1675956242177 0.1565324068069458 23320
1675956243264 0.14509906768798828 23360
1675956244294 0.1278944730758667 23400
1675956245359 0.1550395131111145 23440
1675956246387 0.15859931707382202 23480
1675956247505 0.12015784978866577 23520
1675956248695 0.1271306276321411 23560
1675956249774 0.17881989479064941 23600
1675956250827 0.16224770545959472 23640
1675956251847 0.10010302066802979 23680
1675956252902 0.1679026246070862 23720
1675956253970 0.13062195777893065 23760
1675956254979 0.25958034992218015 23800
1675956256094 0.16384880542755126 23840
1675956257139 0.14350361824035646 23880
1675956258195 0.13137471675872803 23920
1675956259240 0.12280011177062988 23960
1675956260241 0.1099977970123291 24000
1675956261264 0.14602138996124267 24040
1675956262304 0.13021830320358277 24080
1675956263474 0.13885217905044556 24120
1675956264636 0.14435062408447266 24160
1675956265693 0.12339659929275512 24200
1675956266802 0.17900608777999877 24240
1675956267844 0.11580666303634643 24280
1675956269060 0.1252339720726013 24320
1675956270455 0.15749964714050294 24360
1675956271530 0.09353904128074646 24400
1675956272930 0.11644103527069091 24440
1675956273972 0.11923441886901856 24480
1675956275099 0.1703830361366272 24520
1675956276103 0.08669854402542114 24560
1675956277248 0.14909074306488038 24600
1675956278344 0.12242063283920288 24640
1675956279449 0.16330991983413695 24680
1675956280472 0.12749572992324829 24720
1675956281616 0.1472464084625244 24760
1675956282669 0.14733754396438598 24800
1675956283800 0.1679478406906128 24840
1675956284860 0.1285997748374939 24880
1675956285922 0.12226547002792358 24920
1675956286914 0.08543349504470825 24960
1675956288009 0.13919575214385987 25000
1675956288998 0.10305174589157104 25040
1675956290047 0.3666712522506714 25080
1675956291108 0.12534600496292114 25120
1675956292158 0.15298269987106322 25160
1675956293196 0.10103871822357177 25200
1675956294333 0.16836831569671631 25240
1675956295386 0.0951051414012909 25280
1675956296476 0.13951014280319213 25320
1675956297495 0.12580041885375975 25360
1675956298516 0.14427117109298707 25400
1675956299699 0.1318187952041626 25440
1675956300772 0.13786545991897584 25480
1675956301832 0.09649723172187805 25520
1675956302831 0.11378575563430786 25560
1675956303891 0.150868558883667 25600
1675956304871 0.15146982669830322 25640
1675956305917 0.14494194984436035 25680
1675956306992 0.10147846937179565 25720
1675956308234 0.12173266410827636 25760
1675956309421 0.14744558334350585 25800
1675956310511 0.12248528003692627 25840
1675956311608 0.1332932949066162 25880
1675956312586 0.12650086879730224 25920
1675956313586 0.12320348024368286 25960
1675956314636 0.14975638389587403 26000
1675956315691 0.18444759845733644 26040
1675956316796 0.1392194628715515 26080
1675956317836 0.14184197187423705 26120
1675956318879 0.13228474855422973 26160
1675956319914 0.08844082355499268 26200
1675956320938 0.14196665287017823 26240
1675956321938 0.095648592710495 26280
1675956323044 0.12475483417510987 26320
1675956324306 0.12400153875350953 26360
1675956325583 0.11363425254821777 26400
1675956326798 0.13311907052993774 26440
1675956327811 0.14951330423355103 26480
1675956328910 0.1359282612800598 26520
1675956329988 0.1447960615158081 26560
1675956331000 0.12484966516494751 26600
1675956332006 0.16864484548568726 26640
1675956333032 0.15667716264724732 26680
1675956334070 0.13380337953567506 26720
1675956335065 0.10323914289474487 26760
1675956336183 0.17694607973098755 26800
1675956337277 0.15044513940811158 26840
1675956338456 0.09749729633331299 26880
1675956339502 0.12870246171951294 26920
1675956340578 0.12296675443649292 26960
1675956341599 0.09157131314277649 27000
1675956342647 0.11203300952911377 27040
1675956343720 0.14109184741973876 27080
1675956344750 0.0985744297504425 27120
1675956345790 0.14450584650039672 27160
1675956346829 0.09914007782936096 27200
1675956347869 0.11455261707305908 27240
1675956348947 0.11664633750915528 27280
1675956349973 0.1139516830444336 27320
1675956351014 0.11524609327316285 27360
1675956352155 0.14541008472442626 27400
1675956353300 0.10643336772918702 27440
1675956354405 0.1030859112739563 27480
1675956355456 0.13166083097457887 27520
1675956356479 0.172177255153656 27560
1675956357536 0.13584766387939454 27600
1675956358674 0.20951271057128906 27640
1675956359772 0.15731140375137329 27680
1675956360854 0.1418083906173706 27720
1675956361919 0.13146895170211792 27760
1675956362973 0.14619983434677125 27800
1675956363943 0.12651984691619872 27840
1675956365027 0.13277661800384521 27880
1675956366028 0.10997186899185181 27920
1675956367060 0.13886483907699584 27960
1675956368238 0.12290736436843872 28000
1675956369446 0.15312000513076782 28040
1675956370480 0.10618555545806885 28080
1675956371558 0.17933818101882934 28120
1675956372662 0.15143826007843017 28160
1675956373744 0.12802292108535768 28200
1675956374847 0.1328748106956482 28240
1675956375826 0.09932617545127868 28280
1675956376907 0.09415280818939209 28320
1675956377942 0.12119545936584472 28360
1675956378977 0.18717468976974488 28400
1675956380014 0.1258170485496521 28440
1675956381039 0.12467600107192993 28480
1675956382086 0.10882828235626221 28520
1675956383203 0.12327060699462891 28560
1675956384309 0.11926357746124268 28600
1675956385363 0.12322620153427125 28640
1675956386453 0.10315660238265992 28680
1675956387472 0.15860613584518432 28720
1675956388508 0.13819805383682252 28760
1675956389560 0.09232180714607238 28800
1675956390621 0.11251605749130249 28840
1675956391684 0.12476998567581177 28880
1675956392697 0.11623302698135377 28920
1675956393764 0.12897989749908448 28960
1675956394735 0.12214518785476684 29000
1675956395777 0.10146145820617676 29040
1675956396825 0.1387770414352417 29080
1675956397892 0.11069903373718262 29120
1675956399093 0.115337336063385 29160
1675956400166 0.1274123191833496 29200
1675956401213 0.13487547636032104 29240
1675956402313 0.10540461540222168 29280
1675956403334 0.14275362491607665 29320
1675956404358 0.11091673374176025 29360
1675956405367 0.10819717645645141 29400
1675956406384 0.12509756088256835 29440
1675956407455 0.1289938807487488 29480
1675956408498 0.1311273455619812 29520
1675956409568 0.10764025449752808 29560
1675956410615 0.12402056455612183 29600
1675956411701 0.11659884452819824 29640
1675956412753 0.14582811594009398 29680
1675956413946 0.12142175436019897 29720
1675956415005 0.08440229296684265 29760
1675956416008 0.13443455696105958 29800
1675956417000 0.10889129638671875 29840
1675956418082 0.12770042419433594 29880
1675956419172 0.18188711404800414 29920
1675956420198 0.08778892159461975 29960
1675956421247 0.1801156520843506 30000
1675956422334 0.13306429386138915 30040
1675956423333 0.1259613275527954 30080
1675956424349 0.1544342279434204 30120
1675956428731 0.07412371039390564 30160
1675956429804 0.11181069612503051 30200
1675956430874 0.14814244508743285 30240
1675956431959 0.12216411828994751 30280
1675956432994 0.1155695915222168 30320
1675956434105 0.13393478393554686 30360
1675956435158 0.14187452793121338 30400
1675956436216 0.1653340697288513 30440
1675956437275 0.1505636215209961 30480
1675956438380 0.1320233941078186 30520
1675956439450 0.11429564952850342 30560
1675956440519 0.14633278846740722 30600
1675956441541 0.1357990860939026 30640
1675956442625 0.11383414268493652 30680
1675956443723 0.12107433080673217 30720
1675956444851 0.15591719150543212 30760
1675956445893 0.14634344577789307 30800
1675956446948 0.11177887916564941 30840
1675956448016 0.14235506057739258 30880
1675956449095 0.12097754478454589 30920
1675956450185 0.1289365768432617 30960
1675956451183 0.1135208249092102 31000
1675956452246 0.16003323793411256 31040
1675956453255 0.16279609203338624 31080
1675956454300 0.11573641300201416 31120
1675956455360 0.11126600503921509 31160
1675956456342 0.10756182670593262 31200
1675956457453 0.12760223150253297 31240
1675956458675 0.13929468393325806 31280
1675956459878 0.1611952543258667 31320
1675956460932 0.10871633291244506 31360
1675956461997 0.11029175519943238 31400
1675956463069 0.12527308464050294 31440
1675956464159 0.10026005506515503 31480
1675956465212 0.10741667747497559 31520
1675956466286 0.0882486879825592 31560
1675956467363 0.1705861806869507 31600
1675956468442 0.12581560611724854 31640
1675956469532 0.15055960416793823 31680
1675956470568 0.13587708473205568 31720
1675956471580 0.13379619121551514 31760
1675956472642 0.11602163314819336 31800
1675956473722 0.13137991428375245 31840
1675956474794 0.12435812950134277 31880
1675956475829 0.10514378547668457 31920
1675956476862 0.153212833404541 31960
1675956477918 0.22559940814971924 32000
1675956478939 0.09421162009239196 32040
1675956479981 0.12677289247512818 32080
1675956481005 0.12456803321838379 32120
1675956482123 0.12550623416900636 32160
1675956483183 0.17816896438598634 32200
1675956484272 0.1618880271911621 32240
1675956485279 0.10818681716918946 32280
1675956486357 0.11252102851867676 32320
1675956487459 0.17063220739364623 32360
1675956488643 0.12164796590805053 32400
1675956489737 0.1350878357887268 32440
1675956490772 0.14399943351745606 32480
1675956491878 0.12300653457641601 32520
1675956492884 0.14060322046279908 32560
1675956493955 0.17616158723831177 32600
1675956495078 0.11605231761932373 32640
1675956496119 0.12550641298294068 32680
1675956497235 0.13333284854888916 32720
1675956498362 0.0987248182296753 32760
1675956499436 0.1363680362701416 32800
1675956500464 0.06587026119232178 32840
1675956501500 0.1315610647201538 32880
1675956502675 0.17647366523742675 32920
1675956503836 0.11829668283462524 32960
1675956504882 0.11320873498916625 33000
1675956505944 0.13052754402160643 33040
1675956507001 0.14572341442108155 33080
1675956508059 0.10401647090911866 33120
1675956509126 0.11368672847747803 33160
1675956510249 0.16063119173049928 33200
1675956511330 0.14936610460281372 33240
1675956512406 0.12515064477920532 33280
1675956513425 0.10101830959320068 33320
1675956514459 0.1256212592124939 33360
1675956515545 0.1401535987854004 33400
1675956516564 0.10584752559661866 33440
1675956517671 0.12935349941253663 33480
1675956518894 0.12400506734848023 33520
1675956520072 0.13372446298599244 33560
1675956521131 0.13020861148834229 33600
1675956522174 0.11798405647277832 33640
1675956523234 0.15373955965042113 33680
1675956524255 0.06039292216300964 33720
1675956525314 0.13190592527389527 33760
1675956526339 0.13770782947540283 33800
1675956527373 0.08592787981033326 33840
1675956528524 0.13178811073303223 33880
1675956529569 0.13141183853149413 33920
1675956530630 0.13316776752471923 33960
1675956531668 0.10344052314758301 34000
1675956532707 0.13913053274154663 34040
1675956533818 0.11738439798355102 34080
1675956534884 0.1453443169593811 34120
1675956535935 0.13186535835266114 34160
1675956537004 0.13453962802886962 34200
1675956538034 0.12521076202392578 34240
1675956539156 0.16563186645507813 34280
1675956540200 0.09511195421218872 34320
1675956541207 0.10813145637512207 34360
1675956542257 0.13505077362060547 34400
1675956543326 0.09226723313331604 34440
1675956544357 0.10372897386550903 34480
1675956545413 0.15322455167770385 34520
1675956546518 0.16026740074157714 34560
1675956547622 0.09539353847503662 34600
1675956548884 0.12930989265441895 34640
1675956549997 0.10480566024780273 34680
1675956551016 0.173927903175354 34720
1675956552021 0.14421937465667725 34760
1675956553169 0.13406928777694702 34800
1675956554227 0.14317848682403564 34840
1675956555398 0.17005515098571777 34880
1675956556445 0.1035275936126709 34920
1675956557503 0.12127377986907958 34960
1675956558529 0.1011271595954895 35000
1675956559627 0.17693331241607665 35040
1675956560614 0.08699373006820679 35080
1675956561666 0.1102994441986084 35120
1675956562753 0.12239888906478882 35160
1675956563895 0.12910465002059937 35200
1675956564918 0.10560915470123292 35240
1675956565965 0.13903653621673584 35280
1675956567001 0.10658454895019531 35320
1675956568125 0.12023273706436158 35360
1675956569201 0.11964880228042603 35400
1675956570199 0.12752534151077272 35440
1675956571202 0.1193657636642456 35480
1675956572279 0.13695056438446046 35520
1675956573318 0.10976657867431641 35560
1675956574338 0.08736143112182618 35600
1675956575379 0.1216436505317688 35640
1675956576370 0.11045325994491577 35680
1675956577446 0.13416074514389037 35720
1675956578694 0.09662325382232666 35760
1675956579761 0.10794780254364014 35800
1675956580835 0.13550657033920288 35840
1675956581911 0.12149208784103394 35880
1675956583053 0.11167408227920532 35920
1675956584054 0.11730098724365234 35960
1675956585046 0.11433833837509155 36000
1675956586053 0.10725871324539185 36040
1675956587108 0.15687631368637084 36080
1675956588258 0.12752268314361573 36120
1675956589298 0.11514902114868164 36160
1675956590351 0.13207123279571534 36200
1675956591407 0.08578418493270874 36240
1675956592467 0.11068956851959229 36280
1675956593649 0.0795554518699646 36320
1675956594720 0.22212796211242675 36360
1675956595792 0.1028258204460144 36400
1675956596831 0.11633639335632324 36440
1675956597898 0.137157666683197 36480
1675956598996 0.12269229888916015 36520
1675956600063 0.11652874946594238 36560
1675956601117 0.10305906534194946 36600
1675956602207 0.12259464263916016 36640
1675956603188 0.13209238052368164 36680
1675956604196 0.1293671488761902 36720
1675956605219 0.1353197455406189 36760
1675956606227 0.10091161727905273 36800
1675956607323 0.14265278577804566 36840
1675956608586 0.14774768352508544 36880
1675956609642 0.08166319727897645 36920
1675956610686 0.4001418113708496 36960
1675956611768 0.15629687309265136 37000
1675956612809 0.07787708044052125 37040
1675956613901 0.09802112579345704 37080
1675956614996 0.13213368654251098 37120
1675956616031 0.08982732892036438 37160
1675956617067 0.14640711545944213 37200
1675956618128 0.09747453927993774 37240
1675956619169 0.09850485920906067 37280
1675956620288 0.12954736948013307 37320
1675956621397 0.10821362733840942 37360
1675956622513 0.10190565586090088 37400
1675956623777 0.1563339948654175 37440
1675956624826 0.09651618599891662 37480
1675956625863 0.0784184992313385 37520
1675956626952 0.14202497005462647 37560
1675956627935 0.08810713291168212 37600
1675956629004 0.08498805165290832 37640
1675956630163 0.14726884365081788 37680
1675956631255 0.13062546253204346 37720
1675956632349 0.114289391040802 37760
1675956633447 0.11618479490280151 37800
1675956634503 0.11106007099151612 37840
1675956635505 0.12087217569351197 37880
1675956636531 0.11151648759841919 37920
1675956637616 0.08870235681533814 37960
1675956638777 0.07764344215393067 38000
1675956639923 0.10111490488052369 38040
1675956641032 0.14701497554779053 38080
1675956642069 0.0934661865234375 38120
1675956643157 0.1699475407600403 38160
1675956644247 0.1336824893951416 38200
1675956645345 0.10378293991088867 38240
1675956646408 0.1152336597442627 38280
1675956647408 0.08894264698028564 38320
1675956648496 0.09558375477790833 38360
1675956649552 0.10732682943344116 38400
1675956650593 0.1727186918258667 38440
1675956651609 0.09243497252464294 38480
1675956652688 0.10802733898162842 38520
1675956653833 0.09764541387557983 38560
1675956654921 0.08395282626152038 38600
1675956655967 0.0899861216545105 38640
1675956657017 0.10875047445297241 38680
1675956658093 0.08299838304519654 38720
1675956659110 0.12023665904998779 38760
1675956660144 0.12218017578125 38800
1675956661172 0.08389305472373962 38840
1675956662265 0.08809885978698731 38880
1675956663330 0.11435948610305786 38920
1675956664325 0.12826310396194457 38960
1675956665410 0.11171702146530152 39000
1675956666435 0.09280573725700378 39040
1675956667494 0.0932013988494873 39080
1675956668630 0.118190336227417 39120
1675956669746 0.1108444094657898 39160
1675956670815 0.1143489956855774 39200
1675956671896 0.1308891773223877 39240
1675956672939 0.13756804466247557 39280
1675956674028 0.0896794319152832 39320
1675956675104 0.11653213500976563 39360
1675956676122 0.09408690929412841 39400
1675956677114 0.09093143939971923 39440
1675956678196 0.09730896353721619 39480
1675956679287 0.0824458658695221 39520
1675956680357 0.10531305074691773 39560
1675956681443 0.09956415891647338 39600
1675956682489 0.09768990278244019 39640
1675956683697 0.10588206052780151 39680
1675956684785 0.11408036947250366 39720
1675956685874 0.10175777673721313 39760
1675956686939 0.06889357566833496 39800
1675956687947 0.08588355779647827 39840
1675956688978 0.09580247402191162 39880
1675956690047 0.10240731239318848 39920
1675956691142 0.12516341209411622 39960
1675956692195 0.09068953990936279 40000
1675956693226 0.13640648126602173 40040
1675956694302 0.10062750577926635 40080
1675956695317 0.10312092304229736 40120
1675956696346 0.14416122436523438 40160
1675956700439 0.05494289994239807 40200
1675956701527 0.10462448596954346 40240
1675956702587 0.12029081583023071 40280
1675956703674 0.10296244621276855 40320
1675956704762 0.10076206922531128 40360
1675956705849 0.10604783296585082 40400
1675956706955 0.11121971607208252 40440
1675956708053 0.1533466100692749 40480
1675956709140 0.13195184469223023 40520
1675956710229 0.11434731483459473 40560
1675956711329 0.15669599771499634 40600
1675956712441 0.1393912434577942 40640
1675956713524 0.09889070987701416 40680
1675956714720 0.10877623558044433 40720
1675956715745 0.1078275203704834 40760
1675956716831 0.13474980592727662 40800
1675956717899 0.1288925290107727 40840
1675956718943 0.12168909311294555 40880
1675956720040 0.12102100849151612 40920
1675956721144 0.12040020227432251 40960
1675956722236 0.11790229082107544 41000
1675956723269 0.11658234596252441 41040
1675956724347 0.3036943912506104 41080
1675956725368 0.13536736965179444 41120
1675956726410 0.10704555511474609 41160
1675956727550 0.10753216743469238 41200
1675956728690 0.08881833553314208 41240
1675956729846 0.13036011457443236 41280
1675956730989 0.12831722497940062 41320
1675956732120 0.1532038688659668 41360
1675956733199 0.12707438468933105 41400
1675956734237 0.09405921101570129 41440
1675956735335 0.12444813251495361 41480
1675956736420 0.09348217844963073 41520
1675956737448 0.0951643705368042 41560
1675956738542 0.08373761177062988 41600
1675956739599 0.11467968225479126 41640
1675956740643 0.10603725910186768 41680
1675956741736 0.11884568929672241 41720
1675956742821 0.10243346691131591 41760
1675956743880 0.10538793802261352 41800
1675956744940 0.09111468195915222 41840
1675956745952 0.11122348308563232 41880
1675956747005 0.13768587112426758 41920
1675956748024 0.10576069355010986 41960
1675956749111 0.11445761919021606 42000
1675956750138 0.13522309064865112 42040
1675956751194 0.11526277065277099 42080
1675956752236 0.11048895120620728 42120
1675956753262 0.11874040365219116 42160
1675956754368 0.10875650644302368 42200
1675956755427 0.16483230590820314 42240
1675956756501 0.14656852483749389 42280
1675956757565 0.09544830322265625 42320
1675956758818 0.10160530805587768 42360
1675956759908 0.12517962455749512 42400
1675956760969 0.11107064485549926 42440
1675956762010 0.11894323825836181 42480
1675956763039 0.10325912237167359 42520
1675956764157 0.15366268157958984 42560
1675956765171 0.13027273416519164 42600
1675956766249 0.1348547339439392 42640
1675956767354 0.10871975421905518 42680
1675956768437 0.1139023780822754 42720
1675956769523 0.1360938787460327 42760
1675956770585 0.09666115641593934 42800
1675956771662 0.11646726131439208 42840
1675956772707 0.07154185771942138 42880
1675956773859 0.08020636439323425 42920
1675956774994 0.16221871376037597 42960
1675956776095 0.12243374586105346 43000
1675956777116 0.1071236252784729 43040
1675956778191 0.13464906215667724 43080
1675956779295 0.10407969951629639 43120
1675956780319 0.10787070989608764 43160
1675956781370 0.0924432635307312 43200
1675956782509 0.118095064163208 43240
1675956783645 0.11184206008911132 43280
1675956784799 0.09994182586669922 43320
1675956785827 0.09000365734100342 43360
1675956786873 0.10884509086608887 43400
1675956788048 0.13782804012298583 43440
1675956789344 0.09689727425575256 43480
1675956790612 0.10939487218856811 43520
1675956791963 0.12112604379653931 43560
1675956793195 0.11632179021835327 43600
1675956794515 0.10830399990081788 43640
1675956795660 0.10677924156188964 43680
1675956796729 0.13875691890716552 43720
1675956797805 0.06795278787612916 43760
1675956798936 0.1266657829284668 43800
1675956800054 0.11284780502319336 43840
1675956801186 0.06367944478988648 43880
1675956802464 0.11859244108200073 43920
1675956803641 0.12430192232131958 43960
1675956804746 0.11016424894332885 44000
1675956805788 0.11157455444335937 44040
1675956806796 0.09454391598701477 44080
1675956807895 0.09443451762199402 44120
1675956809006 0.12960802316665648 44160
1675956810170 0.10285303592681885 44200
1675956811195 0.10283145904541016 44240
1675956812380 0.11790299415588379 44280
1675956813509 0.14687519073486327 44320
1675956814727 0.08719428777694702 44360
1675956815846 0.11028870344161987 44400
1675956816911 0.12311409711837769 44440
1675956818033 0.10787401199340821 44480
1675956819150 0.08657050132751465 44520
1675956820270 0.08460699915885925 44560
1675956821482 0.14386348724365233 44600
1675956822546 0.09518196582794189 44640
1675956823688 0.1169043779373169 44680
1675956824731 0.09438747763633729 44720
1675956825791 0.12729731798171998 44760
1675956826784 0.13997479677200317 44800
1675956827934 0.12520097494125365 44840
1675956829042 0.12219282388687133 44880
1675956830258 0.14767323732376098 44920
1675956831307 0.09365885257720948 44960
1675956832478 0.12729721069335936 45000
1675956833638 0.10678925514221191 45040
1675956834776 0.10922416448593139 45080
1675956835776 0.08365520238876342 45120
1675956836834 0.08110238909721375 45160
1675956837951 0.09145675301551819 45200
1675956839057 0.1099448561668396 45240
1675956840076 0.1064384937286377 45280
1675956841166 0.12822688817977906 45320
1675956842276 0.08317835927009583 45360
1675956843333 0.09177265167236329 45400
1675956844560 0.13740302324295045 45440
1675956845617 0.08159062266349792 45480
1675956846659 0.11836999654769897 45520
1675956847832 0.1256130576133728 45560
1675956848978 0.09583514332771301 45600
1675956850054 0.0836022675037384 45640
1675956851088 0.17437365055084228 45680
1675956852126 0.10292273759841919 45720
1675956853258 0.13094333410263062 45760
1675956854395 0.10692082643508911 45800
1675956855469 0.08844995498657227 45840
1675956856701 0.10196937322616577 45880
1675956857843 0.126431143283844 45920
1675956859028 0.10201934576034546 45960
1675956860070 0.09618670344352723 46000
1675956861052 0.09987040758132934 46040
1675956862073 0.11077239513397216 46080
1675956863252 0.12512956857681273 46120
1675956864502 0.13601548671722413 46160
1675956865559 0.11745682954788209 46200
1675956866724 0.1031497836112976 46240
1675956867905 0.098195481300354 46280
1675956869003 0.086665278673172 46320
1675956870028 0.07941884398460389 46360
1675956871163 0.10658397674560546 46400
1675956872335 0.07364610433578492 46440
1675956873483 0.09859219193458557 46480
1675956874672 0.1204581618309021 46520
1675956875831 0.145954167842865 46560
1675956877003 0.11153396368026733 46600
1675956878193 0.1207695484161377 46640
1675956879360 0.13079794645309448 46680
1675956880369 0.12751972675323486 46720
1675956881384 0.10517342090606689 46760
1675956882404 0.12521134614944457 46800
1675956883453 0.09936743974685669 46840
1675956884545 0.10156829357147217 46880
1675956885713 0.15043816566467286 46920
1675956886760 0.09014136791229248 46960
1675956887834 0.11554820537567138 47000
1675956888947 0.10345112085342408 47040
1675956890020 0.0737928569316864 47080
1675956891153 0.1010306715965271 47120
1675956892335 0.12786450386047363 47160
1675956893523 0.0962793469429016 47200
1675956894642 0.12697112560272217 47240
1675956895747 0.0930489718914032 47280
1675956896911 0.09442089796066284 47320
1675956898126 0.1345721125602722 47360
1675956899244 0.10054863691329956 47400
1675956900319 0.10548616647720337 47440
1675956901484 0.11721246242523194 47480
1675956902544 0.10712951421737671 47520
1675956903581 0.08290894627571106 47560
1675956904652 0.11585491895675659 47600
1675956905673 0.08296850323677063 47640
1675956906738 0.07035555839538574 47680
1675956907949 0.11411799192428589 47720
1675956909240 0.12109628915786744 47760
1675956910329 0.11167925596237183 47800
1675956911426 0.09387472867965699 47840
1675956912523 0.11286799907684326 47880
1675956913566 0.08508591651916504 47920
1675956914655 0.11094672679901123 47960
1675956915696 0.09476897120475769 48000
1675956916737 0.06903419494628907 48040
1675956917858 0.24692859649658203 48080
1675956918988 0.11339074373245239 48120
1675956920044 0.10858913660049438 48160
1675956921115 0.12438205480575562 48200
1675956922253 0.11821063756942748 48240
1675956923402 0.10926494598388672 48280
1675956924622 0.17366267442703248 48320
1675956925618 0.07355527877807617 48360
1675956926706 0.08796072006225586 48400
1675956927795 0.10612441301345825 48440
1675956928848 0.12564144134521485 48480
1675956929928 0.14101572036743165 48520
1675956931001 0.09853322505950927 48560
1675956932153 0.10544371604919434 48600
1675956933267 0.07820200324058532 48640
1675956934352 0.08806555271148682 48680
1675956935538 0.10183066129684448 48720
1675956936658 0.06946470141410828 48760
1675956937831 0.1075427770614624 48800
1675956939028 0.11351063251495361 48840
1675956940053 0.07539514899253845 48880
1675956941133 0.08474657535552979 48920
1675956942296 0.12162413597106933 48960
1675956943383 0.10559146404266358 49000
1675956944622 0.11875326633453369 49040
1675956945779 0.08221533298492431 49080
1675956946920 0.08056442141532898 49120
1675956948102 0.1045964241027832 49160
1675956949227 0.12372150421142578 49200
1675956950353 0.09118224978446961 49240
1675956951457 0.12240298986434936 49280
1675956952510 0.11383808851242065 49320
1675956953733 0.08884367346763611 49360
1675956954978 0.10295376777648926 49400
1675956956109 0.09113590121269226 49440
1675956957246 0.12220110893249511 49480
1675956958346 0.08228999376296997 49520
1675956959437 0.07578787803649903 49560
1675956960529 0.11389143466949463 49600
1675956961673 0.12270035743713378 49640
1675956962751 0.10795872211456299 49680
1675956963915 0.09824027419090271 49720
1675956965052 0.12524926662445068 49760
1675956966234 0.10258058309555054 49800
1675956967370 0.10640906095504761 49840
1675956968537 0.0926137387752533 49880
1675956969639 0.0890579104423523 49920
1675956970737 0.1110303521156311 49960
1675956971857 0.13921000957489013 50000
1675956973000 0.08834764957427979 50040
1675956974124 0.12285085916519164 50080
1675956975240 0.0879269540309906 50120
1675956976312 0.11759799718856812 50160
1675956977357 0.1313088655471802 50200
1675956981216 0.03793242275714874 50240
1675956982330 0.09189364314079285 50280
1675956983718 0.10440607070922851 50320
1675956984825 0.10456196069717408 50360
1675956985894 0.0888976812362671 50400
1675956987049 0.10031793117523194 50440
1675956988173 0.11885696649551392 50480
1675956989286 0.1587909698486328 50520
1675956990436 0.12984826564788818 50560
1675956991526 0.11668549776077271 50600
1675956992741 0.11992151737213134 50640
1675956993925 0.12209802865982056 50680
1675956994984 0.10114024877548218 50720
1675956996192 0.10117048025131226 50760
1675956997298 0.1186866283416748 50800
1675956998532 0.11251301765441894 50840
1675956999637 0.1383080244064331 50880
1675957000764 0.12984349727630615 50920
1675957001854 0.0945155680179596 50960
1675957002913 0.11128449440002441 51000
1675957004054 0.3009402513504028 51040
1675957005096 0.09311656355857849 51080
1675957006198 0.21859023571014405 51120
1675957007213 0.1912267565727234 51160
1675957008266 0.19392329454421997 51200
1675957009339 0.10039710998535156 51240
1675957010355 0.07362805008888244 51280
1675957011456 0.11936006546020508 51320
1675957012594 0.12091689109802246 51360
1675957013859 0.18100829124450685 51400
1675957014970 0.11663700342178344 51440
1675957016051 0.10684202909469605 51480
1675957017181 0.13226441144943238 51520
1675957018285 0.09772764444351197 51560
1675957019320 0.08118284344673157 51600
1675957020405 0.10555226802825927 51640
1675957021478 0.12907122373580932 51680
1675957022529 0.0986396074295044 51720
1675957023597 0.12960160970687867 51760
1675957024686 0.0918724775314331 51800
1675957025733 0.09972137212753296 51840
1675957026761 0.11508897542953492 51880
1675957027781 0.10151723623275757 51920
1675957028955 0.13441243171691894 51960
1675957030024 0.09347453117370605 52000
1675957031108 0.12212563753128051 52040
1675957032147 0.14600073099136351 52080
1675957033219 0.14557493925094606 52120
1675957034273 0.10084282159805298 52160
1675957035318 0.12519062757492067 52200
1675957036491 0.1167493462562561 52240
1675957037573 0.16685171127319337 52280
1675957038711 0.17606983184814454 52320
1675957039735 0.09849026799201965 52360
1675957040835 0.10486055612564087 52400
1675957041919 0.12022638320922852 52440
1675957043151 0.12958965301513672 52480
1675957044302 0.12070895433425903 52520
1675957045374 0.11562238931655884 52560
1675957046505 0.2111844539642334 52600
1675957047593 0.11442433595657349 52640
1675957048672 0.33155264854431155 52680
1675957049927 0.09327272772789001 52720
1675957051080 0.12798768281936646 52760
1675957052300 0.10865660905838012 52800
1675957053572 0.12235065698623657 52840
1675957054749 0.1275773525238037 52880
1675957055874 0.08849371671676635 52920
1675957057105 0.10709809064865113 52960
1675957058468 0.15605913400650023 53000
1675957059783 0.1325184226036072 53040
1675957060925 0.09710937738418579 53080
1675957062110 0.11968119144439697 53120
1675957063364 0.11088312864303589 53160
1675957064511 0.12047114372253417 53200
1675957065744 0.10036511421203613 53240
1675957067129 0.1352055311203003 53280
1675957068523 0.10695199966430664 53320
1675957069812 0.1120557188987732 53360
1675957070980 0.08453753590583801 53400
1675957072181 0.14749397039413453 53440
1675957073471 0.12873986959457398 53480
1675957074634 0.08673257827758789 53520
1675957075918 0.10970373153686523 53560
1675957077159 0.12973012924194335 53600
1675957078331 0.16597816944122315 53640
1675957079694 0.1331281065940857 53680
1675957080949 0.13649969100952147 53720
1675957082156 0.1716793417930603 53760
1675957083376 0.07229752540588379 53800
1675957084603 0.1167487382888794 53840
1675957085832 0.12636419534683227 53880
1675957087034 0.06926137208938599 53920
1675957088351 0.0928876280784607 53960
1675957089668 0.1663193941116333 54000
1675957090875 0.16783584356307985 54040
1675957092094 0.1020653247833252 54080
1675957093267 0.1121747612953186 54120
1675957094510 0.14263538122177125 54160
1675957095681 0.14164490699768068 54200
1675957096980 0.11589155197143555 54240
1675957098180 0.11677676439285278 54280
1675957099349 0.11961122751235961 54320
1675957100568 0.15732673406600953 54360
1675957101750 0.09273412823677063 54400
1675957102889 0.13915622234344482 54440
1675957104063 0.12273616790771484 54480
1675957105196 0.1122018575668335 54520
1675957106326 0.10314545631408692 54560
1675957107534 0.07946087718009949 54600
1675957108856 0.14887137413024903 54640
1675957110174 0.10423789024353028 54680
1675957111539 0.12244961261749268 54720
1675957112772 0.1031908392906189 54760
1675957114189 0.1227726936340332 54800
1675957115915 0.14450325965881347 54840
1675957118121 0.13349454402923583 54880
1675957120067 0.13861335515975953 54920
1675957122516 0.16224759817123413 54960
1675957124349 0.09387202262878418 55000
1675957126561 0.12085247039794922 55040
1675957128421 0.10782465934753419 55080
1675957130412 0.10006529092788696 55120
1675957132158 0.07886046767234803 55160
1675957134014 0.08814913630485535 55200
1675957136566 0.09533554315567017 55240
1675957138574 0.09139645695686341 55280
1675957140441 0.11186667680740356 55320
1675957142547 0.1299973726272583 55360
1675957144435 0.10112935304641724 55400
1675957146458 0.0792509913444519 55440
1675957148973 0.12302238941192627 55480
1675957151717 0.08608970046043396 55520
1675957153479 0.11883180141448975 55560
1675957155385 0.14800220727920532 55600
1675957157444 0.27054343223571775 55640
1675957159473 0.09939618706703186 55680
1675957161356 0.11833548545837402 55720
1675957163271 0.14309498071670532 55760
1675957166481 0.140080726146698 55800
1675957168410 0.12841891050338744 55840
1675957170289 0.31353371143341063 55880
1675957172018 0.10980641841888428 55920
1675957174025 0.1339956521987915 55960
1675957176003 0.11039015054702758 56000
1675957178015 0.1107336401939392 56040
1675957180635 0.11139054298400879 56080
1675957182439 0.13756971359252929 56120
1675957184208 0.15248531103134155 56160
1675957186107 0.14603135585784913 56200
1675957187918 0.13831325769424438 56240
1675957189871 0.10263444185256958 56280
1675957191773 0.12515122890472413 56320
1675957193445 0.07477647066116333 56360
1675957195467 0.10957688093185425 56400
1675957197183 0.1445521354675293 56440
1675957199279 0.10714775323867798 56480
1675957201072 0.08461211323738098 56520
1675957203044 0.14888064861297606 56560
1675957204902 0.12233843803405761 56600
1675957206746 0.14337023496627807 56640
1675957208957 0.12011207342147827 56680
1675957210867 0.14656457901000977 56720
1675957212596 0.14849631786346434 56760
1675957214556 0.09780434370040894 56800
1675957216639 0.15393770933151246 56840
1675957218598 0.10670984983444214 56880
1675957220467 0.10587033033370971 56920
1675957222675 0.16714197397232056 56960
1675957224407 0.09266695976257325 57000
1675957226359 0.10892720222473144 57040
1675957228455 0.11448380947113038 57080
1675957230136 0.08124984502792358 57120
1675957232335 0.09144537448883057 57160
1675957234343 0.09895986914634705 57200
1675957236387 0.10581086874008179 57240
1675957238217 0.12584400177001953 57280
1675957240077 0.10861268043518066 57320
1675957241919 0.0809749960899353 57360
1675957243786 0.139545738697052 57400
1675957245792 0.09589346051216126 57440
1675957247555 0.09466205835342408 57480
1675957249792 0.10305403470993042 57520
1675957251604 0.1108509659767151 57560
1675957253196 0.08998579382896424 57600
1675957254992 0.10594605207443238 57640
1675957256803 0.09449595212936401 57680
1675957258713 0.08115282654762268 57720
1675957260645 0.14040515422821045 57760
1675957262547 0.12935831546783447 57800
1675957264348 0.1292594075202942 57840
1675957266261 0.10297605991363526 57880
1675957268376 0.11732028722763062 57920
1675957270413 0.11306308507919312 57960
1675957272217 0.16033427715301513 58000
1675957273974 0.11359181404113769 58040
1675957275878 0.08235689401626586 58080
1675957277808 0.10947514772415161 58120
1675957279787 0.10476006269454956 58160
1675957281559 0.12330086231231689 58200
1675957284881 0.15263822078704833 58240
1675957286928 0.12882580757141113 58280
1675957288876 0.13998782634735107 58320
1675957290682 0.09097834825515747 58360
1675957292322 0.09179100990295411 58400
1675957294286 0.11442019939422607 58440
1675957296240 0.10593609809875489 58480
1675957298690 0.12219889163970947 58520
1675957301360 0.11742734909057617 58560
1675957303155 0.09227150082588195 58600
1675957305108 0.10835224390029907 58640
1675957307051 0.09991251230239868 58680
1675957308885 0.07513773441314697 58720
1675957310996 0.11790276765823364 58760
1675957312885 0.07910268306732178 58800
1675957315257 0.11129273176193237 58840
1675957317055 0.13458198308944702 58880
1675957318764 0.07565677762031556 58920
1675957320657 0.1135669469833374 58960
1675957322608 0.09953870177268982 59000
1675957324468 0.11805223226547241 59040
1675957326378 0.13378876447677612 59080
1675957328454 0.08386800289154053 59120
1675957331487 0.09859440922737121 59160
1675957333451 0.10452367067337036 59200
1675957335360 0.11804262399673462 59240
1675957337486 0.0927033007144928 59280
1675957339436 0.1351792573928833 59320
1675957341175 0.10485143661499023 59360
1675957343931 0.09872474074363709 59400
1675957345572 0.10563403367996216 59440
1675957347525 0.11385890245437622 59480
1675957349207 0.09655342102050782 59520
1675957351202 0.09972183108329773 59560
1675957353133 0.09687986373901367 59600
1675957354970 0.09426982998847962 59640
1675957357022 0.12019978761672974 59680
1675957359114 0.10375422239303589 59720
1675957360924 0.10366450548171997 59760
1675957362523 0.09780344963073731 59800
1675957364507 0.11507000923156738 59840
1675957366392 0.12470933198928832 59880
1675957368309 0.08889723420143128 59920
1675957370175 0.091217041015625 59960
1675957372009 0.09561008214950562 60000
1675957373801 0.14578235149383545 60040
1675957375769 0.10772227048873902 60080
1675957377711 0.11961917877197266 60120
1675957379624 0.10117731094360352 60160
1675957381629 0.1302390694618225 60200
1675957383515 0.1331370234489441 60240
1675957391388 0.022418150305747987 60280
1675957393296 0.10262758731842041 60320
1675957395272 0.10908693075180054 60360
1675957397169 0.09580085277557374 60400
1675957399230 0.09819141626358033 60440
1675957401143 0.09956133961677552 60480
1675957403769 0.11932463645935058 60520
1675957405828 0.13448470830917358 60560
1675957407827 0.12659841775894165 60600
1675957409838 0.12994396686553955 60640
1675957411807 0.10538839101791382 60680
1675957413717 0.11672837734222412 60720
1675957415423 0.08717390894889832 60760
1675957417322 0.11020728349685668 60800
1675957419314 0.10376955270767212 60840
1675957421146 0.10552124977111817 60880
1675957423217 0.1296659827232361 60920
1675957425360 0.12142016887664794 60960
1675957427306 0.09328473210334778 61000
1675957429151 0.09559987187385559 61040
1675957431145 0.15716041326522828 61080
1675957433463 0.07658840417861938 61120
1675957435700 0.14663418531417846 61160
1675957437514 0.11000356674194336 61200
1675957439532 0.11878831386566162 61240
1675957441580 0.1066209316253662 61280
1675957443467 0.07170246839523316 61320
1675957445407 0.12436258792877197 61360
1675957447302 0.11094813346862793 61400
1675957449913 0.17673990726470948 61440
1675957451742 0.1401116967201233 61480
1675957453629 0.08125309348106384 61520
1675957455733 0.12099776268005372 61560
1675957457601 0.10603402853012085 61600
1675957459328 0.07672014832496643 61640
1675957461223 0.09093146324157715 61680
1675957463338 0.10894752740859985 61720
1675957465622 0.1292852520942688 61760
1675957467484 0.13460613489151002 61800
1675957469321 0.08006037473678589 61840
1675957471616 0.10604052543640137 61880
1675957473511 0.11201155185699463 61920
1675957475406 0.09892479181289673 61960
1675957477398 0.1507968306541443 62000
1675957480163 0.11857374906539916 62040
1675957482086 0.10084292888641358 62080
1675957483962 0.14535309076309205 62120
1675957485955 0.139145827293396 62160
1675957487955 0.11261523962020874 62200
1675957489852 0.11699721813201905 62240
1675957491850 0.11635046005249024 62280
1675957496660 0.1286955714225769 62320
1675957498965 0.1798819899559021 62360
1675957501485 0.08747993111610412 62400
1675957503610 0.1260430097579956 62440
1675957506212 0.12363662719726562 62480
1675957508571 0.12743240594863892 62520
1675957510689 0.12977789640426635 62560
1675957512594 0.09749208092689514 62600
1675957514945 0.16825101375579835 62640
1675957516613 0.11030316352844238 62680
1675957518442 0.13812146186828614 62720
1675957520420 0.12449851036071777 62760
1675957522486 0.10580408573150635 62800
1675957524124 0.11970260143280029 62840
1675957526363 0.3002811670303345 62880
1675957528332 0.08638386130332946 62920
1675957530310 0.08478347659111023 62960
1675957532032 0.09593729972839356 63000
1675957534117 0.15852048397064208 63040
1675957536236 0.14902671575546264 63080
1675957538080 0.10123412609100342 63120
1675957540619 0.1103411078453064 63160
1675957542525 0.11680158376693725 63200
1675957544327 0.19019373655319213 63240
1675957546321 0.10403398275375367 63280
1675957548394 0.14739347696304322 63320
1675957550529 0.11352471113204957 63360
1675957552710 0.15150392055511475 63400
1675957555370 0.09122552275657654 63440
1675957557639 0.11889005899429321 63480
1675957560251 0.11618101596832275 63520
1675957562244 0.10237393379211426 63560
1675957564230 0.10632704496383667 63600
1675957566330 0.11984356641769409 63640
1675957568249 0.12072001695632935 63680
1675957570756 0.13337979316711426 63720
1675957572610 0.11340078115463256 63760
1675957574369 0.11383308172225952 63800
1675957576332 0.0807823121547699 63840
1675957578300 0.1193090558052063 63880
1675957580364 0.12161800861358643 63920
1675957582206 0.09968827366828918 63960
1675957584419 0.09367160797119141 64000
1675957586493 0.1288811206817627 64040
1675957588994 0.6105577945709229 64080
1675957591507 0.12808363437652587 64120
1675957593861 0.10093573331832886 64160
1675957596749 0.1297985792160034 64200
1675957599307 0.1412096858024597 64240
1675957601229 0.09211758971214294 64280
1675957603039 0.11847668886184692 64320
1675957605056 0.1002763032913208 64360
1675957607089 0.13069530725479125 64400
1675957609190 0.1187167763710022 64440
1675957611127 0.13872365951538085 64480
1675957613251 0.1137591004371643 64520
1675957615722 0.12305129766464233 64560
1675957617617 0.08670877814292907 64600
1675957620577 0.10370347499847413 64640
1675957622574 0.14853687286376954 64680
1675957624681 0.10555227994918823 64720
1675957626588 0.11228303909301758 64760
1675957628547 0.08404916524887085 64800
1675957630652 0.1283121109008789 64840
1675957632550 0.13664864301681517 64880
1675957634881 0.1471739411354065 64920
1675957636958 0.11896575689315796 64960
1675957639078 0.13163459300994873 65000
1675957641277 0.1010567307472229 65040
1675957643390 0.1250803828239441 65080
1675957646408 0.11579039096832275 65120
1675957648766 0.09053536653518676 65160
1675957650708 0.09012105464935302 65200
1675957653133 0.06857495307922364 65240
1675957655386 0.10279382467269897 65280
1675957657573 0.10439316034317017 65320
1675957659569 0.08806419968605042 65360
1675957661328 0.10918939113616943 65400
1675957663008 0.14065024852752686 65440
1675957664453 0.07364890575408936 65480
1675957666178 0.14637924432754518 65520
1675957668230 0.08817757964134217 65560
1675957670151 0.11309179067611694 65600
1675957672140 0.11867752075195312 65640
1675957674560 0.09800388813018798 65680
1675957676601 0.0925701916217804 65720
1675957678630 0.10679994821548462 65760
1675957680551 0.11796256303787231 65800
1675957682417 0.09654585719108581 65840
1675957684343 0.11401242017745972 65880
1675957686116 0.08420941233634949 65920
1675957688271 0.08763630390167236 65960
1675957690370 0.14143258333206177 66000
1675957693324 0.10651050806045533 66040
1675957695323 0.10597120523452759 66080
1675957697266 0.12382630109786988 66120
1675957699235 0.09358670711517333 66160
1675957701198 0.15044054985046387 66200
1675957703292 0.15100281238555907 66240
1675957705927 0.14629751443862915 66280
1675957707864 0.10245214700698853 66320
1675957709809 0.09214820861816406 66360
1675957711696 0.07802996635437012 66400
1675957713584 0.0900026798248291 66440
1675957715865 0.11258397102355958 66480
1675957718274 0.10281636714935302 66520
1675957720634 0.09760053753852845 66560
1675957722480 0.13814225196838378 66600
1675957724309 0.13574990034103393 66640
1675957726255 0.1328718066215515 66680
1675957727983 0.10046780109405518 66720
1675957729960 0.11564528942108154 66760
1675957731701 0.13625040054321289 66800
1675957733639 0.11166234016418457 66840
1675957736060 0.11720993518829345 66880
1675957737979 0.08770742416381835 66920
1675957740014 0.1297851800918579 66960
1675957742066 0.12681862115859985 67000
1675957744051 0.09059944748878479 67040
1675957745912 0.08786273002624512 67080
1675957748133 0.11347732543945313 67120
1675957749609 0.09541352987289428 67160
1675957751446 0.07138009667396546 67200
1675957753312 0.095203697681427 67240
1675957755473 0.12497432231903076 67280
1675957757375 0.11176708936691285 67320
1675957759400 0.09778368473052979 67360
1675957761255 0.05423271059989929 67400
1675957763504 0.11713931560516358 67440
1675957765365 0.10128390789031982 67480
1675957767236 0.09634212255477906 67520
1675957769376 0.09162203073501587 67560
1675957771427 0.1267588257789612 67600
1675957773251 0.09303361773490906 67640
1675957775005 0.07964873909950257 67680
1675957776861 0.10424959659576416 67720
1675957778726 0.0775441825389862 67760
1675957781239 0.08526036739349366 67800
1675957783366 0.13558430671691896 67840
1675957785061 0.13593145608901977 67880
1675957786954 0.11912591457366943 67920
1675957789087 0.11674255132675171 67960
1675957790909 0.10608060359954834 68000
1675957792847 0.11419099569320679 68040
1675957796206 0.08018967509269714 68080
1675957798004 0.08398814797401429 68120
1675957800156 0.11840333938598632 68160
1675957802010 0.08550392985343933 68200
1675957803978 0.14542458057403565 68240
1675957805849 0.09209082126617432 68280
1675957808489 0.131153404712677 68320
1675957811248 0.11279087066650391 68360
1675957813241 0.11374807357788086 68400
1675957815117 0.08427582979202271 68440
1675957817125 0.08271313309669495 68480
1675957819160 0.10864907503128052 68520
1675957821094 0.12913229465484619 68560
1675957823607 0.11946969032287598 68600
1675957825449 0.09248290061950684 68640
1675957827280 0.1251443386077881 68680
1675957829175 0.09192643761634826 68720
1675957830919 0.08199002742767333 68760
1675957832713 0.11531974077224731 68800
1675957834504 0.06771159172058105 68840
1675957836608 0.11785591840744018 68880
1675957838752 0.12232494354248047 68920
1675957841032 0.0816741168498993 68960
1675957842991 0.08611270189285278 69000
1675957844896 0.11433749198913574 69040
1675957846859 0.11201316118240356 69080
1675957849542 0.11939685344696045 69120
1675957852055 0.08039183020591736 69160
1675957854372 0.09025587439537049 69200
1675957857181 0.10444149971008301 69240
1675957859250 0.12491034269332886 69280
1675957861377 0.10017578601837158 69320
1675957863462 0.1693377137184143 69360
1675957865525 0.09741048812866211 69400
1675957867731 0.10734093189239502 69440
1675957870654 0.1166185736656189 69480
1675957872686 0.09425798654556275 69520
1675957874876 0.09399989843368531 69560
1675957876763 0.08177648782730103 69600
1675957879055 0.08924747109413148 69640
1675957880961 0.10060358047485352 69680
1675957884323 0.11242115497589111 69720
1675957886587 0.09881399273872375 69760
1675957888803 0.09328951239585877 69800
1675957890683 0.0911201298236847 69840
1675957892831 0.12024643421173095 69880
1675957894884 0.0775809645652771 69920
1675957896740 0.08783612847328186 69960
1675957898867 0.0987634539604187 70000
1675957900485 0.0974847912788391 70040
1675957902379 0.12509913444519044 70080
1675957904397 0.11186009645462036 70120
1675957906188 0.09356151223182678 70160
1675957908013 0.09964945912361145 70200
1675957910354 0.09584228992462158 70240
1675957912208 0.12463388442993165 70280
