1675950162929 0.017227229475975037 0
1675950177290 0.6443941593170166 40
1675950187361 1.8695396423339843 80
1675950196249 0.6253417015075684 120
1675950205141 0.6583069801330567 160
1675950213906 0.6653706550598144 200
1675950223730 0.6646393775939942 240
1675950247031 0.6889767646789551 280
1675950256239 0.6662691116333008 320
1675950265839 0.6629770755767822 360
1675950274981 0.6597108840942383 400
1675950287295 0.6497510433197021 440
1675950295060 0.6514398574829101 480
1675950304520 0.6307377338409423 520
1675950314726 0.604320764541626 560
1675950322995 0.6080105304718018 600
1675950331806 0.6024443626403808 640
1675950341243 0.5866355419158935 680
1675950350426 0.5989995002746582 720
1675950359151 0.6072223663330079 760
1675950368446 0.6007977962493897 800
1675950378092 0.6064414978027344 840
1675950387074 1.6106222152709961 880
1675950396806 0.6057466506958008 920
1675950405367 0.6096858024597168 960
1675950414749 0.6149940013885498 1000
1675950423328 0.6201635360717773 1040
1675950431841 0.6205596446990966 1080
1675950440860 0.6161115646362305 1120
1675950453719 0.5963828086853027 1160
1675950462964 0.6112080574035644 1200
1675950472889 0.6136298179626465 1240
1675950481182 0.7341869831085205 1280
1675950490889 0.5958699703216552 1320
1675950501023 0.6153761386871338 1360
1675950510213 0.6140821933746338 1400
1675950520114 0.6249213218688965 1440
1675950529800 0.6222325325012207 1480
1675950539893 0.6175178527832031 1520
1675950550862 0.6025187492370605 1560
1675950559696 0.615231990814209 1600
1675950567821 0.6159303665161133 1640
1675950575694 0.6144589424133301 1680
1675950584338 0.6087285041809082 1720
1675950595181 0.6138919353485107 1760
1675950620629 0.6197659015655518 1800
1675950629412 0.6006278991699219 1840
1675950639356 0.6136370182037354 1880
1675950647750 0.6025953769683838 1920
1675950656181 0.6175741672515869 1960
1675950665148 0.6088953495025635 2000
1675950713583 0.5847894191741944 2040
1675950723348 0.6067615985870362 2080
1675950735435 0.5982811450958252 2120
1675950743830 0.6038149356842041 2160
1675950752271 0.6043331623077393 2200
1675950762515 0.5806612968444824 2240
1675950772503 0.6053526401519775 2280
1675950780367 0.6195295333862305 2320
1675950789514 0.5955376148223877 2360
1675950803577 0.5975175857543945 2400
1675950813438 0.6071289539337158 2440
1675950822674 0.5788712501525879 2480
1675950831748 0.6138478755950928 2520
1675950841270 0.593987226486206 2560
1675950850631 0.5900821208953857 2600
1675950859739 0.5954935550689697 2640
1675950868564 0.606281852722168 2680
1675950877947 0.6039047241210938 2720
1675950887090 0.5862351894378662 2760
1675950896695 0.5898053169250488 2800
1675950906495 0.6254268169403077 2840
1675950920856 0.6039659023284912 2880
1675950930378 0.593241834640503 2920
1675950947859 0.594170618057251 2960
1675950958086 0.6085536003112793 3000
1675950974543 0.5947864532470704 3040
1675950990869 0.5741765975952149 3080
1675951003598 0.5906447410583496 3120
1675951014893 0.6068807125091553 3160
1675951023008 0.6060534477233886 3200
1675951030985 0.5995158672332763 3240
1675951040502 0.5881732940673828 3280
1675951048865 0.5957087993621826 3320
1675951067033 0.5905539989471436 3360
1675951078137 0.6061611175537109 3400
1675951089668 0.5875400066375732 3440
1675951103478 0.5960993766784668 3480
1675951116710 0.6025853633880616 3520
1675951125841 0.5964792728424072 3560
1675951135441 0.5958431243896485 3600
1675951161654 0.6021237373352051 3640
1675951170033 0.6046064376831055 3680
1675951180046 0.5835009098052979 3720
1675951189973 0.5881872177124023 3760
1675951199106 0.6136880397796631 3800
1675951209104 0.6100364208221436 3840
1675951222360 0.5878419876098633 3880
1675951230948 0.6173418521881103 3920
1675951240351 0.6072677612304688 3960
1675951249984 0.603784704208374 4000
1675951258407 0.5972505569458008 4040
1675951287825 0.610523271560669 4080
1675951311773 0.5850845813751221 4120
1675951323718 0.5769096851348877 4160
1675951332331 0.6158011436462403 4200
1675951344915 0.5990118980407715 4240
1675951355567 0.5866487503051758 4280
1675951367005 0.6047648429870606 4320
1675951396358 0.5881741523742676 4360
1675951405093 0.5932626247406005 4400
1675951414225 0.5856732368469239 4440
1675951422794 0.5990864753723144 4480
1675951431995 0.585894250869751 4520
1675951439060 0.6314702987670898 4560
1675951447522 0.5919583320617676 4600
1675951455723 0.6036900043487549 4640
1675951465965 0.5827084064483643 4680
1675951474988 0.5950860977172852 4720
1675951484617 0.5858651638031006 4760
1675951493618 0.5904429435729981 4800
1675951502871 0.6104618072509765 4840
1675951511852 0.5953818321228027 4880
1675951520224 0.6041834354400635 4920
1675951528111 0.6195518016815186 4960
1675951537886 0.5925836563110352 5000
1675951547727 0.6002203464508057 5040
1675951558416 0.6096337318420411 5080
1675951569223 0.6135656356811523 5120
1675951579224 0.588170862197876 5160
1675951586494 0.637752103805542 5200
1675951596619 0.5866715431213378 5240
1675951607623 0.6175588130950928 5280
1675951617915 0.6137909412384033 5320
1675951630846 0.6072474956512451 5360
1675951657364 0.5940111637115478 5400
1675951665908 0.6186416149139404 5440
1675951692281 0.6076025485992431 5480
1675951701256 0.600199556350708 5520
1675951709386 0.6190101146697998 5560
1675951718311 0.5859817504882813 5600
1675951727336 0.6085118770599365 5640
1675951740251 0.587677001953125 5680
1675951748956 0.5912465572357177 5720
1675951759386 0.5863986492156983 5760
1675951768037 0.6080121040344239 5800
1675951775679 0.6208394527435303 5840
1675951783539 0.6126746654510498 5880
1675951791298 0.6102162361145019 5920
1675951801313 0.5837711334228516 5960
1675951810448 0.5911418914794921 6000
1675951818248 0.6149762630462646 6040
1675951826798 0.6096441745758057 6080
1675951835198 0.6199711322784424 6120
1675951844102 0.6063058853149415 6160
1675951851606 0.6321483612060547 6200
1675951860720 0.5975833892822265 6240
1675951869626 0.5941677093505859 6280
1675951877904 0.6084873676300049 6320
1675951886743 0.5999564170837403 6360
1675951895048 0.6130901336669922 6400
1675951903199 0.5953211784362793 6440
1675951912445 0.5973234653472901 6480
1675951920881 0.5960731506347656 6520
1675951928287 0.6319309711456299 6560
1675951936524 0.6094984531402587 6600
1675951944993 0.6066512107849121 6640
1675951953055 0.6025343894958496 6680
1675951962520 0.5827881336212158 6720
1675951971238 0.5992273330688477 6760
1675951979139 0.6017181873321533 6800
1675951987509 0.6076193809509277 6840
1675951996504 0.5921239852905273 6880
1675952005062 0.5972850322723389 6920
1675952035506 0.5991532325744628 6960
1675952046603 0.5885356903076172 7000
1675952054917 0.6106912612915039 7040
1675952064610 0.6006645202636719 7080
1675952085961 0.5962872982025147 7120
1675952095349 0.6118261337280273 7160
1675952104660 0.5984506607055664 7200
1675952113508 0.6053368091583252 7240
1675952122965 0.5829526424407959 7280
1675952133493 0.6051722526550293 7320
1675952142613 0.6097799301147461 7360
1675952151806 0.6114043235778809 7400
1675952175322 0.6045320987701416 7440
1675952192119 0.6005614280700684 7480
1675952202738 0.5874766349792481 7520
1675952213638 0.5803701877593994 7560
1675952224019 0.6108538627624511 7600
1675952234275 0.5801154613494873 7640
1675952248728 0.6150757312774658 7680
1675952259051 0.5885144710540772 7720
1675952268040 0.6302126884460449 7760
1675952281970 0.6071529388427734 7800
1675952290839 0.6103292942047119 7840
1675952301629 0.5836802959442139 7880
1675952311480 0.5935256958007813 7920
1675952321196 0.5880371570587158 7960
1675952330303 0.6159420967102051 8000
1675952340116 0.5865803718566894 8040
1675952350591 0.5877767086029053 8080
1675952361331 0.5951755046844482 8120
1675952371091 0.5957180500030518 8160
1675952380026 0.6203675746917725 8200
1675952391960 0.5902230262756347 8240
1675952401978 0.5957795143127441 8280
1675952411675 0.6074930667877197 8320
1675952422799 0.6091238021850586 8360
1675952433600 0.5997715950012207 8400
1675952443616 0.59599609375 8440
1675952453417 0.6044264793395996 8480
1675952482147 0.6118810653686524 8520
1675952492101 0.6029881477355957 8560
1675952501932 0.5921914577484131 8600
1675952511228 0.613385009765625 8640
1675952520575 0.5990889549255372 8680
1675952530124 0.6053164005279541 8720
1675952540009 0.5912844657897949 8760
1675952549535 0.6043026924133301 8800
1675952558595 0.6068501472473145 8840
1675952578819 0.5959619045257568 8880
1675952597872 0.616903829574585 8920
1675952610180 0.5901979923248291 8960
1675952619285 0.614134693145752 9000
1675952668417 0.6005225658416748 9040
1675952700100 0.6013085842132568 9080
1675952711132 0.6072112083435058 9120
1675952724702 0.5940719604492187 9160
1675952757073 0.5996320724487305 9200
1675952804257 0.5966469764709472 9240
1675952813097 0.6247797012329102 9280
1675952823403 0.6119497299194336 9320
1675952835926 0.612748670578003 9360
1675952850281 0.5908802032470704 9400
1675952863943 0.6056281089782715 9440
1675952873523 0.6068742275238037 9480
