1675873656201 0.3217847943305969 0
1675873663312 0.31718775629997253 0
1675873663395 0.31239086389541626 0
1675873663477 0.30591458082199097 0
1675873663556 0.2988893687725067 0
1675873663635 0.29730814695358276 0
1675873663714 0.28934967517852783 0
1675873663792 0.28746065497398376 0
1675873663869 0.2810616195201874 0
1675873663949 0.27918946743011475 0
1675873664027 0.2746663987636566 0
1675873664106 0.2693677842617035 0
1675873664185 0.2630634307861328 0
1675873664263 0.2532813847064972 0
1675873664341 0.2568516433238983 0
1675873664419 0.2561536133289337 0
1675873664498 0.255262166261673 0
1675873664577 0.24858249723911285 0
1675873664656 0.23975425958633423 0
1675873664734 0.23659391701221466 0
1675873664812 0.24788637459278107 0
1675873664890 0.23128481209278107 0
1675873664967 0.2343917042016983 0
1675873665045 0.23749800026416779 0
1675873665125 0.22673861682415009 0
1675873665200 0.22123263776302338 0
1675873665277 0.21429437398910522 0
1675873665358 0.2236757129430771 0
1675873665428 0.22095559537410736 0
1675873665605 0.20343799889087677 0
1675873665684 0.21198530495166779 0
1675873665761 0.2192237824201584 0
1675873665840 0.1959257572889328 0
1675873665920 0.2106885313987732 0
1675873666000 0.19943907856941223 0
1675873666079 0.21345844864845276 0
1675873666156 0.2070586085319519 0
1675873666233 0.20574679970741272 0
1675873666312 0.2047351449728012 0
1675873666391 0.20745949447155 0
1675873666468 0.1925884336233139 0
1675873666546 0.1891849935054779 0
1675873666621 0.19204145669937134 0
1675873666710 0.19042445719242096 0
1675873666786 0.1937963217496872 0
1675873666866 0.20203839242458344 0
1675873666948 0.19404587149620056 0
1675873667026 0.18281133472919464 0
1675873667104 0.2033022940158844 0
1675873667180 0.17748971283435822 0
1675873667256 0.18552003800868988 0
1675873667335 0.17548806965351105 0
1675873667411 0.17664426565170288 0
1675873667489 0.18251927196979523 0
1675873667567 0.18047012388706207 0
1675873667645 0.1823613941669464 0
1675873667723 0.17874367535114288 0
1675873667791 0.18146364390850067 0
1675873667961 0.16448092460632324 0
1675873668039 0.17865848541259766 0
1675873668115 0.20815953612327576 0
1675873668190 0.1821575164794922 0
1675873668267 0.18327249586582184 0
1675873668342 0.1869000345468521 0
1675873668418 0.18284247815608978 0
1675873668500 0.18295270204544067 0
1675873668577 0.166871577501297 0
1675873668652 0.1874391883611679 0
1675873668728 0.1744087040424347 0
1675873668802 0.18605796992778778 0
1675873668877 0.17719240486621857 0
1675873668952 0.16819192469120026 0
1675873669031 0.17877362668514252 0
1675873669107 0.16488496959209442 0
1675873669184 0.167543426156044 0
1675873669260 0.16751497983932495 0
1675873669335 0.1640419065952301 0
1675873669410 0.1583041548728943 0
1675873669485 0.16600921750068665 0
1675873669560 0.18220598995685577 0
1675873669638 0.15117503702640533 0
1675873669713 0.16182594001293182 0
1675873669788 0.192599356174469 0
1675873669864 0.1656910926103592 0
1675873669940 0.17342205345630646 0
1675873670015 0.1631753295660019 0
1675873670084 0.18083880841732025 0
1675873670253 0.19705834984779358 0
1675873670344 0.16927503049373627 0
1675873670418 0.15626244246959686 0
1675873670505 0.18250355124473572 0
1675873670580 0.1519065499305725 0
1675873670655 0.15826578438282013 0
1675873670730 0.18191136419773102 0
1675873670806 0.1753869652748108 0
1675873670883 0.1675741970539093 0
1675873670961 0.15345948934555054 0
1675873671036 0.1678512692451477 0
1675873671128 0.19021111726760864 0
1675873671203 0.17228469252586365 0
1675873671278 0.1700364649295807 0
1675873671357 0.17487405240535736 0
1675873671432 0.1546236127614975 0
1675873671509 0.17304398119449615 0
1675873671584 0.14996455609798431 0
1675873671662 0.17931723594665527 0
1675873671737 0.19539247453212738 0
1675873671812 0.17635221779346466 0
1675873671886 0.1727348119020462 0
1675873671963 0.17162585258483887 0
1675873672037 0.16157998144626617 0
1675873672113 0.19005697965621948 0
1675873672186 0.16459541022777557 0
1675873672260 0.1699012815952301 0
1675873672354 0.16307741403579712 0
1675873672422 0.17029204964637756 0
1675873672595 0.17691878974437714 0
1675873672669 0.17229604721069336 0
1675873672745 0.1782609522342682 0
1675873672820 0.16979451477527618 0
1675873672896 0.1721687912940979 0
1675873672972 0.1765846461057663 0
1675873673049 0.16056197881698608 0
1675873673128 0.1614500731229782 0
1675873673206 0.18805484473705292 0
1675873673284 0.16232921183109283 0
1675873673361 0.17094546556472778 0
1675873673437 0.17810040712356567 0
1675873673517 0.16106198728084564 0
1675873673593 0.15630918741226196 0
1675873673670 0.15777677297592163 0
1675873673745 0.19334882497787476 0
1675873673821 0.18694721162319183 0
1675873673899 0.16582529246807098 0
1675873673976 0.17948274314403534 0
1675873674052 0.1500038355588913 0
1675873674127 0.18694345653057098 0
1675873674202 0.15937606990337372 0
1675873674278 0.1695522665977478 0
1675873674355 0.18047626316547394 0
1675873674429 0.18084952235221863 0
1675873674507 0.1825137883424759 0
1675873674585 0.16316550970077515 0
1675873674660 0.147155299782753 0
1675873674733 0.15820498764514923 0
