1675964399503 0.01715068370103836 0
1675964399771 0.6727601051330566 40
1675964400064 0.6543279170989991 80
1675964400338 0.6326666831970215 120
1675964400623 0.6035138607025147 160
1675964400892 0.6460836410522461 200
1675964401202 0.5733431339263916 240
1675964401451 0.6096601486206055 280
1675964401724 0.6047798156738281 320
1675964402016 0.6039565563201904 360
1675964402290 0.6102185726165772 400
1675964402596 0.5964255809783936 440
1675964402827 0.6198473453521729 480
1675964403097 0.5992861747741699 520
1675964403396 0.5817654609680176 560
1675964403642 0.6069514751434326 600
1675964403915 0.5993113040924072 640
1675964404202 0.5840832233428955 680
1675964404484 0.5986879348754883 720
1675964404748 0.6108134746551513 760
1675964405031 0.5973406791687011 800
1675964405292 0.6028688430786133 840
1675964405546 0.6123210906982421 880
1675964405803 0.6015377044677734 920
1675964406054 0.60037202835083 960
1675964406338 0.6049026489257813 1000
1675964406598 0.6091110706329346 1040
1675964406863 0.6055739402770997 1080
1675964407124 0.6007351875305176 1120
1675964407493 0.5707758903503418 1160
1675964407776 0.5967190265655518 1200
1675964408058 0.6130903244018555 1240
1675964408343 0.6130300045013428 1280
1675964408678 0.5831223487854004 1320
1675964408919 0.6044994354248047 1360
1675964409177 0.5945971965789795 1400
1675964409449 0.6083284854888916 1440
1675964409719 0.6011662483215332 1480
1675964409977 0.6004061222076416 1520
1675964410276 0.582139253616333 1560
1675964410523 0.6085851192474365 1600
1675964410761 0.6143319129943847 1640
1675964411007 0.6155468463897705 1680
1675964411275 0.6049877643585205 1720
1675964411528 0.6060564517974854 1760
1675964411770 0.611552095413208 1800
1675964412046 0.5969654083251953 1840
1675964412329 0.6122867584228515 1880
1675964412605 0.6022531509399414 1920
1675964412851 0.6196599006652832 1960
1675964413125 0.608523941040039 2000
1675964413426 0.5816298484802246 2040
1675964413693 0.6044031620025635 2080
1675964413974 0.5981757164001464 2120
1675964414239 0.6053366184234619 2160
1675964414510 0.601886510848999 2200
1675964414820 0.5759588241577148 2240
1675964415095 0.602283239364624 2280
1675964415336 0.6180389881134033 2320
1675964415649 0.5883754253387451 2360
1675964415940 0.5934062480926514 2400
1675964416203 0.6045675277709961 2440
1675964416559 0.5780333995819091 2480
1675964416999 0.612963056564331 2520
1675964417600 0.5898009777069092 2560
1675964418305 0.5836652278900146 2600
1675964418891 0.5874545097351074 2640
1675964419306 0.5926298141479492 2680
1675964419849 0.5774796962738037 2720
1675964420317 0.5454913139343261 2760
1675964420847 0.5377768993377685 2800
1675964421206 0.5386240482330322 2840
1675964421631 0.5011520862579346 2880
1675964422097 0.4812203884124756 2920
1675964422532 0.47950196266174316 2960
1675964422948 0.4600371360778809 3000
1675964423268 0.4344165802001953 3040
1675964423660 0.43852877616882324 3080
1675964424356 0.42253551483154295 3120
1675964424828 0.4106346607208252 3160
1675964425305 0.4096475601196289 3200
1675964425732 0.39881789684295654 3240
1675964426189 0.40859575271606446 3280
1675964426651 0.39749770164489745 3320
1675964427157 0.42163801193237305 3360
1675964427565 0.41331820487976073 3400
1675964428007 0.3656207799911499 3440
1675964428522 0.4252779006958008 3480
1675964428976 0.42683043479919436 3520
1675964429418 0.37805349826812745 3560
1675964429870 0.39597623348236083 3600
1675964430318 0.3801793098449707 3640
1675964430725 0.36719863414764403 3680
1675964431193 0.35067167282104494 3720
1675964431647 0.3850292444229126 3760
1675964432010 0.3286726951599121 3800
1675964432532 0.3679749250411987 3840
1675964433004 0.3389333724975586 3880
1675964433454 0.3138453245162964 3920
1675964433870 0.4301866054534912 3960
1675964434729 0.3525382041931152 4000
1675964435455 0.3433210849761963 4040
1675964435904 0.3524248838424683 4080
1675964436577 0.358133864402771 4120
1675964437072 0.3404226779937744 4160
1675964437488 0.31428601741790774 4200
1675964437919 0.35836377143859866 4240
1675964438660 0.34316492080688477 4280
1675964439381 0.30730295181274414 4320
1675964439850 0.2876132011413574 4360
1675964440336 0.33814191818237305 4400
1675964440814 0.3319573879241943 4440
1675964441254 0.2856438159942627 4480
1675964441734 0.28061470985412595 4520
1675964442115 0.3445573329925537 4560
1675964442562 0.3986398935317993 4600
1675964443001 0.2958294153213501 4640
1675964443546 0.28246111869812013 4680
1675964443972 0.31076223850250245 4720
1675964444419 0.3100348711013794 4760
1675964444878 0.26964972019195554 4800
1675964445316 0.2847038745880127 4840
1675964445761 0.22223479747772218 4880
1675964446191 0.22906115055084228 4920
1675964446562 0.2413330316543579 4960
1675964447008 0.25688459873199465 5000
1675964447459 0.27383971214294434 5040
1675964447951 0.2727231025695801 5080
1675964448409 0.3133951902389526 5120
1675964448960 0.30710759162902834 5160
1675964449378 0.21101677417755127 5200
1675964449868 0.3023835182189941 5240
1675964450290 0.2693226099014282 5280
1675964450675 0.2876274108886719 5320
1675964451213 0.24058058261871337 5360
1675964451645 0.25736830234527586 5400
1675964452069 0.20657012462615967 5440
1675964452536 0.2919224739074707 5480
1675964452930 0.2552612066268921 5520
1675964453502 0.2541116952896118 5560
1675964454319 0.2948389291763306 5600
1675964454725 0.28085429668426515 5640
1675964455189 0.21635310649871825 5680
1675964455706 0.2743374347686768 5720
1675964456173 0.2423267364501953 5760
1675964456607 0.19704806804656982 5800
1675964457007 0.3220195770263672 5840
1675964457431 0.21337075233459474 5880
1675964457839 0.2766857624053955 5920
1675964458358 0.3268762111663818 5960
1675964458835 0.25864686965942385 6000
1675964459273 0.2524181127548218 6040
1675964459713 0.20385572910308838 6080
1675964460148 0.18309687376022338 6120
1675964460586 0.21995949745178223 6160
1675964460956 0.21516191959381104 6200
1675964461406 0.19918420314788818 6240
1675964461866 0.2221548318862915 6280
1675964462316 0.27546641826629636 6320
1675964462732 0.2514554738998413 6360
1675964463150 0.26654274463653566 6400
1675964463555 0.19494903087615967 6440
1675964464019 0.20616495609283447 6480
1675964464394 0.23916642665863036 6520
1675964464757 0.2783064603805542 6560
1675964465206 0.26373748779296874 6600
1675964465625 0.1859390139579773 6640
1675964466022 0.23662521839141845 6680
1675964466512 0.26512444019317627 6720
1675964466960 0.22877027988433837 6760
1675964467373 0.22597360610961914 6800
1675964467995 0.2167611837387085 6840
1675964468503 0.20186047554016112 6880
1675964468816 0.2016268253326416 6920
1675964469157 0.19966620206832886 6960
1675964469644 0.20919311046600342 7000
1675964470080 0.20015454292297363 7040
1675964470520 0.2406381130218506 7080
1675964471037 0.18513731956481932 7120
1675964471458 0.23883271217346191 7160
1675964471890 0.23855397701263428 7200
1675964472289 0.18924108743667603 7240
1675964472773 0.1931825041770935 7280
1675964473200 0.185194730758667 7320
1675964473587 0.1954142212867737 7360
1675964474023 0.16745171546936036 7400
1675964474499 0.23453519344329835 7440
1675964474955 0.1793873429298401 7480
1675964475449 0.20946085453033447 7520
1675964475940 0.2828946352005005 7560
1675964476491 0.20252809524536133 7600
1675964476960 0.22245020866394044 7640
1675964477374 0.18372838497161864 7680
1675964477816 0.21993391513824462 7720
1675964478208 0.18467408418655396 7760
1675964478646 0.2076667308807373 7800
1675964479052 0.15428378582000732 7840
1675964479537 0.24255776405334473 7880
1675964479981 0.20774900913238525 7920
1675964480449 0.213820743560791 7960
1675964480855 0.17542176246643065 8000
1675964481348 0.2580047369003296 8040
1675964481838 0.2207127809524536 8080
1675964482327 0.17011986970901488 8120
1675964482900 0.21454229354858398 8160
1675964483207 0.123965585231781 8200
1675964483549 0.19415879249572754 8240
1675964483896 0.1872626304626465 8280
1675964484370 0.24057998657226562 8320
1675964484793 0.17652357816696168 8360
1675964485186 0.21983885765075684 8400
1675964485608 0.17725526094436644 8440
1675964486071 0.15571753978729247 8480
1675964486468 0.19272348880767823 8520
1675964486886 0.16114556789398193 8560
1675964487345 0.17573928833007812 8600
1675964487733 0.22336359024047853 8640
1675964488194 0.18989497423171997 8680
1675964488651 0.16962342262268065 8720
1675964489124 0.16931943893432616 8760
1675964489529 0.17143468856811522 8800
1675964489920 0.2026514768600464 8840
1675964490341 0.19834043979644775 8880
1675964490745 0.15716829299926757 8920
1675964491256 0.1615981101989746 8960
1675964491682 0.20035021305084227 9000
1675964492106 0.19673511981964112 9040
1675964492522 0.18110536336898803 9080
1675964492934 0.16745095252990722 9120
1675964493408 0.17486999034881592 9160
1675964493854 0.15356396436691283 9200
1675964494260 0.21072173118591309 9240
1675964494619 0.1286312460899353 9280
1675964495013 0.2015242099761963 9320
1675964495402 0.15141278505325317 9360
1675964495827 0.1744605541229248 9400
1675964496246 0.16911840438842773 9440
1675964496763 0.146637487411499 9480
1675964497264 0.1986621141433716 9520
1675964497765 0.18621071577072143 9560
1675964498136 0.16133846044540406 9600
1675964498631 0.1687831163406372 9640
1675964498944 0.1477078080177307 9680
1675964499401 0.18913183212280274 9720
1675964499834 0.14207630157470702 9760
1675964500309 0.19212967157363892 9800
1675964500749 0.22456793785095214 9840
1675964501184 0.14780163764953613 9880
1675964501597 0.18036653995513915 9920
1675964502039 0.16274391412734984 9960
1675964502437 0.22776854038238525 10000
1675964502844 0.14770121574401857 10040
1675964504899 0.12935761213302613 10080
1675964505445 0.22691402435302735 10120
1675964505880 0.16127535104751586 10160
1675964506318 0.16041460037231445 10200
1675964506736 0.17144982814788817 10240
1675964507285 0.17681484222412108 10280
1675964507695 0.19681984186172485 10320
1675964508178 0.187185537815094 10360
1675964508752 0.21828796863555908 10400
1675964509205 0.16091493368148804 10440
1675964509671 0.17618179321289062 10480
1675964510088 0.17484132051467896 10520
1675964510484 0.14910080432891845 10560
1675964510956 0.16509493589401245 10600
1675964511434 0.14504246711730956 10640
1675964511894 0.1803736448287964 10680
1675964512403 0.1697319746017456 10720
1675964512860 0.20308918952941896 10760
1675964513464 0.16541621685028077 10800
1675964514214 0.1613704204559326 10840
1675964514617 0.1578863024711609 10880
1675964515000 0.14586437940597535 10920
1675964515743 0.19862855672836305 10960
1675964516144 0.2301016092300415 11000
1675964516626 0.141519296169281 11040
1675964517075 0.1632879853248596 11080
1675964517481 0.17476686239242553 11120
1675964517881 0.16592841148376464 11160
1675964518390 0.17613362073898314 11200
1675964518882 0.164632248878479 11240
1675964519308 0.1593807578086853 11280
1675964519786 0.1396125078201294 11320
1675964520263 0.17948895692825317 11360
1675964520650 0.10779085159301757 11400
1675964521089 0.11349741220474244 11440
1675964521530 0.1347523808479309 11480
1675964521960 0.16907607316970824 11520
1675964522390 0.15701643228530884 11560
1675964522809 0.1662119746208191 11600
1675964523245 0.14377760887145996 11640
1675964523599 0.15806431770324708 11680
1675964524080 0.13820592164993287 11720
1675964524495 0.17232389450073243 11760
1675964524901 0.13405684232711793 11800
1675964525263 0.13848730325698852 11840
1675964525676 0.1543887138366699 11880
1675964526105 0.16793477535247803 11920
1675964526510 0.1289941906929016 11960
1675964526901 0.13889806270599364 12000
1675964527347 0.13388370275497435 12040
1675964527769 0.16442155838012695 12080
1675964528322 0.20279865264892577 12120
1675964529079 0.1644073247909546 12160
1675964529495 0.15409983396530152 12200
1675964529887 0.1478048801422119 12240
1675964530497 0.149019992351532 12280
1675964530976 0.17794128656387329 12320
1675964531393 0.1577303886413574 12360
1675964531791 0.13135050535202025 12400
1675964532295 0.13598530292510985 12440
1675964532699 0.16072119474411012 12480
1675964533152 0.1744369626045227 12520
1675964533596 0.13647807836532594 12560
1675964534060 0.1497029185295105 12600
1675964534535 0.15675121545791626 12640
1675964534936 0.1269439458847046 12680
1675964535358 0.15401263236999513 12720
1675964535777 0.0882992148399353 12760
1675964536343 0.16145706176757812 12800
1675964536863 0.17745165824890136 12840
1675964537291 0.14945203065872192 12880
1675964537731 0.13815094232559205 12920
1675964538210 0.1456606388092041 12960
1675964538659 0.1401729702949524 13000
1675964539049 0.15545004606246948 13040
1675964539457 0.12508052587509155 13080
1675964539939 0.15182539224624633 13120
1675964540480 0.1688140869140625 13160
1675964540913 0.09730534553527832 13200
1675964541302 0.13189983367919922 13240
1675964541711 0.1424694061279297 13280
1675964542165 0.14938185214996338 13320
1675964542620 0.14550172090530394 13360
1675964543317 0.17172377109527587 13400
1675964543627 0.1484521746635437 13440
1675964544206 0.12709810733795165 13480
1675964544665 0.15410637855529785 13520
1675964545120 0.1502717614173889 13560
1675964545604 0.16501247882843018 13600
1675964546066 0.103427255153656 13640
1675964546485 0.1825345754623413 13680
1675964546950 0.11847499608993531 13720
1675964547473 0.1115803599357605 13760
1675964547998 0.16258280277252196 13800
1675964548430 0.11582900285720825 13840
1675964548979 0.15143494606018065 13880
1675964549443 0.1274275541305542 13920
1675964549881 0.1348508596420288 13960
1675964550293 0.18094091415405272 14000
1675964550712 0.13351649045944214 14040
1675964551157 0.13587689399719238 14080
1675964551615 0.1467888355255127 14120
1675964552092 0.15042694807052612 14160
1675964552601 0.16760461330413817 14200
1675964553051 0.1272563934326172 14240
1675964553443 0.12956608533859254 14280
1675964553890 0.17256888151168823 14320
1675964554310 0.10150175094604492 14360
1675964554785 0.1279756546020508 14400
1675964555244 0.1437836170196533 14440
1675964555728 0.15237439870834352 14480
1675964556176 0.12393426895141602 14520
1675964556704 0.12778029441833497 14560
1675964557135 0.12284791469573975 14600
1675964557592 0.18427343368530275 14640
1675964558226 0.16858989000320435 14680
1675964559079 0.10867605209350586 14720
1675964559506 0.1673802137374878 14760
1675964559946 0.15892488956451417 14800
1675964560395 0.14484094381332396 14840
1675964560844 0.1564285635948181 14880
1675964561264 0.10022618770599365 14920
1675964561728 0.13735898733139038 14960
1675964562105 0.0959215760231018 15000
1675964562562 0.11135944128036498 15040
1675964563048 0.1226682186126709 15080
1675964563543 0.1404054880142212 15120
1675964563969 0.11614042520523071 15160
1675964564453 0.17950689792633057 15200
1675964564877 0.09262231588363648 15240
1675964565349 0.11936666965484619 15280
1675964565783 0.11465675830841064 15320
1675964566197 0.15163705348968506 15360
1675964566634 0.13110098838806153 15400
1675964567016 0.13310457468032838 15440
1675964567433 0.09009622931480407 15480
1675964567769 0.11391310691833496 15520
1675964568167 0.13482590913772582 15560
1675964568522 0.1258239269256592 15600
1675964569003 0.13227807283401488 15640
1675964569474 0.09686859846115112 15680
1675964569940 0.11812431812286377 15720
1675964570387 0.1328936219215393 15760
1675964570882 0.1654647707939148 15800
1675964571390 0.11011565923690796 15840
1675964571807 0.13476777076721191 15880
1675964572217 0.1285122036933899 15920
1675964572650 0.16492000818252564 15960
1675964573222 0.17070103883743287 16000
1675964574018 0.15542680025100708 16040
1675964574392 0.13678981065750123 16080
1675964574824 0.11758087873458863 16120
1675964575260 0.08160991668701172 16160
1675964575679 0.12572953701019288 16200
1675964576118 0.11128817796707154 16240
1675964576602 0.10693391561508178 16280
1675964577085 0.11701081991195679 16320
1675964577494 0.15709141492843628 16360
1675964577982 0.12731077671051025 16400
1675964578356 0.1603537917137146 16440
1675964578851 0.13234634399414064 16480
1675964579296 0.14674276113510132 16520
1675964579702 0.11662274599075317 16560
1675964580038 0.15093638896942138 16600
1675964580573 0.13099405765533448 16640
1675964580985 0.135017991065979 16680
1675964581406 0.11574763059616089 16720
1675964581963 0.17924296855926514 16760
1675964582434 0.13603004217147827 16800
1675964582868 0.10708285570144653 16840
1675964583278 0.11460148096084595 16880
1675964583752 0.13139568567276 16920
1675964584203 0.09661660194396973 16960
1675964584638 0.10174542665481567 17000
1675964585109 0.11963444948196411 17040
1675964585473 0.10970251560211182 17080
1675964585936 0.14730618000030518 17120
1675964586368 0.09516981840133668 17160
1675964586759 0.11573783159255982 17200
1675964587181 0.1428074359893799 17240
1675964587641 0.09563764333724975 17280
1675964587979 0.11495541334152222 17320
1675964588556 0.12419732809066772 17360
1675964588862 0.10986833572387696 17400
1675964589240 0.09292517304420471 17440
1675964589674 0.14224963188171386 17480
1675964590099 0.11116409301757812 17520
1675964590556 0.11121002435684205 17560
1675964591057 0.1837766170501709 17600
1675964591492 0.12543190717697145 17640
1675964591962 0.12026342153549194 17680
1675964592377 0.12950328588485718 17720
1675964592813 0.14033792018890381 17760
1675964593227 0.123394775390625 17800
1675964593685 0.10198701620101928 17840
1675964594102 0.09023992419242859 17880
1675964594584 0.12974318265914916 17920
1675964595101 0.11385688781738282 17960
1675964595608 0.1357235789299011 18000
1675964596007 0.10862287282943725 18040
1675964596561 0.14780008792877197 18080
1675964597016 0.1564480781555176 18120
1675964597428 0.10539122819900512 18160
1675964597906 0.11001113653182984 18200
1675964598324 0.09984442591667175 18240
1675964598956 0.11201081275939942 18280
1675964599393 0.12412567138671875 18320
1675964599792 0.1499238967895508 18360
1675964600215 0.11138814687728882 18400
1675964600683 0.1323039412498474 18440
1675964601139 0.11749013662338256 18480
1675964601552 0.0914476215839386 18520
1675964601962 0.1139380693435669 18560
1675964602440 0.11670743227005005 18600
1675964603031 0.11163848638534546 18640
1675964604114 0.1267693519592285 18680
1675964604558 0.10986363887786865 18720
1675964604984 0.09093838930130005 18760
1675964605460 0.11163681745529175 18800
1675964605879 0.11893550157546998 18840
1675964606314 0.14483404159545898 18880
1675964606757 0.12704795598983765 18920
1675964607158 0.10276316404342652 18960
1675964607661 0.09893133044242859 19000
1675964608084 0.10943739414215088 19040
1675964608506 0.12811703681945802 19080
1675964608966 0.11677988767623901 19120
1675964609466 0.11041054725646973 19160
1675964609919 0.13149375915527345 19200
1675964610396 0.10381923913955689 19240
1675964610822 0.12627514600753784 19280
1675964611209 0.09200178980827331 19320
1675964611642 0.12199842929840088 19360
1675964612055 0.08084614276885986 19400
1675964612513 0.12340097427368164 19440
1675964612993 0.12102183103561401 19480
1675964613436 0.094440495967865 19520
1675964613883 0.12293481826782227 19560
1675964614258 0.14088178873062135 19600
1675964614689 0.11994117498397827 19640
1675964615110 0.11350816488265991 19680
1675964615494 0.07267491817474366 19720
1675964615865 0.14044766426086425 19760
1675964616280 0.0812863826751709 19800
1675964616695 0.14510618448257445 19840
1675964617132 0.1431804418563843 19880
1675964617591 0.08313055038452148 19920
1675964617974 0.1391446352005005 19960
1675964618646 0.11396645307540894 20000
1675964619104 0.133744478225708 20040
1675964619537 0.14473990201950074 20080
1675964621573 0.09843165874481201 20120
1675964622092 0.11407378911972046 20160
1675964622535 0.10767302513122559 20200
1675964623038 0.12201752662658691 20240
1675964623445 0.0938467800617218 20280
1675964623934 0.13796918392181395 20320
1675964624376 0.11436676979064941 20360
1675964624825 0.14357796907424927 20400
1675964625326 0.18009194135665893 20440
1675964625783 0.11649534702301026 20480
1675964626242 0.09251096248626708 20520
1675964626686 0.13233598470687866 20560
1675964627122 0.11522647142410278 20600
1675964627596 0.1055984616279602 20640
1675964627974 0.11274628639221192 20680
1675964628442 0.13798450231552123 20720
1675964628962 0.1220139741897583 20760
1675964629452 0.11858757734298705 20800
1675964629938 0.12314350605010986 20840
1675964630375 0.1267977237701416 20880
1675964630836 0.12277657985687256 20920
1675964631267 0.09835014343261719 20960
1675964631763 0.1339183568954468 21000
1675964632215 0.15951069593429565 21040
1675964632678 0.10420631170272827 21080
1675964633362 0.12117854356765748 21120
1675964633975 0.11251970529556274 21160
1675964634455 0.09883900284767151 21200
1675964634989 0.1376839518547058 21240
1675964635470 0.1320783257484436 21280
1675964635868 0.10526180267333984 21320
1675964636307 0.09434155225753785 21360
1675964636776 0.1250590682029724 21400
1675964637248 0.08559753894805908 21440
1675964637690 0.08972612023353577 21480
1675964638062 0.10865106582641601 21520
1675964638537 0.12479084730148315 21560
1675964639012 0.11441953182220459 21600
1675964639506 0.1296097993850708 21640
1675964639895 0.10502794981002808 21680
1675964640306 0.10686055421829224 21720
1675964640762 0.1062519907951355 21760
1675964641184 0.14618436098098755 21800
1675964641655 0.12236119508743286 21840
1675964642080 0.1004603385925293 21880
1675964642520 0.11476738452911377 21920
1675964642989 0.1614346146583557 21960
1675964643430 0.11160554885864257 22000
1675964644055 0.09991557598114013 22040
1675964644475 0.11047960519790649 22080
1675964644928 0.13250601291656494 22120
1675964645364 0.14806177616119384 22160
1675964645771 0.13242565393447875 22200
1675964646195 0.10826988220214843 22240
1675964646662 0.11468750238418579 22280
1675964647169 0.13696151971817017 22320
1675964647653 0.11990268230438232 22360
1675964648129 0.12106388807296753 22400
1675964648812 0.12351412773132324 22440
1675964649273 0.11376073360443115 22480
1675964649672 0.12634580135345458 22520
1675964650138 0.14059915542602539 22560
1675964650644 0.10816780328750611 22600
1675964651096 0.11005010604858398 22640
1675964651641 0.12850166559219361 22680
1675964652008 0.0982613205909729 22720
1675964652461 0.10466444492340088 22760
1675964652907 0.07452515959739685 22800
1675964653353 0.10295116901397705 22840
1675964653861 0.13366777896881105 22880
1675964654287 0.10744713544845581 22920
1675964654699 0.0864070177078247 22960
1675964655171 0.10941462516784668 23000
1675964655565 0.10536961555480957 23040
1675964656026 0.11735455989837647 23080
1675964656634 0.10268046855926513 23120
1675964657146 0.14137808084487916 23160
1675964657681 0.12173671722412109 23200
1675964658142 0.08992376327514648 23240
1675964658607 0.10280245542526245 23280
1675964659034 0.10091556310653686 23320
1675964659474 0.11953778266906738 23360
1675964659944 0.11557537317276001 23400
1675964660446 0.1256046175956726 23440
1675964660900 0.134094762802124 23480
1675964661335 0.11310471296310425 23520
1675964661758 0.12881530523300172 23560
1675964662177 0.10626389980316162 23600
1675964662661 0.12822470664978028 23640
1675964663219 0.0750083565711975 23680
1675964663623 0.12888293266296386 23720
1675964664074 0.11234800815582276 23760
1675964664501 0.07978937029838562 23800
1675964665036 0.1346198558807373 23840
1675964665531 0.11243404150009155 23880
1675964666010 0.10502051115036011 23920
1675964666464 0.10806957483291627 23960
1675964666845 0.11594637632369995 24000
1675964667264 0.13653078079223632 24040
1675964667717 0.13486524820327758 24080
1675964668218 0.10130778551101685 24120
1675964668697 0.11223185062408447 24160
1675964669138 0.11812022924423218 24200
1675964669655 0.14890381097793579 24240
1675964670112 0.10947728157043457 24280
1675964670608 0.12182126045227051 24320
1675964671081 0.13857470750808715 24360
1675964671537 0.08824723958969116 24400
1675964672041 0.11694351434707642 24440
1675964672563 0.10114670991897583 24480
1675964673080 0.14076287746429444 24520
1675964673474 0.07733500003814697 24560
1675964673974 0.11655094623565673 24600
1675964674368 0.11119139194488525 24640
1675964674812 0.15521241426467897 24680
1675964675217 0.12941120862960814 24720
1675964675757 0.14613209962844848 24760
1675964676218 0.1298147916793823 24800
1675964676742 0.1475978136062622 24840
1675964677198 0.12264776229858398 24880
1675964677718 0.10877935886383057 24920
1675964678164 0.08849622011184692 24960
1675964678822 0.11221858263015747 25000
1675964679186 0.08920269012451172 25040
1675964679638 0.09765576124191284 25080
1675964680141 0.09287242293357849 25120
1675964680708 0.11325656175613404 25160
1675964681086 0.08739702701568604 25200
1675964681523 0.14885830879211426 25240
1675964681961 0.08319280743598938 25280
1675964682437 0.11636103391647339 25320
1675964682906 0.10606862306594848 25360
1675964683286 0.1165573239326477 25400
1675964683721 0.10461341142654419 25440
1675964684224 0.11450328826904296 25480
1675964684669 0.08390310406684875 25520
1675964685088 0.10554399490356445 25560
1675964685547 0.11849212646484375 25600
1675964685967 0.11599003076553345 25640
1675964686440 0.13084790706634522 25680
1675964686876 0.09378354549407959 25720
1675964687373 0.09512665271759033 25760
1675964687891 0.11547222137451171 25800
1675964688417 0.11695359945297241 25840
1675964688995 0.10692400932312011 25880
1675964689402 0.10654776096343994 25920
1675964689762 0.0946500539779663 25960
1675964690192 0.11484599113464355 26000
1675964690630 0.15880423784255981 26040
1675964691131 0.11242173910140991 26080
1675964691562 0.11038703918457031 26120
1675964691965 0.11655422449111938 26160
1675964692431 0.07374189496040344 26200
1675964692849 0.10744668245315551 26240
1675964693504 0.08062474131584167 26280
1675964694342 0.0969407856464386 26320
1675964694852 0.09400909543037414 26360
1675964695349 0.11394344568252564 26400
1675964695831 0.11727337837219239 26440
1675964696257 0.1282662034034729 26480
1675964696681 0.10163899660110473 26520
1675964697128 0.1109195351600647 26560
1675964697536 0.10175583362579346 26600
1675964697955 0.12979412078857422 26640
1675964698436 0.12633539438247682 26680
1675964698874 0.10838238000869752 26720
1675964699278 0.07662288546562195 26760
1675964699769 0.13828296661376954 26800
1675964700300 0.12022589445114136 26840
1675964700762 0.08797436952590942 26880
1675964701209 0.10048197507858277 26920
1675964701693 0.10134258270263671 26960
1675964702173 0.06812805533409119 27000
1675964702661 0.10039844512939453 27040
1675964703155 0.11016525030136108 27080
1675964703654 0.08790408372879029 27120
1675964704091 0.10705158710479737 27160
1675964704514 0.08966846466064453 27200
1675964704952 0.0986483097076416 27240
1675964705381 0.111243736743927 27280
1675964705793 0.09454430937767029 27320
1675964706249 0.11010986566543579 27360
1675964706768 0.12954840660095215 27400
1675964707212 0.08868624567985535 27440
1675964707701 0.083128422498703 27480
1675964708453 0.13014932870864868 27520
1675964708751 0.08208177089691163 27560
1675964709601 0.08489477038383483 27600
1675964710084 0.14316519498825073 27640
1675964710620 0.11034736633300782 27680
1675964711136 0.09347245693206788 27720
1675964711665 0.1031654953956604 27760
1675964712156 0.10699704885482789 27800
1675964712569 0.10272823572158814 27840
1675964713038 0.08758130669593811 27880
1675964713409 0.07499605417251587 27920
1675964713846 0.0799342930316925 27960
1675964714403 0.0957640290260315 28000
1675964714916 0.12514033317565917 28040
1675964715396 0.09426779747009277 28080
1675964715855 0.13754228353500367 28120
1675964716316 0.12351388931274414 28160
1675964716819 0.0967283546924591 28200
1675964717280 0.09415861964225769 28240
1675964717850 0.06560920476913452 28280
1675964718275 0.08361758589744568 28320
1675964718674 0.1199615478515625 28360
1675964719079 0.11834945678710937 28400
1675964719435 0.08866528272628785 28440
1675964719856 0.09674099683761597 28480
1675964720298 0.07872933745384217 28520
1675964720724 0.105777108669281 28560
1675964721118 0.08911471366882324 28600
1675964721544 0.09029408097267151 28640
1675964722059 0.08433293104171753 28680
1675964722512 0.10528819561004639 28720
1675964723242 0.10555567741394042 28760
1675964723951 0.0715105414390564 28800
1675964724369 0.08903475403785706 28840
1675964724844 0.10647696256637573 28880
1675964725283 0.11157950162887573 28920
1675964725760 0.10263744592666627 28960
1675964726136 0.07334966063499451 29000
1675964726562 0.0847365379333496 29040
1675964727010 0.11443718671798705 29080
1675964727414 0.09096127152442932 29120
1675964727979 0.09939438104629517 29160
1675964728396 0.12797218561172485 29200
1675964728849 0.11599687337875367 29240
1675964729270 0.08977022171020507 29280
1675964729698 0.1074905276298523 29320
1675964730159 0.09328335523605347 29360
1675964730594 0.08430684208869935 29400
1675964730974 0.09472644329071045 29440
1675964731405 0.09172290563583374 29480
1675964731831 0.11032342910766602 29520
1675964732295 0.11026679277420044 29560
1675964732783 0.10762760639190674 29600
1675964733249 0.11352386474609374 29640
1675964733675 0.1142542839050293 29680
1675964734158 0.10863294601440429 29720
1675964734598 0.06113297343254089 29760
1675964735030 0.10934171676635743 29800
1675964735433 0.09067661166191102 29840
1675964735914 0.1217257022857666 29880
1675964736419 0.1166317343711853 29920
1675964736815 0.08211591243743896 29960
1675964737300 0.11057847738265991 30000
1675964737810 0.09641649723052978 30040
1675964738393 0.10946835279464721 30080
1675964738731 0.13449344635009766 30120
1675964741142 0.05622653961181641 30160
1675964741602 0.0995059847831726 30200
1675964742115 0.09027130603790283 30240
1675964742659 0.09902833700180054 30280
1675964743116 0.06964704990386963 30320
1675964743585 0.10416990518569946 30360
1675964744071 0.09852275848388672 30400
1675964744547 0.12588915824890137 30440
1675964745146 0.1313730239868164 30480
1675964745621 0.08980222940444946 30520
1675964746114 0.08194500803947449 30560
1675964746586 0.1159327507019043 30600
1675964746978 0.09424153566360474 30640
1675964747407 0.09402768611907959 30680
1675964747881 0.08968450427055359 30720
1675964748390 0.12073285579681396 30760
1675964748853 0.12926063537597657 30800
1675964749295 0.1065780758857727 30840
1675964749753 0.10583161115646363 30880
1675964750224 0.0951156735420227 30920
1675964750755 0.11151745319366455 30960
1675964751166 0.10214111804962159 31000
1675964751601 0.10997036695480347 31040
1675964752061 0.13102316856384277 31080
1675964752529 0.08945872783660888 31120
1675964753266 0.09827682971954346 31160
1675964753561 0.0929085910320282 31200
1675964754324 0.10394445657730103 31240
1675964754804 0.1095232367515564 31280
1675964755290 0.11322261095046997 31320
1675964755720 0.08538933992385864 31360
1675964756186 0.08045346736907959 31400
1675964756650 0.10112351179122925 31440
1675964757150 0.07203828692436218 31480
1675964757572 0.08029969334602356 31520
1675964758010 0.07686254978179932 31560
1675964758465 0.095537930727005 31600
1675964758914 0.09731951355934143 31640
1675964759404 0.11661707162857056 31680
1675964759821 0.11066626310348511 31720
1675964760195 0.1044893741607666 31760
1675964760624 0.09678795337677001 31800
1675964761025 0.11027377843856812 31840
1675964761427 0.10472803115844727 31880
1675964761822 0.09551124572753907 31920
1675964762255 0.10647501945495605 31960
1675964762675 0.11514678001403808 32000
1675964763101 0.08890534043312073 32040
1675964763567 0.11816790103912353 32080
1675964764012 0.09347209930419922 32120
1675964764457 0.09143884181976318 32160
1675964764861 0.13479546308517457 32200
1675964765386 0.12303082942962647 32240
1675964765797 0.08992262482643128 32280
1675964766232 0.08869754672050476 32320
1675964766662 0.12975486516952514 32360
1675964767101 0.09168230891227722 32400
1675964767499 0.11738072633743286 32440
1675964767933 0.10044347047805786 32480
1675964768495 0.10317174196243287 32520
1675964768830 0.10182201862335205 32560
1675964769233 0.13476197719573973 32600
1675964769695 0.08381026983261108 32640
1675964770090 0.10043603181838989 32680
1675964770573 0.11314702033996582 32720
1675964771017 0.07515767216682434 32760
1675964771527 0.1190332293510437 32800
1675964771927 0.05591640472412109 32840
1675964772324 0.08652538061141968 32880
1675964772946 0.1297827959060669 32920
1675964773455 0.09434765577316284 32960
1675964773861 0.06520678997039794 33000
1675964774349 0.1092300534248352 33040
1675964774900 0.10993841886520386 33080
1675964775331 0.08818084597587586 33120
1675964775759 0.10779819488525391 33160
1675964776241 0.1081801176071167 33200
1675964776756 0.10704711675643921 33240
1675964777255 0.09200031161308289 33280
1675964777785 0.08124703168869019 33320
1675964778195 0.10031523704528808 33360
1675964778754 0.10633727312088012 33400
1675964779180 0.07303454279899597 33440
1675964779659 0.10668147802352905 33480
1675964780107 0.10191864967346191 33520
1675964780542 0.11184277534484863 33560
1675964780997 0.11335772275924683 33600
1675964781426 0.1003793478012085 33640
1675964781855 0.12178887128829956 33680
1675964782257 0.0621956467628479 33720
1675964782724 0.12215136289596558 33760
1675964783120 0.10772669315338135 33800
1675964783686 0.07072548866271973 33840
1675964784172 0.11012338399887085 33880
1675964784647 0.10809174776077271 33920
1675964785064 0.10635955333709717 33960
1675964785551 0.08653186559677124 34000
1675964785993 0.09836740493774414 34040
1675964786408 0.10004332065582275 34080
1675964786843 0.12128592729568481 34120
1675964787279 0.07715073823928834 34160
1675964787820 0.10134878158569335 34200
1675964788272 0.07816874980926514 34240
1675964788785 0.12579696178436278 34280
1675964789248 0.08644405007362366 34320
1675964789659 0.10261032581329346 34360
1675964790087 0.11386195421218873 34400
1675964790565 0.08419240713119507 34440
1675964791008 0.07984409928321838 34480
1675964791492 0.08600683212280273 34520
1675964791976 0.12231812477111817 34560
1675964792423 0.07357911467552185 34600
1675964792927 0.10584367513656616 34640
1675964793333 0.08089120388031006 34680
1675964793829 0.1253531575202942 34720
1675964794249 0.11129778623580933 34760
1675964794750 0.11145294904708862 34800
1675964795171 0.11673804521560668 34840
1675964795682 0.14494792222976685 34880
1675964796137 0.08267245292663575 34920
1675964796564 0.11117041110992432 34960
1675964796967 0.08684179186820984 35000
1675964797443 0.10196542739868164 35040
1675964797915 0.0756891906261444 35080
1675964798288 0.07636370062828064 35120
1675964798650 0.07396558523178101 35160
1675964799016 0.08249801397323608 35200
1675964799418 0.0809578001499176 35240
1675964799846 0.1019926905632019 35280
1675964800263 0.08127143979072571 35320
1675964800736 0.08140450716018677 35360
1675964801163 0.09649052023887635 35400
1675964801527 0.0838542103767395 35440
1675964801910 0.128934109210968 35480
1675964802368 0.10002458095550537 35520
1675964802808 0.08917536735534667 35560
1675964803183 0.07363712191581726 35600
1675964803623 0.10610877275466919 35640
1675964804033 0.09676404595375061 35680
1675964804514 0.13598891496658325 35720
1675964805025 0.12411531209945678 35760
1675964805428 0.09819117784500123 35800
1675964805856 0.0922429084777832 35840
1675964806355 0.0911670982837677 35880
1675964806833 0.09696778655052185 35920
1675964807232 0.08468914031982422 35960
1675964807620 0.07924767136573792 36000
1675964808034 0.10781813859939575 36040
1675964808584 0.11884909868240356 36080
1675964809076 0.11203668117523194 36120
1675964809479 0.10461950302124023 36160
1675964809900 0.09154385328292847 36200
1675964810334 0.09196969866752625 36240
1675964810774 0.08043615221977234 36280
1675964811178 0.07229289412498474 36320
1675964811585 0.11818419694900513 36360
1675964812039 0.10223793983459473 36400
1675964812570 0.08464452028274536 36440
1675964813019 0.11998624801635742 36480
1675964813371 0.1140906810760498 36520
1675964813714 0.10426989793777466 36560
1675964814059 0.10134564638137818 36600
1675964814488 0.10038255453109741 36640
1675964814885 0.11433457136154175 36680
1675964815313 0.08808698654174804 36720
1675964815705 0.1212316870689392 36760
1675964816130 0.1023474931716919 36800
1675964816592 0.11793327331542969 36840
1675964817099 0.11768039464950561 36880
1675964817465 0.07943703532218933 36920
1675964817870 0.09352704286575317 36960
1675964818365 0.099806809425354 37000
1675964818846 0.06349968314170837 37040
1675964819274 0.08640428781509399 37080
1675964819715 0.10105719566345214 37120
1675964820144 0.07580052018165588 37160
1675964820570 0.11195721626281738 37200
1675964821023 0.0702055811882019 37240
1675964821405 0.08608633279800415 37280
1675964821826 0.09272419214248658 37320
1675964822257 0.08042960166931153 37360
1675964822701 0.09146134257316589 37400
1675964823188 0.10598210096359253 37440
1675964823578 0.07421377301216125 37480
1675964824009 0.057682210206985475 37520
1675964824438 0.09531092047691345 37560
1675964824877 0.08085391521453858 37600
1675964825344 0.07752382755279541 37640
1675964825818 0.11100145578384399 37680
1675964826317 0.1006505846977234 37720
1675964826764 0.09661030173301696 37760
1675964827213 0.07747946977615357 37800
1675964827645 0.08730982542037964 37840
1675964828310 0.09543997049331665 37880
1675964828725 0.07463945746421814 37920
1675964829073 0.08003324866294861 37960
1675964829516 0.05804250836372375 38000
1675964829997 0.08531331419944763 38040
1675964830494 0.11084043979644775 38080
1675964830903 0.07455642819404602 38120
1675964831346 0.11294609308242798 38160
1675964831805 0.08815690875053406 38200
1675964832306 0.0952933132648468 38240
1675964832689 0.08375440239906311 38280
1675964833121 0.07511360645294189 38320
1675964833612 0.08158307075500489 38360
1675964834042 0.0851085901260376 38400
1675964834445 0.12102693319320679 38440
1675964834866 0.07803095579147339 38480
1675964835330 0.08074790239334106 38520
1675964835734 0.07064178586006165 38560
1675964836326 0.07897207736968995 38600
1675964836809 0.06713454723358155 38640
1675964837242 0.08052445650100708 38680
1675964837761 0.05261499285697937 38720
1675964838222 0.10802136659622193 38760
1675964838687 0.07818496823310853 38800
1675964839147 0.06420917510986328 38840
1675964839616 0.08206475973129272 38880
1675964840098 0.09280884861946107 38920
1675964840529 0.1007164478302002 38960
1675964841046 0.09661253690719604 39000
1675964841458 0.07766450643539428 39040
1675964841898 0.06891359090805053 39080
1675964842310 0.09396710395812988 39120
1675964842745 0.07942416667938232 39160
1675964843250 0.09050504565238952 39200
1675964844059 0.0907238781452179 39240
1675964844437 0.10176048278808594 39280
1675964844865 0.08192218542098999 39320
1675964845308 0.0862706184387207 39360
1675964845712 0.07414330244064331 39400
1675964846115 0.07351881265640259 39440
1675964846556 0.07996866106987 39480
1675964847032 0.06477493047714233 39520
1675964847476 0.1054421305656433 39560
1675964847895 0.08952106833457947 39600
1675964848342 0.08949336409568787 39640
1675964848868 0.08690935969352723 39680
1675964849284 0.08452461957931519 39720
1675964849737 0.08341761827468872 39760
1675964850162 0.0628580927848816 39800
1675964850567 0.09357936382293701 39840
1675964850972 0.08164056539535522 39880
1675964851396 0.09219449758529663 39920
1675964851851 0.10699769258499145 39960
1675964852315 0.06887713670730591 40000
1675964852731 0.0936805248260498 40040
1675964853150 0.07597406506538391 40080
1675964853540 0.09185423254966736 40120
1675964853993 0.11718993186950684 40160
1675964856078 0.02721100449562073 40200
1675964856571 0.07760626673698426 40240
1675964857061 0.07523705959320068 40280
1675964857566 0.08995676636695862 40320
1675964857972 0.0739934802055359 40360
1675964858558 0.09060240983963012 40400
1675964858948 0.08353959321975708 40440
1675964859451 0.10246027708053589 40480
1675964859895 0.10664929151535034 40520
1675964860361 0.08274604678153992 40560
1675964860911 0.08711316585540771 40600
1675964861405 0.09949794411659241 40640
1675964861855 0.07323201298713684 40680
1675964862356 0.08174362182617187 40720
1675964862802 0.06568865776062012 40760
1675964863289 0.11039499044418336 40800
1675964863767 0.1191733717918396 40840
1675964864239 0.10171955823898315 40880
1675964864686 0.09853993654251099 40920
1675964865140 0.09424311518669129 40960
1675964865602 0.10446242094039918 41000
1675964866026 0.08248514533042908 41040
1675964866492 0.0992133378982544 41080
1675964866919 0.10070515871047973 41120
1675964867366 0.08411810994148254 41160
1675964867839 0.07484464645385742 41200
1675964868339 0.07417215704917908 41240
1675964868914 0.08905145525932312 41280
1675964869439 0.10141407251358033 41320
1675964870014 0.11160250902175903 41360
1675964870518 0.08832336664199829 41400
1675964870969 0.06745686531066894 41440
1675964871420 0.07187268733978272 41480
1675964871920 0.07155125737190246 41520
1675964872313 0.06380601525306702 41560
1675964873403 0.07254346013069153 41600
1675964873993 0.0915811836719513 41640
1675964874456 0.07955162525177002 41680
1675964874920 0.09290512800216674 41720
1675964875360 0.07824020385742188 41760
1675964875795 0.09468613266944885 41800
1675964876234 0.08388898968696594 41840
1675964876667 0.09503942131996154 41880
1675964877168 0.09304131269454956 41920
1675964877573 0.08306396007537842 41960
1675964878051 0.08976186513900757 42000
1675964878586 0.11927987337112426 42040
1675964879082 0.08652260303497314 42080
1675964879524 0.0865211844444275 42120
1675964879948 0.10083401203155518 42160
1675964880474 0.08319075107574463 42200
1675964880930 0.1094894289970398 42240
1675964881427 0.1049913763999939 42280
1675964881868 0.09225904941558838 42320
1675964882397 0.07751699090003968 42360
1675964882882 0.10389130115509033 42400
1675964883338 0.09496313929557801 42440
1675964883758 0.11380951404571533 42480
1675964884187 0.09290152192115783 42520
1675964884730 0.12482978105545044 42560
1675964885170 0.09232665300369262 42600
1675964885619 0.11273221969604492 42640
1675964886120 0.08397679328918457 42680
1675964886595 0.09579805731773376 42720
1675964887060 0.09246312379837036 42760
1675964887567 0.07456445693969727 42800
1675964888184 0.08593150973320007 42840
1675964888898 0.051061326265335084 42880
1675964889489 0.07231565713882446 42920
1675964889977 0.11157208681106567 42960
1675964890427 0.09517053365707398 43000
1675964890922 0.07254045605659484 43040
1675964891388 0.09243088960647583 43080
1675964891893 0.09128916263580322 43120
1675964892350 0.08946970701217652 43160
1675964892754 0.07813037633895874 43200
1675964893239 0.09375831484794617 43240
1675964893728 0.09364205002784728 43280
1675964894189 0.07705647945404052 43320
1675964894674 0.06342994570732116 43360
1675964895152 0.08655441403388978 43400
1675964895672 0.09890189170837402 43440
1675964896107 0.08303795456886291 43480
1675964896721 0.08736727833747863 43520
1675964897157 0.10358326435089112 43560
1675964897596 0.07436549663543701 43600
1675964898076 0.0943921983242035 43640
1675964898555 0.08499714136123657 43680
1675964899050 0.09841683506965637 43720
1675964899517 0.052420401573181154 43760
1675964900006 0.11683032512664795 43800
1675964900491 0.10399024486541748 43840
1675964901021 0.05934426188468933 43880
1675964901625 0.08048530220985413 43920
1675964902092 0.10641502141952515 43960
1675964902532 0.08382819890975952 44000
1675964903064 0.08886210322380066 44040
1675964903586 0.0794819176197052 44080
1675964904120 0.07978736758232116 44120
1675964904560 0.11422080993652343 44160
1675964905038 0.07436411380767823 44200
1675964905533 0.06582169532775879 44240
1675964906002 0.08058376312255859 44280
1675964906459 0.13554685115814208 44320
1675964906930 0.08664597272872925 44360
1675964907355 0.10340888500213623 44400
1675964907804 0.09680712223052979 44440
1675964908278 0.09840445518493653 44480
1675964908737 0.0639258086681366 44520
1675964909261 0.08188682198524475 44560
1675964909797 0.10885931253433227 44600
1675964910237 0.06686066389083863 44640
1675964910708 0.09221278429031372 44680
1675964911126 0.07978259325027466 44720
1675964911601 0.10464358329772949 44760
1675964911981 0.12490296363830566 44800
1675964912507 0.120785391330719 44840
1675964912928 0.09214754700660706 44880
1675964913464 0.12173153162002563 44920
1675964913874 0.07959244847297668 44960
1675964914342 0.10336180925369262 45000
1675964914733 0.08769564032554626 45040
1675964915208 0.0813101887702942 45080
1675964915671 0.07563419342041015 45120
1675964916080 0.059771913290023806 45160
1675964916568 0.06469587087631226 45200
1675964917047 0.07860755324363708 45240
1675964917514 0.0981121838092804 45280
1675964918147 0.10227298736572266 45320
1675964918867 0.08705701231956482 45360
1675964919311 0.05797878503799438 45400
1675964919815 0.10859082937240601 45440
1675964920238 0.051605981588363645 45480
1675964920681 0.08672206997871398 45520
1675964921259 0.09773081541061401 45560
1675964921769 0.06536849141120911 45600
1675964922193 0.07543761134147645 45640
1675964922632 0.07413389682769775 45680
1675964923067 0.09136002659797668 45720
1675964923634 0.09286729097366334 45760
1675964924098 0.08230044841766357 45800
1675964924523 0.07000294923782349 45840
1675964924959 0.08587886691093445 45880
1675964925457 0.08748056292533875 45920
1675964926042 0.0761901319026947 45960
1675964926461 0.09012600183486938 46000
1675964926883 0.0827713131904602 46040
1675964927293 0.08983980417251587 46080
1675964927739 0.0873037576675415 46120
1675964928354 0.10900717973709106 46160
1675964928908 0.09593652486801148 46200
1675964929349 0.07568459510803223 46240
1675964929828 0.0667737603187561 46280
1675964930305 0.06684593558311462 46320
1675964930804 0.05951424837112427 46360
1675964931281 0.09321787357330322 46400
1675964931737 0.06933324933052062 46440
1675964932171 0.08075408935546875 46480
1675964932676 0.09858254194259644 46520
1675964933268 0.09431397914886475 46560
1675964933603 0.07490102052688599 46600
1675964934388 0.09596737623214721 46640
1675964934833 0.09363697767257691 46680
1675964935258 0.08342550992965699 46720
1675964935681 0.0815283179283142 46760
1675964936099 0.08753348588943481 46800
1675964936509 0.07655646800994872 46840
1675964936992 0.10113086700439453 46880
1675964937539 0.11425447463989258 46920
1675964937923 0.06435481905937195 46960
1675964938447 0.07318552136421204 47000
1675964938927 0.08705748319625854 47040
1675964939383 0.062428843975067136 47080
1675964939868 0.07176676988601685 47120
1675964940322 0.08302443027496338 47160
1675964940762 0.07757765650749207 47200
1675964941186 0.09278972744941712 47240
1675964941633 0.06454601883888245 47280
1675964942052 0.07136808633804322 47320
1675964942529 0.09125663042068481 47360
1675964942987 0.08379631638526916 47400
1675964943484 0.07349392771720886 47440
1675964944026 0.08704335689544677 47480
1675964944488 0.08141090869903564 47520
1675964944912 0.052599644660949706 47560
1675964945350 0.08127158880233765 47600
1675964945775 0.05585525035858154 47640
1675964946237 0.06754477024078369 47680
1675964946852 0.0794694185256958 47720
1675964947347 0.09435006380081176 47760
1675964947847 0.10913500785827637 47800
1675964948260 0.07094215154647827 47840
1675964948974 0.08102110028266907 47880
1675964949557 0.08414202928543091 47920
1675964950013 0.07943503856658936 47960
1675964950430 0.07642897367477416 48000
1675964950897 0.04916178584098816 48040
1675964951397 0.0885556697845459 48080
1675964951897 0.0776681661605835 48120
1675964952359 0.07903598546981812 48160
1675964952858 0.07993414998054504 48200
1675964953357 0.09586362242698669 48240
1675964953830 0.09058015942573547 48280
1675964954328 0.08413576483726501 48320
1675964954706 0.07281906008720399 48360
1675964955159 0.07321580052375794 48400
1675964955654 0.08043421506881714 48440
1675964956074 0.0912969470024109 48480
1675964956563 0.08246273398399354 48520
1675964956996 0.06984625458717346 48560
1675964957442 0.08331916332244874 48600
1675964957910 0.058414965867996216 48640
1675964958374 0.0673470914363861 48680
1675964958897 0.08030069470405579 48720
1675964959389 0.04968417584896088 48760
1675964959838 0.08846820592880249 48800
1675964960279 0.09811031222343444 48840
1675964960724 0.056678420305252074 48880
1675964961311 0.06782249212265015 48920
1675964961927 0.08946290612220764 48960
1675964962392 0.08337693810462951 49000
1675964962959 0.09237915873527527 49040
1675964963262 0.06643205881118774 49080
1675964963974 0.08333411216735839 49120
1675964964447 0.08058441877365112 49160
1675964964858 0.07583542466163636 49200
1675964965341 0.06735929846763611 49240
1675964965928 0.09902656674385071 49280
1675964966361 0.09045222997665406 49320
1675964966862 0.07230213880538941 49360
1675964967308 0.09111605882644654 49400
1675964967708 0.09361865520477294 49440
1675964968105 0.07014741897583007 49480
1675964968708 0.07729595303535461 49520
1675964969218 0.06889811754226685 49560
1675964969688 0.10277791023254394 49600
1675964970188 0.09524920582771301 49640
1675964970638 0.08097843527793884 49680
1675964971100 0.08587692975997925 49720
1675964971536 0.09617259502410888 49760
1675964972028 0.07520588636398315 49800
1675964972469 0.06479982733726501 49840
1675964972898 0.07396240234375 49880
1675964973286 0.07134826183319092 49920
1675964973723 0.08628044128417969 49960
1675964974180 0.10630375146865845 50000
1675964974631 0.06831982731819153 50040
1675964975021 0.11059352159500122 50080
1675964975456 0.07850731611251831 50120
1675964975963 0.07939260005950928 50160
1675964976412 0.09706715345382691 50200
1675964978619 0.02634122669696808 50240
1675964979459 0.06403475403785705 50280
1675964979898 0.06801661849021912 50320
1675964980413 0.0772058129310608 50360
1675964980874 0.06440386772155762 50400
1675964981336 0.08311426043510436 50440
1675964981801 0.08381491899490356 50480
1675964982248 0.10646517276763916 50520
1675964982663 0.09378621578216553 50560
1675964983093 0.0751848042011261 50600
1675964983609 0.0843140423297882 50640
1675964984062 0.09085544943809509 50680
1675964984466 0.07005281448364258 50720
1675964984935 0.07586795687675477 50760
1675964985369 0.07328043580055237 50800
1675964985848 0.08961018323898315 50840
1675964986315 0.09341657161712646 50880
1675964986744 0.10111650228500366 50920
1675964987206 0.0856580376625061 50960
1675964987657 0.09556397199630737 51000
1675964988105 0.09627582430839539 51040
1675964988658 0.0719770073890686 51080
1675964989120 0.084048593044281 51120
1675964989540 0.09666439890861511 51160
1675964989996 0.07585387825965881 51200
1675964990440 0.06985000967979431 51240
1675964990860 0.050407791137695314 51280
1675964991322 0.09063491821289063 51320
1675964991851 0.09375625252723693 51360
1675964992370 0.12070884704589843 51400
1675964992766 0.08565781712532043 51440
1675964993208 0.04987671375274658 51480
1675964994016 0.08632768392562866 51520
1675964994445 0.06979713439941407 51560
1675964994876 0.05857873558998108 51600
1675964995353 0.0716968834400177 51640
1675964995800 0.0817216157913208 51680
1675964996247 0.06271425485610962 51720
1675964996692 0.09620345830917358 51760
1675964997129 0.07939102053642273 51800
1675964997534 0.08058719038963318 51840
1675964998000 0.07923272252082825 51880
1675964998502 0.09153170585632324 51920
1675964998947 0.11295576095581054 51960
1675964999348 0.0731244683265686 52000
1675964999802 0.08197664022445679 52040
1675965000272 0.09009881615638733 52080
1675965000740 0.09143582582473755 52120
1675965001120 0.0865355134010315 52160
1675965001529 0.08718239665031433 52200
1675965002030 0.08489720821380616 52240
1675965002509 0.10984116792678833 52280
1675965002945 0.12699558734893798 52320
1675965003383 0.0755094587802887 52360
1675965003908 0.06944840550422668 52400
1675965004377 0.09048953652381897 52440
1675965004898 0.1107447862625122 52480
1675965005351 0.09553060531616211 52520
1675965005756 0.07608460783958435 52560
1675965006256 0.10254675149917603 52600
1675965006638 0.08085477948188782 52640
1675965007031 0.09050759673118591 52680
1675965007496 0.0761943519115448 52720
1675965007901 0.10046353340148925 52760
1675965008356 0.07841413617134094 52800
1675965009253 0.07737876176834106 52840
1675965009703 0.06739214658737183 52880
1675965010131 0.050367558002471925 52920
1675965010701 0.05909106731414795 52960
1675965011160 0.09584026336669922 53000
1675965011637 0.09248932600021362 53040
1675965012040 0.05927268266677856 53080
1675965012487 0.07942180037498474 53120
1675965012972 0.09446306228637695 53160
1675965013411 0.09439776539802551 53200
1675965013883 0.09046425819396972 53240
1675965014325 0.08882611393928527 53280
1675965014874 0.0781010627746582 53320
1675965015385 0.07640491724014283 53360
1675965015795 0.06658945083618165 53400
1675965016193 0.08316512107849121 53440
1675965016715 0.08174355626106262 53480
1675965017138 0.06697107553482055 53520
1675965017608 0.0812454104423523 53560
1675965018044 0.09843263030052185 53600
1675965018497 0.0774604856967926 53640
1675965019081 0.0926637589931488 53680
1675965019525 0.08380566239356994 53720
1675965019957 0.10167412757873535 53760
1675965020363 0.05105533599853516 53800
1675965020740 0.08685133457183838 53840
1675965021105 0.10196611881256104 53880
1675965021459 0.05887948274612427 53920
1675965021880 0.07105281352996826 53960
1675965022374 0.09399255514144897 54000
1675965022841 0.06788623332977295 54040
1675965023358 0.08341421484947205 54080
1675965023847 0.0780826210975647 54120
1675965024425 0.08045289516448975 54160
1675965024832 0.0992529809474945 54200
1675965025305 0.06723148822784424 54240
1675965025698 0.06949673295021057 54280
1675965026145 0.07553998231887818 54320
1675965026624 0.10697195529937745 54360
1675965027040 0.09526844620704651 54400
1675965027427 0.08925055861473083 54440
1675965027860 0.08483995199203491 54480
1675965028360 0.09023604393005372 54520
1675965028822 0.06423307657241821 54560
1675965029305 0.06362366676330566 54600
1675965029874 0.10508708953857422 54640
1675965030340 0.075717693567276 54680
1675965030796 0.08745672106742859 54720
1675965031184 0.08377621173858643 54760
1675965031612 0.08676514625549317 54800
1675965032027 0.1134174108505249 54840
1675965032545 0.09878726005554199 54880
1675965032967 0.0907049834728241 54920
1675965033488 0.11184860467910766 54960
1675965033943 0.07546062469482422 55000
1675965034440 0.08017825484275817 55040
1675965034876 0.09162602424621583 55080
1675965035436 0.07124385833740235 55120
1675965035896 0.07725272178649903 55160
1675965036341 0.05792450308799744 55200
1675965036819 0.05867800712585449 55240
1675965037348 0.07086413502693176 55280
1675965037740 0.07188262939453124 55320
1675965038295 0.10355454683303833 55360
1675965039023 0.0763394594192505 55400
1675965039417 0.0593513011932373 55440
1675965039889 0.10909302234649658 55480
1675965040333 0.07086290717124939 55520
1675965040693 0.08616327047348023 55560
1675965041116 0.10256202220916748 55600
1675965041580 0.06412693262100219 55640
1675965041996 0.07613306045532227 55680
1675965042400 0.07480102181434631 55720
1675965042843 0.07671836018562317 55760
1675965043280 0.08429974913597107 55800
1675965043709 0.0892258644104004 55840
1675965044159 0.060737359523773196 55880
1675965044583 0.07300600409507751 55920
1675965045051 0.07546283602714539 55960
1675965045562 0.07287302613258362 56000
1675965045997 0.08236272931098938 56040
1675965046390 0.07396231293678283 56080
1675965046805 0.07334662079811097 56120
1675965047251 0.11174309253692627 56160
1675965047748 0.09804443120956421 56200
1675965048324 0.09661497473716736 56240
1675965048733 0.0672809898853302 56280
1675965049178 0.07532634735107421 56320
1675965049597 0.055122274160385135 56360
1675965050011 0.06719932556152344 56400
1675965050420 0.0879597544670105 56440
1675965050887 0.05688909888267517 56480
1675965051319 0.0718503475189209 56520
1675965051738 0.10402270555496215 56560
1675965052262 0.07329843640327453 56600
1675965052757 0.0972384512424469 56640
1675965053117 0.06559531688690186 56680
1675965054191 0.08379173874855042 56720
1675965054551 0.08391032218933106 56760
1675965054949 0.06832321286201477 56800
1675965055367 0.09422914385795593 56840
1675965055804 0.06328941583633423 56880
1675965056219 0.070875483751297 56920
1675965056752 0.09661056399345398 56960
1675965057163 0.06403181552886963 57000
1675965057548 0.0684587001800537 57040
1675965058050 0.07170628309249878 57080
1675965058515 0.05784568190574646 57120
1675965059024 0.07588892579078674 57160
1675965059463 0.06573704481124878 57200
1675965059909 0.0857753574848175 57240
1675965060328 0.0900220513343811 57280
1675965060785 0.060696369409561156 57320
1675965061172 0.06505616903305053 57360
1675965061664 0.08505102396011352 57400
1675965062235 0.06936911344528199 57440
1675965062721 0.06649535298347473 57480
1675965063262 0.08015652298927307 57520
1675965063702 0.07565305829048156 57560
1675965064121 0.07260234951972962 57600
1675965064604 0.0754805862903595 57640
1675965065058 0.06872720718383789 57680
1675965065470 0.06087221503257752 57720
1675965065966 0.07298842072486877 57760
1675965066504 0.07877163887023926 57800
1675965066978 0.09123978018760681 57840
1675965067462 0.07400393486022949 57880
1675965067903 0.07394651174545289 57920
1675965068495 0.07496574521064758 57960
1675965069013 0.07584582567214966 58000
1675965069513 0.06172587275505066 58040
1675965069983 0.0651453673839569 58080
1675965070472 0.07731772065162659 58120
1675965070931 0.06859288811683655 58160
1675965071462 0.07964836359024048 58200
1675965071879 0.08687120079994201 58240
1675965072396 0.0882764220237732 58280
1675965072857 0.09122233986854553 58320
1675965073336 0.06924058794975281 58360
1675965073719 0.060971802473068236 58400
1675965074159 0.06487579345703125 58440
1675965074707 0.07072921991348266 58480
1675965075208 0.0816049873828888 58520
1675965075674 0.06452897787094117 58560
1675965076091 0.06259960532188416 58600
1675965076655 0.0732053816318512 58640
1675965077101 0.06038394570350647 58680
1675965077533 0.0630843162536621 58720
1675965077995 0.07343509793281555 58760
1675965078464 0.05508809089660645 58800
1675965078919 0.07312084436416626 58840
1675965079390 0.08568371534347534 58880
1675965079814 0.05961068868637085 58920
1675965080273 0.06469396948814392 58960
1675965080742 0.0721762239933014 59000
1675965081196 0.091856449842453 59040
1675965081648 0.0931762397289276 59080
1675965082079 0.051256096363067626 59120
1675965082551 0.06284971833229065 59160
1675965083179 0.07789722084999084 59200
1675965083486 0.08371302485466003 59240
1675965084182 0.06743099689483642 59280
1675965084728 0.10240709781646729 59320
1675965085162 0.07168645262718201 59360
1675965085659 0.07399857640266419 59400
1675965086118 0.09287534952163697 59440
1675965086545 0.07742400765419007 59480
1675965087005 0.06262421011924743 59520
1675965087474 0.06196696162223816 59560
1675965087911 0.06932557821273803 59600
1675965088436 0.0736936628818512 59640
1675965088972 0.0960879385471344 59680
1675965089425 0.08331173062324523 59720
1675965089925 0.06885061860084533 59760
1675965090439 0.0747010052204132 59800
1675965090866 0.08838443756103516 59840
1675965091296 0.055712413787841794 59880
1675965091766 0.06458183526992797 59920
1675965092196 0.05936861038208008 59960
1675965092693 0.0757286548614502 60000
1675965093200 0.10215317010879517 60040
1675965093699 0.06401546597480774 60080
1675965094103 0.0719519317150116 60120
1675965094497 0.062460070848464964 60160
1675965094961 0.09769067168235779 60200
1675965095376 0.09289273619651794 60240
1675965097864 0.013830810785293579 60280
1675965098757 0.05763935446739197 60320
1675965099179 0.08221789002418518 60360
1675965099664 0.07024559378623962 60400
1675965100218 0.08236932754516602 60440
1675965100711 0.06765593290328979 60480
1675965101318 0.0840639591217041 60520
1675965101828 0.0884372889995575 60560
1675965102366 0.09190902709960938 60600
1675965102819 0.08233783841133117 60640
1675965103317 0.0822055995464325 60680
1675965103786 0.08253796696662903 60720
1675965104224 0.0628799021244049 60760
1675965104758 0.05806136727333069 60800
1675965105314 0.06682843565940857 60840
1675965105808 0.0758516550064087 60880
1675965106299 0.08718222975730897 60920
1675965106764 0.0883033812046051 60960
1675965107229 0.06906765103340148 61000
1675965107692 0.08982352614402771 61040
1675965108229 0.10705010890960694 61080
1675965108736 0.06555989384651184 61120
1675965109292 0.08661493062973022 61160
1675965109737 0.09831044673919678 61200
1675965110185 0.09314371347427368 61240
1675965110703 0.08017805218696594 61280
1675965111140 0.051296395063400266 61320
1675965111611 0.0875360906124115 61360
1675965112109 0.07463370561599732 61400
1675965112761 0.10431938171386719 61440
1675965113107 0.07260411977767944 61480
1675965113601 0.045992147922515866 61520
1675965114450 0.07423529624938965 61560
1675965114971 0.07922682166099548 61600
1675965115412 0.08460003137588501 61640
1675965115895 0.06076343655586243 61680
1675965116387 0.06938206553459167 61720
1675965116811 0.06959592700004577 61760
1675965117268 0.09408753514289855 61800
1675965117800 0.05256235599517822 61840
1675965118271 0.07590124607086182 61880
1675965118783 0.08273885846138 61920
1675965119221 0.09599541425704956 61960
1675965119741 0.09586884975433349 62000
1675965120169 0.0602587640285492 62040
1675965120650 0.07325361371040344 62080
1675965121163 0.09809892177581787 62120
1675965121683 0.08454845547676086 62160
1675965122123 0.07523064017295837 62200
1675965122566 0.09874111413955688 62240
1675965123039 0.08468415141105652 62280
1675965123541 0.08797562718391419 62320
1675965124043 0.1071364164352417 62360
1675965124487 0.06659392714500427 62400
1675965124984 0.07543202638626098 62440
1675965125430 0.07378365993499755 62480
1675965125939 0.09350674152374268 62520
1675965126511 0.10845274925231933 62560
1675965126967 0.06557443141937255 62600
1675965127530 0.09388148188591003 62640
1675965127954 0.0625639796257019 62680
1675965128569 0.08677711486816406 62720
1675965129136 0.08307535648345947 62760
1675965129576 0.08529641032218933 62800
1675965130130 0.07400926947593689 62840
1675965130673 0.07892914414405823 62880
1675965131175 0.04708494544029236 62920
1675965131624 0.056931066513061526 62960
1675965132118 0.06603305339813233 63000
1675965132643 0.07940986156463622 63040
1675965133154 0.08212485313415527 63080
1675965133603 0.052247077226638794 63120
1675965134135 0.07913833260536193 63160
1675965134617 0.07479050159454345 63200
1675965135032 0.09815586209297181 63240
1675965135534 0.05900982618331909 63280
1675965136056 0.0888204038143158 63320
1675965136738 0.06492056846618652 63360
1675965137261 0.08414561748504638 63400
1675965137728 0.052421295642852785 63440
1675965138184 0.06812283992767335 63480
1675965138700 0.10123341083526612 63520
1675965139180 0.0768154501914978 63560
1675965139669 0.07613233327865601 63600
1675965140115 0.08881926536560059 63640
1675965140562 0.08552428483963012 63680
1675965141093 0.08642659783363342 63720
1675965141576 0.08213830590248108 63760
1675965142007 0.09615090489387512 63800
1675965142582 0.061213231086730956 63840
1675965143084 0.0845016896724701 63880
1675965143431 0.07719751596450805 63920
1675965144341 0.06580708026885987 63960
1675965144851 0.06684800982475281 64000
1675965145375 0.08464670181274414 64040
1675965145865 0.07202105522155762 64080
1675965146382 0.07635684609413147 64120
1675965146833 0.07778037190437317 64160
1675965147268 0.07808679938316346 64200
1675965147722 0.09560838341712952 64240
1675965148219 0.06216437816619873 64280
1675965148709 0.07071456909179688 64320
1675965149190 0.05542804598808289 64360
1675965149676 0.09159907102584838 64400
1675965150202 0.08718976974487305 64440
1675965150684 0.07578038573265075 64480
1675965151132 0.1033139944076538 64520
1675965151601 0.09112071394920349 64560
1675965152114 0.059273761510848996 64600
1675965152666 0.07008492946624756 64640
1675965153222 0.10260648727416992 64680
1675965154038 0.0731724739074707 64720
1675965154716 0.09273296594619751 64760
1675965155194 0.058191430568695066 64800
1675965156305 0.09299740195274353 64840
1675965157003 0.10014201402664184 64880
1675965157403 0.09889979958534241 64920
1675965158115 0.08444068431854249 64960
1675965158641 0.09098084568977356 65000
1675965159319 0.06656752228736877 65040
1675965159837 0.07927548885345459 65080
1675965160317 0.08684293627738952 65120
1675965160818 0.0625380039215088 65160
1675965161231 0.07211782336235047 65200
1675965161708 0.056946825981140134 65240
1675965162200 0.049877780675888064 65280
1675965162687 0.07991583347320556 65320
1675965163095 0.06780357360839843 65360
1675965163541 0.07453185915946961 65400
1675965164078 0.09377641677856445 65440
1675965164577 0.05061404705047608 65480
1675965165118 0.09536467790603638 65520
1675965165603 0.06245402097702026 65560
1675965166033 0.06795725822448731 65600
1675965166505 0.08292979001998901 65640
1675965167004 0.07546004056930541 65680
1675965167457 0.07966244220733643 65720
1675965167955 0.06892048716545104 65760
1675965168471 0.07706281542778015 65800
1675965168929 0.07275493144989013 65840
1675965169449 0.0877422571182251 65880
1675965169896 0.058130699396133426 65920
1675965170447 0.0688638985157013 65960
1675965170960 0.09785522818565369 66000
1675965171541 0.08122879266738892 66040
1675965171978 0.07417730689048767 66080
1675965172382 0.09402764439582825 66120
1675965172892 0.06530203223228455 66160
1675965173231 0.08919710516929627 66200
1675965174011 0.10399477481842041 66240
1675965174446 0.09079940319061279 66280
1675965174901 0.07094944715499878 66320
1675965175366 0.07033666372299194 66360
1675965175843 0.06281646490097045 66400
1675965176282 0.06445873975753784 66440
1675965176690 0.09087545275688172 66480
1675965177215 0.06628621220588685 66520
1675965177651 0.07474459409713745 66560
1675965178144 0.11294786930084229 66600
1675965178687 0.06183069944381714 66640
1675965179113 0.085393226146698 66680
1675965179586 0.08067789077758789 66720
1675965179993 0.07408661842346191 66760
1675965180387 0.08313351273536682 66800
1675965180765 0.08261827230453492 66840
1675965181175 0.09005700945854186 66880
1675965181571 0.05706430673599243 66920
1675965181852 0.0797045111656189 66960
1675965182229 0.08769939541816711 67000
1675965182556 0.07159454226493836 67040
1675965182879 0.055866092443466187 67080
1675965183214 0.07397242784500122 67120
1675965183532 0.07103997468948364 67160
1675965183875 0.04792215526103973 67200
1675965184221 0.08826025128364563 67240
1675965184584 0.09430836439132691 67280
1675965184906 0.06531583070755005 67320
1675965185236 0.074851393699646 67360
1675965185561 0.04134437739849091 67400
1675965185902 0.09409058690071107 67440
1675965186226 0.07345907092094421 67480
1675965186484 0.06601443886756897 67520
1675965186780 0.066897451877594 67560
1675965187079 0.07362107038497925 67600
1675965187334 0.06900573968887329 67640
1675965187637 0.0701212763786316 67680
1675965187971 0.08428193926811219 67720
1675965188273 0.05354017615318298 67760
1675965188606 0.06861640810966492 67800
1675965188923 0.09037120342254638 67840
1675965189198 0.0880825698375702 67880
1675965189488 0.06263536214828491 67920
1675965189786 0.07236860990524292 67960
1675965190079 0.07745541334152221 68000
1675965190374 0.0768517553806305 68040
1675965190638 0.04718911051750183 68080
1675965190946 0.05433821678161621 68120
1675965191269 0.07307876348495483 68160
1675965191568 0.0640617311000824 68200
1675965191867 0.07432146072387695 68240
1675965192143 0.06396105289459228 68280
1675965192475 0.09530376195907593 68320
1675965192771 0.08304457664489746 68360
1675965193086 0.06753427386283875 68400
1675965193345 0.06239199638366699 68440
1675965193633 0.056478464603424074 68480
1675965193962 0.0763403296470642 68520
1675965194259 0.07344908714294433 68560
1675965194563 0.08351125121116638 68600
1675965194843 0.053759074211120604 68640
1675965195158 0.06564405560493469 68680
1675965195451 0.06085920929908752 68720
1675965195745 0.06068671941757202 68760
1675965196033 0.06619056463241577 68800
1675965196326 0.05112430453300476 68840
1675965196681 0.08968007564544678 68880
1675965197066 0.0699000597000122 68920
1675965197386 0.05889044404029846 68960
1675965197724 0.07061289548873902 69000
1675965198065 0.07309659719467163 69040
1675965198409 0.07577411532402038 69080
1675965198713 0.09606766700744629 69120
1675965199020 0.05957750082015991 69160
1675965199323 0.059357964992523195 69200
1675965199659 0.0747799038887024 69240
1675965199945 0.07376235127449035 69280
1675965200263 0.06254321336746216 69320
1675965200585 0.0842228353023529 69360
1675965200897 0.074107426404953 69400
1675965201220 0.12392247915267944 69440
1675965201579 0.08662236928939819 69480
1675965201886 0.07363674640655518 69520
1675965202156 0.07264326810836792 69560
1675965202432 0.07156721353530884 69600
1675965202723 0.0821642518043518 69640
1675965203022 0.0816419780254364 69680
1675965203343 0.08749279379844666 69720
1675965203651 0.09120252728462219 69760
1675965204017 0.06290987730026246 69800
1675965204307 0.07111013531684876 69840
1675965204632 0.07888270020484925 69880
1675965204925 0.06671732068061828 69920
1675965205196 0.06957666873931885 69960
1675965205444 0.06867253184318542 70000
1675965205738 0.11537666320800781 70040
1675965206044 0.08139652609825135 70080
1675965206372 0.07101477980613709 70120
1675965206668 0.06837731003761291 70160
1675965206973 0.06992072463035584 70200
1675965207273 0.0824965000152588 70240
1675965207557 0.10063213109970093 70280
