1675888626596 0.6009165048599243 0
1675888626780 0.6101422905921936 0
1675888626997 0.6078595519065857 0
1675888627199 0.6097068190574646 0
1675888627415 0.6020897626876831 0
1675888627612 0.6050074100494385 0
1675888627857 0.5972875952720642 0
1675888628057 0.6035577058792114 0
1675888628244 0.6025155186653137 0
1675888628426 0.602251410484314 0
1675888628644 0.593803882598877 0
1675888628859 0.5910019874572754 0
1675888629080 0.5892298221588135 0
1675888629283 0.5905873775482178 0
1675888629496 0.5871302485466003 0
1675888629714 0.5846133232116699 0
1675888629953 0.5781273245811462 0
1675888630162 0.5848680734634399 0
1675888630399 0.5774580240249634 0
1675888630612 0.5798934102058411 0
1675888630828 0.580381453037262 0
1675888631058 0.5764419436454773 0
1675888631257 0.5786683559417725 0
1675888631498 0.5685320496559143 0
1675888631743 0.5689635872840881 0
1675888631964 0.5708993673324585 0
1675888632181 0.5694660544395447 0
1675888632402 0.5668571591377258 0
1675888632628 0.5630350708961487 0
1675888632851 0.5627813339233398 0
1675888633060 0.5668398141860962 0
1675888633287 0.5615218281745911 0
1675888633508 0.558879554271698 0
1675888633680 0.568627655506134 0
1675888633878 0.5603464245796204 0
1675888634089 0.555648148059845 0
1675888634304 0.5537219643592834 0
1675888634536 0.548873782157898 0
1675888634754 0.5494649410247803 0
1675888634998 0.5433765649795532 0
1675888635201 0.5515313744544983 0
1675888635389 0.551622748374939 0
1675888635611 0.5443859696388245 0
1675888635825 0.5426474213600159 0
1675888636027 0.54360431432724 0
1675888636258 0.5361709594726562 0
1675888636481 0.5362123847007751 0
1675888636706 0.5347417593002319 0
1675888636897 0.5385153293609619 0
1675888637118 0.531187891960144 0
1675888637292 0.5377290844917297 0
1675888637496 0.5295435190200806 0
1675888637704 0.5270994901657104 0
1675888637967 0.5232130289077759 0
1675888638191 0.5246854424476624 0
1675888638431 0.5161927938461304 0
1675888638645 0.5174748301506042 0
1675888638840 0.5198521018028259 0
1675888639076 0.5102094411849976 0
1675888639301 0.5103585720062256 0
1675888639507 0.5104321837425232 0
1675888639729 0.5062481760978699 0
1675888639962 0.5003839731216431 0
