1675356488462 0.7332866191864014 0
1675356488656 0.7224898338317871 0
1675356488883 0.7126753926277161 0
1675356489166 0.7003487348556519 0
1675356489409 0.6958805918693542 0
1675356489690 0.6864937543869019 0
1675356489915 0.6800671219825745 0
1675356490165 0.6731491684913635 0
1675356490361 0.6688652038574219 0
1675356490623 0.6620234251022339 0
1675356490855 0.656948447227478 0
1675356491094 0.6474885940551758 0
1675356491351 0.6428020596504211 0
1675356491577 0.6410437822341919 0
1675356491817 0.633642852306366 0
1675356492069 0.6270701885223389 0
1675356492337 0.6268409490585327 0
1675356492556 0.6186856031417847 0
1675356492780 0.615848958492279 0
1675356493011 0.6118067502975464 0
1675356493219 0.6062383651733398 0
1675356493454 0.6009044647216797 0
1675356493658 0.5991471409797668 0
1675356493896 0.5945123434066772 0
1675356494093 0.5901439189910889 0
1675356494342 0.5858055353164673 0
1675356494608 0.5814732313156128 0
1675356494836 0.5799112915992737 0
1675356495039 0.580756425857544 0
1675356495292 0.5736194252967834 0
1675356495506 0.5716259479522705 0
1675356495758 0.5684072375297546 0
1675356496007 0.5628196597099304 0
1675356496215 0.5631120204925537 0
1675356496437 0.5571675896644592 0
1675356496655 0.5556877255439758 0
1675356496923 0.5542723536491394 0
1675356497154 0.5515713095664978 0
1675356497371 0.5507996678352356 0
1675356497571 0.5489476323127747 0
1675356497818 0.544918954372406 0
1675356498076 0.5416666865348816 0
1675356498309 0.541553258895874 0
1675356498523 0.5408504009246826 0
1675356498786 0.538903534412384 0
1675356499032 0.534271776676178 0
1675356499288 0.5342081189155579 0
1675356499558 0.5302513837814331 0
1675356499854 0.5296385288238525 0
1675356500093 0.5304230451583862 0
1675356500416 0.5260655879974365 0
1675356500628 0.5307955741882324 0
1675356500837 0.526478111743927 0
1675356501063 0.5244198441505432 0
1675356501315 0.5233610272407532 0
1675356501573 0.5215142369270325 0
1675356501782 0.5218539237976074 0
1675356502020 0.5194159150123596 0
1675356502264 0.5194644331932068 0
1675356502505 0.514193594455719 0
1675356502719 0.5162379145622253 0
1675356502959 0.5118251442909241 0
1675356503186 0.5142474174499512 0
1675356503436 0.5159709453582764 0
1675356503667 0.5128284096717834 0
1675356503895 0.5123963356018066 0
1675356504133 0.5113093852996826 0
1675356504347 0.5102711319923401 0
1675356504529 0.511218249797821 0
1675356504750 0.5097517371177673 0
1675356504994 0.5054660439491272 0
1675356505249 0.5068840384483337 0
1675356505462 0.507983386516571 0
1675356505650 0.5072413682937622 0
1675356505904 0.5053190588951111 0
1675356506157 0.50374436378479 0
1675356506381 0.5032913088798523 0
1675356506613 0.505867600440979 0
1675356506888 0.5014367699623108 0
1675356507138 0.4996504485607147 0
1675356507376 0.5008560419082642 0
1675356507659 0.5001137852668762 0
1675356507895 0.500062882900238 0
1675356508083 0.5031726360321045 0
1675356508260 0.5046632885932922 0
1675356508505 0.4965282380580902 0
1675356508723 0.4989413321018219 0
1675356508890 0.5023812055587769 0
1675356509147 0.4947170317173004 0
1675356509361 0.4994873106479645 0
1675356509560 0.501487672328949 0
1675356509790 0.49432116746902466 0
1675356510138 0.48766615986824036 0
1675356510391 0.49049246311187744 0
1675356510623 0.49327021837234497 0
1675356510844 0.49715518951416016 0
1675356511087 0.49470216035842896 0
1675356511346 0.49177294969558716 0
1675356511654 0.48901185393333435 0
1675356511836 0.49631568789482117 0
1675356512036 0.4949255585670471 0
1675356512279 0.488629013299942 0
1675356512534 0.49088650941848755 0
1675356512760 0.48981666564941406 0
1675356512961 0.4904213547706604 0
1675356513212 0.4893697202205658 0
1675356513404 0.49134522676467896 0
1675356513619 0.4945066273212433 0
1675356513908 0.48829758167266846 0
1675356514143 0.49075114727020264 0
1675356514376 0.4890614151954651 0
1675356514652 0.4871107339859009 0
1675356514919 0.4854258894920349 0
1675356515163 0.48628807067871094 0
1675356515383 0.4889174997806549 0
1675356515687 0.486453652381897 0
1675356515916 0.48873335123062134 0
1675356516149 0.48762884736061096 0
1675356516411 0.4845930337905884 0
1675356516671 0.48395851254463196 0
1675356516884 0.48697733879089355 0
1675356517157 0.482862263917923 0
1675356517186 0.4766809344291687 0
