1675784167637 0.6798662543296814 0
1675784167692 0.6839709877967834 0
1675784167748 0.6785908341407776 0
1675784167806 0.6701431274414062 0
1675784167856 0.6422706842422485 0
1675784167905 0.6794295907020569 0
1675784167953 0.6787040829658508 0
1675784168009 0.6711573004722595 0
1675784168054 0.6691107749938965 0
1675784168101 0.6214195489883423 0
1675784168158 0.6138587594032288 0
1675784168208 0.6179683804512024 0
1675784168258 0.6452608108520508 0
1675784168312 0.6382240056991577 0
1675784168357 0.6698728203773499 0
1675784168399 0.5740746259689331 0
1675784168480 0.6899599432945251 0
1675784168574 0.5935025215148926 0
1675784168671 0.6088287830352783 0
1675784168730 0.5716721415519714 0
1675784168805 0.5168840289115906 0
1675784168873 0.6015316247940063 0
1675784168914 0.5291898250579834 0
1675784168962 0.5377489328384399 0
1675784169008 0.7287060618400574 0
1675784169058 0.4520990550518036 0
1675784169108 0.6108603477478027 0
1675784169161 0.782004714012146 0
1675784169211 0.5293467044830322 0
1675784169257 0.758675217628479 0
1675784169302 0.6110418438911438 0
1675784169347 0.7327636480331421 0
1675784169396 0.5705506205558777 0
1675784169448 0.7057164311408997 0
1675784169494 0.6496219635009766 0
1675784169542 0.6159723997116089 0
1675784169589 0.5343100428581238 0
1675784169633 0.49473729729652405 0
1675784169674 0.6385048031806946 0
1675784169722 0.5120770931243896 0
1675784169768 0.609001636505127 0
1675784169809 0.597935676574707 0
1675784169858 0.4725131392478943 0
1675784169901 0.5488707423210144 0
1675784169948 0.5271265506744385 0
1675784169993 0.708795428276062 0
1675784170040 0.6145236492156982 0
1675784170087 0.5059435963630676 0
1675784170137 0.5307521820068359 0
1675784170187 0.6479964852333069 0
1675784170237 0.5712935924530029 0
1675784170292 0.5548868179321289 0
1675784170334 0.49411842226982117 0
1675784170379 0.6498511433601379 0
1675784170427 0.6451321244239807 0
1675784170478 0.7032262086868286 0
1675784170528 0.44921445846557617 0
1675784170575 0.5299384593963623 0
1675784170618 0.686621367931366 0
1675784170661 0.6992764472961426 0
1675784170709 0.5034275650978088 0
1675784170750 0.5991101264953613 0
1675784170803 0.5821951031684875 0
1675784170851 0.6828204393386841 0
1675784170904 0.46724382042884827 0
1675784170952 0.6452903151512146 0
1675784170997 0.5251308083534241 0
1675784171042 0.5194907188415527 0
1675784171086 0.6841415166854858 0
1675784171132 0.446694552898407 0
1675784171190 0.7416322827339172 0
1675784171238 0.68638676404953 0
1675784171283 0.5556577444076538 0
1675784171328 0.4692281186580658 0
1675784171373 0.6309299468994141 0
1675784171420 0.5248863101005554 0
1675784171465 0.7025236487388611 0
1675784171508 0.5096549391746521 0
1675784171549 0.523823082447052 0
1675784171594 0.6598551273345947 0
1675784171640 0.4749903082847595 0
1675784171687 0.6462075710296631 0
1675784171731 0.5982173681259155 0
1675784171774 0.5556721091270447 0
1675784171823 0.5959975123405457 0
1675784171865 0.4900246858596802 0
1675784171922 0.5542622804641724 0
1675784171966 0.5660866498947144 0
1675784172017 0.4855267405509949 0
1675784172061 0.5641161203384399 0
1675784172108 0.6406225562095642 0
1675784172154 0.6150475740432739 0
1675784172207 0.5642878413200378 0
1675784172257 0.5130010843276978 0
1675784172304 0.36053523421287537 0
1675784172347 0.5979596376419067 0
1675784172394 0.41259312629699707 0
1675784172442 0.499080091714859 0
1675784172486 0.560773491859436 0
1675784172529 0.34864342212677 0
1675784174249 0.3793359398841858 0
1675784174309 0.7487473487854004 0
1675784174358 0.42692285776138306 0
1675784174405 0.35504353046417236 0
1675784174454 0.37487003207206726 0
1675784174498 0.44066596031188965 0
1675784174542 0.5082458257675171 0
1675784174590 0.35313183069229126 0
1675784174638 0.5918840169906616 0
1675784174691 0.48055946826934814 0
1675784174744 0.6906551122665405 0
1675784174794 0.530713677406311 0
1675784174846 0.45574283599853516 0
1675784174894 0.3268474042415619 0
1675784174940 0.33901575207710266 0
1675784174991 0.5520464181900024 0
1675784175032 0.572991132736206 0
1675784175080 0.37536028027534485 0
1675784175124 0.24011287093162537 0
1675784175177 0.28805097937583923 0
1675784175228 0.3540803790092468 0
1675784175273 0.7071451544761658 0
1675784175325 0.3436288833618164 0
1675784175370 0.3210042715072632 0
1675784175415 0.33384937047958374 0
1675784175460 0.3705386221408844 0
1675784175507 0.6120007038116455 0
1675784175554 0.32631558179855347 0
1675784175598 0.432344526052475 0
1675784175652 0.4355364739894867 0
1675784175700 0.5281574726104736 0
1675784175747 0.5624250769615173 0
1675784175793 0.22852696478366852 0
1675784175846 0.36815348267555237 0
1675784175907 0.24999268352985382 0
1675784175961 0.44490867853164673 0
1675784176003 0.40174514055252075 0
1675784176061 0.5052591562271118 0
1675784176111 0.4931184649467468 0
1675784176162 0.3960214853286743 0
1675784176207 0.20516036450862885 0
1675784176254 0.5674058198928833 0
1675784176305 0.37757590413093567 0
1675784176349 0.34308621287345886 0
1675784176400 0.3471525013446808 0
1675784176443 0.29514363408088684 0
1675784176491 0.35565581917762756 0
1675784176536 0.33086568117141724 0
1675784176586 0.40111473202705383 0
1675784176635 0.2981868386268616 0
1675784176676 0.21639029681682587 0
1675784176727 0.3651641011238098 0
1675784176778 0.3959193825721741 0
1675784176824 0.491373747587204 0
1675784176873 0.4035622775554657 0
1675784176915 0.23844417929649353 0
1675784176973 0.3975622057914734 0
1675784177024 0.46122515201568604 0
1675784177075 0.3493945896625519 0
1675784177128 0.21509778499603271 0
1675784177177 0.3538476228713989 0
1675784177222 0.4849388003349304 0
1675784177276 0.28977614641189575 0
1675784177325 0.4872860312461853 0
1675784177373 0.29085004329681396 0
1675784177415 0.35568827390670776 0
1675784177470 0.2776776850223541 0
1675784177513 0.30480051040649414 0
1675784177554 0.1933833807706833 0
1675784177602 0.4004497230052948 0
1675784177647 0.4559432566165924 0
1675784177691 0.16925925016403198 0
1675784177741 0.1822911649942398 0
1675784177790 0.3458505868911743 0
1675784177841 0.24081829190254211 0
1675784177889 0.47340747714042664 0
1675784177939 0.3278043866157532 0
1675784177990 0.24013195931911469 0
1675784178037 0.34509581327438354 0
1675784178086 0.5106722116470337 0
1675784178133 0.5004847049713135 0
1675784178192 0.4447711706161499 0
1675784178239 0.13108961284160614 0
1675784178288 0.09172753244638443 0
1675784178334 0.39593109488487244 0
1675784178382 0.5215528011322021 0
1675784178431 0.3070887327194214 0
1675784178484 0.5169162750244141 0
1675784178530 0.36706483364105225 0
1675784178575 0.31932252645492554 0
1675784178628 0.666176974773407 0
1675784178668 0.10251893103122711 0
1675784178715 0.0959269106388092 0
1675784178761 0.46943971514701843 0
1675784178809 0.23885035514831543 0
1675784178854 0.41690880060195923 0
1675784178920 0.25946101546287537 0
1675784178988 0.35705819725990295 0
1675784179092 0.5170934200286865 0
1675784179193 0.2595648765563965 0
1675784181029 0.21693961322307587 0
1675784181077 0.6696556806564331 0
1675784181126 0.1321643739938736 0
1675784181180 0.07703695446252823 0
1675784181231 0.42436426877975464 0
1675784181277 0.10384770482778549 0
1675784181321 0.403735876083374 0
1675784181372 0.10804696381092072 0
1675784181420 0.1601053774356842 0
1675784181468 0.4397868514060974 0
1675784181511 0.7368795871734619 0
1675784181556 0.5396759510040283 0
1675784181599 0.27406883239746094 0
1675784181643 0.10417528450489044 0
1675784181688 0.1360398381948471 0
1675784181739 0.5719353556632996 0
1675784181782 0.5333124995231628 0
1675784181831 0.09387625753879547 0
1675784181878 0.09111247211694717 0
1675784181922 0.2485578954219818 0
1675784181978 0.4191388487815857 0
1675784182027 0.7204243540763855 0
1675784182074 0.30276063084602356 0
1675784182120 0.17573398351669312 0
1675784182172 0.14448387920856476 0
1675784182222 0.3702229857444763 0
1675784182270 0.677422046661377 0
1675784182314 0.13259239494800568 0
1675784182366 0.5083652138710022 0
1675784182410 0.1784924566745758 0
1675784182457 0.6037797331809998 0
1675784182506 0.4707673192024231 0
1675784182555 0.06857703626155853 0
1675784182603 0.13974328339099884 0
1675784182649 0.2429312914609909 0
1675784182698 0.3024754822254181 0
1675784182746 0.2969919741153717 0
1675784182797 0.40586936473846436 0
1675784182842 0.2405884563922882 0
1675784182889 0.38609743118286133 0
1675784182940 0.07930070161819458 0
1675784182988 0.5032760500907898 0
1675784183038 0.37991848587989807 0
1675784183091 0.20470201969146729 0
1675784183156 0.25582239031791687 0
1675784183212 0.09035271406173706 0
1675784183261 0.31419920921325684 0
1675784183310 0.23598778247833252 0
1675784183358 0.40952619910240173 0
1675784183402 0.07256891578435898 0
1675784183447 0.06478484719991684 0
1675784183493 0.48269668221473694 0
1675784183544 0.36392682790756226 0
1675784183590 0.6025118231773376 0
1675784183643 0.3331862986087799 0
1675784183688 0.09509177505970001 0
1675784183738 0.3722083866596222 0
1675784183788 0.4182182550430298 0
1675784183839 0.331711083650589 0
1675784183883 0.09670735150575638 0
1675784183926 0.45257842540740967 0
1675784183971 0.4259703457355499 0
1675784184018 0.26210862398147583 0
1675784184070 0.4122152328491211 0
1675784184114 0.2563893795013428 0
1675784184170 0.29782170057296753 0
1675784184242 0.28415828943252563 0
1675784184353 0.30190178751945496 0
1675784184446 0.09650664031505585 0
1675784184503 0.41104385256767273 0
1675784184555 0.4492107331752777 0
1675784184606 0.10186128318309784 0
1675784184656 0.08841271698474884 0
1675784184703 0.2592232823371887 0
1675784184755 0.0899897962808609 0
1675784184805 0.41828277707099915 0
1675784184849 0.08897073566913605 0
1675784184894 0.19204747676849365 0
1675784184939 0.36655300855636597 0
1675784184985 0.3448382616043091 0
1675784185040 0.504346489906311 0
1675784185089 0.4118386507034302 0
1675784185136 0.053313273936510086 0
1675784185192 0.05224697291851044 0
1675784185258 0.2737673819065094 0
1675784185315 0.4743051528930664 0
1675784185364 0.31712549924850464 0
1675784185412 0.5133767127990723 0
1675784185461 0.39229050278663635 0
1675784185509 0.32699263095855713 0
1675784185554 0.4623974859714508 0
1675784185600 0.04450591281056404 0
1675784185646 0.059671979397535324 0
1675784185702 0.41066011786460876 0
1675784185745 0.25039032101631165 0
1675784185794 0.48052945733070374 0
1675784185841 0.2409251630306244 0
1675784185884 0.3099296987056732 0
1675784185927 0.45474743843078613 0
1675784185977 0.2542303502559662 0
1675784187563 0.27297279238700867 0
1675784187610 0.5316271185874939 0
1675784187655 0.05126715824007988 0
1675784187704 0.06325270235538483 0
1675784187753 0.3405669629573822 0
1675784187799 0.051668643951416016 0
1675784187841 0.46732932329177856 0
1675784187887 0.07185497134923935 0
1675784187928 0.07296539843082428 0
1675784187979 0.45188844203948975 0
1675784188031 0.5825085639953613 0
1675784188076 0.5786977410316467 0
1675784188123 0.34439170360565186 0
1675784188173 0.06491987407207489 0
1675784188222 0.052315425127744675 0
1675784188270 0.5174490809440613 0
1675784188313 0.5945686101913452 0
1675784188363 0.05652614310383797 0
1675784188410 0.16121676564216614 0
1675784188592 0.2531357407569885 0
1675784188645 0.3570192754268646 0
1675784188690 0.5708978176116943 0
1675784188741 0.3374524414539337 0
1675784188792 0.1808372437953949 0
1675784188839 0.07587192952632904 0
1675784188888 0.3541077673435211 0
1675784188936 0.5507813692092896 0
1675784188979 0.07705561816692352 0
1675784189025 0.4973967969417572 0
1675784189076 0.12108384072780609 0
1675784189121 0.4474055767059326 0
1675784189172 0.41446661949157715 0
1675784189225 0.02730463445186615 0
1675784189278 0.03319849446415901 0
1675784189325 0.09926613420248032 0
1675784189375 0.22380474209785461 0
1675784189421 0.24777697026729584 0
1675784189469 0.35404711961746216 0
1675784189604 0.07184622436761856 0
1675784189740 0.3273463249206543 0
1675784189813 0.038258146494627 0
1675784189878 0.41879862546920776 0
1675784189952 0.352934330701828 0
1675784190010 0.2720341980457306 0
1675784190075 0.2551038861274719 0
1675784190129 0.004574105609208345 0
1675784190181 0.22269704937934875 0
1675784190226 0.2365252524614334 0
1675784190275 0.3616635799407959 0
1675784190320 0.06706849485635757 0
1675784190373 0.06952318549156189 0
1675784190423 0.4159835875034332 0
1675784190474 0.3940753638744354 0
1675784190519 0.5465618371963501 0
1675784190568 0.30214500427246094 0
1675784190612 0.02928507886826992 0
1675784190669 0.3530057966709137 0
1675784190720 0.3276156187057495 0
1675784190765 0.31388553977012634 0
1675784190807 0.014379923231899738 0
1675784190856 0.47760874032974243 0
1675784190902 0.4331289529800415 0
1675784190947 0.18451808393001556 0
1675784191002 0.4055699408054352 0
1675784191053 0.2424471527338028 0
1675784191109 0.23088787496089935 0
1675784191158 0.26521244645118713 0
1675784191207 0.3040843605995178 0
1675784191254 0.07396624982357025 0
1675784191324 0.3542386591434479 0
1675784191374 0.4401666522026062 0
1675784191426 0.020238028839230537 0
1675784191477 0.05882340297102928 0
1675784191521 0.2086261361837387 0
1675784191571 0.0826345682144165 0
1675784191620 0.3768613338470459 0
1675784191669 0.0526110902428627 0
1675784191714 0.1606169044971466 0
1675784191758 0.2881499230861664 0
1675784191807 0.2830989956855774 0
1675784191851 0.4617265462875366 0
1675784191906 0.31878772377967834 0
1675784191957 0.034907229244709015 0
1675784192009 0.04255807027220726 0
1675784192058 0.2004624754190445 0
1675784192108 0.479484885931015 0
1675784192156 0.2571769654750824 0
1675784192206 0.35850757360458374 0
1675784192253 0.3769210875034332 0
1675784192303 0.2871151864528656 0
1675784192345 0.3708646595478058 0
1675784192394 0.0033817575313150883 0
1675784192444 0.019328303635120392 0
1675784192496 0.3536040186882019 0
1675784192540 0.23838305473327637 0
1675784192589 0.4546690583229065 0
1675784192630 0.22649338841438293 0
1675784192676 0.3801780343055725 0
1675784192721 0.5218815207481384 0
1675784192773 0.24773098528385162 0
1675784194420 0.2116333395242691 0
1675784194469 0.6201776266098022 0
1675784194520 0.048783667385578156 0
1675784194562 0.007755627389997244 0
1675784194608 0.3282051384449005 0
1675784194655 0.05340021848678589 0
1675784194704 0.3349628448486328 0
1675784194755 0.03137077018618584 0
1675784194860 0.016728902235627174 0
1675784194970 0.46293196082115173 0
1675784195027 0.4527968764305115 0
1675784195072 0.43387970328330994 0
1675784195125 0.4445565938949585 0
1675784195184 0.04867107421159744 0
1675784195231 0.023494385182857513 0
1675784195288 0.49068620800971985 0
1675784195338 0.5890617370605469 0
1675784195391 0.007626147475093603 0
1675784195447 0.008174781687557697 0
1675784195492 0.2154608815908432 0
1675784195545 0.32624271512031555 0
1675784195592 0.5587290525436401 0
1675784195640 0.31814295053482056 0
1675784195694 0.15927265584468842 0
1675784195741 0.03665325418114662 0
1675784195801 0.3383917212486267 0
1675784195851 0.5907896757125854 0
1675784195900 0.012110134586691856 0
1675784195946 0.41540563106536865 0
1675784195989 0.03069383278489113 0
1675784196035 0.41196683049201965 0
1675784196087 0.3274485766887665 0
1675784196129 0.0010954479221254587 0
1675784196183 0.001983098452910781 0
1675784196226 0.1146254688501358 0
1675784196275 0.3618257939815521 0
1675784196328 0.2162809818983078 0
1675784196375 0.32986360788345337 0
1675784196428 0.011342781595885754 0
1675784196474 0.31112563610076904 0
1675784196523 0.00026503601111471653 0
1675784196570 0.3725970983505249 0
1675784196623 0.3753455877304077 0
1675784196674 0.13086770474910736 0
1675784196727 0.3168093264102936 0
1675784196771 9.927943028742447e-05 0
1675784196817 0.28254076838493347 0
1675784196864 0.29507026076316833 0
1675784196908 0.39045074582099915 0
1675784196953 0.010582169517874718 0
1675784196997 0.017089635133743286 0
1675784197044 0.38019293546676636 0
1675784197095 0.41320404410362244 0
1675784197149 0.5104714632034302 0
1675784197204 0.3527474105358124 0
1675784197247 0.07753287255764008 0
1675784197292 0.30577507615089417 0
1675784197343 0.33288589119911194 0
1675784197391 0.2644709050655365 0
1675784197437 0.023960459977388382 0
1675784197486 0.33846789598464966 0
1675784197529 0.4275153875350952 0
1675784197583 0.23713059723377228 0
1675784197629 0.4198278784751892 0
1675784197675 0.19571585953235626 0
1675784197720 0.20228195190429688 0
1675784197771 0.21923482418060303 0
1675784197825 0.2738093137741089 0
1675784197870 0.0027459007687866688 0
1675784197919 0.3680499494075775 0
1675784197970 0.4670589864253998 0
1675784198019 0.02216237224638462 0
1675784198069 0.0633980929851532 0
1675784198113 0.18727979063987732 0
1675784198165 0.022988097742199898 0
1675784198220 0.3574565649032593 0
1675784198262 0.002918541431427002 0
1675784198309 0.1902676671743393 0
1675784198357 0.2682337164878845 0
1675784198406 0.25311535596847534 0
1675784198450 0.42770957946777344 0
1675784198491 0.42528578639030457 0
1675784198540 0.0009808356408029795 0
1675784198585 0.0030185431241989136 0
1675784198640 0.19932322204113007 0
1675784198687 0.4645702540874481 0
1675784198733 0.19255059957504272 0
1675784198779 0.42253851890563965 0
1675784198828 0.3178796172142029 0
1675784198882 0.2113451063632965 0
1675784198932 0.7829543352127075 0
1675784198974 0.0017157318070530891 0
1675784199017 0.02632146142423153 0
1675784199069 0.30939343571662903 0
1675784199115 0.23271609842777252 0
1675784199169 0.2808564603328705 0
1675784199224 0.22885851562023163 0
1675784199273 0.2604399621486664 0
1675784199323 0.28288453817367554 0
1675784199374 0.16503682732582092 0
1675784201170 0.1889609396457672 0
1675784201225 0.6850937008857727 0
1675784201275 0.01172073557972908 0
1675784201321 0.003966966178268194 0
1675784201372 0.2800614833831787 0
1675784201419 0.0284381452947855 0
1675784201467 0.1907612681388855 0
1675784201513 0.006777065806090832 0
1675784201554 0.08760163187980652 0
1675784201603 0.37252914905548096 0
1675784201651 0.39240729808807373 0
1675784201696 0.4200972616672516 0
1675784201744 0.22104834020137787 0
1675784201790 0.0029971287585794926 0
1675784201839 0.005364976357668638 0
1675784201888 0.47750771045684814 0
1675784201932 0.4930016100406647 0
1675784201985 0.001279630814678967 0
1675784202029 0.012502138502895832 0
1675784202070 0.17760740220546722 0
1675784202117 0.29208943247795105 0
1675784202167 0.4912625849246979 0
1675784202216 0.23690202832221985 0
1675784202262 0.0993451476097107 0
1675784202313 0.05720964074134827 0
1675784202363 0.3351803421974182 0
1675784202408 0.4577166736125946 0
1675784202454 0.003189530223608017 0
1675784202501 0.4523611068725586 0
1675784202546 0.03231440484523773 0
1675784202591 0.35328346490859985 0
1675784202636 0.2413439303636551 0
1675784202678 0.0003270088054705411 0
1675784202725 0.007346675731241703 0
1675784202774 0.04340155050158501 0
1675784202820 0.22369040548801422 0
1675784202871 0.2411058247089386 0
1675784202925 0.3026712238788605 0
1675784202976 0.002449507126584649 0
1675784203028 0.32678452134132385 0
1675784203075 0.0003197786572854966 0
1675784203124 0.3574167490005493 0
1675784203184 0.29109901189804077 0
1675784203231 0.15429949760437012 0
1675784203281 0.3058551549911499 0
1675784203324 0.00010135616321349517 0
1675784203370 0.3865136504173279 0
1675784203417 0.2363165318965912 0
1675784203460 0.280034601688385 0
1675784203506 0.07958950847387314 0
1675784203556 0.005540791898965836 0
1675784203603 0.37263935804367065 0
1675784203660 0.4003535807132721 0
1675784203716 0.535072922706604 0
1675784203759 0.22716672718524933 0
1675784203804 0.014721602201461792 0
1675784203858 0.24943672120571136 0
1675784203905 0.2805846333503723 0
1675784203953 0.14016620814800262 0
1675784204000 8.940713769334252e-07 0
1675784204051 0.3968537151813507 0
1675784204098 0.46296849846839905 0
1675784204150 0.12468080222606659 0
1675784204200 0.45861688256263733 0
1675784204244 0.20891138911247253 0
1675784204293 0.20699313282966614 0
1675784204339 0.23229452967643738 0
1675784204390 0.3816736936569214 0
1675784204435 0.0033757623750716448 0
1675784204490 0.36168473958969116 0
1675784204537 0.35891175270080566 0
1675784204586 0.036291878670454025 0
1675784204629 0.027934793382883072 0
1675784204674 0.2223024219274521 0
1675784204721 0.012301999144256115 0
1675784204768 0.34805309772491455 0
1675784204814 0.006339648272842169 0
1675784204862 0.20874357223510742 0
1675784204905 0.2779461443424225 0
1675784204954 0.27030298113822937 0
1675784205004 0.40488401055336 0
1675784205054 0.4882655143737793 0
1675784205101 0.014197735115885735 0
1675784205156 0.054644495248794556 0
1675784205204 0.14114072918891907 0
1675784205284 0.44689834117889404 0
1675784205390 0.25398626923561096 0
1675784205484 0.34010472893714905 0
1675784205538 0.4625570476055145 0
1675784205588 0.17877313494682312 0
1675784205639 0.47778165340423584 0
1675784205688 0.007350354455411434 0
1675784205733 0.010644182562828064 0
1675784205777 0.30202439427375793 0
1675784205825 0.24716487526893616 0
1675784205872 0.27736908197402954 0
1675784205924 0.25728195905685425 0
1675784205972 0.16388407349586487 0
1675784206020 0.24451665580272675 0
1675784206070 0.15674147009849548 0
1675784207719 0.10630898177623749 0
1675784207769 0.6081548929214478 0
1675784207816 0.0018803024431690574 0
1675784207866 0.004648636095225811 0
1675784207911 0.2555340528488159 0
1675784207957 0.00013293384108692408 0
1675784208000 0.2604084610939026 0
1675784208050 0.024870092049241066 0
1675784208100 0.0005678642191924155 0
1675784208151 0.3968741297721863 0
1675784208202 0.4243277907371521 0
1675784208246 0.4166329801082611 0
1675784208292 0.2605162262916565 0
1675784208340 0.015002391301095486 0
1675784208386 0.015341554768383503 0
1675784208428 0.44983237981796265 0
1675784208473 0.37866801023483276 0
1675784208520 0.003225310007110238 0
1675784208570 0.005819983780384064 0
1675784208614 0.2305523157119751 0
1675784208668 0.25040310621261597 0
1675784208712 0.5257755517959595 0
1675784208753 0.210127055644989 0
1675784208803 0.09435790777206421 0
1675784208845 0.002780843060463667 0
1675784208892 0.30885979533195496 0
1675784208941 0.4654853343963623 0
1675784208985 5.507582500285935e-06 0
1675784209033 0.41888511180877686 0
1675784209083 1.6166070054168813e-05 0
1675784209127 0.5788916349411011 0
1675784209180 0.5586526989936829 0
1675784209225 0.00015321679529733956 0
1675784209267 0.00023079244419932365 0
1675784209317 0.008070805110037327 0
1675784209366 0.21785059571266174 0
1675784209416 0.1671944558620453 0
1675784209458 0.3450441360473633 0
1675784209503 0.01109596062451601 0
1675784209554 0.27156421542167664 0
1675784209601 0.0008642073953524232 0
1675784209645 0.270239919424057 0
1675784209701 0.3381694257259369 0
1675784209744 0.14908267557621002 0
1675784209792 0.2646130323410034 0
1675784209837 6.01346546318382e-05 0
1675784209884 0.20994940400123596 0
1675784209931 0.23462073504924774 0
1675784209984 0.24443139135837555 0
1675784210032 0.07442409545183182 0
1675784210074 0.004209271632134914 0
1675784210128 0.295991986989975 0
1675784210183 0.35664501786231995 0
1675784210234 0.6028702259063721 0
1675784210282 0.21721874177455902 0
1675784210331 0.07549925893545151 0
1675784210381 0.23177871108055115 0
1675784210423 0.31279125809669495 0
1675784210476 0.12386861443519592 0
1675784210546 7.808495865901932e-06 0
1675784210662 0.3187064528465271 0
1675784210748 0.41300758719444275 0
1675784210798 0.12296563386917114 0
1675784210848 0.4936861991882324 0
1675784210901 0.20415346324443817 0
1675784210949 0.3109431564807892 0
1675784210997 0.1906227320432663 0
1675784211044 0.3766959607601166 0
1675784211093 1.3488822332874406e-05 0
1675784211152 0.2954782545566559 0
1675784211204 0.3462222218513489 0
1675784211259 7.49974642531015e-05 0
1675784211311 0.016210073605179787 0
1675784211357 0.18996122479438782 0
1675784211399 0.0019361871527507901 0
1675784211465 0.26121753454208374 0
1675784211516 0.012871009297668934 0
1675784211562 0.2612417936325073 0
1675784211609 0.23806865513324738 0
1675784211656 0.18342390656471252 0
1675784211704 0.32699912786483765 0
1675784211756 0.3107556700706482 0
1675784211803 0.0015866620233282447 0
1675784211857 0.0354781337082386 0
1675784211907 0.1611265242099762 0
1675784211953 0.44738081097602844 0
1675784212003 0.15537647902965546 0
1675784212050 0.4744132459163666 0
1675784212098 0.36240026354789734 0
1675784212150 0.18621575832366943 0
1675784212201 0.4203169643878937 0
1675784212246 0.0007228975300677121 0
1675784212291 0.02613341435790062 0
1675784212342 0.3416287899017334 0
1675784212389 0.2162419855594635 0
1675784212438 0.17268678545951843 0
1675784212485 0.17105154693126678 0
1675784212531 0.23147127032279968 0
1675784212577 0.3103388547897339 0
1675784212628 0.15423770248889923 0
1675784214266 0.07555478066205978 0
1675784214317 0.6558264493942261 0
1675784214370 0.0013734214007854462 0
1675784214423 0.00042173871770501137 0
1675784214470 0.2617660462856293 0
1675784214517 4.5738706830888987e-05 0
1675784214566 0.31015339493751526 0
1675784214610 0.00033811788307502866 0
1675784214660 0.0016885623335838318 0
1675784214714 0.33119139075279236 0
1675784214760 0.3927727937698364 0
1675784214809 0.37720975279808044 0
1675784214854 0.16610074043273926 0
1675784214899 0.008499206975102425 0
1675784214950 0.0007837386801838875 0
1675784214998 0.35838639736175537 0
1675784215045 0.47216135263442993 0
1675784215092 0.00012035917461616918 0
1675784215137 0.0033070582430809736 0
1675784215193 0.10303933918476105 0
1675784215243 0.20957790315151215 0
1675784215291 0.6633299589157104 0
1675784215343 0.21639232337474823 0
1675784215392 0.08618709444999695 0
1675784215440 0.005843158345669508 0
1675784215491 0.2893030345439911 0
1675784215539 0.4540770947933197 0
1675784215587 1.0162979378947057e-05 0
1675784215637 0.4546903371810913 0
1675784215687 3.029320578207262e-05 0
1675784215737 0.3885374665260315 0
1675784215802 0.32698553800582886 0
1675784216026 1.4410012227017432e-05 0
1675784216165 9.238758025276184e-07 0
1675784216234 0.043520487844944 0
1675784216309 0.1939583718776703 0
1675784216374 0.16341930627822876 0
1675784216439 0.2802833616733551 0
1675784216504 0.0057297078892588615 0
1675784216581 0.23166517913341522 0
1675784216638 0.0004945729160681367 0
1675784216686 0.2531653344631195 0
1675784216733 0.2940346896648407 0
1675784216783 0.10979816317558289 0
1675784216837 0.33821606636047363 0
1675784216887 0.002051041927188635 0
1675784216933 0.20181843638420105 0
1675784216981 0.3669857382774353 0
1675784217034 0.2539861500263214 0
1675784217082 0.0018010569037869573 0
1675784217132 0.0002474165230523795 0
1675784217189 0.29626747965812683 0
1675784217243 0.30357274413108826 0
1675784217286 0.5225661396980286 0
1675784217338 0.3198047876358032 0
1675784217386 0.007665243931114674 0
1675784217435 0.22110515832901 0
1675784217485 0.30802199244499207 0
1675784217531 0.17264290153980255 0
1675784217581 0.006406764499843121 0
1675784217631 0.3140370547771454 0
1675784217681 0.3347025215625763 0
1675784217731 0.1509959101676941 0
1675784217775 0.2862875163555145 0
1675784217834 0.1851937472820282 0
1675784217878 0.13869328796863556 0
1675784217924 0.18581700325012207 0
1675784217981 0.32671794295310974 0
1675784218030 0.0005076731322333217 0
1675784218084 0.27020689845085144 0
1675784218139 0.47241801023483276 0
1675784218192 0.00013787014177069068 0
1675784218243 0.025878483429551125 0
1675784218292 0.16929882764816284 0
1675784218337 0.1077885851264 0
1675784218381 0.28599217534065247 0
1675784218425 3.33193247570307e-06 0
1675784218475 0.13223470747470856 0
1675784218525 0.2662634253501892 0
1675784218574 0.17525550723075867 0
1675784218625 0.30233123898506165 0
1675784218682 0.41696345806121826 0
1675784218735 0.009021946229040623 0
1675784218784 0.049991704523563385 0
1675784218830 0.148661270737648 0
1675784218882 0.37572774291038513 0
1675784218928 0.3730110824108124 0
1675784218979 0.27866190671920776 0
1675784219028 0.3297961354255676 0
1675784219080 0.1336485743522644 0
1675784219132 0.45567888021469116 0
1675784219187 0.000423284072894603 0
1675784219233 0.007233613636344671 0
1675784219287 0.22557799518108368 0
1675784219341 0.23080705106258392 0
1675784219396 0.17046009004116058 0
1675784219450 0.12408462911844254 0
1675784219502 0.14334408938884735 0
1675784219544 0.2367723435163498 0
1675784219589 0.14928685128688812 0
