1675444759571 0.7255779504776001 0
1675444759820 0.7222734093666077 0
1675444760027 0.7170857787132263 0
1675444760309 0.7072520852088928 0
1675444760535 0.7070579528808594 0
1675444760760 0.6994743943214417 0
1675444760983 0.6940566897392273 0
1675444761303 0.6842494606971741 0
1675444761529 0.6862969398498535 0
1675444761771 0.6801592111587524 0
1675444761975 0.6764283180236816 0
1675444762211 0.6705612540245056 0
1675444762409 0.6667013764381409 0
1675444762575 0.6658040285110474 0
1675444762770 0.6584690809249878 0
1675444763008 0.6543253660202026 0
1675444763222 0.6486734747886658 0
1675444763441 0.6470454335212708 0
1675444763683 0.6414101719856262 0
1675444763937 0.6360701322555542 0
1675444764236 0.6317468285560608 0
1675444764434 0.6332481503486633 0
1675444764649 0.6238868832588196 0
1675444764870 0.6208338141441345 0
1675444765172 0.6200059652328491 0
1675444765396 0.6179078221321106 0
1675444765634 0.6142217516899109 0
1675444765866 0.610809862613678 0
1675444766093 0.6095579266548157 0
1675444766312 0.6033509373664856 0
1675444766546 0.6026977300643921 0
1675444766796 0.5942403674125671 0
1675444767022 0.5968565940856934 0
1675444767208 0.5949828028678894 0
1675444767393 0.5932974815368652 0
1675444767572 0.590825080871582 0
1675444767761 0.5909281373023987 0
1675444767989 0.583808183670044 0
1675444768255 0.5778892636299133 0
1675444768469 0.5788465738296509 0
1675444768686 0.5782228112220764 0
1675444768942 0.5745187997817993 0
1675444769134 0.5710769295692444 0
1675444769327 0.5711016058921814 0
1675444769594 0.564875602722168 0
1675444769759 0.5696262717247009 0
1675444770010 0.5628485679626465 0
1675444770224 0.5619074106216431 0
1675444770424 0.5615763068199158 0
1675444770655 0.5588613152503967 0
1675444770859 0.5605219602584839 0
1675444771093 0.554262101650238 0
1675444771320 0.5522398948669434 0
1675444771595 0.5498382449150085 0
1675444771821 0.5563836097717285 0
1675444772068 0.5543992519378662 0
1675444772313 0.5453888177871704 0
1675444772489 0.5485605597496033 0
1675444772726 0.5460006594657898 0
1675444772947 0.5437559485435486 0
1675444773160 0.5428127646446228 0
1675444773376 0.5405358076095581 0
1675444773652 0.5365124940872192 0
1675444773907 0.5341877341270447 0
1675444774181 0.5343027710914612 0
1675444774425 0.5363985300064087 0
1675444774652 0.5309849977493286 0
1675444774837 0.5344586968421936 0
1675444775098 0.5309004783630371 0
1675444775345 0.5322474837303162 0
1675444775578 0.5307971835136414 0
1675444775796 0.5306681394577026 0
1675444776032 0.5279286503791809 0
1675444776257 0.5286204814910889 0
1675444776517 0.5231315493583679 0
1675444776731 0.523775577545166 0
1675444776998 0.519986629486084 0
1675444777200 0.5251249670982361 0
1675444777423 0.5223167538642883 0
1675444777643 0.5220487713813782 0
1675444777868 0.521007776260376 0
1675444778116 0.518219530582428 0
1675444778376 0.5171911120414734 0
1675444778576 0.5194218158721924 0
1675444778805 0.5190089344978333 0
1675444779067 0.5159802436828613 0
1675444779288 0.514392614364624 0
1675444779528 0.51472407579422 0
1675444779751 0.5157435536384583 0
1675444779960 0.515124499797821 0
1675444780190 0.5155137181282043 0
1675444780439 0.5115988254547119 0
1675444780663 0.5105010271072388 0
1675444780911 0.5095619559288025 0
1675444781158 0.5071173906326294 0
1675444781360 0.5136910080909729 0
1675444781589 0.5112370252609253 0
1675444781823 0.5119913816452026 0
1675444782079 0.5049013495445251 0
1675444782382 0.5042381286621094 0
1675444782569 0.5122947096824646 0
1675444782812 0.5068081617355347 0
1675444783046 0.5037133693695068 0
1675444783309 0.5067799687385559 0
1675444783574 0.5043913722038269 0
1675444783782 0.5071825385093689 0
1675444784047 0.49959003925323486 0
1675444784327 0.5033831000328064 0
1675444784538 0.5042391419410706 0
1675444784763 0.5013437271118164 0
1675444785022 0.4993177652359009 0
1675444785244 0.5016584396362305 0
1675444785496 0.5007691979408264 0
1675444785690 0.5054155588150024 0
1675444785915 0.500176191329956 0
1675444786156 0.4968889355659485 0
1675444786411 0.4971437454223633 0
1675444786676 0.4977205991744995 0
1675444786888 0.5009663701057434 0
1675444787104 0.49877747893333435 0
1675444787321 0.4976591467857361 0
1675444787532 0.49503517150878906 0
1675444787771 0.49578171968460083 0
1675444787983 0.4989342987537384 0
1675444788234 0.4957396686077118 0
1675444788503 0.49135375022888184 0
1675444788707 0.4984097480773926 0
1675444788914 0.4960363209247589 0
1675444789122 0.4970018267631531 0
1675444789357 0.4909203350543976 0
1675444789559 0.4982013702392578 0
1675444789866 0.4877251386642456 0
1675444790069 0.49567240476608276 0
1675444790258 0.4958034157752991 0
1675444790520 0.4937800467014313 0
1675444790724 0.49490606784820557 0
1675444790952 0.4913686513900757 0
1675444791185 0.4939998686313629 0
1675444791423 0.4944981634616852 0
1675444791653 0.4881238043308258 0
1675444791828 0.4939364194869995 0
1675444792058 0.49209967255592346 0
1675444792360 0.4844645857810974 0
1675444792562 0.4927206039428711 0
1675444792740 0.4951065182685852 0
1675444792953 0.4920273721218109 0
1675444793273 0.48306363821029663 0
1675444793513 0.4893812835216522 0
1675444793801 0.486688494682312 0
1675444794030 0.4898381233215332 0
1675444794224 0.4899829030036926 0
1675444794490 0.48326390981674194 0
1675444794722 0.4901209771633148 0
1675444794948 0.4872742295265198 0
1675444795175 0.4879624545574188 0
1675444795395 0.48695746064186096 0
1675444795617 0.4878534972667694 0
1675444797778 0.48582783341407776 0
1675444798054 0.48213833570480347 0
1675444798273 0.4868757128715515 0
1675444798484 0.48660704493522644 0
1675444798733 0.4829804003238678 0
1675444798971 0.4843412935733795 0
1675444799236 0.4819456934928894 0
1675444799452 0.48672613501548767 0
1675444799669 0.48517298698425293 0
1675444799886 0.48921406269073486 0
1675444800087 0.48653414845466614 0
1675444800385 0.47733601927757263 0
1675444800597 0.48714831471443176 0
1675444800838 0.4823935329914093 0
1675444801062 0.4866471290588379 0
1675444801303 0.48629388213157654 0
1675444801519 0.4863532781600952 0
1675444801764 0.4799257814884186 0
1675444801954 0.4875035881996155 0
1675444802162 0.4859565198421478 0
1675444802381 0.482791543006897 0
1675444802637 0.47889837622642517 0
1675444802838 0.4822579026222229 0
1675444803039 0.48280009627342224 0
1675444803325 0.4791813790798187 0
1675444803534 0.48501694202423096 0
1675444803738 0.4805455803871155 0
1675444803946 0.48426973819732666 0
1675444804125 0.48559480905532837 0
1675444804338 0.48195549845695496 0
1675444804562 0.47903943061828613 0
1675444804862 0.47983989119529724 0
1675444805063 0.48274609446525574 0
1675444805303 0.4789717495441437 0
1675444805532 0.4794985055923462 0
1675444805803 0.4744080603122711 0
1675444806071 0.47290924191474915 0
1675444806308 0.47744783759117126 0
1675444806578 0.47571465373039246 0
1675444806843 0.47630661725997925 0
1675444807050 0.4784514605998993 0
1675444807294 0.4756956696510315 0
1675444807548 0.4770362079143524 0
1675444807781 0.4796268045902252 0
1675444807994 0.4810030162334442 0
1675444808188 0.48223212361335754 0
1675444808442 0.47634458541870117 0
1675444808671 0.4753243625164032 0
1675444808874 0.4799186885356903 0
1675444809071 0.48076292872428894 0
1675444809339 0.47164395451545715 0
1675444809562 0.47697630524635315 0
1675444809789 0.47894683480262756 0
1675444810014 0.4763129651546478 0
1675444810215 0.4762877821922302 0
1675444810451 0.47470608353614807 0
1675444810686 0.47546306252479553 0
1675444810944 0.47573304176330566 0
1675444811138 0.48128268122673035 0
1675444811414 0.4717074930667877 0
1675444811685 0.46862244606018066 0
1675444811865 0.4821624159812927 0
1675444812117 0.47423967719078064 0
1675444812363 0.474461168050766 0
1675444812586 0.47392624616622925 0
1675444812829 0.47331875562667847 0
1675444813079 0.46941202878952026 0
1675444813314 0.4749699831008911 0
1675444813512 0.4790918231010437 0
1675444813720 0.4765876531600952 0
1675444813993 0.47198086977005005 0
1675444814194 0.4790280759334564 0
1675444814397 0.47826874256134033 0
1675444814595 0.47996267676353455 0
1675444814776 0.4780741035938263 0
1675444815019 0.47286316752433777 0
1675444815268 0.4708506166934967 0
1675444815527 0.47577908635139465 0
1675444815722 0.47601771354675293 0
1675444815946 0.47315478324890137 0
1675444816160 0.4731405973434448 0
1675444816377 0.4735916554927826 0
1675444816562 0.4762803912162781 0
1675444816805 0.47364988923072815 0
1675444817049 0.4739413857460022 0
1675444817232 0.4754764437675476 0
1675444817429 0.47627630829811096 0
1675444817629 0.47325560450553894 0
1675444817854 0.4730633497238159 0
1675444818118 0.4708264172077179 0
1675444818424 0.47003060579299927 0
1675444818698 0.4690999984741211 0
1675444819008 0.46503946185112 0
1675444819220 0.47658786177635193 0
1675444819440 0.4762462079524994 0
1675444819650 0.47122839093208313 0
1675444819852 0.47417426109313965 0
1675444820140 0.4672568738460541 0
1675444820357 0.4733114242553711 0
1675444820583 0.4709806442260742 0
1675444820823 0.46758243441581726 0
1675444821032 0.47221896052360535 0
1675444821280 0.4690360128879547 0
1675444821527 0.46700581908226013 0
1675444821823 0.4663192629814148 0
1675444822096 0.4681134819984436 0
1675444822400 0.4648977220058441 0
1675444822688 0.46491387486457825 0
1675444822939 0.4721137285232544 0
1675444823239 0.46310317516326904 0
1675444823473 0.470502108335495 0
1675444823751 0.46899306774139404 0
1675444824008 0.4708330035209656 0
1675444824220 0.47198304533958435 0
1675444824440 0.4721686542034149 0
1675444824696 0.4688728153705597 0
1675444824940 0.46983352303504944 0
1675444825209 0.46053507924079895 0
1675444825460 0.46934372186660767 0
1675444825689 0.4677223265171051 0
1675444825901 0.47078320384025574 0
1675444826139 0.4671046733856201 0
1675444826330 0.474283367395401 0
1675444826518 0.47494107484817505 0
1675444826764 0.4649990499019623 0
1675444827024 0.4701661467552185 0
1675444827272 0.46610602736473083 0
1675444827532 0.4647405445575714 0
1675444827758 0.47006842494010925 0
1675444827981 0.4732666611671448 0
1675444828204 0.4680609107017517 0
1675444828375 0.47664639353752136 0
1675444828598 0.4671665132045746 0
1675444828868 0.46266403794288635 0
1675444829134 0.4666058123111725 0
1675444829345 0.4706244468688965 0
1675444829596 0.4687325656414032 0
1675444829824 0.4662526845932007 0
1675444830058 0.4721822142601013 0
1675444830294 0.4659452438354492 0
1675444830583 0.46229174733161926 0
1675444830795 0.4677530527114868 0
1675444831012 0.470959335565567 0
1675444831247 0.46741920709609985 0
1675444831486 0.46520066261291504 0
1675444831689 0.4694086015224457 0
1675444831933 0.4669300317764282 0
1675444832188 0.46351778507232666 0
1675444832396 0.47132647037506104 0
1675444832597 0.46935296058654785 0
1675444832811 0.469210684299469 0
1675444833049 0.4696996808052063 0
1675444833284 0.46603623032569885 0
1675444833498 0.4687705338001251 0
1675444833706 0.4673185348510742 0
1675444833954 0.4629397392272949 0
1675444834153 0.46512478590011597 0
1675444836282 0.4697912335395813 0
1675444836470 0.4716586768627167 0
1675444836695 0.4685686230659485 0
1675444836947 0.46406635642051697 0
1675444837178 0.46374189853668213 0
1675444837373 0.46897560358047485 0
1675444837555 0.47346118092536926 0
1675444837798 0.462629497051239 0
1675444838005 0.47096943855285645 0
1675444838194 0.4699075222015381 0
1675444838439 0.46159499883651733 0
1675444838674 0.46566614508628845 0
1675444838885 0.4677113890647888 0
1675444839145 0.46230563521385193 0
1675444839358 0.46888452768325806 0
1675444839561 0.4712878465652466 0
1675444839788 0.46709784865379333 0
1675444840019 0.4692310392856598 0
1675444840300 0.46032285690307617 0
1675444840532 0.4644179940223694 0
1675444840788 0.45967331528663635 0
1675444840997 0.4690071642398834 0
1675444841219 0.4670925438404083 0
1675444841430 0.46814852952957153 0
1675444841762 0.4568904638290405 0
1675444841978 0.46961522102355957 0
1675444842196 0.4659412205219269 0
1675444842445 0.4660368859767914 0
1675444842657 0.4674991965293884 0
1675444842913 0.46052226424217224 0
1675444843165 0.46320194005966187 0
1675444843376 0.46793684363365173 0
1675444843622 0.4622265696525574 0
1675444843842 0.4630970060825348 0
1675444844091 0.4661732017993927 0
1675444844364 0.46132969856262207 0
1675444844597 0.46651339530944824 0
1675444844876 0.46242016553878784 0
1675444845123 0.46465975046157837 0
1675444845375 0.46507975459098816 0
1675444845591 0.46315068006515503 0
1675444845786 0.4694068729877472 0
1675444845994 0.46399736404418945 0
1675444846204 0.46544304490089417 0
1675444846409 0.4659573435783386 0
1675444846647 0.4633471965789795 0
1675444846842 0.46884235739707947 0
1675444847064 0.4633442461490631 0
1675444847294 0.46434515714645386 0
1675444847549 0.463962584733963 0
1675444847801 0.45990458130836487 0
1675444848013 0.46906813979148865 0
1675444848220 0.46335816383361816 0
1675444848465 0.4623110592365265 0
1675444848715 0.46108949184417725 0
1675444848971 0.46228933334350586 0
1675444849167 0.46711573004722595 0
1675444849444 0.4612716734409332 0
1675444849656 0.46372538805007935 0
1675444849901 0.46028679609298706 0
1675444850102 0.46390530467033386 0
1675444850360 0.45649203658103943 0
1675444850589 0.4623366892337799 0
1675444850808 0.4639925956726074 0
1675444851075 0.45901235938072205 0
1675444851309 0.46164292097091675 0
1675444851541 0.46329307556152344 0
1675444851750 0.4657251536846161 0
1675444851973 0.4630456864833832 0
1675444852204 0.4584018886089325 0
1675444852433 0.4609832763671875 0
1675444852663 0.46439114212989807 0
1675444852930 0.4567281901836395 0
1675444853183 0.46140339970588684 0
1675444853397 0.464140385389328 0
1675444853642 0.4580661952495575 0
1675444853892 0.4583122432231903 0
1675444854099 0.46737197041511536 0
1675444854346 0.4609493613243103 0
1675444854572 0.461309552192688 0
1675444854821 0.45848074555397034 0
1675444855080 0.45745760202407837 0
1675444855311 0.46278753876686096 0
1675444855595 0.4555816054344177 0
1675444855825 0.4615776240825653 0
1675444856029 0.46399393677711487 0
1675444856242 0.4628610610961914 0
1675444856431 0.46814465522766113 0
1675444856708 0.4583488404750824 0
1675444856942 0.46127501130104065 0
1675444857112 0.4690261483192444 0
1675444857356 0.4625171720981598 0
1675444857556 0.4661460220813751 0
1675444857812 0.4579637348651886 0
1675444858064 0.460153728723526 0
1675444858296 0.460595965385437 0
1675444858510 0.4642929434776306 0
1675444858731 0.4623190760612488 0
1675444858969 0.4619704782962799 0
1675444859217 0.4638107717037201 0
1675444859445 0.4654555916786194 0
1675444859687 0.4592131972312927 0
1675444859965 0.4573604464530945 0
1675444860276 0.45284581184387207 0
1675444860493 0.46518394351005554 0
1675444860689 0.46521663665771484 0
1675444860880 0.46595078706741333 0
1675444861133 0.46059495210647583 0
1675444861349 0.461880624294281 0
1675444861645 0.45372098684310913 0
1675444861885 0.4591156542301178 0
1675444862124 0.4613240659236908 0
1675444862417 0.453658789396286 0
1675444862624 0.4644133150577545 0
1675444862874 0.45776739716529846 0
1675444863085 0.4630570411682129 0
1675444863337 0.4562675654888153 0
1675444863577 0.4582964777946472 0
1675444863826 0.4578837752342224 0
1675444864080 0.4558691382408142 0
1675444864302 0.4603496193885803 0
1675444864583 0.45493564009666443 0
1675444864841 0.45574745535850525 0
1675444865139 0.45534464716911316 0
1675444865363 0.4591352641582489 0
1675444865565 0.4627341032028198 0
1675444865837 0.46070122718811035 0
1675444866077 0.4635617434978485 0
1675444866307 0.4583599269390106 0
1675444866577 0.45396938920021057 0
1675444866839 0.45679450035095215 0
1675444867171 0.44925346970558167 0
1675444867368 0.46353307366371155 0
1675444867558 0.46392595767974854 0
1675444867759 0.46316102147102356 0
1675444868072 0.4520907402038574 0
1675444868322 0.4583762586116791 0
1675444868599 0.45822590589523315 0
1675444868828 0.4556547701358795 0
1675444869093 0.45372578501701355 0
1675444869281 0.4628017842769623 0
1675444869524 0.4586983323097229 0
1675444869821 0.4526157081127167 0
1675444870049 0.4612833559513092 0
1675444870313 0.4556888937950134 0
1675444870516 0.46531981229782104 0
1675444870771 0.4581015706062317 0
1675444871053 0.4548671543598175 0
1675444871306 0.4565579295158386 0
1675444871543 0.4606193006038666 0
1675444871804 0.4551035463809967 0
1675444872006 0.46488893032073975 0
1675444872239 0.4593457579612732 0
1675444872478 0.4574449360370636 0
1675444872708 0.4563533663749695 0
1675444872989 0.4493136405944824 0
1675444873199 0.4612019658088684 0
1675444875303 0.46274760365486145 0
1675444875491 0.4649806022644043 0
1675444875763 0.4551175534725189 0
1675444875976 0.45830750465393066 0
1675444876253 0.45572957396507263 0
1675444876495 0.4553457200527191 0
1675444876719 0.4570143520832062 0
1675444876936 0.4603706896305084 0
1675444877186 0.4545890986919403 0
1675444877451 0.45409613847732544 0
1675444877686 0.4604201316833496 0
1675444877955 0.4499816298484802 0
1675444878236 0.4519976079463959 0
1675444878460 0.45705199241638184 0
1675444878714 0.4590016305446625 0
1675444878938 0.459006130695343 0
1675444879168 0.45632457733154297 0
1675444879421 0.4540587365627289 0
1675444879642 0.4626304805278778 0
1675444879854 0.4593389928340912 0
1675444880020 0.4656229615211487 0
1675444880252 0.45538878440856934 0
1675444880474 0.4603480398654938 0
1675444880716 0.4541444778442383 0
1675444880952 0.4556499123573303 0
1675444881187 0.45645585656166077 0
1675444881459 0.45214375853538513 0
1675444881663 0.46507135033607483 0
1675444881878 0.45764729380607605 0
1675444882138 0.45406481623649597 0
1675444882376 0.4584008753299713 0
1675444882585 0.4580017626285553 0
1675444882791 0.4599367380142212 0
1675444883006 0.4600376486778259 0
1675444883233 0.45699918270111084 0
1675444883481 0.45579075813293457 0
1675444883706 0.4586627185344696 0
1675444883903 0.4586483836174011 0
1675444884120 0.4608727991580963 0
1675444884343 0.45708659291267395 0
1675444884598 0.4510668218135834 0
1675444884884 0.45319056510925293 0
1675444885112 0.4558241665363312 0
1675444885341 0.4564274549484253 0
1675444885540 0.46061766147613525 0
1675444885806 0.4505164325237274 0
1675444886014 0.45802563428878784 0
1675444886275 0.4522220194339752 0
1675444886449 0.4643247425556183 0
1675444886696 0.45307427644729614 0
1675444886958 0.4496481716632843 0
1675444887239 0.4528815448284149 0
1675444887513 0.45161372423171997 0
1675444887748 0.45826631784439087 0
1675444887987 0.4528854787349701 0
1675444888167 0.46082401275634766 0
1675444888344 0.46352389454841614 0
1675444888574 0.45246344804763794 0
1675444888774 0.4585610032081604 0
1675444888998 0.45643195509910583 0
1675444889252 0.4535927474498749 0
1675444889479 0.45945030450820923 0
1675444889728 0.45237311720848083 0
1675444889971 0.4570552706718445 0
1675444890189 0.4568948745727539 0
1675444890404 0.45924174785614014 0
1675444890637 0.45803120732307434 0
1675444890892 0.45750465989112854 0
1675444891154 0.4520018994808197 0
1675444891328 0.46179866790771484 0
1675444891597 0.4502401053905487 0
1675444891804 0.4585302770137787 0
1675444892023 0.45704230666160583 0
1675444892202 0.4623679518699646 0
1675444892470 0.4543430507183075 0
1675444892698 0.4525052607059479 0
1675444892986 0.45127394795417786 0
1675444893175 0.4585706889629364 0
1675444893398 0.45643937587738037 0
1675444893653 0.45250314474105835 0
1675444893904 0.4539104104042053 0
1675444894121 0.45620572566986084 0
1675444894356 0.45226237177848816 0
1675444894632 0.4493050277233124 0
1675444894842 0.45737922191619873 0
1675444895075 0.4541880488395691 0
1675444895287 0.4569609463214874 0
1675444895491 0.4587986171245575 0
1675444895728 0.4509601294994354 0
1675444895942 0.4551475942134857 0
1675444896179 0.45475590229034424 0
1675444896446 0.4499814510345459 0
1675444896688 0.45174819231033325 0
1675444896925 0.45424798130989075 0
1675444897161 0.45581623911857605 0
1675444897393 0.4572131037712097 0
1675444897617 0.45642346143722534 0
1675444897779 0.46466442942619324 0
1675444897979 0.4583996534347534 0
1675444898183 0.45660698413848877 0
1675444898402 0.45573025941848755 0
1675444898691 0.44723284244537354 0
1675444898910 0.4558364450931549 0
1675444899164 0.4528316557407379 0
1675444899363 0.45712408423423767 0
1675444899578 0.45537787675857544 0
1675444899846 0.4531058073043823 0
1675444900112 0.45431098341941833 0
1675444900368 0.4513368010520935 0
1675444900630 0.45099323987960815 0
1675444900801 0.4650789499282837 0
1675444901070 0.4527600109577179 0
1675444901356 0.44892027974128723 0
1675444901555 0.4570290148258209 0
1675444901751 0.4595254957675934 0
1675444901984 0.4518561363220215 0
1675444902228 0.45479851961135864 0
1675444902457 0.4554194509983063 0
1675444902660 0.45868849754333496 0
1675444902897 0.45179131627082825 0
1675444903097 0.45552510023117065 0
1675444903368 0.4490254521369934 0
1675444903595 0.4532575011253357 0
1675444903798 0.45702093839645386 0
1675444904043 0.44907206296920776 0
1675444904313 0.45008888840675354 0
1675444904585 0.4522848427295685 0
1675444904764 0.46057718992233276 0
1675444904974 0.45423007011413574 0
1675444905180 0.4588799774646759 0
1675444905418 0.4523763358592987 0
1675444905655 0.45484283566474915 0
1675444905879 0.45241230726242065 0
1675444906165 0.4478161633014679 0
1675444906405 0.4505939185619354 0
1675444906676 0.4477721154689789 0
1675444906925 0.4541623890399933 0
1675444907115 0.45843037962913513 0
1675444907306 0.45821744203567505 0
1675444907558 0.4484870135784149 0
1675444907811 0.4521491825580597 0
1675444908078 0.4455351233482361 0
1675444908393 0.4462534487247467 0
1675444908593 0.4557914137840271 0
1675444908812 0.4541318714618683 0
1675444909073 0.45160287618637085 0
1675444909306 0.45045456290245056 0
1675444909600 0.4483710825443268 0
1675444909832 0.4554789960384369 0
1675444910077 0.4536792039871216 0
1675444910315 0.4513974189758301 0
1675444910567 0.4520108103752136 0
1675444910788 0.4549983739852905 0
1675444910967 0.4607984721660614 0
1675444911235 0.45316454768180847 0
1675444911458 0.4534650444984436 0
1675444911677 0.45428183674812317 0
1675444913793 0.45175647735595703 0
1675444914010 0.45221930742263794 0
1675444914211 0.45915281772613525 0
1675444914443 0.453429251909256 0
1675444914638 0.4579068422317505 0
1675444914872 0.45061853528022766 0
1675444915103 0.4521932005882263 0
1675444915286 0.4621242880821228 0
1675444915590 0.4437228739261627 0
1675444915848 0.4494043290615082 0
1675444916104 0.44842854142189026 0
1675444916349 0.4530417323112488 0
1675444916573 0.4536862373352051 0
1675444916790 0.4514678418636322 0
1675444917003 0.45576560497283936 0
1675444917207 0.4541953504085541 0
1675444917502 0.44672858715057373 0
1675444917706 0.45448872447013855 0
1675444917962 0.4515228271484375 0
1675444918191 0.4547082483768463 0
1675444918434 0.44979342818260193 0
1675444918697 0.4465790390968323 0
1675444918932 0.4539194107055664 0
1675444919216 0.44768011569976807 0
1675444919450 0.454377144575119 0
1675444919682 0.4502236247062683 0
1675444919944 0.4486570358276367 0
1675444920165 0.45347413420677185 0
1675444920352 0.45499008893966675 0
1675444920574 0.4511539041996002 0
1675444920818 0.45466816425323486 0
1675444921068 0.44886109232902527 0
1675444921242 0.4626622200012207 0
1675444921468 0.4496935307979584 0
1675444921725 0.44880473613739014 0
1675444921940 0.45281586050987244 0
1675444922158 0.45328426361083984 0
1675444922364 0.4528779685497284 0
1675444922585 0.4518432021141052 0
1675444922799 0.4532426595687866 0
1675444923047 0.4478515088558197 0
1675444923339 0.4453752338886261 0
1675444923534 0.45546653866767883 0
1675444923752 0.45270031690597534 0
1675444923978 0.4517308473587036 0
1675444924221 0.4480467140674591 0
1675444924472 0.45418286323547363 0
1675444924761 0.44128596782684326 0
1675444924974 0.4514281153678894 0
1675444925193 0.45088863372802734 0
1675444925428 0.45424479246139526 0
1675444925623 0.453631728887558 0
1675444925913 0.44345927238464355 0
1675444926222 0.44498446583747864 0
1675444926486 0.44690850377082825 0
1675444926710 0.45395398139953613 0
1675444926970 0.4535578787326813 0
1675444927159 0.4565146267414093 0
1675444927359 0.45791444182395935 0
1675444927534 0.4573027789592743 0
1675444927721 0.45695415139198303 0
1675444927969 0.4474164843559265 0
1675444928247 0.44929829239845276 0
1675444928522 0.4475392997264862 0
1675444928760 0.448280930519104 0
1675444928972 0.455877423286438 0
1675444929196 0.45207852125167847 0
1675444929393 0.45558619499206543 0
1675444929613 0.45331811904907227 0
1675444929792 0.45950376987457275 0
1675444929961 0.46071264147758484 0
1675444930209 0.4515021741390228 0
1675444930462 0.44894468784332275 0
1675444930705 0.4491848647594452 0
1675444930967 0.44818034768104553 0
1675444931278 0.44412678480148315 0
1675444931472 0.4561307728290558 0
1675444931701 0.44877830147743225 0
1675444931961 0.4477679431438446 0
1675444932172 0.45333272218704224 0
1675444932437 0.44707342982292175 0
1675444932658 0.4537457227706909 0
1675444932900 0.4476093351840973 0
1675444933129 0.44973430037498474 0
1675444933370 0.44725993275642395 0
1675444933556 0.45621606707572937 0
1675444933762 0.4542406499385834 0
1675444933979 0.455650269985199 0
1675444934228 0.45025160908699036 0
1675444934427 0.454384982585907 0
1675444934632 0.45781996846199036 0
1675444934823 0.45439887046813965 0
1675444935057 0.45026570558547974 0
1675444935270 0.45045116543769836 0
1675444935565 0.44277405738830566 0
1675444935775 0.45332592725753784 0
1675444936006 0.4513384997844696 0
1675444936264 0.4457245171070099 0
1675444936493 0.45127424597740173 0
1675444936706 0.4529859721660614 0
1675444936925 0.4481279253959656 0
1675444937206 0.4442973732948303 0
1675444937483 0.4471109211444855 0
1675444937699 0.45273226499557495 0
1675444937939 0.44838961958885193 0
1675444938186 0.44548937678337097 0
1675444938445 0.4463985562324524 0
1675444938729 0.4470941722393036 0
1675444938960 0.45023274421691895 0
1675444939211 0.45046767592430115 0
1675444939429 0.4526693522930145 0
1675444939693 0.44693082571029663 0
1675444939932 0.451025128364563 0
1675444940164 0.45250704884529114 0
1675444940432 0.44521817564964294 0
1675444940648 0.4527900516986847 0
1675444940838 0.4574560523033142 0
1675444941108 0.4467940926551819 0
1675444941341 0.4501650035381317 0
1675444941522 0.4570746421813965 0
1675444941714 0.4539129436016083 0
1675444941980 0.447354257106781 0
1675444942158 0.45652446150779724 0
1675444942422 0.44601237773895264 0
1675444942613 0.455783873796463 0
1675444942797 0.4545425772666931 0
1675444943064 0.4485852122306824 0
1675444943272 0.45169323682785034 0
1675444943458 0.45697128772735596 0
1675444943704 0.44846266508102417 0
1675444943919 0.45292606949806213 0
1675444944138 0.4522777497768402 0
1675444944361 0.45249924063682556 0
1675444944592 0.450515478849411 0
1675444944780 0.45476943254470825 0
1675444945052 0.4469793438911438 0
1675444945255 0.4524289667606354 0
1675444945511 0.4474104940891266 0
1675444945827 0.43617168068885803 0
1675444946065 0.450042724609375 0
1675444946276 0.452735960483551 0
1675444946524 0.44880053400993347 0
1675444946790 0.44354042410850525 0
1675444947024 0.4522274136543274 0
1675444947251 0.4488028883934021 0
1675444947466 0.4541267156600952 0
1675444947656 0.4573608934879303 0
1675444947902 0.44878828525543213 0
1675444948143 0.4516058564186096 0
1675444948410 0.44378137588500977 0
1675444948683 0.4442424178123474 0
1675444948884 0.45601096749305725 0
1675444949127 0.4488983750343323 0
1675444949380 0.4506235718727112 0
1675444949603 0.4520433247089386 0
1675444949835 0.4479559361934662 0
1675444950058 0.45135125517845154 0
