1675981854460 0.017313873767852782 0
1675981854586 0.6640549182891846 40
1675981854714 0.6189283847808837 80
1675981854840 0.5672491550445556 120
1675981854959 0.5770708084106445 160
1675981855078 0.5611868381500245 200
1675981855196 0.5082604885101318 240
1675981855311 0.5482272148132324 280
1675981855481 0.532169246673584 320
1675981855602 0.5279146671295166 360
1675981855718 0.5214278221130371 400
1675981855835 0.49989166259765627 440
1675981855950 0.5466008663177491 480
1675981856077 0.5123605251312255 520
1675981856193 0.4786397933959961 560
1675981856335 0.49919829368591306 600
1675981856497 0.48022780418395994 640
1675981856622 0.47288970947265624 680
1675981856738 0.47660059928894044 720
1675981856853 0.4496105670928955 760
1675981856971 0.4421473503112793 800
1675981857085 0.4347421169281006 840
1675981857187 0.401837682723999 880
1675981857294 0.4021453380584717 920
1675981857584 0.4006446361541748 960
1675981857715 0.353318977355957 1000
1675981857823 0.3563316106796265 1040
1675981857930 0.35454208850860597 1080
1675981858032 0.32307910919189453 1120
1675981858162 0.3901329517364502 1160
1675981858270 0.3164444208145142 1200
1675981858393 0.2771238088607788 1240
1675981858541 0.32984318733215334 1280
1675981858668 0.3497464179992676 1320
1675981858775 0.2366377592086792 1360
1675981858883 0.23386812210083008 1400
1675981858989 0.2861215353012085 1440
1675981859104 0.28451311588287354 1480
1675981859213 0.29892737865448 1520
1675981859324 0.23846423625946045 1560
1675981859442 0.3036500453948975 1600
1675981859616 0.32441675662994385 1640
1675981859749 0.2626888513565063 1680
1675981859872 0.31352958679199217 1720
1675981859990 0.2717008113861084 1760
1675981860122 0.26030104160308837 1800
1675981860237 0.23501126766204833 1840
1675981860340 0.2648120403289795 1880
1675981860462 0.2197946310043335 1920
1675981860611 0.22877907752990723 1960
1675981860732 0.2095720052719116 2000
1675981860862 0.26002438068389894 2040
1675981860973 0.29956483840942383 2080
1675981861091 0.20233602523803712 2120
1675981861198 0.22571215629577637 2160
1675981861336 0.22206003665924073 2200
1675981861468 0.2230393409729004 2240
1675981861653 0.28895275592803954 2280
1675981861778 0.21484317779541015 2320
1675981861897 0.21432797908782958 2360
1675981862016 0.1930644392967224 2400
1675981862141 0.2172470808029175 2440
1675981862274 0.22453701496124268 2480
1675981862404 0.19098937511444092 2520
1675981862518 0.23068685531616212 2560
1675981862672 0.18483892679214478 2600
1675981862796 0.21276571750640869 2640
1675981862964 0.19580452442169188 2680
1675981863083 0.1701806902885437 2720
1675981863249 0.23417088985443116 2760
1675981863365 0.24298112392425536 2800
1675981863473 0.1880970597267151 2840
1675981863680 0.2136669635772705 2880
1675981863793 0.1916458249092102 2920
1675981863899 0.20243160724639891 2960
1675981864007 0.18376799821853637 3000
1675981864130 0.196507728099823 3040
1675981864243 0.20055937767028809 3080
1675981864361 0.20333521366119384 3120
1675981864481 0.1536239504814148 3160
1675981864597 0.16755330562591553 3200
1675981864745 0.15043376684188842 3240
1675981864873 0.2213815689086914 3280
1675981864987 0.16395610570907593 3320
1675981865101 0.2081554889678955 3360
1675981865216 0.2050830364227295 3400
1675981865327 0.14732575416564941 3440
1675981865459 0.21985158920288086 3480
1675981865569 0.2084714412689209 3520
1675981865822 0.16309484243392944 3560
1675981865939 0.14051389694213867 3600
1675981866045 0.17516486644744872 3640
1675981866160 0.14603160619735717 3680
1675981866299 0.1536160111427307 3720
1675981866412 0.192323899269104 3760
1675981866526 0.1465875267982483 3800
1675981866657 0.19071366786956787 3840
1675981866794 0.16899746656417847 3880
1675981866906 0.1535865545272827 3920
1675981867021 0.2077852964401245 3960
1675981867133 0.16810377836227416 4000
1675981867265 0.16878848075866698 4040
1675981867383 0.17108445167541503 4080
1675981867496 0.18159133195877075 4120
1675981867607 0.1872493267059326 4160
1675981867709 0.14879980087280273 4200
1675981867878 0.18448069095611572 4240
1675981867993 0.1677399158477783 4280
1675981868098 0.14741703271865844 4320
1675981868208 0.12124978303909302 4360
1675981868327 0.16656012535095216 4400
1675981868444 0.15963481664657592 4440
1675981868561 0.1395481586456299 4480
1675981868673 0.1342319965362549 4520
1675981868796 0.1648987889289856 4560
1675981868907 0.2134070634841919 4600
1675981869014 0.14547512531280518 4640
1675981869127 0.15962952375411987 4680
1675981869233 0.18034197092056276 4720
1675981869351 0.14410408735275268 4760
1675981869474 0.16184780597686768 4800
1675981869625 0.1487712025642395 4840
1675981869739 0.13865281343460084 4880
1675981869870 0.12559261322021484 4920
1675981870005 0.13190455436706544 4960
1675981870108 0.13842737674713135 5000
1675981870209 0.1259629487991333 5040
1675981870323 0.1441488742828369 5080
1675981870429 0.14682941436767577 5120
1675981870531 0.15818381309509277 5160
1675981870625 0.09122255444526672 5200
1675981870735 0.1670587658882141 5240
1675981870865 0.12169697284698486 5280
1675981870976 0.15405749082565307 5320
1675981871082 0.13087297677993776 5360
1675981871210 0.13817813396453857 5400
1675981871336 0.09475928544998169 5440
1675981871445 0.15536704063415527 5480
1675981871573 0.13953080177307128 5520
1675981871690 0.137189781665802 5560
1675981871840 0.14075446128845215 5600
1675981871950 0.13338468074798585 5640
1675981872204 0.11780593395233155 5680
1675981872307 0.147353196144104 5720
1675981872429 0.13343697786331177 5760
1675981872534 0.11131384372711181 5800
1675981872649 0.16216400861740113 5840
1675981872758 0.11611045598983764 5880
1675981872898 0.15002734661102296 5920
1675981873012 0.18059980869293213 5960
1675981873135 0.12823486328125 6000
1675981873248 0.12873833179473876 6040
1675981873353 0.10994976758956909 6080
1675981873473 0.08770521879196166 6120
1675981873580 0.10507024526596069 6160
1675981873693 0.12500813007354736 6200
1675981873809 0.09879149198532104 6240
1675981873945 0.11560567617416381 6280
1675981874058 0.124936044216156 6320
1675981874203 0.1495426893234253 6360
1675981874307 0.13065769672393798 6400
1675981874418 0.10908188819885253 6440
1675981874528 0.10419508218765258 6480
1675981874644 0.10162909030914306 6520
1675981874747 0.13060202598571777 6560
1675981874867 0.11595863103866577 6600
1675981875000 0.08490618467330932 6640
1675981875118 0.12010165452957153 6680
1675981875241 0.1325329065322876 6720
1675981875366 0.1108705997467041 6760
1675981875477 0.10863808393478394 6800
1675981875632 0.1031719446182251 6840
1675981875747 0.10112022161483765 6880
1675981875883 0.08717460632324218 6920
1675981876028 0.09673619866371155 6960
1675981876143 0.10811063051223754 7000
1675981876319 0.0907204806804657 7040
1675981876439 0.1107835054397583 7080
1675981876557 0.08255289196968078 7120
1675981876729 0.11420460939407348 7160
1675981876932 0.10783183574676514 7200
1675981877081 0.09225921630859375 7240
1675981877194 0.08950588703155518 7280
1675981877312 0.09691197276115418 7320
1675981877432 0.0874036967754364 7360
1675981877544 0.0853718101978302 7400
1675981877655 0.12688686847686767 7440
1675981877765 0.07621042728424073 7480
1675981877883 0.0919355571269989 7520
1675981878033 0.13617707490921022 7560
1675981878139 0.10740143060684204 7600
1675981878264 0.115057373046875 7640
1675981878404 0.08081492781639099 7680
1675981878518 0.10290932655334473 7720
1675981878615 0.0878981590270996 7760
1675981878716 0.0936570942401886 7800
1675981878833 0.06544821858406066 7840
1675981878957 0.10431035757064819 7880
1675981879104 0.0745845079421997 7920
1675981879624 0.09714744091033936 7960
1675981879730 0.07278749942779542 8000
1675981879855 0.138041090965271 8040
1675981879983 0.11857484579086304 8080
1675981880150 0.06769057512283325 8120
1675981880273 0.10718638896942138 8160
1675981880439 0.04897195100784302 8200
1675981880549 0.08636229634284973 8240
1675981880670 0.08709471225738526 8280
1675981880781 0.08440279960632324 8320
1675981880890 0.07667369842529297 8360
1675981881009 0.09204792380332946 8400
1675981881134 0.07162489891052246 8440
1675981881251 0.06415860056877136 8480
1675981881367 0.07717779874801636 8520
1675981881485 0.0601483166217804 8560
1675981881643 0.09056386351585388 8600
1675981881752 0.08910341858863831 8640
1675981881861 0.10057916641235351 8680
1675981881977 0.06004577875137329 8720
1675981882092 0.08463922142982483 8760
1675981882213 0.07896728515625 8800
1675981882328 0.10016629695892335 8840
1675981882489 0.07583914995193482 8880
1675981882607 0.0683860421180725 8920
1675981882717 0.06498637795448303 8960
1675981882836 0.09342514276504517 9000
1675981882949 0.0945248544216156 9040
1675981883057 0.0960351824760437 9080
1675981883204 0.07625930309295655 9120
1675981883313 0.09767832159996033 9160
1675981883427 0.06755944490432739 9200
1675981883543 0.09294255375862122 9240
1675981883681 0.05810179710388184 9280
1675981883842 0.08354858756065368 9320
1675981883946 0.0787912905216217 9360
1675981884054 0.08093670010566711 9400
1675981884192 0.10049796104431152 9440
1675981884309 0.0917257845401764 9480
1675981884430 0.09780880808830261 9520
1675981884602 0.07566354274749756 9560
1675981884716 0.07402308583259583 9600
1675981884828 0.08789324760437012 9640
1675981884932 0.07571309804916382 9680
1675981885039 0.105415678024292 9720
1675981885147 0.05698306560516357 9760
1675981885298 0.09814344048500061 9800
1675981885423 0.09393371939659119 9840
1675981885526 0.06170757412910462 9880
1675981885641 0.08646003603935241 9920
1675981885752 0.08980453014373779 9960
1675981885869 0.10631134510040283 10000
1675981885977 0.07881081700325013 10040
1675981887021 0.05862780809402466 10080
1675981887142 0.07214309573173523 10120
1675981887344 0.07018993496894836 10160
1675981887465 0.07997493147850036 10200
1675981887634 0.08495387434959412 10240
1675981887750 0.08118338584899902 10280
1675981887855 0.08855237364768982 10320
1675981887975 0.08970184326171875 10360
1675981888081 0.12103059291839599 10400
1675981888196 0.0730108916759491 10440
1675981888322 0.07073219418525696 10480
1675981888434 0.09348940849304199 10520
1675981888536 0.06724023818969727 10560
1675981888673 0.07322579026222228 10600
1675981888792 0.07887536883354188 10640
1675981888900 0.09299322962760925 10680
1675981889013 0.08554456233978272 10720
1675981889117 0.08315736651420594 10760
1675981889219 0.10145459175109864 10800
1675981889354 0.10077002048492431 10840
1675981889470 0.07460193634033203 10880
1675981889575 0.05571361780166626 10920
1675981889689 0.09620974063873292 10960
1675981889798 0.10105056762695312 11000
1675981889905 0.08476303219795227 11040
1675981890012 0.06903704404830932 11080
1675981890122 0.06952934265136719 11120
1675981890249 0.08281012773513793 11160
1675981890402 0.08509825468063355 11200
1675981890515 0.07580873966217042 11240
1675981890627 0.0702407717704773 11280
1675981890805 0.07126064896583557 11320
1675981890910 0.07943446636199951 11360
1675981891014 0.059650903940200804 11400
1675981891114 0.0462332934141159 11440
1675981891235 0.06374232172966003 11480
1675981891377 0.06863535046577454 11520
1675981891489 0.08231310248374939 11560
1675981891616 0.05983585715293884 11600
1675981891736 0.07972992062568665 11640
1675981891848 0.07361975312232971 11680
1675981891951 0.08699511289596558 11720
1675981892060 0.09815875887870788 11760
1675981892174 0.07412159442901611 11800
1675981892283 0.0638664960861206 11840
1675981892449 0.09227373003959656 11880
1675981892557 0.09763538837432861 11920
1675981892660 0.07079420685768127 11960
1675981892774 0.07501386404037476 12000
1675981892901 0.0697735071182251 12040
1675981893020 0.09216383695602418 12080
1675981893123 0.08310002088546753 12120
1675981893295 0.08903415203094482 12160
1675981893403 0.07414616942405701 12200
1675981893529 0.0691999077796936 12240
1675981893697 0.08035848140716553 12280
1675981893810 0.0903847873210907 12320
1675981893912 0.09915034174919128 12360
1675981894022 0.06613876819610595 12400
1675981894138 0.08457484841346741 12440
1675981894244 0.09672523140907288 12480
1675981894357 0.08477867841720581 12520
1675981894499 0.07669918537139893 12560
1675981894609 0.0815220057964325 12600
1675981894739 0.07488119006156921 12640
1675981894886 0.06986882090568543 12680
1675981895075 0.048612064123153685 12720
1675981895187 0.0388941764831543 12760
1675981895290 0.05871771574020386 12800
1675981895392 0.08172107338905335 12840
1675981895514 0.0666805386543274 12880
1675981895655 0.055694442987442014 12920
1675981895760 0.06961244344711304 12960
1675981895878 0.079107004404068 13000
1675981895994 0.08480898141860962 13040
1675981896111 0.05954825282096863 13080
1675981896246 0.07407153248786927 13120
1675981896367 0.07141700387001038 13160
1675981896475 0.054137682914733885 13200
1675981896613 0.06456246972084045 13240
1675981896729 0.06690199375152588 13280
1675981896845 0.07229607701301574 13320
1675981897018 0.05713088512420654 13360
1675981897129 0.07816304564476013 13400
1675981897238 0.06075578331947327 13440
1675981897353 0.07497761845588684 13480
1675981897469 0.07939340472221375 13520
1675981897614 0.08518685698509217 13560
1675981897719 0.06911198496818542 13600
1675981897820 0.05684602856636047 13640
1675981897923 0.10956306457519531 13680
1675981898024 0.05883079767227173 13720
1675981898145 0.051360034942626955 13760
1675981898254 0.08581740260124207 13800
1675981898378 0.05612092018127442 13840
1675981898500 0.08122082352638245 13880
1675981898708 0.06843641996383668 13920
1675981898858 0.07215396165847779 13960
1675981898971 0.09057508111000061 14000
1675981899087 0.06741994619369507 14040
1675981899197 0.09012210965156556 14080
1675981899300 0.049364888668060304 14120
1675981899418 0.07532640099525452 14160
1675981899532 0.09523138999938965 14200
1675981899697 0.06862373352050781 14240
1675981899808 0.07050765156745911 14280
1675981899916 0.07527566552162171 14320
1675981900021 0.040359866619110105 14360
1675981900133 0.05911552906036377 14400
1675981900265 0.06547173261642455 14440
1675981900388 0.06915854215621949 14480
1675981900502 0.06618790030479431 14520
1675981900658 0.06371120214462281 14560
1675981900762 0.05997064709663391 14600
1675981900864 0.11931339502334595 14640
1675981900991 0.0874265730381012 14680
1675981901252 0.06551390886306763 14720
1675981901366 0.0910316526889801 14760
1675981901474 0.06771103143692017 14800
1675981901645 0.06842254400253296 14840
1675981901782 0.07831106781959533 14880
1675981901890 0.050769096612930296 14920
1675981902003 0.06426972150802612 14960
1675981902117 0.05651860237121582 15000
1675981902235 0.042983388900756835 15040
1675981902348 0.05308675765991211 15080
1675981902455 0.06019955277442932 15120
1675981902562 0.05578546524047852 15160
1675981902713 0.08950204849243164 15200
1675981902821 0.05904531478881836 15240
1675981902943 0.049661552906036376 15280
1675981903050 0.06515392065048217 15320
1675981903180 0.06565210223197937 15360
1675981903312 0.05470703244209289 15400
1675981903422 0.07255107760429383 15440
1675981903527 0.04641682505607605 15480
1675981903634 0.06424862146377563 15520
1675981903784 0.09292277097702026 15560
1675981903914 0.058438068628311156 15600
1675981904042 0.07330306172370911 15640
1675981904156 0.05212847590446472 15680
1675981904267 0.06117602586746216 15720
1675981904388 0.06266749501228333 15760
1675981904504 0.06654689311981202 15800
1675981904614 0.05945290327072143 15840
1675981904712 0.0752913773059845 15880
1675981904850 0.05445454120635986 15920
1675981904960 0.08093195557594299 15960
1675981905059 0.10588982105255126 16000
1675981905166 0.05872177481651306 16040
1675981905310 0.0708018958568573 16080
1675981905430 0.06945394277572632 16120
1675981905537 0.03685910701751709 16160
1675981905687 0.08419472575187684 16200
1675981905822 0.06119356155395508 16240
1675981905943 0.05047127604484558 16280
1675981906063 0.06198288202285766 16320
1675981906168 0.0699956774711609 16360
1675981906313 0.07496941089630127 16400
1675981906423 0.07871605753898621 16440
1675981906520 0.06213497519493103 16480
1675981906628 0.06198442578315735 16520
1675981906783 0.053354310989379886 16560
1675981906915 0.06936811804771423 16600
1675981907030 0.07272600531578063 16640
1675981907145 0.05658953189849854 16680
1675981907269 0.062209701538085936 16720
1675981907430 0.07421525120735169 16760
1675981907546 0.05765955448150635 16800
1675981907660 0.05614044070243836 16840
1675981907760 0.05384866595268249 16880
1675981907901 0.06307989358901978 16920
1675981908012 0.04621923565864563 16960
1675981908117 0.06057642698287964 17000
1675981908230 0.07485955953598022 17040
1675981908336 0.04822300672531128 17080
1675981908452 0.06517420411109924 17120
1675981908558 0.04037066102027893 17160
1675981908671 0.05613604784011841 17200
1675981908784 0.06433703303337097 17240
1675981908918 0.06006448268890381 17280
1675981909042 0.05294036865234375 17320
1675981909200 0.0686441957950592 17360
1675981909329 0.044146287441253665 17400
1675981909572 0.056234192848205564 17440
1675981909706 0.08083166480064392 17480
1675981909815 0.0475085437297821 17520
1675981909954 0.049359056353569034 17560
1675981910078 0.08523887395858765 17600
1675981910193 0.06517472863197327 17640
1675981910319 0.05339577794075012 17680
1675981910439 0.05040035843849182 17720
1675981910543 0.07599613666534424 17760
1675981910670 0.06451306343078614 17800
1675981910786 0.044289392232894895 17840
1675981910897 0.0379242479801178 17880
1675981911037 0.0633788526058197 17920
1675981911162 0.05056033730506897 17960
1675981911290 0.07002325654029846 18000
1675981911401 0.04770052134990692 18040
1675981911524 0.08499591946601867 18080
1675981911720 0.07776899933815003 18120
1675981911852 0.053960657119750975 18160
1675981911991 0.06250315308570861 18200
1675981912103 0.04560181200504303 18240
1675981912223 0.045596075057983396 18280
1675981912338 0.06993721723556519 18320
1675981912469 0.057527846097946166 18360
1675981912582 0.0495993435382843 18400
1675981912691 0.05077082514762878 18440
1675981912804 0.04833265244960785 18480
1675981912913 0.040379831194877626 18520
1675981913097 0.060367542505264285 18560
1675981913207 0.047047382593154906 18600
1675981913314 0.0598200261592865 18640
1675981913437 0.05752169489860535 18680
1675981913563 0.05508004426956177 18720
1675981913833 0.04696664810180664 18760
1675981913954 0.06082172989845276 18800
1675981914093 0.05832375288009643 18840
1675981914199 0.06083231568336487 18880
1675981914306 0.05564184188842773 18920
1675981914423 0.05478556752204895 18960
1675981914584 0.04686550796031952 19000
1675981914693 0.0713620901107788 19040
1675981914802 0.06436225771903992 19080
1675981914916 0.07982029914855956 19120
1675981915029 0.06025276184082031 19160
1675981915173 0.08410028219223023 19200
1675981915285 0.047453808784484866 19240
1675981915395 0.055273795127868654 19280
1675981915492 0.048549750447273256 19320
1675981915596 0.05860967636108398 19360
1675981915695 0.04511677324771881 19400
1675981915857 0.05450716018676758 19440
1675981915970 0.0825343132019043 19480
1675981916103 0.06696311235427857 19520
1675981916220 0.05000689625740051 19560
1675981916345 0.055962270498275755 19600
1675981916454 0.0672700822353363 19640
1675981916559 0.07579991221427917 19680
1675981916661 0.03790203332901001 19720
1675981916764 0.08742876052856445 19760
1675981916862 0.04245313704013824 19800
1675981916964 0.06913028359413147 19840
1675981917073 0.07655181288719178 19880
1675981917197 0.04738021492958069 19920
1675981917307 0.06312296390533448 19960
1675981917421 0.05108706951141358 20000
1675981917528 0.07273070812225342 20040
1675981917678 0.08197171092033387 20080
1675981918622 0.03867596983909607 20120
1675981918735 0.058347386121749875 20160
1675981918854 0.05624125599861145 20200
1675981918962 0.06069161891937256 20240
1675981919078 0.055220293998718264 20280
1675981919206 0.08026052117347718 20320
1675981919316 0.06472643613815307 20360
1675981919421 0.07358028888702392 20400
1675981919546 0.0775352418422699 20440
1675981919671 0.06174357533454895 20480
1675981919777 0.044700348377227785 20520
1675981919883 0.074840247631073 20560
1675981920038 0.04233200252056122 20600
1675981920156 0.054204529523849486 20640
1675981920291 0.05256395936012268 20680
1675981920407 0.08072813749313354 20720
1675981920525 0.07076023817062378 20760
1675981920645 0.06413685083389283 20800
1675981920762 0.07825880646705627 20840
1675981920886 0.07289852499961853 20880
1675981921008 0.07416741251945495 20920
1675981921130 0.03806620240211487 20960
1675981921280 0.08173402547836303 21000
1675981921398 0.07898019552230835 21040
1675981921515 0.06375165581703186 21080
1675981921634 0.06214783787727356 21120
1675981921767 0.051145076751708984 21160
1675981921894 0.05292643308639526 21200
1675981922156 0.07343122959136963 21240
1675981922296 0.07154650688171386 21280
1675981922422 0.05740773677825928 21320
1675981922526 0.05532319545745849 21360
1675981922637 0.060171985626220705 21400
1675981922745 0.04946213066577911 21440
1675981922854 0.04844720661640167 21480
1675981922964 0.04040813744068146 21520
1675981923080 0.05503387451171875 21560
1675981923277 0.05075200200080872 21600
1675981923401 0.06896167397499084 21640
1675981923527 0.06503824591636657 21680
1675981923675 0.06155819296836853 21720
1675981923786 0.06742464303970337 21760
1675981923892 0.08545190691947938 21800
1675981924002 0.06078250408172607 21840
1675981924115 0.05499551892280578 21880
1675981924259 0.06982435584068299 21920
1675981924402 0.08609138131141662 21960
1675981924523 0.056016212701797484 22000
1675981924641 0.0618272602558136 22040
1675981924769 0.08193333148956299 22080
1675981924903 0.06572132110595703 22120
1675981925052 0.0678899884223938 22160
1675981925189 0.08179334402084351 22200
1675981925340 0.05480688810348511 22240
1675981925462 0.06785022616386413 22280
1675981925617 0.07237213253974914 22320
1675981925757 0.08108027577400208 22360
1675981925892 0.07077777981758118 22400
1675981926010 0.07825664281845093 22440
1675981926141 0.060758912563323976 22480
1675981926354 0.07549948692321777 22520
1675981926479 0.08336347341537476 22560
1675981926602 0.06086803078651428 22600
1675981926719 0.08401519656181336 22640
1675981926842 0.0663736879825592 22680
1675981926946 0.0509207546710968 22720
1675981927084 0.044361427426338196 22760
1675981927211 0.03305897414684296 22800
1675981927330 0.0539841890335083 22840
1675981927479 0.07074341773986817 22880
1675981927596 0.06997928619384766 22920
1675981927700 0.04260476529598236 22960
1675981927823 0.06745351552963257 23000
1675981927927 0.0649604082107544 23040
1675981928055 0.07939298152923584 23080
1675981928167 0.05649954676628113 23120
1675981928444 0.06553038358688354 23160
1675981928559 0.07106517553329468 23200
1675981928687 0.0504647970199585 23240
1675981928801 0.05502860546112061 23280
1675981928906 0.04934156537055969 23320
1675981929024 0.06377310156822205 23360
1675981929128 0.047438570857048036 23400
1675981929233 0.0654404878616333 23440
1675981929335 0.06869481801986695 23480
1675981929474 0.06112566590309143 23520
1675981929627 0.07159953713417053 23560
1675981929748 0.07101678252220153 23600
1675981929870 0.07473092079162598 23640
1675981929991 0.043724507093429565 23680
1675981930114 0.08902341723442078 23720
1675981930234 0.07014918327331543 23760
1675981930393 0.03813680410385132 23800
1675981930548 0.06967474818229676 23840
1675981930667 0.06207854151725769 23880
1675981930775 0.06982590556144715 23920
1675981930880 0.056486374139785765 23960
1675981930985 0.06759851574897766 24000
1675981931091 0.0702847957611084 24040
1675981931196 0.0672024130821228 24080
1675981931333 0.060936689376831055 24120
1675981931446 0.06293322443962097 24160
1675981931637 0.06191943883895874 24200
1675981931751 0.0855488896369934 24240
1675981931866 0.06371714472770691 24280
1675981931981 0.059777462482452394 24320
1675981932083 0.06570526361465454 24360
1675981932206 0.03676795661449432 24400
1675981932321 0.05663098692893982 24440
1675981932471 0.0601256787776947 24480
1675981932617 0.0729364275932312 24520
1675981932724 0.048484358191490176 24560
1675981932836 0.062200617790222165 24600
1675981932952 0.05373898148536682 24640
1675981933058 0.10378689765930176 24680
1675981933171 0.06932446360588074 24720
1675981933280 0.06715238094329834 24760
1675981933386 0.07697320580482483 24800
1675981933498 0.07432811260223389 24840
1675981933631 0.058062267303466794 24880
1675981933746 0.07200184464454651 24920
1675981933857 0.050284171104431154 24960
1675981933960 0.059437131881713866 25000
1675981934083 0.06097251772880554 25040
1675981934195 0.03561761677265167 25080
1675981934304 0.04654462337493896 25120
1675981934420 0.053585600852966306 25160
1675981934601 0.05240445137023926 25200
1675981934723 0.0804107666015625 25240
1675981934836 0.05734249949455261 25280
1675981934947 0.054686355590820315 25320
1675981935067 0.059957611560821536 25360
1675981935180 0.05107817053794861 25400
1675981935289 0.05350033640861511 25440
1675981935410 0.06880413293838501 25480
1675981935523 0.05145987868309021 25520
1675981935712 0.05916755795478821 25560
1675981935832 0.06496394872665405 25600
1675981935979 0.0533366322517395 25640
1675981936101 0.0684938907623291 25680
1675981936238 0.05344985723495484 25720
1675981936371 0.056653445959091185 25760
1675981936483 0.06923691630363464 25800
1675981936853 0.04751351475715637 25840
1675981936968 0.05885695815086365 25880
1675981937088 0.0554027795791626 25920
1675981937211 0.06555859446525573 25960
1675981937326 0.0654118835926056 26000
1675981937448 0.109230375289917 26040
1675981937559 0.0548136293888092 26080
1675981937700 0.06088585257530212 26120
1675981937825 0.07391554117202759 26160
1675981937929 0.034527137875556946 26200
1675981938038 0.06935536861419678 26240
1675981938162 0.0481725811958313 26280
1675981938286 0.058393698930740354 26320
1675981938406 0.060353982448577884 26360
1675981938517 0.06535854935646057 26400
1675981938636 0.07664541006088257 26440
1675981938825 0.07515568733215332 26480
1675981938933 0.07413800358772278 26520
1675981939054 0.05802246332168579 26560
1675981939207 0.05401254892349243 26600
1675981939312 0.05522031188011169 26640
1675981939462 0.07499165534973144 26680
1675981939632 0.05851172208786011 26720
1675981939760 0.050994867086410524 26760
1675981939886 0.09938368797302247 26800
1675981940015 0.0636522650718689 26840
1675981940124 0.05565822124481201 26880
1675981940239 0.05430725812911987 26920
1675981940354 0.05793123841285706 26960
1675981940491 0.04356121718883514 27000
1675981940618 0.0623318076133728 27040
1675981940758 0.07507164478302002 27080
1675981940934 0.05215329527854919 27120
1675981941051 0.05987406969070434 27160
1675981941182 0.042707976698875424 27200
1675981941331 0.056608134508132936 27240
1675981941446 0.05849564075469971 27280
1675981941561 0.05434662699699402 27320
1675981941717 0.059002000093460086 27360
1675981941891 0.07965670228004455 27400
1675981942008 0.035501566529273984 27440
1675981942126 0.046443238854408264 27480
1675981942235 0.0842223346233368 27520
1675981942346 0.043540602922439574 27560
1675981942465 0.055275732278823854 27600
1675981942602 0.07537476420402527 27640
1675981942718 0.07296124696731568 27680
1675981942868 0.05803530812263489 27720
1675981943102 0.04537378549575806 27760
1675981943221 0.06385667324066162 27800
1675981943322 0.06124846935272217 27840
1675981943433 0.04453658163547516 27880
1675981943536 0.042602372169494626 27920
1675981943651 0.04833096861839294 27960
1675981943816 0.05102607607841492 28000
1675981943958 0.06317594647407532 28040
1675981944076 0.04731144607067108 28080
1675981944189 0.07958996295928955 28120
1675981944310 0.06919991374015808 28160
1675981944432 0.055405980348587035 28200
1675981944544 0.062347042560577395 28240
1675981944659 0.039245587587356565 28280
1675981944774 0.03880972862243652 28320
1675981944934 0.05994192361831665 28360
1675981945050 0.06454846262931824 28400
1675981945193 0.04455837607383728 28440
1675981945317 0.0408432275056839 28480
1675981945435 0.042426294088363646 28520
1675981945561 0.046113121509552005 28560
1675981945672 0.05122748613357544 28600
1675981945807 0.04817309081554413 28640
1675981945948 0.047235319018363954 28680
1675981946068 0.0669937252998352 28720
1675981946193 0.05283464193344116 28760
1675981946327 0.04793605804443359 28800
1675981946444 0.05324841737747192 28840
1675981946575 0.060759156942367554 28880
1675981946694 0.059847861528396606 28920
1675981946821 0.05085088610649109 28960
1675981946926 0.0435465395450592 29000
1675981947052 0.05011125206947327 29040
1675981947222 0.06343379020690917 29080
1675981947358 0.0516457200050354 29120
1675981947483 0.05968416929244995 29160
1675981947639 0.06890177130699157 29200
1675981947758 0.08324957489967347 29240
1675981947881 0.042372068762779234 29280
1675981948031 0.04894395172595978 29320
1675981948142 0.05179083943367004 29360
1675981948256 0.03769616782665253 29400
1675981948376 0.0544544517993927 29440
1675981948503 0.04561079740524292 29480
1675981948638 0.06927586793899536 29520
1675981948965 0.06476162075996399 29560
1675981949115 0.05617383122444153 29600
1675981949265 0.049820584058761594 29640
1675981949374 0.05681471228599548 29680
1675981949480 0.0688517928123474 29720
1675981949589 0.030054146051406862 29760
1675981949726 0.06380090713500977 29800
1675981949839 0.04887158572673798 29840
1675981949948 0.07305023670196534 29880
1675981950101 0.06729320287704468 29920
1675981950215 0.05004461407661438 29960
1675981950320 0.06507273316383362 30000
1675981950429 0.050174617767333986 30040
1675981950533 0.059278690814971925 30080
1675981950654 0.07978063821792603 30120
