1675864854618 0.01732960343360901 0
1675864855268 29.795208740234376 40
1675864855929 27.4792236328125 80
1675864856560 27.719989013671874 120
1675864857210 28.453024291992186 160
1675864857853 28.06751403808594 200
1675864858536 25.7462890625 240
1675864859172 29.77567138671875 280
1675864859844 28.355392456054688 320
1675864860517 27.97335205078125 360
1675864861169 28.57130126953125 400
1675864861806 26.74657287597656 440
1675864862431 30.849078369140624 480
1675864863085 28.304928588867188 520
1675864863737 26.458084106445312 560
1675864864408 29.137265014648438 600
1675864865045 28.479635620117186 640
1675864865696 26.86029968261719 680
1675864866353 28.13795166015625 720
1675864866985 29.517727661132813 760
1675864867631 28.364886474609374 800
1675864868266 29.266741943359374 840
1675864868916 30.190652465820314 880
1675864869532 28.746588134765624 920
1675864870264 28.674478149414064 960
1675864870902 29.07654724121094 1000
1675864871562 29.58829345703125 1040
1675864872199 29.255908203125 1080
1675864872828 28.652655029296874 1120
1675864873482 25.09253387451172 1160
1675864874130 28.465963745117186 1200
1675864874778 30.006414794921874 1240
1675864875411 30.05909423828125 1280
1675864876074 26.79971923828125 1320
1675864876693 29.192333984375 1360
1675864877334 28.065020751953124 1400
1675864878011 29.54271240234375 1440
1675864878645 28.936868286132814 1480
1675864879314 28.854913330078126 1520
1675864879955 26.769589233398438 1560
1675864880596 29.81781921386719 1600
1675864881245 30.212478637695312 1640
1675864881894 30.53228759765625 1680
1675864882529 29.403607177734376 1720
1675864883161 29.512265014648438 1760
1675864883813 30.2057373046875 1800
1675864884448 28.24608459472656 1840
1675864885088 30.10330810546875 1880
1675864885730 28.913113403320313 1920
1675864886356 30.787066650390624 1960
1675864886987 29.707720947265624 2000
1675864887619 26.645074462890626 2040
1675864888268 29.251348876953124 2080
1675864888906 28.44281921386719 2120
1675864889541 29.278463745117186 2160
1675864890208 29.105987548828125 2200
1675864890877 26.120401000976564 2240
1675864891544 28.9943359375 2280
1675864892197 30.625054931640626 2320
1675864892870 27.696588134765626 2360
1675864893514 28.192877197265624 2400
1675864894143 29.470114135742186 2440
1675864894786 26.41929931640625 2480
1675864895445 30.480029296875 2520
1675864896081 28.003155517578126 2560
1675864896729 27.421014404296876 2600
1675864897362 28.259671020507813 2640
1675864898037 29.403192138671876 2680
1675864898740 28.831869506835936 2720
1675864899463 27.250054931640626 2760
1675864900109 27.617486572265626 2800
1675864900746 31.4672607421875 2840
1675864901359 28.932894897460937 2880
1675864901986 28.17115478515625 2920
1675864902631 28.400668334960937 2960
1675864903344 29.569314575195314 3000
1675864904034 27.999240112304687 3040
1675864904678 26.113876342773438 3080
1675864905371 27.677413940429688 3120
1675864906093 29.17695007324219 3160
1675864906722 29.402957153320312 3200
1675864907366 28.845294189453124 3240
1675864908011 27.70660400390625 3280
1675864908661 28.430435180664062 3320
1675864909313 27.874728393554687 3360
1675864910029 29.166546630859376 3400
1675864910726 27.221591186523437 3440
1675864911469 28.388720703125 3480
1675864912116 29.08765869140625 3520
1675864912767 28.178268432617188 3560
1675864913439 28.194320678710938 3600
1675864914098 28.959197998046875 3640
1675864914792 29.34424743652344 3680
1675864915447 26.780120849609375 3720
1675864916109 27.249447631835938 3760
1675864916771 30.163238525390625 3800
1675864917406 29.547796630859374 3840
1675864918056 27.566195678710937 3880
1675864918775 30.679946899414062 3920
1675864919434 29.489089965820312 3960
1675864920136 29.03459777832031 4000
1675864920899 28.317153930664062 4040
1675864921551 29.92054443359375 4080
1675864922213 27.040908813476562 4120
1675864922857 26.121270751953126 4160
1675864923531 30.192337036132812 4200
1675864924208 28.84493408203125 4240
1675864924838 27.257485961914064 4280
1675864925474 28.950750732421874 4320
1675864926130 27.505810546875 4360
1675864926814 27.97239990234375 4400
1675864927456 27.169476318359376 4440
1675864928124 28.5539306640625 4480
1675864928797 27.0339111328125 4520
1675864929509 31.732321166992186 4560
1675864930200 27.56763916015625 4600
