1675854955469 0.6910518407821655 0
1675854955511 0.6858066320419312 1
1675854955553 0.6733587980270386 2
1675854955593 0.6673322319984436 3
1675854955642 0.6177663207054138 4
1675854955680 0.6740709543228149 5
1675854955717 0.6785842180252075 6
1675854955754 0.6769213676452637 7
1675854955793 0.7100788950920105 8
1675854955838 0.558113157749176 9
1675854955879 0.5525692105293274 10
1675854955919 0.5797818303108215 11
1675854955960 0.653832197189331 12
1675854956000 0.6519085168838501 13
1675854956041 0.7017729878425598 14
1675854956083 0.5386261343955994 15
1675854956119 0.682883620262146 16
1675854956159 0.5568580031394958 17
1675854956198 0.5591006875038147 18
1675854956241 0.5397427082061768 19
1675854956287 0.4978114366531372 20
1675854956327 0.5805330872535706 21
1675854956370 0.5046675801277161 22
1675854956413 0.5368659496307373 23
1675854956450 0.5443518161773682 24
1675854956498 0.4437009394168854 25
1675854956539 0.7472493648529053 26
1675854956579 0.6339579820632935 27
1675854956623 0.4876399040222168 28
1675854956660 0.6589789986610413 29
1675854956700 0.6070645451545715 30
1675854956741 0.6672542095184326 31
1675854956783 0.5442698001861572 32
1675854956820 0.6057151556015015 33
1675854956859 0.5277150273323059 34
1675854956900 0.5078033804893494 35
1675854956944 0.48730194568634033 36
1675854956992 0.43390876054763794 37
1675854957032 0.6478245854377747 38
1675854957079 0.47566965222358704 39
1675854957118 0.348226398229599 40
1675854957161 0.6210042834281921 41
1675854957217 0.2737945318222046 42
1675854957260 0.48953375220298767 43
1675854957303 0.3698139488697052 44
1675854957344 0.40649908781051636 45
1675854957387 0.4080561697483063 46
1675854957433 0.32451802492141724 47
1675854957476 0.32948383688926697 48
1675854957515 0.36509713530540466 49
1675854957554 0.2505738139152527 50
1675854957595 0.32218143343925476 51
1675854957641 0.5729193687438965 52
1675854957679 0.5381805896759033 53
1675854957720 0.6677213311195374 54
1675854957760 0.3027053475379944 55
1675854957808 0.3535507023334503 56
1675854957852 0.3624507784843445 57
1675854957891 0.36014464497566223 58
1675854957928 0.3112662434577942 59
1675854957973 0.36412498354911804 60
1675854958013 0.49579566717147827 61
1675854958053 0.44480982422828674 62
1675854958092 0.535245954990387 63
1675854958142 0.3309890925884247 64
1675854958179 0.3021756708621979 65
1675854958221 0.44827932119369507 66
1675854958263 0.3106125295162201 67
1675854958301 0.27891069650650024 68
1675854958351 0.3267660140991211 69
1675854958389 0.44051042199134827 70
1675854958428 0.27909335494041443 71
1675854958469 0.17079010605812073 72
1675854958513 0.3816877603530884 73
1675854958551 0.7636439800262451 74
1675854958592 0.4148755967617035 75
1675854958630 0.335330069065094 76
1675854958673 0.24766159057617188 77
1675854958712 0.4851202070713043 78
1675854958749 0.35687193274497986 79
1675854958792 0.39852866530418396 80
1675854958832 0.672627329826355 81
1675854958869 0.24575793743133545 82
1675854958908 0.14310233294963837 83
1675854958947 0.5127228498458862 84
1675854958990 0.35419824719429016 85
1675854959028 0.2971973121166229 86
1675854959069 0.5234522819519043 87
1675854959114 0.41170641779899597 88
1675854959155 0.4862612187862396 89
1675854959194 0.6419001817703247 90
1675854959232 0.1714009940624237 91
1675854959271 0.15875689685344696 92
1675854959312 0.38490521907806396 93
1675854959358 0.31048867106437683 94
1675854959395 0.40724867582321167 95
1675854959436 0.2975495159626007 96
1675854959475 0.3756287395954132 97
1675854959512 0.674167811870575 98
1675854959561 0.24979595839977264 99
1675854959610 0.5123064517974854 100
1675854959652 0.3494623303413391 101
1675854959692 0.37494561076164246 102
1675854959733 0.3957583010196686 103
1675854959776 0.31606972217559814 104
1675854959817 0.5075122117996216 105
1675854959855 0.21526800096035004 106
1675854959896 0.08437389135360718 107
1675854959940 0.29330435395240784 108
1675854959984 0.2374020665884018 109
1675854960027 0.3274436891078949 110
1675854960069 0.1599619835615158 111
1675854960109 0.23852184414863586 112
1675854960153 0.9672034382820129 113
1675854960194 0.049541227519512177 114
1675854960236 0.05296510457992554 115
1675854960280 0.10792627930641174 116
1675854960325 0.34926873445510864 117
1675854960364 0.06236271932721138 118
1675854960408 0.4989181160926819 119
1675854960448 0.14294283092021942 120
1675854960494 0.558890700340271 121
1675854960538 0.3641388416290283 122
1675854960581 0.07693856209516525 123
1675854960621 0.22443948686122894 124
1675854960665 0.3572658896446228 125
1675854960703 0.6459780931472778 126
1675854960741 0.09238628298044205 127
1675854960780 0.6920602321624756 128
1675854960818 0.5594682693481445 129
1675854960857 0.3374110758304596 130
1675854960897 0.38827645778656006 131
1675854960955 0.32493817806243896 132
1675854960992 0.32296591997146606 133
1675854961050 0.33814623951911926 134
1675854961089 0.3702423572540283 135
1675854961127 0.3747950494289398 136
1675854961165 0.829613447189331 137
1675854961203 0.08867508918046951 138
1675854961241 0.4008181393146515 139
1675854961280 0.6643694043159485 140
1675854961322 0.3530622124671936 141
1675854961373 0.2704152464866638 142
1675854961414 0.10477256774902344 143
1675854961457 0.28358420729637146 144
1675854961500 0.29056698083877563 145
1675854961540 0.18813461065292358 146
1675854961579 0.44917526841163635 147
1675854961632 0.2743794620037079 148
1675854961669 0.1313873827457428 149
1675854961708 0.07984205335378647 150
1675854961747 0.014059160836040974 151
1675854961788 0.006815523374825716 152
1675854961827 0.650757372379303 153
1675854961866 1.5616817474365234 154
1675854961905 0.4633103311061859 155
1675854961944 0.4954264760017395 156
1675854961986 0.35347381234169006 157
1675854962025 0.10926420986652374 158
1675854962066 0.3722083866596222 159
1675854962109 0.2035617232322693 160
1675854962152 0.5478268265724182 161
1675854962191 0.55652916431427 162
1675854962231 0.2772386968135834 163
1675854962273 0.32487085461616516 164
1675854962311 0.40164893865585327 165
1675854962358 0.33669987320899963 166
1675854962395 0.22246059775352478 167
1675854962441 0.33510127663612366 168
1675854962486 0.2777650058269501 169
1675854962532 0.28695935010910034 170
1675854962573 0.36622464656829834 171
1675854962613 0.20048126578330994 172
1675854962661 0.2036972939968109 173
1675854962703 0.2568768858909607 174
1675854962747 0.2009928822517395 175
1675854962787 0.214990496635437 176
1675854962829 0.5383633971214294 177
1675854962874 0.35581207275390625 178
1675854962914 0.09156763553619385 179
1675854962953 0.1766783893108368 180
1675854962995 0.33297404646873474 181
1675854963039 0.3680637776851654 182
1675854963091 0.4368232786655426 183
1675854963132 0.13940522074699402 184
1675854963171 0.0985221192240715 185
1675854963213 0.5560867190361023 186
1675854963251 0.45219165086746216 187
1675854963294 0.042979028075933456 188
1675854963332 0.06712782382965088 189
1675854963374 0.1926897168159485 190
1675854963418 0.02038474939763546 191
1675854963464 0.23949067294597626 192
1675854963507 0.030761078000068665 193
1675854963552 1.6017297506332397 194
1675854963598 0.5891319513320923 195
1675854963653 0.3233785331249237 196
1675854963694 0.04956216365098953 197
1675854963733 0.193916454911232 198
1675854963774 0.16609516739845276 199
1675854963814 0.3903764486312866 200
1675854963859 0.3336101770401001 201
1675854963904 0.30989134311676025 202
1675854963943 0.06659667938947678 203
1675854963996 0.3697824478149414 204
1675854964035 0.4171428084373474 205
1675854964077 0.3502066135406494 206
1675854964119 0.231184184551239 207
1675854964160 0.07282175123691559 208
1675854964201 0.37277692556381226 209
1675854964242 0.039726972579956055 210
1675854964285 0.21336892247200012 211
1675854964330 0.1769801378250122 212
1675854964382 0.36671727895736694 213
1675854964431 0.4850998818874359 214
1675854964482 0.09729823470115662 215
1675854964524 0.28285738825798035 216
1675854964566 0.12558571994304657 217
1675854964609 0.2466467171907425 218
1675854964650 0.1609368473291397 219
1675854964689 0.22644758224487305 220
1675854964741 0.25733891129493713 221
1675854964782 0.3170159161090851 222
1675854964831 0.3303762674331665 223
1675854964872 0.12120082229375839 224
1675854964921 0.20529453456401825 225
1675854964962 0.45445650815963745 226
1675854965006 0.44216305017471313 227
1675854965046 0.1455422192811966 228
1675854965090 0.1614873707294464 229
1675854965144 0.5572952628135681 230
1675854965185 0.2161007523536682 231
1675854965225 0.35118797421455383 232
1675854965278 0.33439964056015015 233
1675854965318 0.7523893117904663 234
1675854965361 0.297958105802536 235
1675854965406 0.39331015944480896 236
1675854965448 0.02848646230995655 237
1675854965490 0.13311922550201416 238
1675854965532 0.20717602968215942 239
1675854965577 0.5294988751411438 240
1675854965618 0.29895931482315063 241
1675854965659 0.09039545804262161 242
1675854965699 0.10354311019182205 243
1675854965736 0.26832959055900574 244
1675854965775 0.11501529067754745 245
1675854965819 0.4696406126022339 246
1675854965870 0.36377349495887756 247
1675854965913 0.08634454756975174 248
1675854965955 0.05256301537156105 249
1675854966004 0.5016899704933167 250
1675854966054 0.28010672330856323 251
1675854966097 0.16520898044109344 252
1675854966139 0.3887607753276825 253
1675854966186 0.168185293674469 254
1675854966228 0.1294039785861969 255
1675854966272 0.20433101058006287 256
1675854966314 0.06487672030925751 257
1675854966360 0.1970822960138321 258
1675854966398 0.13124501705169678 259
1675854966438 0.004164277575910091 260
1675854966478 0.012253786437213421 261
1675854966526 0.4934154748916626 262
1675854966566 0.23516574501991272 263
1675854966606 0.014351864345371723 264
1675854966649 0.008791109547019005 265
1675854966695 0.3972104787826538 266
1675854966738 0.03711511194705963 267
1675854966779 0.10394225269556046 268
1675854966820 1.4030355215072632 269
1675854966860 0.07296005636453629 270
1675854966902 0.42330649495124817 271
1675854966942 0.17246600985527039 272
1675854966979 0.8370314836502075 273
1675854967018 0.4917117655277252 274
1675854967058 0.3115355670452118 275
1675854967102 0.5386573076248169 276
1675854967156 0.24095971882343292 277
1675854967196 0.37820684909820557 278
1675854967235 0.5506041646003723 279
1675854967277 0.32017549872398376 280
1675854967320 0.3856864869594574 281
1675854967367 0.3341933488845825 282
1675854967406 0.31948792934417725 283
1675854967448 0.34232887625694275 284
1675854967500 0.2759110927581787 285
1675854967539 0.20297637581825256 286
1675854967580 0.1836346685886383 287
1675854967620 0.17084850370883942 288
1675854967660 0.21366995573043823 289
1675854967703 0.21826663613319397 290
1675854967755 0.18405601382255554 291
1675854967796 0.1825815886259079 292
1675854967845 0.2391446828842163 293
1675854967893 0.2810131013393402 294
1675854967933 0.2231018990278244 295
1675854967973 0.31570857763290405 296
1675854968015 2.003300428390503 297
1675854968054 0.3417593240737915 298
1675854968095 0.27888864278793335 299
1675854968137 0.3501948118209839 300
1675854968181 0.29074758291244507 301
1675854968222 0.21857433021068573 302
1675854968263 0.4957110583782196 303
1675854968305 0.38640445470809937 304
1675854968347 0.3061123192310333 305
1675854968388 0.41645345091819763 306
1675854968431 0.12402013689279556 307
1675854968473 0.31409525871276855 308
1675854968514 0.19366952776908875 309
1675854968560 0.2148745059967041 310
1675854968600 0.22313901782035828 311
1675854968641 0.5425417423248291 312
1675854968687 0.1304747313261032 313
1675854968727 0.13167431950569153 314
1675854968768 0.5320653319358826 315
1675854968812 0.14290671050548553 316
1675854968850 0.6332266926765442 317
1675854968890 0.3925093710422516 318
1675854968928 1.5994436740875244 319
1675854968965 0.08565608412027359 320
1675854969032 0.16395163536071777 321
1675854969073 0.45476222038269043 322
1675854969117 0.6104165315628052 323
1675854969157 0.5223429799079895 324
1675854969196 0.5408143401145935 325
1675854969235 0.30201637744903564 326
1675854969281 0.43152037262916565 327
1675854969321 0.2644650340080261 328
1675854969364 0.37033069133758545 329
1675854969410 0.4307954013347626 330
1675854969449 0.24568288028240204 331
1675854969487 0.6607078313827515 332
1675854969526 0.4712495803833008 333
1675854969567 0.13561327755451202 334
1675854969610 0.27766695618629456 335
1675854969650 0.15849493443965912 336
1675854969690 0.15370896458625793 337
1675854969728 1.364803433418274 338
1675854969768 0.16972628235816956 339
1675854969807 0.16413947939872742 340
1675854969851 0.23934264481067657 341
1675854969891 0.5585988163948059 342
1675854969938 0.4719589054584503 343
1675854969978 0.586645245552063 344
1675854970016 0.28923314809799194 345
1675854970057 0.05112452059984207 346
1675854970105 0.4668141007423401 347
1675854970153 0.2723239064216614 348
1675854970192 0.06142372265458107 349
1675854970231 0.09888031333684921 350
1675854970283 0.30947014689445496 351
1675854970322 0.21454128623008728 352
1675854970363 0.19627884030342102 353
1675854970404 0.1747591197490692 354
1675854970452 0.22736403346061707 355
1675854970494 0.31284376978874207 356
1675854970539 0.2792658805847168 357
1675854970579 0.38863179087638855 358
1675854970617 0.23331129550933838 359
1675854970656 0.020951859652996063 360
1675854970703 0.38734710216522217 361
1675854970743 0.44713565707206726 362
1675854970782 0.20540761947631836 363
1675854970824 0.033030133694410324 364
1675854970863 0.04168476164340973 365
1675854970902 0.07039333879947662 366
1675854970943 0.10902294516563416 367
1675854970984 0.03375430405139923 368
1675854971021 0.07814473658800125 369
1675854971064 0.25113770365715027 370
1675854971104 0.08815186470746994 371
1675854971144 0.04884065315127373 372
1675854971186 0.03478246182203293 373
1675854971227 0.007994416169822216 374
1675854971272 0.12285225093364716 375
1675854971322 0.3030956983566284 376
1675854971374 0.3005214333534241 377
1675854971414 0.015784094110131264 378
1675854971454 0.23793163895606995 379
1675854971494 0.002278037602081895 380
1675854971537 1.6006085872650146 381
1675854971580 0.18005099892616272 382
1675854971628 0.10005295276641846 383
1675854971667 0.43697208166122437 384
1675854971713 0.3392641842365265 385
1675854971754 0.3072730004787445 386
1675854971798 0.33422932028770447 387
1675854971837 0.4431234300136566 388
1675854971877 0.07460211962461472 389
1675854971929 0.23675701022148132 390
1675854971968 0.3487256169319153 391
1675854972014 0.1673729568719864 392
1675854972054 0.2786155343055725 393
1675854972092 0.16580045223236084 394
1675854972134 0.25902900099754333 395
1675854972176 0.3186188340187073 396
1675854972229 0.3644905984401703 397
1675854972273 0.24390271306037903 398
1675854972319 0.253429651260376 399
1675854972359 0.25589248538017273 400
1675854972408 0.1901099979877472 401
1675854972462 0.30595794320106506 402
1675854972502 0.445290744304657 403
1675854972548 0.43631723523139954 404
1675854972589 0.14426347613334656 405
1675854972630 0.15838317573070526 406
1675854972686 0.2288707047700882 407
1675854972729 0.5456275939941406 408
1675854972770 0.04318505525588989 409
1675854972811 0.2681078016757965 410
1675854972850 0.14545400440692902 411
1675854972892 0.43383508920669556 412
1675854972932 0.13269253075122833 413
1675854972978 0.10227663069963455 414
1675854973016 0.15732796490192413 415
1675854973058 0.2675504684448242 416
1675854973098 0.19474689662456512 417
1675854973140 0.03738394007086754 418
1675854973180 0.14557990431785583 419
1675854973224 0.1912698894739151 420
1675854973268 0.03273196145892143 421
1675854973313 0.11282476037740707 422
1675854973355 0.14058716595172882 423
1675854973395 0.13019122183322906 424
1675854973438 0.2900426983833313 425
1675854973479 0.5137614011764526 426
1675854973520 0.042238909751176834 427
1675854973577 0.14515459537506104 428
1675854973618 0.07013048231601715 429
1675854973666 0.23536235094070435 430
1675854973711 0.009556512348353863 431
1675854973762 0.34111741185188293 432
1675854973818 0.1626216620206833 433
1675854973860 0.12787681818008423 434
1675854973900 0.22867000102996826 435
1675854973944 0.40138736367225647 436
1675854973991 0.19933053851127625 437
1675854974036 0.2529347836971283 438
1675854974078 0.25959205627441406 439
1675854974118 0.16953778266906738 440
1675854974157 0.15256676077842712 441
1675854974196 0.27617955207824707 442
1675854974241 0.18569330871105194 443
1675854974280 0.38655561208724976 444
1675854974321 0.4742428958415985 445
1675854974361 0.12619911134243011 446
1675854974403 0.39719903469085693 447
1675854974443 0.11530014127492905 448
1675854974493 0.3840451240539551 449
1675854974535 0.03460884466767311 450
1675854974575 0.012370048090815544 451
1675854974614 0.1613975465297699 452
1675854974657 0.21542541682720184 453
1675854974697 0.023239461705088615 454
1675854974738 0.33422568440437317 455
1675854974776 0.009633115492761135 456
1675854974820 0.16796793043613434 457
1675854974858 0.08182646334171295 458
1675854974901 0.3821489214897156 459
1675854974947 0.07556471228599548 460
1675854974986 0.002241150476038456 461
1675854975029 0.030529538169503212 462
1675854975071 0.2956240475177765 463
1675854975109 0.10434745252132416 464
1675854975150 0.7823345065116882 465
1675854975192 0.246178537607193 466
1675854975234 0.006505054421722889 467
1675854975273 0.0447087362408638 468
1675854975316 0.29084259271621704 469
1675854975353 0.2459079921245575 470
1675854975394 0.14813750982284546 471
1675854975436 0.3951175808906555 472
1675854975474 0.0021253328304737806 473
1675854975513 0.009590374305844307 474
1675854975551 0.09985122084617615 475
1675854975591 0.1523696631193161 476
1675854975631 0.002668308559805155 477
1675854975673 0.25178685784339905 478
1675854975714 8.773969966568984e-06 479
1675854975754 0.012117402628064156 480
1675854975798 0.4962947368621826 481
1675854975838 0.005691023077815771 482
1675854975875 0.0065062143839895725 483
1675854975914 0.14659826457500458 484
1675854975954 0.04343029484152794 485
1675854975998 0.013182277791202068 486
1675854976036 0.41889065504074097 487
1675854976077 0.4415021538734436 488
1675854976119 0.6263836622238159 489
1675854976175 0.22472859919071198 490
1675854976215 0.1465960592031479 491
1675854976255 0.029923783615231514 492
1675854976306 0.1301027238368988 493
1675854976362 0.1495973914861679 494
1675854976403 0.08479703962802887 495
1675854976444 0.1126258373260498 496
1675854976486 0.001030501676723361 497
1675854976526 0.1073986068367958 498
1675854976563 0.2558049261569977 499
1675854976618 0.32489287853240967 500
1675854976658 0.08586767315864563 501
1675854976701 0.4604477286338806 502
1675854976744 0.004572703503072262 503
1675854976791 0.2635430693626404 504
1675854976834 0.15726520121097565 505
1675854976876 0.11783543974161148 506
1675854976915 0.0901443287730217 507
1675854976955 0.3192785680294037 508
1675854976995 0.013665423728525639 509
1675854977035 0.19932247698307037 510
1675854977075 0.25748857855796814 511
1675854977116 0.09500626474618912 512
1675854977162 0.5033906698226929 513
1675854977201 0.005749479867517948 514
1675854977248 0.25612643361091614 515
1675854977291 0.002866217168048024 516
1675854977333 0.1613272726535797 517
1675854977373 0.20747555792331696 518
1675854977417 0.44434839487075806 519
1675854977458 0.012528127990663052 520
1675854977504 0.16874711215496063 521
1675854977548 0.09804128855466843 522
1675854977592 0.2233838140964508 523
1675854977633 0.05874409154057503 524
1675854977671 0.40816980600357056 525
1675854977719 0.14505824446678162 526
1675854977760 0.5251951813697815 527
1675854977800 0.43219149112701416 528
1675854977841 0.1888694018125534 529
1675854977886 0.12332528084516525 530
1675854977937 0.24578367173671722 531
1675854977985 0.13060887157917023 532
1675854978028 0.002181070623919368 533
1675854978069 0.09075423330068588 534
1675854978110 0.3183913826942444 535
1675854978152 0.5342102646827698 536
1675854978192 0.35316282510757446 537
1675854978235 0.021406905725598335 538
1675854978282 0.17591361701488495 539
1675854978323 0.024351462721824646 540
1675854978360 0.042458586394786835 541
1675854978405 0.12617355585098267 542
1675854978445 0.34737706184387207 543
1675854978485 0.2918328046798706 544
1675854978525 0.22617419064044952 545
1675854978563 0.24270296096801758 546
1675854978613 0.18055012822151184 547
1675854978653 0.05100921541452408 548
1675854978696 0.03361192345619202 549
1675854978738 0.011480684392154217 550
1675854978779 0.2769024670124054 551
1675854978824 0.17433787882328033 552
1675854978866 0.21754416823387146 553
1675854978910 0.34001779556274414 554
1675854978957 0.2285993993282318 555
1675854978995 0.0021840876433998346 556
1675854979034 0.007906918413937092 557
1675854979075 0.21981367468833923 558
1675854979114 0.08146646618843079 559
1675854979153 0.17941710352897644 560
1675854979190 0.006411788985133171 561
1675854979233 0.11290369182825089 562
1675854979274 0.5952567458152771 563
1675854979312 0.0035030138678848743 564
1675854979349 0.1449592262506485 565
1675854979389 0.11683016270399094 566
1675854979431 0.02027459815144539 567
1675854979469 0.017336485907435417 568
1675854979510 0.01613018848001957 569
1675854979550 0.30660480260849 570
1675854979590 0.018464967608451843 571
1675854979632 0.4757273495197296 572
1675854979676 0.15628306567668915 573
1675854979713 0.05226845666766167 574
1675854979756 0.136471226811409 575
1675854979795 0.17391753196716309 576
1675854979838 0.6868718266487122 577
1675854979878 0.1763821393251419 578
1675854979920 0.006016572471708059 579
1675854979960 0.03657238930463791 580
1675854980001 0.17009635269641876 581
1675854980042 0.5676342844963074 582
1675854980085 0.33561983704566956 583
1675854980126 0.19162897765636444 584
1675854980165 0.9426919221878052 585
1675854980204 0.31901830434799194 586
1675854980243 0.5129210352897644 587
1675854980283 0.08509262651205063 588
1675854980322 0.1288307160139084 589
1675854980360 0.32784849405288696 590
1675854980400 0.2794328033924103 591
1675854980452 0.40409356355667114 592
1675854980496 0.14314225316047668 593
1675854980535 0.03469218313694 594
1675854980576 0.09984547644853592 595
1675854980614 0.3063003718852997 596
1675854980656 0.05484044551849365 597
1675854980696 1.6736191511154175 598
1675854980735 0.14953047037124634 599
1675854980779 0.21597009897232056 600
1675854980817 0.0044236271642148495 601
1675854980854 0.03517569601535797 602
1675854980895 0.09343131631612778 603
1675854980937 0.12070614844560623 604
1675854980978 0.3050900101661682 605
1675854981019 0.04218895733356476 606
1675854981062 0.19155466556549072 607
1675854981101 0.0695696473121643 608
1675854981140 0.18628700077533722 609
1675854981199 0.23430988192558289 610
1675854981238 0.015290588140487671 611
1675854981278 0.4616148769855499 612
1675854981318 0.08968663215637207 613
1675854981357 0.02745090238749981 614
1675854981404 0.11126970499753952 615
1675854981452 0.2341911643743515 616
1675854981509 0.1694009006023407 617
1675854981551 0.22285713255405426 618
1675854981591 0.13689842820167542 619
1675854981631 0.27969446778297424 620
1675854981672 0.4000171422958374 621
1675854981714 0.12283466756343842 622
1675854981750 1.3344037532806396 623
1675854981789 0.7545654773712158 624
1675854981833 0.3969321846961975 625
1675854981877 0.14740480482578278 626
1675854981915 0.1716996282339096 627
1675854981961 0.26238271594047546 628
1675854981999 0.06447215378284454 629
1675854982041 0.3068252503871918 630
1675854982083 0.25533822178840637 631
1675854982123 0.17541757225990295 632
1675854982163 0.12321235984563828 633
1675854982203 0.06892066448926926 634
1675854982242 0.08201618492603302 635
1675854982283 0.1962832510471344 636
1675854982327 0.16420093178749084 637
1675854982365 0.3242103159427643 638
1675854982409 0.17552320659160614 639
1675854982449 0.08427240699529648 640
1675854982491 0.2585853636264801 641
1675854982530 0.1234668716788292 642
1675854982569 0.05492515489459038 643
1675854982611 0.23590373992919922 644
1675854982651 0.16123506426811218 645
1675854982707 0.24761344492435455 646
1675854982747 1.1476969718933105 647
1675854982788 0.2455497682094574 648
1675854982830 0.06866387277841568 649
1675854982870 0.045570120215415955 650
1675854982909 0.08290387690067291 651
1675854982958 0.1150132343173027 652
1675854983000 0.012588566169142723 653
1675854983043 0.1836046427488327 654
1675854983083 0.09146946668624878 655
1675854983122 0.12890803813934326 656
1675854983166 0.1023114025592804 657
1675854983206 0.4539172351360321 658
1675854983245 0.20118336379528046 659
1675854983290 0.27055859565734863 660
1675854983331 0.21479883790016174 661
1675854983371 0.6513178944587708 662
1675854983411 0.2442362755537033 663
1675854983451 0.11908803135156631 664
1675854983496 0.2247394323348999 665
1675854983540 0.1424047350883484 666
1675854983580 0.31752467155456543 667
1675854983620 0.06626932322978973 668
1675854983671 0.20559558272361755 669
1675854983714 0.15031957626342773 670
1675854983753 0.006808856967836618 671
1675854983791 0.2708487808704376 672
1675854983841 0.23338495194911957 673
1675854983882 0.06713993847370148 674
1675854983924 0.0953572541475296 675
1675854983966 0.04085605964064598 676
1675854984007 0.008827130310237408 677
1675854984045 0.47965723276138306 678
1675854984084 0.06422144919633865 679
1675854984121 0.1403510868549347 680
1675854984160 0.05549241229891777 681
1675854984202 0.07613091170787811 682
1675854984243 0.5610201954841614 683
1675854984284 0.12112992256879807 684
1675854984327 0.11533597856760025 685
1675854984365 0.09741280227899551 686
1675854984406 0.3600863516330719 687
1675854984445 0.3170246481895447 688
1675854984487 0.08903872221708298 689
1675854984524 0.2866862714290619 690
1675854984571 0.15723590552806854 691
1675854984614 0.17802490293979645 692
1675854984655 0.2357761710882187 693
1675854984699 0.17781737446784973 694
1675854984740 0.16663086414337158 695
1675854984780 0.21209682524204254 696
1675854984822 0.03490089625120163 697
1675854984861 0.5690582990646362 698
1675854984901 0.11164718866348267 699
1675854984940 0.027380021288990974 700
1675854984980 0.11203157156705856 701
1675854985021 0.06657806038856506 702
1675854985063 0.027919387444853783 703
1675854985106 0.2907664477825165 704
1675854985144 0.2637729048728943 705
1675854985193 0.17143744230270386 706
1675854985238 0.07708662748336792 707
1675854985278 0.04908530414104462 708
1675854985327 0.21284951269626617 709
1675854985371 0.1528804451227188 710
1675854985428 0.2613041400909424 711
1675854985472 0.10995274782180786 712
1675854985511 0.005003198049962521 713
1675854985550 0.06510984897613525 714
1675854985592 0.9112183451652527 715
1675854985629 0.03208018094301224 716
1675854985668 0.0340547040104866 717
1675854985709 0.4208850562572479 718
1675854985748 0.025236105546355247 719
1675854985786 0.009333123452961445 720
1675854985825 0.1399456411600113 721
1675854985869 0.2861368954181671 722
1675854985909 0.10429199039936066 723
1675854985946 0.29709696769714355 724
1675854985985 0.2615146338939667 725
1675854986034 0.1243838518857956 726
1675854986072 0.16996747255325317 727
1675854986115 0.1347622126340866 728
1675854986153 0.24487623572349548 729
1675854986193 0.0834389179944992 730
1675854986233 0.01015862450003624 731
1675854986277 0.3822028338909149 732
1675854986319 0.29653629660606384 733
1675854986359 0.2595003545284271 734
1675854986397 0.11157740652561188 735
1675854986443 0.10847759246826172 736
1675854986483 0.22901968657970428 737
1675854986521 0.5492902994155884 738
1675854986562 0.4427274465560913 739
1675854986604 0.09087519347667694 740
1675854986641 0.5183929204940796 741
1675854986681 0.4457368850708008 742
1675854986723 0.045262012630701065 743
1675854986762 0.03931262344121933 744
1675854986808 0.1034361869096756 745
1675854986876 0.19928517937660217 746
1675854986917 0.03301338106393814 747
1675854986958 0.19084179401397705 748
1675854987002 0.01318877562880516 749
1675854987044 0.17222252488136292 750
1675854987084 0.039193082600831985 751
1675854987130 0.034155260771512985 752
1675854987171 0.11316853761672974 753
1675854987216 0.4046609401702881 754
1675854987261 0.009249185211956501 755
1675854987303 0.10142926871776581 756
1675854987342 0.3977982997894287 757
1675854987383 0.24945858120918274 758
1675854987422 0.0038302771281450987 759
1675854987464 0.16142286360263824 760
1675854987507 0.19538061320781708 761
1675854987549 0.15575768053531647 762
1675854987592 0.34049147367477417 763
1675854987632 0.10877769440412521 764
1675854987671 0.2790485918521881 765
1675854987713 0.03375760838389397 766
1675854987754 0.10845097154378891 767
1675854987797 0.170303076505661 768
1675854987834 0.055024147033691406 769
1675854987878 0.1078268438577652 770
1675854987918 0.5654615163803101 771
1675854987959 0.3608954846858978 772
1675854988013 0.9367619752883911 773
1675854988052 0.10897936671972275 774
1675854988092 0.3202521502971649 775
1675854988138 0.2374967783689499 776
1675854988186 0.2620275318622589 777
1675854988225 0.15320400893688202 778
1675854988265 0.1069130226969719 779
1675854988307 0.023202521726489067 780
1675854988344 0.00582556938752532 781
1675854988385 0.6137773394584656 782
1675854988428 0.219776451587677 783
1675854988467 0.10663368552923203 784
1675854988507 0.06579861044883728 785
1675854988550 0.14781415462493896 786
1675854988590 0.1684892177581787 787
1675854988632 0.12997499108314514 788
1675854988671 0.0343022346496582 789
1675854988710 0.23649819195270538 790
1675854988774 0.2212684154510498 791
1675854988815 0.05472233518958092 792
1675854988854 0.20357540249824524 793
1675854988897 0.10576639324426651 794
1675854988940 0.10378371924161911 795
1675854988980 0.000603782304096967 796
1675854989018 0.023717373609542847 797
1675854989059 0.1613205522298813 798
1675854989104 0.24880635738372803 799
1675854989140 0.0003764120920095593 800
1675854989180 0.2762471139431 801
1675854989219 0.1422584503889084 802
1675854989273 0.4014417231082916 803
1675854989314 0.0011390899308025837 804
1675854989353 0.23222841322422028 805
1675854989392 0.28581032156944275 806
1675854989432 0.2191334366798401 807
1675854989477 0.037602171301841736 808
1675854989519 0.21939422190189362 809
1675854989567 0.18445952236652374 810
1675854989607 0.006957964971661568 811
1675854989647 0.03399568423628807 812
1675854989687 0.006092521827667952 813
1675854989731 0.09455177187919617 814
1675854989768 0.07899205386638641 815
1675854989812 0.004513111896812916 816
1675854989854 0.08406101167201996 817
1675854989892 0.005404955241829157 818
1675854989933 0.8988052606582642 819
1675854989978 0.12902331352233887 820
1675854990021 0.14387182891368866 821
1675854990066 0.09807895869016647 822
1675854990106 0.04332040622830391 823
1675854990154 0.09502390027046204 824
1675854990196 0.11938345432281494 825
1675854990237 0.15989957749843597 826
1675854990275 0.07432007044553757 827
1675854990318 0.875417947769165 828
1675854990359 0.04088887572288513 829
1675854990398 0.44353190064430237 830
1675854990437 0.01686008647084236 831
1675854990477 0.12428416311740875 832
1675854990517 1.1648776531219482 833
1675854990557 0.05240868031978607 834
1675854990596 0.4683491885662079 835
1675854990641 0.14605657756328583 836
1675854990681 0.06287301331758499 837
1675854990720 0.20229171216487885 838
1675854990760 0.0599297396838665 839
1675854990799 0.677111804485321 840
1675854990843 0.16245907545089722 841
1675854990882 0.18062816560268402 842
1675854990921 0.22429977357387543 843
1675854990958 0.3275928497314453 844
1675854990999 0.13754206895828247 845
1675854991039 0.16076532006263733 846
1675854991079 0.1068241149187088 847
1675854991118 0.26122963428497314 848
1675854991156 0.18247763812541962 849
1675854991195 0.1339551955461502 850
1675854991233 0.05892548710107803 851
1675854991281 0.3283853530883789 852
1675854991319 0.06386756151914597 853
1675854991356 0.30907970666885376 854
1675854991427 0.21463418006896973 855
1675854991466 0.04663730412721634 856
1675854991509 0.2140311300754547 857
1675854991547 0.28271985054016113 858
1675854991587 0.27034899592399597 859
1675854991640 0.9806504249572754 860
1675854991685 0.15925440192222595 861
1675854991729 0.07805775105953217 862
1675854991767 0.11750739812850952 863
1675854991813 0.035063281655311584 864
1675854991853 0.08203716576099396 865
1675854991891 0.0015151849947869778 866
1675854991930 0.5606061220169067 867
1675854991969 0.1414456069469452 868
1675854992009 0.013802515342831612 869
1675854992050 0.0942138060927391 870
1675854992092 0.13956855237483978 871
1675854992131 0.20920053124427795 872
1675854992176 0.0501551516354084 873
1675854992219 0.3964802324771881 874
1675854992258 0.0019501183414831758 875
1675854992307 0.2123178094625473 876
1675854992354 0.17519937455654144 877
1675854992393 0.04790319502353668 878
1675854992432 1.711476445198059 879
1675854992475 0.21911686658859253 880
1675854992515 0.2151993215084076 881
1675854992551 0.7744238972663879 882
1675854992593 0.24560238420963287 883
1675854992644 0.30420756340026855 884
1675854992684 0.25236326456069946 885
1675854992723 0.255867600440979 886
1675854992763 0.32833901047706604 887
1675854992800 0.04473673552274704 888
1675854992850 0.34523066878318787 889
1675854992895 0.41378453373908997 890
1675854992933 0.08400136977434158 891
1675854992988 0.1922631412744522 892
1675854993026 0.15431489050388336 893
1675854993071 0.08015325665473938 894
1675854993113 0.09581305086612701 895
1675854993155 0.1826811134815216 896
1675854993194 0.07277508825063705 897
1675854993235 0.7484474778175354 898
1675854993280 0.2846332788467407 899
1675854993321 0.17882327735424042 900
1675854993362 0.17189425230026245 901
1675854993403 0.026849515736103058 902
1675854993440 0.08663230389356613 903
1675854993480 0.044703688472509384 904
1675854993521 0.010456988587975502 905
1675854993559 0.08990317583084106 906
1675854993602 0.15478816628456116 907
1675854993644 0.13798920810222626 908
1675854993686 0.005037532653659582 909
1675854993725 0.017049530521035194 910
1675854993762 0.010000315494835377 911
1675854993799 0.10867643356323242 912
1675854993842 0.48610833287239075 913
1675854993881 5.1976558097521774e-06 914
1675854993922 0.006459366995841265 915
1675854993966 0.49639952182769775 916
1675854994009 0.762385904788971 917
1675854994050 0.48358264565467834 918
1675854994089 0.29566752910614014 919
1675854994131 0.04048489034175873 920
1675854994170 0.1280980408191681 921
1675854994220 0.3949192762374878 922
1675854994266 0.11789651960134506 923
1675854994306 0.16534724831581116 924
1675854994346 0.09759257733821869 925
1675854994388 0.21267737448215485 926
1675854994426 0.03990133851766586 927
1675854994465 0.4414396584033966 928
1675854994504 0.24736452102661133 929
1675854994543 0.31852370500564575 930
1675854994583 0.05342786759138107 931
1675854994623 0.259764164686203 932
1675854994662 0.3198418915271759 933
1675854994699 1.0843415260314941 934
1675854994742 0.6153478026390076 935
1675854994794 0.15188781917095184 936
1675854994830 0.21855859458446503 937
1675854994869 0.22959494590759277 938
1675854994910 0.12302441895008087 939
1675854994953 0.0987359806895256 940
1675854994997 0.11983678489923477 941
1675854995035 0.0909716933965683 942
1675854995073 0.04122529178857803 943
1675854995114 0.14366576075553894 944
1675854995155 0.43310046195983887 945
1675854995195 0.06563138961791992 946
1675854995233 0.009447278454899788 947
1675854995274 0.08663646131753922 948
1675854995311 0.015105927363038063 949
1675854995351 0.043249160051345825 950
1675854995391 0.09224586933851242 951
1675854995432 0.07305837422609329 952
1675854995472 0.41225284337997437 953
1675854995511 0.004479359369724989 954
1675854995549 0.12290649116039276 955
1675854995588 0.1375953108072281 956
1675854995626 0.23013010621070862 957
1675854995666 0.10760104656219482 958
1675854995707 0.032633207738399506 959
1675854995748 0.20965714752674103 960
1675854995795 0.34198683500289917 961
1675854995833 0.026210889220237732 962
1675854995892 0.2680690884590149 963
1675854995937 0.08542934060096741 964
1675854995976 0.44256719946861267 965
1675854996016 0.10618267953395844 966
1675854996058 0.29515722393989563 967
1675854996097 0.11429311335086823 968
1675854996135 0.15720441937446594 969
1675854996177 0.1681503802537918 970
1675854996216 0.1649661362171173 971
1675854996255 0.1318366378545761 972
1675854996294 0.18825991451740265 973
1675854996333 0.06463489681482315 974
1675854996374 0.31028681993484497 975
1675854996413 0.15011855959892273 976
1675854996454 0.012813126668334007 977
1675854996493 0.19499008357524872 978
1675854996536 0.1728549301624298 979
1675854996576 0.000857356411870569 980
1675854996635 0.16392086446285248 981
1675854996674 0.22706358134746552 982
1675854996711 0.5484306812286377 983
1675854996748 0.0004398507298901677 984
1675854996786 0.10090970993041992 985
1675854996827 0.07726427912712097 986
1675854996869 0.09265163540840149 987
1675854996914 0.07002466917037964 988
1675854996954 0.04833478853106499 989
1675854996991 0.006424433086067438 990
1675854997037 0.32603129744529724 991
1675854997073 0.1630920171737671 992
1675854997112 2.183852195739746 993
1675854997150 0.19468466937541962 994
1675854997195 0.10702331364154816 995
1675854997233 0.6028460264205933 996
1675854997275 0.14611917734146118 997
1675854997313 0.26122474670410156 998
1675854997370 0.11651457101106644 999
