1675959632612 0.01747652292251587 0
1675959633307 0.6619533061981201 40
1675959634002 0.589383316040039 80
1675959634634 0.5925299644470214 120
1675959635275 0.7087628364562988 160
1675959635934 0.6033129215240478 200
1675959636602 0.6101722717285156 240
1675959637148 0.6229739189147949 280
1675959637687 0.6016793251037598 320
1675959638396 0.6471996784210206 360
1675959638900 0.6074872970581054 400
1675959639568 0.611186170578003 440
1675959640138 0.6314642429351807 480
1675959640697 0.6154293537139892 520
1675959641289 0.5937352180480957 560
1675959641805 0.6073389053344727 600
1675959642490 0.6004387855529785 640
1675959643137 0.5830349922180176 680
1675959643731 0.5948349952697753 720
1675959644466 0.6080516338348388 760
1675959645126 0.597775650024414 800
1675959645735 0.6040980339050293 840
1675959646420 0.6118885993957519 880
1675959647054 0.6001218318939209 920
1675959647608 0.5996979236602783 960
1675959648173 0.602047061920166 1000
1675959648780 0.6070363044738769 1040
1675959649480 0.6033412456512451 1080
1675959650115 0.599412488937378 1120
1675959650902 0.5676418304443359 1160
1675959651487 0.5986001014709472 1200
1675959652051 0.614864444732666 1240
1675959652651 0.6137038230895996 1280
1675959653247 0.5838566303253174 1320
1675959653805 0.6028420925140381 1360
1675959654352 0.5958436965942383 1400
1675959654939 0.6068336486816406 1440
1675959655477 0.6014851570129395 1480
1675959656077 0.6014489650726318 1520
1675959656749 0.5833917140960694 1560
1675959657346 0.6113724708557129 1600
1675959657846 0.6139770030975342 1640
1675959658325 0.6158723354339599 1680
1675959658974 0.6062212467193604 1720
1675959659547 0.6067219257354737 1760
1675959660106 0.6132261276245117 1800
1675959660663 0.5974688529968262 1840
1675959661278 0.612402868270874 1880
1675959661888 0.6026991367340088 1920
1675959662494 0.6184483528137207 1960
1675959663381 0.6092484474182129 2000
1675959664039 0.5832155704498291 2040
1675959664630 0.6056811332702636 2080
1675959665268 0.5977908134460449 2120
1675959665945 0.605181360244751 2160
1675959667383 0.603431510925293 2200
1675959668038 0.5761546134948731 2240
1675959668617 0.6022944450378418 2280
1675959669221 0.61881103515625 2320
1675959670032 0.5897096633911133 2360
1675959670575 0.5949893951416015 2400
1675959671264 0.6052555084228516 2440
1675959671855 0.5792392253875732 2480
1675959672393 0.6167209625244141 2520
1675959672945 0.5925827503204346 2560
1675959673632 0.5887113094329834 2600
1675959674239 0.5950564384460449 2640
1675959674793 0.6069432735443115 2680
1675959675448 0.6014421463012696 2720
1675959676091 0.5864611148834229 2760
1675959676849 0.5889548778533935 2800
1675959677498 0.6261618137359619 2840
1675959678067 0.6012489795684814 2880
1675959678638 0.5953165531158447 2920
1675959679142 0.5971123218536377 2960
1675959679792 0.6081826210021972 3000
1675959680351 0.5930314540863038 3040
1675959680946 0.5762053489685058 3080
1675959681630 0.5900568485260009 3120
1675959682190 0.6078270435333252 3160
1675959682765 0.6065396308898926 3200
1675959683276 0.6009247303009033 3240
1675959684004 0.5912766933441163 3280
1675959684653 0.5979556560516357 3320
1675959685206 0.5939006328582763 3360
1675959685824 0.6033689498901367 3400
1675959686448 0.5858505249023438 3440
1675959687086 0.5970631599426269 3480
1675959687645 0.6023976802825928 3520
1675959688262 0.5964996337890625 3560
1675959688889 0.5952128410339356 3600
1675959689461 0.6034360885620117 3640
1675959690236 0.60503249168396 3680
1675959690888 0.5826445102691651 3720
1675959691500 0.5867599964141845 3760
1675959692107 0.6139354705810547 3800
1675959692698 0.6070889472961426 3840
1675959693295 0.5888897895812988 3880
1675959693813 0.6166885375976563 3920
1675959694380 0.6068681716918946 3960
1675959694943 0.6037144184112548 4000
1675959695479 0.5977128028869629 4040
1675959696033 0.6111616611480712 4080
1675959696742 0.5861714839935303 4120
1675959697339 0.5751140117645264 4160
1675959697831 0.6191296100616455 4200
1675959698362 0.6014858722686768 4240
1675959698916 0.5880317211151123 4280
1675959699485 0.6014157295227051 4320
1675959700108 0.5882220268249512 4360
1675959700712 0.5929440498352051 4400
1675959701330 0.5862372875213623 4440
1675959701967 0.5984447002410889 4480
1675959702749 0.5837841987609863 4520
1675959703262 0.6296645641326905 4560
1675959703806 0.5899120807647705 4600
1675959704382 0.60342435836792 4640
1675959705076 0.5805145740509033 4680
1675959705755 0.5936498165130615 4720
1675959706439 0.5859546661376953 4760
1675959707132 0.5913290977478027 4800
1675959707693 0.6154817581176758 4840
1675959708292 0.5929874420166016 4880
1675959708888 0.6028782844543457 4920
1675959709483 0.6166930675506592 4960
1675959710485 0.5932639122009278 5000
1675959711193 0.5977493762969971 5040
1675959711717 0.6081063747406006 5080
1675959712266 0.6099576473236084 5120
1675959713061 0.5858190059661865 5160
1675959713680 0.6397806167602539 5200
1675959714407 0.5854989528656006 5240
1675959714994 0.6148532390594482 5280
1675959715556 0.6117655277252197 5320
1675959716064 0.6056768894195557 5360
1675959716702 0.5944142818450928 5400
1675959717385 0.6172078609466553 5440
1675959717908 0.6071360588073731 5480
1675959718462 0.6003594398498535 5520
1675959718966 0.6176328659057617 5560
1675959719674 0.5868867397308349 5600
1675959720231 0.6058536529541015 5640
1675959720898 0.5881203651428223 5680
1675959721548 0.5911509037017822 5720
1675959722205 0.58871431350708 5760
1675959722751 0.607784652709961 5800
1675959723274 0.6181337833404541 5840
1675959723828 0.6105772972106933 5880
1675959724360 0.6113397598266601 5920
1675959724954 0.5838085174560547 5960
1675959725707 0.5902769088745117 6000
1675959726201 0.6159417629241943 6040
1675959726764 0.6099464416503906 6080
1675959727266 0.6200735569000244 6120
1675959727858 0.6045636653900146 6160
1675959728326 0.6321256160736084 6200
1675959728914 0.6008483409881592 6240
1675959729557 0.5945115566253663 6280
1675959730425 0.6076980590820312 6320
1675959731004 0.599940824508667 6360
1675959731521 0.6127962589263916 6400
1675959732108 0.5957803726196289 6440
1675959732652 0.5964692592620849 6480
1675959733236 0.5986071586608886 6520
1675959733738 0.6319203853607178 6560
1675959734342 0.6078369140625 6600
1675959734909 0.6064936637878418 6640
1675959735513 0.6035800457000733 6680
1675959736465 0.5810661315917969 6720
1675959737156 0.6008720397949219 6760
1675959737664 0.6053391456604004 6800
1675959738269 0.606784439086914 6840
1675959738826 0.5911197662353516 6880
1675959739421 0.5992824554443359 6920
1675959740087 0.6003670692443848 6960
1675959740641 0.5890208721160889 7000
1675959741191 0.6121289253234863 7040
1675959741743 0.5992598533630371 7080
1675959742351 0.5978832721710206 7120
1675959742925 0.6117846012115479 7160
1675959743536 0.5980029106140137 7200
1675959744092 0.605093240737915 7240
1675959744788 0.5811514377593994 7280
1675959745345 0.6052433490753174 7320
1675959745828 0.6102416038513183 7360
1675959746485 0.6129741191864013 7400
1675959747127 0.6059671878814697 7440
1675959747644 0.598325777053833 7480
1675959748253 0.5894251823425293 7520
1675959748931 0.5786446094512939 7560
1675959749573 0.6107031822204589 7600
1675959750212 0.5785583972930908 7640
1675959750837 0.6117486000061035 7680
1675959751424 0.5875797748565674 7720
1675959751920 0.6269582748413086 7760
1675959752554 0.6070863723754882 7800
1675959753150 0.6114667892456055 7840
1675959753766 0.5842365741729736 7880
1675959754360 0.5947619438171386 7920
1675959754997 0.5873760223388672 7960
1675959755558 0.6213970184326172 8000
1675959756220 0.5868075847625732 8040
1675959756888 0.58905029296875 8080
1675959757502 0.594407606124878 8120
1675959758076 0.5957560062408447 8160
1675959758702 0.6173485279083252 8200
1675959759346 0.5911926746368408 8240
1675959759923 0.5984138488769531 8280
1675959760496 0.6068671703338623 8320
1675959761147 0.6064003467559814 8360
1675959761719 0.6008406162261963 8400
1675959762296 0.5988670825958252 8440
1675959762918 0.6024444103240967 8480
1675959763461 0.6094026088714599 8520
1675959764045 0.6021990299224853 8560
1675959764695 0.5892837524414063 8600
1675959765361 0.6130773544311523 8640
1675959765964 0.5984745025634766 8680
1675959766573 0.6053549289703369 8720
1675959767281 0.5912457942962647 8760
1675959767871 0.6038549423217774 8800
1675959768397 0.6069632053375245 8840
1675959768966 0.5956838607788086 8880
1675959769609 0.6169919967651367 8920
1675959770178 0.5890590667724609 8960
1675959770726 0.6129332542419433 9000
1675959771444 0.600876760482788 9040
1675959772011 0.6011695384979248 9080
1675959772565 0.6060086250305176 9120
1675959773200 0.5946177005767822 9160
1675959773824 0.5974431037902832 9200
1675959774424 0.5955646514892579 9240
1675959774944 0.6250519752502441 9280
1675959775509 0.6148334503173828 9320
1675959776088 0.6108981609344483 9360
1675959776626 0.5915619850158691 9400
1675959777225 0.6060675621032715 9440
1675959777857 0.6075939178466797 9480
1675959778478 0.5767332553863526 9520
1675959779082 0.5900284290313721 9560
1675959779842 0.5877565383911133 9600
1675959780476 0.6010179996490479 9640
1675959781104 0.6159936428070069 9680
1675959781759 0.6080626487731934 9720
1675959782340 0.6151675701141357 9760
1675959782982 0.5956360816955566 9800
1675959783683 0.5943423748016358 9840
1675959784394 0.6075182914733886 9880
1675959784911 0.6214583873748779 9920
1675959785486 0.6060950279235839 9960
1675959786120 0.6051279067993164 10000
1675959786744 0.6122435092926025 10040
1675959790302 0.5548565864562989 10080
1675959791132 0.5847845554351807 10120
1675959791709 0.593867301940918 10160
1675959792450 0.5939208030700683 10200
1675959793053 0.6006608009338379 10240
1675959793756 0.5706747531890869 10280
1675959794407 0.6117797374725342 10320
1675959796877 0.5876233100891113 10360
1675959797499 0.5979413032531739 10400
1675959798167 0.5962992191314698 10440
1675959798860 0.588410472869873 10480
1675959799424 0.6083602905273438 10520
1675959800053 0.6030546665191651 10560
1675959800834 0.5709140300750732 10600
1675959801376 0.608433198928833 10640
1675959801961 0.5993556022644043 10680
1675959802639 0.5760425090789795 10720
1675959803180 0.5955000877380371 10760
1675959803728 0.6053646087646485 10800
1675959804269 0.5963810920715332 10840
1675959804937 0.611901330947876 10880
1675959805496 0.6177521228790284 10920
1675959806086 0.5983280181884766 10960
1675959808389 0.5914609432220459 11000
1675959809021 0.6109134674072265 11040
1675959809636 0.597043228149414 11080
1675959810186 0.6115752220153808 11120
1675959810709 0.5967426776885987 11160
1675959811399 0.5796963214874268 11200
1675959811984 0.5882084846496582 11240
1675959812483 0.6166184425354004 11280
1675959813209 0.6063281536102295 11320
1675959813749 0.5867849826812744 11360
1675959814302 0.6025666236877442 11400
1675959814828 0.5965347290039062 11440
1675959815427 0.6075375556945801 11480
1675959815933 0.599934434890747 11520
1675959816493 0.6005119800567627 11560
1675959817098 0.5840857028961182 11600
1675959817678 0.5996592521667481 11640
1675959818224 0.6161572933197021 11680
1675959818749 0.6162839889526367 11720
1675959819438 0.6036093711853028 11760
1675959819975 0.6086944580078125 11800
1675959820485 0.6113252162933349 11840
1675959821023 0.6040276050567627 11880
1675959821625 0.6114203929901123 11920
1675959822272 0.6037647247314453 11960
1675959822766 0.6097912311553955 12000
1675959823341 0.615437364578247 12040
1675959823950 0.5831752777099609 12080
1675959824505 0.6063692569732666 12120
1675959825094 0.5934169292449951 12160
1675959825683 0.5983234882354737 12200
1675959826331 0.6110399723052978 12240
1675959826964 0.5762239933013916 12280
1675959827548 0.6018574714660645 12320
1675959828214 0.6065951347351074 12360
1675959828773 0.5990699291229248 12400
1675959829335 0.5948637962341309 12440
1675959829959 0.6141557693481445 12480
1675959830544 0.5799110889434814 12520
1675959831114 0.6143014907836915 12560
1675959831707 0.5879092216491699 12600
1675959832319 0.5826990127563476 12640
1675959832855 0.6074329853057862 12680
1675959833409 0.5980252265930176 12720
1675959833937 0.6107823848724365 12760
1675959834486 0.5890390872955322 12800
1675959835117 0.5850959300994873 12840
1675959835677 0.6196570873260498 12880
1675959836397 0.6066003799438476 12920
1675959837652 0.5916814804077148 12960
1675959838300 0.5976075172424317 13000
1675959838869 0.6077088832855224 13040
1675959839451 0.595003890991211 13080
1675959840068 0.580445671081543 13120
1675959840731 0.5874165534973145 13160
1675959841253 0.6004148483276367 13200
1675959841819 0.6066895484924316 13240
1675959842426 0.5986067771911621 13280
1675959843193 0.5949840068817138 13320
1675959843943 0.5966018676757813 13360
1675959844574 0.5884252071380616 13400
1675959845128 0.6049859523773193 13440
1675959845690 0.5877416610717774 13480
1675959846483 0.5966800212860107 13520
1675959847420 0.6027949333190918 13560
1675959847952 0.5927828311920166 13600
1675959848497 0.6005000114440918 13640
1675959849120 0.6039345264434814 13680
1675959849704 0.6011090278625488 13720
1675959850295 0.5944289207458496 13760
1675959851119 0.5784062385559082 13800
1675959851648 0.6089881896972656 13840
1675959852177 0.6067797183990479 13880
1675959852717 0.5924192428588867 13920
1675959853239 0.612169599533081 13960
1675959853766 0.6107106685638428 14000
1675959854350 0.6025340557098389 14040
1675959855014 0.5957793235778809 14080
1675959855607 0.6073453426361084 14120
1675959856261 0.5963555335998535 14160
1675959857339 0.569474744796753 14200
1675959857988 0.6078505516052246 14240
1675959858540 0.6036405086517334 14280
1675959859146 0.583291482925415 14320
1675959859801 0.6113758087158203 14360
1675959860441 0.5821284294128418 14400
1675959860989 0.596924114227295 14440
1675959861771 0.5787828922271728 14480
1675959862306 0.6095156192779541 14520
1675959862897 0.5727389335632325 14560
1675959863440 0.6227028369903564 14600
1675959863939 0.6004140853881836 14640
1675959864517 0.6039562702178956 14680
1675959865102 0.5773173809051514 14720
1675959865739 0.5942193508148194 14760
1675959866305 0.5855210781097412 14800
1675959866942 0.5939970016479492 14840
1675959867664 0.6091669082641602 14880
1675959868193 0.5986588478088379 14920
1675959868763 0.5921990394592285 14960
1675959869202 0.628078031539917 15000
1675959869802 0.595283317565918 15040
1675959870362 0.5874667644500733 15080
1675959870943 0.6065434455871582 15120
1675959871393 0.6211642265319824 15160
1675959872016 0.5839130878448486 15200
1675959872515 0.6255008220672608 15240
1675959873134 0.5973037719726563 15280
1675959873673 0.6124234199523926 15320
1675959874229 0.6129342079162597 15360
1675959874768 0.6093719005584717 15400
1675959875336 0.5918563365936279 15440
1675959875911 0.6104258537292481 15480
1675959876456 0.6106955528259277 15520
1675959877033 0.6053783416748046 15560
1675959877580 0.6123449325561523 15600
1675959878191 0.5949254512786866 15640
1675959878761 0.598831033706665 15680
1675959879423 0.5895856380462646 15720
1675959880039 0.5931040287017822 15760
1675959880670 0.5874169826507568 15800
1675959881309 0.6032099723815918 15840
1675959881874 0.6205982685089111 15880
1675959882433 0.6136837005615234 15920
1675959883017 0.6038106918334961 15960
1675959883606 0.593481969833374 16000
1675959884364 0.5918637275695801 16040
1675959884865 0.6117335796356201 16080
1675959885675 0.6068956851959229 16120
1675959886397 0.6138423919677735 16160
1675959886944 0.6123886585235596 16200
1675959887482 0.6257999420166016 16240
1675959888074 0.6003038883209229 16280
1675959888682 0.5931252479553223 16320
1675959889256 0.6123151779174805 16360
1675959889907 0.5907145977020264 16400
1675959890548 0.618130874633789 16440
1675959891130 0.5954087257385254 16480
1675959891670 0.5958540916442872 16520
1675959892270 0.596641731262207 16560
1675959892814 0.6251181602478028 16600
1675959893303 0.6157145977020264 16640
1675959893767 0.6052405357360839 16680
1675959894247 0.6043538093566895 16720
1675959894877 0.5837155342102051 16760
1675959895456 0.6005685329437256 16800
1675959895940 0.5994603633880615 16840
1675959896471 0.6108360767364502 16880
1675959897186 0.5870689868927002 16920
1675959897775 0.5960165977478027 16960
1675959898301 0.6028089046478271 17000
1675959898900 0.5879854202270508 17040
1675959899428 0.6163934707641602 17080
1675959900046 0.5978042125701905 17120
1675959901117 0.5973891258239746 17160
1675959901797 0.6096997737884522 17200
1675959902339 0.6071146488189697 17240
1675959902933 0.6053528785705566 17280
1675959903544 0.5894453525543213 17320
1675959904148 0.5831135749816895 17360
1675959904712 0.6169238090515137 17400
1675959905390 0.6129645824432373 17440
1675959905947 0.6071504592895508 17480
1675959906521 0.6019841194152832 17520
1675959907114 0.5928454399108887 17560
1675959907753 0.5765358924865722 17600
1675959908294 0.6066689968109131 17640
1675959908939 0.5829416275024414 17680
1675959909614 0.6070947647094727 17720
1675959910160 0.5841156005859375 17760
1675959910663 0.6275596618652344 17800
1675959911336 0.6033637046813964 17840
1675959912040 0.6179553508758545 17880
1675959912561 0.5957287311553955 17920
1675959913341 0.5856978416442871 17960
1675959914005 0.5872116565704346 18000
1675959914574 0.6208377838134765 18040
1675959915179 0.5868605136871338 18080
1675959915915 0.5806857109069824 18120
1675959916536 0.5935449123382568 18160
1675959917191 0.5994653701782227 18200
1675959917723 0.6244374275207519 18240
1675959918305 0.590012788772583 18280
1675959918898 0.5974037170410156 18320
1675959919432 0.6032215118408203 18360
1675959920136 0.6119768619537354 18400
1675959920660 0.594383430480957 18440
1675959921201 0.5959664344787597 18480
1675959921754 0.6085114002227783 18520
1675959922291 0.6056765079498291 18560
1675959922814 0.60318603515625 18600
1675959923443 0.5836284160614014 18640
1675959923995 0.6154329299926757 18680
1675959924677 0.6007417201995849 18720
1675959925299 0.6074672698974609 18760
1675959925931 0.5892699718475342 18800
1675959926496 0.5998845577239991 18840
1675959927013 0.6100751399993897 18880
1675959927588 0.5900230407714844 18920
1675959928185 0.6181274890899658 18960
1675959928745 0.592549467086792 19000
1675959929371 0.6087702751159668 19040
1675959929966 0.602790117263794 19080
1675959930548 0.6039763927459717 19120
1675959931226 0.5965143203735351 19160
1675959931779 0.5963047504425049 19200
1675959932491 0.5989819526672363 19240
1675959933040 0.6001765251159668 19280
1675959933588 0.6235961437225341 19320
1675959934156 0.6107632160186768 19360
1675959934722 0.6158781051635742 19400
1675959935327 0.5897640705108642 19440
1675959935845 0.6116252422332764 19480
1675959936604 0.5990241050720215 19520
1675959937251 0.5800389289855957 19560
1675959937836 0.594202995300293 19600
1675959938464 0.5850733280181885 19640
1675959939020 0.5999588966369629 19680
1675959939597 0.6159746646881104 19720
1675959940085 0.6104814052581787 19760
1675959940648 0.611864709854126 19800
1675959941212 0.5943002223968505 19840
1675959941820 0.5938453674316406 19880
1675959942342 0.6155715942382812 19920
1675959942989 0.6144321918487549 19960
1675959943575 0.601800012588501 20000
1675959944089 0.6120646953582763 20040
1675959944750 0.6085607051849365 20080
1675959948069 0.4742260456085205 20120
1675959948799 0.5903774261474609 20160
1675959949406 0.5915857315063476 20200
1675959950021 0.5929000854492188 20240
1675959950539 0.6017448902130127 20280
1675959951294 0.5725903034210205 20320
1675959951899 0.605242919921875 20360
1675959952454 0.595638656616211 20400
1675959953078 0.6029388904571533 20440
1675959953691 0.5836215496063233 20480
1675959954251 0.5981722831726074 20520
1675959954762 0.600374174118042 20560
1675959955408 0.6100889682769776 20600
1675959956010 0.5758240699768067 20640
1675959956533 0.6039939880371094 20680
1675959957256 0.5921333789825439 20720
1675959957799 0.5831398963928223 20760
1675959958377 0.5936468124389649 20800
1675959958983 0.6002201080322266 20840
1675959959678 0.6052330017089844 20880
1675959960298 0.5982345104217529 20920
1675959960828 0.6266693115234375 20960
1675959961457 0.5897397041320801 21000
1675959962048 0.6012861251831054 21040
1675959962617 0.6049149513244629 21080
1675959963227 0.5904195785522461 21120
1675959963751 0.6214014530181885 21160
1675959964325 0.6016330718994141 21200
1675959964978 0.5865401268005371 21240
1675959965700 0.5748363018035889 21280
1675959966263 0.6212846279144287 21320
1675959966851 0.599317979812622 21360
1675959967624 0.5919746398925781 21400
1675959968240 0.6021336555480957 21440
1675959968798 0.5967604160308838 21480
1675959969408 0.6063796520233155 21520
1675959970069 0.6001577854156495 21560
1675959970669 0.6031662940979003 21600
1675959971305 0.5826456546783447 21640
1675959972157 0.5912182807922364 21680
1675959972762 0.6269859313964844 21720
1675959973374 0.6070212841033935 21760
1675959973959 0.6092267036437988 21800
1675959974582 0.6074518203735352 21840
1675959975096 0.615504789352417 21880
1675959975690 0.6032415866851807 21920
1675959976426 0.6015714168548584 21960
1675959977327 0.6078859329223633 22000
1675959977950 0.6080722808837891 22040
1675959978528 0.6240794658660889 22080
1675959979154 0.5823342323303222 22120
1675959979832 0.6013288021087646 22160
1675959980489 0.5902927398681641 22200
1675959981056 0.6041167736053467 22240
1675959981681 0.6114107608795166 22280
1675959982473 0.5744030475616455 22320
1675959983092 0.6024102210998535 22360
1675959983741 0.5991032600402832 22400
1675959984412 0.6115933418273926 22440
1675959985114 0.5846182346343994 22480
1675959985720 0.6155401229858398 22520
1675959986352 0.5818033218383789 22560
1675959986979 0.604952335357666 22600
1675959987529 0.6015295028686524 22640
1675959988199 0.5732165813446045 22680
1675959988793 0.6144974708557129 22720
1675959989497 0.5941960334777832 22760
1675959990145 0.6040444850921631 22800
1675959990911 0.5954002380371094 22840
1675959991575 0.5839406490325928 22880
1675959992164 0.6122126579284668 22920
1675959992797 0.6150108814239502 22960
1675959993417 0.5882786273956299 23000
1675959994001 0.6014337539672852 23040
1675959994614 0.6036332130432129 23080
1675959995212 0.6018362045288086 23120
1675959995883 0.5807570934295654 23160
1675959996541 0.5862229347229004 23200
1675959997276 0.5944067001342773 23240
1675959997819 0.6058544635772705 23280
1675959998372 0.5998828411102295 23320
1675959999004 0.5888973236083984 23360
1675959999620 0.6037396907806396 23400
1675960000242 0.5901867389678955 23440
1675960000808 0.6027815341949463 23480
1675960001557 0.5900803565979004 23520
1675960002218 0.5972789764404297 23560
1675960002779 0.5939792633056641 23600
1675960003406 0.5913924217224121 23640
1675960003926 0.6108412742614746 23680
1675960004540 0.6007795333862305 23720
1675960005124 0.5931063652038574 23760
1675960005675 0.6074405670166015 23800
1675960006534 0.5749201774597168 23840
1675960007183 0.5959181308746337 23880
1675960007816 0.6153361320495605 23920
1675960008442 0.5951169967651367 23960
1675960008960 0.612336540222168 24000
1675960009852 0.612477970123291 24040
1675960010508 0.5999392509460449 24080
1675960011056 0.5946048736572266 24120
1675960011834 0.6070333003997803 24160
1675960012379 0.6015893936157226 24200
1675960013009 0.5724623680114747 24240
1675960013676 0.5981145381927491 24280
1675960014200 0.6110081195831298 24320
1675960014834 0.5877804279327392 24360
1675960015381 0.6038098335266113 24400
1675960016040 0.5871263980865479 24440
1675960016631 0.5977773666381836 24480
1675960017248 0.5757975578308105 24520
1675960017849 0.6102757453918457 24560
1675960018480 0.5765359401702881 24600
1675960019056 0.6180877685546875 24640
1675960019765 0.6020438194274902 24680
1675960020291 0.6049986362457276 24720
1675960020996 0.5751142501831055 24760
1675960021700 0.599191427230835 24800
1675960022513 0.5801576614379883 24840
1675960023183 0.5968095302581787 24880
1675960024064 0.6020667552947998 24920
1675960024632 0.6111995220184326 24960
1675960025308 0.5836254119873047 25000
1675960026008 0.6206086158752442 25040
1675960026574 0.601621437072754 25080
1675960027785 0.5911892414093017 25120
1675960028585 0.6001058578491211 25160
1675960029107 0.6234455108642578 25200
1675960029730 0.5938523769378662 25240
1675960030369 0.6160609245300293 25280
1675960030993 0.5945347309112549 25320
1675960031593 0.6127937316894532 25360
1675960032275 0.6139599800109863 25400
1675960033046 0.6089093685150146 25440
1675960033671 0.5871211528778076 25480
1675960034362 0.6086649894714355 25520
1675960034871 0.6139687538146973 25560
1675960035498 0.6030339241027832 25600
1675960036175 0.6156196117401123 25640
1675960036983 0.5986630916595459 25680
1675960037646 0.5910058975219726 25720
1675960038243 0.5993197441101075 25760
1675960038847 0.591185188293457 25800
1675960039487 0.592396354675293 25840
1675960040208 0.5883112907409668 25880
1675960040776 0.629841947555542 25920
1675960041332 0.6161758899688721 25960
1675960041905 0.6001417636871338 26000
1675960042530 0.5962530136108398 26040
1675960043275 0.5845094203948975 26080
1675960043822 0.6085426330566406 26120
1675960044470 0.614616584777832 26160
1675960045108 0.613510274887085 26200
1675960045716 0.6061641216278076 26240
1675960046257 0.6214635372161865 26280
1675960046935 0.6146589756011963 26320
1675960047617 0.5875317573547363 26360
1675960048224 0.6055020809173584 26400
1675960048918 0.59365234375 26440
1675960049665 0.6140774726867676 26480
1675960050378 0.6022292137145996 26520
1675960051126 0.5882501125335693 26560
1675960051717 0.6029172897338867 26600
1675960052261 0.6217467308044433 26640
1675960052881 0.6149279117584229 26680
1675960053476 0.6075706481933594 26720
1675960054053 0.6080677509307861 26760
1675960054835 0.5794308662414551 26800
1675960055630 0.5948975086212158 26840
1675960056220 0.6041411399841309 26880
1675960056833 0.6120718955993653 26920
1675960057514 0.5866341590881348 26960
1675960058210 0.600684118270874 27000
1675960058849 0.5930747985839844 27040
1675960059629 0.5943179607391358 27080
1675960060179 0.6104650974273682 27120
1675960060796 0.6061055660247803 27160
1675960061493 0.5933117866516113 27200
1675960062119 0.6044229984283447 27240
1675960062721 0.609575605392456 27280
1675960063325 0.6072336673736572 27320
1675960064011 0.5874884605407715 27360
1675960064756 0.5787291526794434 27400
1675960065335 0.6213802814483642 27440
1675960066146 0.6007981300354004 27480
1675960066865 0.6126521110534668 27520
1675960067533 0.6058990955352783 27560
1675960068217 0.593100643157959 27600
1675960068867 0.5814846515655517 27640
1675960069517 0.6007047653198242 27680
1675960070246 0.5779170036315918 27720
1675960070842 0.6061174392700195 27760
1675960071496 0.591915512084961 27800
1675960072047 0.6245216846466064 27840
1675960072705 0.6033745288848877 27880
1675960073338 0.6184162616729736 27920
1675960073968 0.5954942226409912 27960
1675960074663 0.5901322841644288 28000
1675960075442 0.580735445022583 28040
1675960076075 0.6097990989685058 28080
1675960076734 0.5935488700866699 28120
1675960077451 0.585103178024292 28160
1675960078136 0.5932084560394287 28200
1675960078791 0.5963934421539306 28240
1675960079458 0.6176899433135986 28280
1675960080151 0.5897024631500244 28320
1675960080932 0.5967557907104493 28360
1675960081495 0.6091499328613281 28400
1675960082083 0.6049487590789795 28440
1675960082773 0.6002459526062012 28480
1675960083466 0.5882973670959473 28520
1675960084076 0.6073403835296631 28560
1675960084731 0.6060928344726563 28600
1675960085402 0.6124147891998291 28640
1675960086191 0.5897559642791748 28680
1675960086907 0.6024246215820312 28720
1675960087539 0.6087639331817627 28760
1675960088222 0.6030364036560059 28800
1675960088911 0.5966058254241944 28840
1675960089605 0.5949281215667724 28880
1675960090184 0.6049927234649658 28920
1675960090991 0.5924476623535156 28960
1675960091543 0.6270547866821289 29000
1675960092135 0.5920162200927734 29040
1675960092976 0.5993575096130371 29080
1675960093510 0.6151154994964599 29120
1675960094148 0.5876991271972656 29160
1675960094785 0.6038141250610352 29200
1675960095544 0.6001515865325928 29240
1675960096332 0.5974237442016601 29280
1675960097051 0.5974772930145263 29320
1675960097611 0.6180623054504395 29360
1675960098163 0.6187384605407715 29400
1675960098722 0.6123265743255615 29440
1675960099468 0.5875054836273194 29480
1675960100103 0.6088762283325195 29520
1675960100714 0.6016512870788574 29560
1675960101342 0.5911331653594971 29600
1675960101942 0.5829118251800537 29640
1675960102503 0.5964274883270264 29680
1675960103336 0.5930057048797608 29720
1675960103920 0.6095138549804687 29760
1675960104554 0.6114030361175538 29800
1675960105152 0.6144201278686523 29840
1675960105762 0.600413179397583 29880
1675960106413 0.5866395950317382 29920
1675960106948 0.6143877983093262 29960
1675960107669 0.6150403022766113 30000
1675960108314 0.5938949584960938 30040
1675960108850 0.6169317722320556 30080
1675960109533 0.6107711791992188 30120
1675960112908 0.3961707353591919 30160
1675960113620 0.59433913230896 30200
1675960114276 0.5921363353729248 30240
1675960114922 0.583904218673706 30280
1675960115693 0.605463981628418 30320
1675960116403 0.575687837600708 30360
1675960117027 0.6001025199890136 30400
1675960117621 0.5993129730224609 30440
1675960118256 0.6051499366760253 30480
1675960118883 0.5839499473571778 30520
1675960119546 0.5947081089019776 30560
1675960120259 0.5945984363555908 30600
1675960120892 0.6168216228485107 30640
1675960121638 0.5778425693511963 30680
1675960122261 0.5987809658050537 30720
1675960122935 0.5968110084533691 30760
1675960123578 0.5842953205108643 30800
1675960124178 0.602023696899414 30840
1675960124801 0.5941930294036866 30880
1675960125397 0.6026384353637695 30920
1675960126181 0.5924261093139649 30960
1675960126992 0.6267894744873047 31000
1675960127668 0.5945075035095215 31040
1675960128341 0.5991635799407959 31080
1675960128993 0.6058101177215576 31120
1675960129765 0.5933966636657715 31160
1675960130356 0.6204386711120605 31200
1675960130987 0.5958027839660645 31240
1675960131566 0.5889785289764404 31280
1675960132379 0.5723036766052246 31320
1675960132956 0.6151053428649902 31360
1675960133593 0.602622652053833 31400
1675960134237 0.6013055324554444 31440
1675960134942 0.5991560459136963 31480
1675960135525 0.5963549137115478 31520
1675960136200 0.5983259677886963 31560
1675960136901 0.6085434913635254 31600
1675960137479 0.6037179470062256 31640
1675960138140 0.5791045188903808 31680
1675960138757 0.5887397766113281 31720
1675960139376 0.6264081478118897 31760
1675960140006 0.6051912307739258 31800
1675960140556 0.6105339527130127 31840
1675960141259 0.6098371505737304 31880
1675960141819 0.614398717880249 31920
1675960142437 0.5954640865325928 31960
1675960143170 0.604364538192749 32000
1675960143750 0.6140322208404541 32040
1675960144396 0.6022602081298828 32080
1675960144969 0.6236678123474121 32120
1675960145666 0.590913963317871 32160
1675960146292 0.602485466003418 32200
1675960146966 0.587731122970581 32240
1675960147528 0.6094362735748291 32280
1675960148200 0.6036005020141602 32320
1675960148821 0.587421178817749 32360
1675960149525 0.5927259922027588 32400
1675960150080 0.602678918838501 32440
1675960150708 0.6034721374511719 32480
1675960151429 0.5946310520172119 32520
1675960151980 0.6132080078125 32560
1675960152624 0.5841470718383789 32600
1675960153578 0.5962199211120606 32640
1675960154190 0.6054450035095215 32680
1675960155003 0.5800188541412353 32720
1675960155612 0.6036690711975098 32760
1675960156325 0.5901139259338379 32800
1675960157457 0.6147829532623291 32840
1675960158164 0.5959506034851074 32880
1675960158897 0.5796648025512695 32920
1675960159691 0.6104884147644043 32960
1675960160243 0.6223395347595215 33000
1675960160927 0.5913660049438476 33040
1675960161722 0.5894321441650391 33080
1675960162259 0.6086945056915283 33120
1675960162873 0.5945448875427246 33160
1675960163658 0.5846343040466309 33200
1675960164315 0.5864078998565674 33240
1675960165010 0.5876242637634277 33280
1675960165604 0.6133976936340332 33320
1675960166169 0.5993529319763183 33360
1675960166825 0.5855582237243653 33400
1675960167375 0.6107784271240234 33440
1675960168050 0.5856314182281495 33480
1675960168636 0.599100923538208 33520
1675960169388 0.5975815773010253 33560
1675960170112 0.5907979965209961 33600
1675960170694 0.5980470180511475 33640
1675960171369 0.5862867355346679 33680
1675960171972 0.6129617691040039 33720
1675960172615 0.5990848064422607 33760
1675960173256 0.5983330726623535 33800
1675960173979 0.6045336246490478 33840
1675960174676 0.5795146465301514 33880
1675960175331 0.5888315677642822 33920
1675960175950 0.6133746147155762 33960
1675960176506 0.5944994926452637 34000
1675960177063 0.6144167900085449 34040
1675960177589 0.6079333305358887 34080
1675960178188 0.6034898281097412 34120
1675960178837 0.590339994430542 34160
1675960179483 0.606008768081665 34200
1675960180221 0.603936767578125 34240
1675960180839 0.5811732292175293 34280
1675960181499 0.5902895927429199 34320
1675960182049 0.6076948642730713 34360
1675960182700 0.5962860107421875 34400
1675960183294 0.5960540771484375 34440
1675960183841 0.599769115447998 34480
1675960184545 0.5935684204101562 34520
1675960185256 0.5762048244476319 34560
1675960186137 0.6018932819366455 34600
1675960186910 0.5793626785278321 34640
1675960187501 0.6229969501495362 34680
1675960188164 0.5980405330657959 34720
1675960188928 0.6083004474639893 34760
1675960189724 0.5817693710327149 34800
1675960190317 0.6013704299926758 34840
1675960191151 0.562677001953125 34880
1675960191793 0.6037797451019287 34920
1675960192374 0.6015053272247315 34960
1675960192983 0.6101087093353271 35000
1675960193654 0.576622724533081 35040
1675960194191 0.6221284866333008 35080
1675960194982 0.6005067348480224 35120
1675960195627 0.5968941211700439 35160
1675960196248 0.6021606922149658 35200
1675960196852 0.6166791439056396 35240
1675960197487 0.5952906608581543 35280
1675960198138 0.6171087265014649 35320
1675960198913 0.5998026847839355 35360
1675960199608 0.6058984279632569 35400
1675960200278 0.6150218963623046 35440
1675960201330 0.6139582633972168 35480
1675960202158 0.5891730785369873 35520
1675960202837 0.6048722267150879 35560
1675960203528 0.6092134475708008 35600
1675960204403 0.6066044807434082 35640
1675960205268 0.6105213642120362 35680
1675960205993 0.5998215198516845 35720
1675960206684 0.5940522670745849 35760
1675960208023 0.6060009002685547 35800
1675960208731 0.5938453674316406 35840
1675960209492 0.5888485908508301 35880
1675960210320 0.5823941230773926 35920
1675960210889 0.6268632888793946 35960
1675960211670 0.6141897678375244 36000
1675960212304 0.6045010566711426 36040
1675960212971 0.6034817218780517 36080
1675960213866 0.5763994693756104 36120
1675960214594 0.6107771396636963 36160
1675960215246 0.6077423572540284 36200
1675960215953 0.6136998653411865 36240
1675960216630 0.6089179992675782 36280
1675960217328 0.6192521095275879 36320
1675960217915 0.6186376094818116 36360
1675960218526 0.5938389301300049 36400
1675960219094 0.6005275249481201 36440
1675960219845 0.5981234073638916 36480
1675960220477 0.6083110809326172 36520
1675960221066 0.6037521362304688 36560
1675960221786 0.5926501750946045 36600
1675960222414 0.5951828956604004 36640
1675960222964 0.6204450130462646 36680
1675960223615 0.6239492893218994 36720
1675960224394 0.6017477989196778 36760
1675960224977 0.6087218284606933 36800
1675960225633 0.5864762306213379 36840
1675960226412 0.5837904453277588 36880
1675960226980 0.6142636775970459 36920
1675960227588 0.6046506404876709 36960
1675960228264 0.588506555557251 37000
1675960228879 0.603672981262207 37040
1675960229634 0.5925161838531494 37080
1675960230503 0.5921970844268799 37120
1675960231110 0.6055400848388672 37160
1675960231752 0.6045283794403076 37200
1675960232425 0.5986625194549561 37240
1675960233098 0.6045924663543701 37280
1675960233778 0.6124929428100586 37320
1675960234466 0.6014992237091065 37360
1675960235092 0.5906825542449952 37400
1675960235901 0.5768848419189453 37440
1675960236533 0.6179569721221924 37480
1675960237208 0.6073370456695557 37520
1675960237988 0.6058268070220947 37560
1675960238599 0.6180278301239014 37600
1675960239294 0.5922795295715332 37640
1675960240015 0.5809854507446289 37680
1675960240901 0.5910733222961426 37720
1675960241575 0.5884313583374023 37760
1675960242257 0.5951560497283935 37800
1675960242947 0.5985918521881104 37840
1675960243572 0.6158579826354981 37880
1675960244358 0.614268684387207 37920
1675960245041 0.6129423618316651 37960
1675960245749 0.5969568729400635 38000
1675960246542 0.5913581371307373 38040
1675960247397 0.5804341793060303 38080
1675960248047 0.6055265426635742 38120
1675960248739 0.5960859775543212 38160
1675960249480 0.5914681911468506 38200
1675960250252 0.5823686599731446 38240
1675960251124 0.606619930267334 38280
1675960251696 0.6112453937530518 38320
1675960252425 0.5938513278961182 38360
1675960253186 0.5996447563171386 38400
1675960253881 0.6057440280914307 38440
1675960254571 0.6087467193603515 38480
1675960255265 0.5977275848388672 38520
1675960255931 0.5863400936126709 38560
1675960256537 0.6054965019226074 38600
1675960257185 0.6093310356140137 38640
1675960257818 0.604984712600708 38680
1675960258495 0.5939760208129883 38720
1675960259058 0.6035447120666504 38760
1675960259880 0.6058543682098388 38800
1675960260567 0.6092180252075196 38840
1675960261338 0.5973497867584229 38880
1675960261995 0.5931768417358398 38920
1675960262572 0.6122754573822021 38960
1675960263324 0.5825420379638672 39000
1675960263997 0.6285162925720215 39040
1675960264736 0.5908019542694092 39080
1675960265621 0.6044492721557617 39120
1675960266284 0.6074516773223877 39160
1675960266945 0.5973431587219238 39200
1675960267674 0.5983095169067383 39240
1675960268343 0.6009253025054931 39280
1675960269024 0.6039592266082764 39320
1675960269870 0.5902988910675049 39360
1675960270483 0.6149982929229736 39400
1675960271100 0.6232010364532471 39440
1675960271892 0.6038366317749023 39480
1675960272529 0.5968264579772949 39520
1675960273175 0.6007786750793457 39560
1675960273878 0.6037508964538574 39600
1675960274681 0.5934523105621338 39640
1675960275368 0.579722261428833 39680
1675960276081 0.5931932926177979 39720
1675960276943 0.5959208965301513 39760
1675960277606 0.6071144104003906 39800
1675960278261 0.6154160022735595 39840
1675960278908 0.6151914119720459 39880
1675960279665 0.5963280200958252 39920
1675960280411 0.5953870296478272 39960
1675960281121 0.6066844940185547 40000
1675960281717 0.6169912815093994 40040
1675960282418 0.5996188640594482 40080
1675960283022 0.611396312713623 40120
1675960283682 0.6160069465637207 40160
