1675873859495 0.3373066484928131 0
1675873859566 0.3348693549633026 0
1675873859641 0.3279460370540619 0
1675873859713 0.32171186804771423 0
1675873859785 0.3149193227291107 0
1675873859857 0.30948275327682495 0
1675873859928 0.3037596642971039 0
1675873859999 0.30035844445228577 0
1675873860071 0.29496368765830994 0
1675873860148 0.2888126075267792 0
1675873860226 0.2821849584579468 0
1675873860306 0.27984410524368286 0
1675873860389 0.2750849723815918 0
1675873860467 0.27219071984291077 0
1675873860546 0.26950135827064514 0
1675873860625 0.2624260485172272 0
1675873860705 0.2540811598300934 0
1675873860782 0.2553020715713501 0
1675873860860 0.25061506032943726 0
1675873860940 0.2492033988237381 0
1675873861018 0.24426236748695374 0
1675873861097 0.24174681305885315 0
1675873861179 0.2365434616804123 0
1675873861258 0.2318815141916275 0
1675873861336 0.22930675745010376 0
1675873861414 0.21675129234790802 0
1675873861494 0.23574481904506683 0
1675873861573 0.22056640684604645 0
1675873861644 0.21723952889442444 0
1675873861830 0.22349394857883453 0
1675873861909 0.22067078948020935 0
1675873861987 0.215785950422287 0
1675873862065 0.20479321479797363 0
1675873862146 0.21356534957885742 0
1675873862227 0.20797297358512878 0
1675873862310 0.20441563427448273 0
1675873862387 0.199818953871727 0
1675873862464 0.194607213139534 0
1675873862542 0.20327021181583405 0
1675873862626 0.199325829744339 0
1675873862713 0.1968180388212204 0
1675873862794 0.20905525982379913 0
1675873862872 0.1889953464269638 0
1675873862961 0.19898484647274017 0
1675873863039 0.19448362290859222 0
1675873863119 0.19205279648303986 0
1675873863199 0.18958178162574768 0
1675873863271 0.19010789692401886 0
1675873863347 0.1745779812335968 0
1675873863426 0.19508634507656097 0
1675873863507 0.18718118965625763 0
1675873863585 0.20206387341022491 0
1675873863665 0.18222658336162567 0
1675873863754 0.19164994359016418 0
1675873863830 0.17347575724124908 0
1675873863908 0.1737627387046814 0
1675873863986 0.18309612572193146 0
1675873864057 0.17350275814533234 0
1675873864233 0.1782563179731369 0
1675873864314 0.18034829199314117 0
1675873864397 0.19486209750175476 0
1675873864478 0.16790355741977692 0
1675873864557 0.18992076814174652 0
1675873864642 0.18192148208618164 0
1675873864724 0.17388318479061127 0
1675873864802 0.16966277360916138 0
1675873864886 0.1765870898962021 0
1675873864965 0.18603578209877014 0
1675873865048 0.1721515953540802 0
1675873865126 0.15862680971622467 0
1675873865207 0.17130915820598602 0
