1675606118901 0.3102082312107086 0
1675606119103 0.3078315854072571 0
1675606119329 0.30700570344924927 0
1675606119560 0.30630335211753845 0
1675606119783 0.3073093891143799 0
1675606120009 0.3059559166431427 0
1675606120222 0.30779317021369934 0
1675606120425 0.3089539408683777 0
1675606120654 0.3065025508403778 0
1675606120888 0.3076265752315521 0
1675606121173 0.3058650493621826 0
1675606121406 0.30444449186325073 0
1675606121614 0.3075418770313263 0
1675606121819 0.307534396648407 0
1675606122052 0.3064141571521759 0
1675606122292 0.3085799515247345 0
1675606122486 0.30877697467803955 0
1675606122694 0.3070644438266754 0
1675606122907 0.3061906695365906 0
1675606123123 0.30619409680366516 0
1675606123353 0.3055915832519531 0
1675606123570 0.3070431649684906 0
1675606123824 0.30386149883270264 0
1675606124058 0.3047701418399811 0
1675606124275 0.3056865930557251 0
1675606124507 0.3026253581047058 0
1675606124724 0.3043873608112335 0
1675606124992 0.3012640178203583 0
1675606125198 0.305551677942276 0
1675606125416 0.3033290505409241 0
1675606125605 0.3067205250263214 0
1675606125830 0.30305221676826477 0
1675606126032 0.30508583784103394 0
1675606126254 0.3024117350578308 0
1675606126471 0.3028959035873413 0
1675606126706 0.3008004426956177 0
1675606126930 0.30227339267730713 0
1675606127145 0.3026979863643646 0
1675606127361 0.30319127440452576 0
1675606127577 0.3033406436443329 0
1675606127779 0.303887277841568 0
1675606127997 0.30173349380493164 0
1675606128190 0.3045904338359833 0
1675606128430 0.2990570366382599 0
1675606128636 0.3028724789619446 0
1675606128877 0.2989383041858673 0
1675606129111 0.29954203963279724 0
1675606129319 0.30204516649246216 0
1675606129519 0.30314669013023376 0
1675606129731 0.30129310488700867 0
1675606129966 0.29972583055496216 0
1675606130180 0.3010769486427307 0
1675606130404 0.30079182982444763 0
1675606130614 0.3009445071220398 0
1675606130839 0.2997742295265198 0
1675606131076 0.29764828085899353 0
1675606131260 0.3035569489002228 0
1675606131494 0.2979629933834076 0
1675606131700 0.30030113458633423 0
1675606131933 0.29817044734954834 0
1675606132168 0.29645708203315735 0
1675606132431 0.2943045496940613 0
1675606132659 0.2975861728191376 0
1675606132886 0.2979622781276703 0
1675606133126 0.2958275079727173 0
1675606133327 0.29988566040992737 0
1675606133547 0.29780441522598267 0
1675606133765 0.2976619303226471 0
1675606133976 0.2988594174385071 0
1675606134174 0.29996418952941895 0
1675606134371 0.29975539445877075 0
1675606134581 0.2978072166442871 0
1675606134794 0.29796913266181946 0
1675606135011 0.29694119095802307 0
1675606135224 0.29713764786720276 0
1675606135438 0.2968423366546631 0
1675606135664 0.2958168387413025 0
1675606135919 0.2949761748313904 0
1675606136137 0.29655173420906067 0
1675606136343 0.2972846031188965 0
1675606136563 0.295958548784256 0
1675606136781 0.2962970733642578 0
1675606136993 0.2963966131210327 0
1675606137254 0.2914823591709137 0
1675606137472 0.2982296645641327 0
1675606137687 0.2964933216571808 0
1675606137894 0.2967319190502167 0
1675606138109 0.2956674098968506 0
1675606138342 0.2932926118373871 0
1675606138569 0.2949086129665375 0
1675606138833 0.2977699637413025 0
1675606139106 0.29810208082199097 0
1675606139388 0.29369229078292847 0
1675606139635 0.2925257980823517 0
1675606139898 0.2939869463443756 0
1675606140139 0.29524293541908264 0
1675606140363 0.2953270673751831 0
1675606140648 0.2912805378437042 0
1675606140926 0.2922951281070709 0
1675606141144 0.2952187955379486 0
1675606141364 0.29341763257980347 0
1675606141586 0.2925697863101959 0
1675606141802 0.29545488953590393 0
1675606142060 0.2888018488883972 0
1675606142278 0.29157987236976624 0
1675606142486 0.29238730669021606 0
1675606142694 0.2920839786529541 0
1675606142888 0.2933126389980316 0
1675606143123 0.29022032022476196 0
1675606143367 0.29058974981307983 0
1675606143599 0.2887178659439087 0
1675606143815 0.2907074987888336 0
1675606144053 0.28999578952789307 0
1675606144304 0.28902140259742737 0
1675606144538 0.2884349822998047 0
1675606144770 0.2873319983482361 0
1675606144978 0.290081650018692 0
1675606145208 0.2876519560813904 0
1675606145434 0.287811279296875 0
1675606145664 0.2865219712257385 0
1675606145913 0.28462737798690796 0
1675606146120 0.28985077142715454 0
1675606146340 0.2873591184616089 0
1675606146556 0.28816160559654236 0
1675606146759 0.2890995144844055 0
1675606146999 0.2851497232913971 0
1675606147204 0.2873868942260742 0
1675606147444 0.285233736038208 0
1675606147653 0.28667616844177246 0
1675606147900 0.28341230750083923 0
1675606148115 0.28621408343315125 0
1675606148350 0.2832721471786499 0
1675606148568 0.2849019765853882 0
1675606148784 0.28462934494018555 0
1675606149004 0.2844708263874054 0
1675606149224 0.28318116068840027 0
1675606149463 0.2828119695186615 0
1675606149678 0.28427863121032715 0
1675606149924 0.282321035861969 0
1675606150161 0.28328201174736023 0
1675606150430 0.28233274817466736 0
1675606150665 0.28055328130722046 0
1675606150910 0.2797316908836365 0
1675606151208 0.2799854874610901 0
1675606151459 0.2811174988746643 0
1675606151714 0.27866193652153015 0
1675606151942 0.2803385257720947 0
1675606152194 0.27941641211509705 0
1675606152473 0.27837619185447693 0
1675606152713 0.27970078587532043 0
1675606152943 0.28068527579307556 0
1675606153207 0.2768853008747101 0
1675606153483 0.276082307100296 0
1675606153777 0.2759574353694916 0
1675606154039 0.2785497307777405 0
1675606154302 0.2778610587120056 0
1675606154563 0.2756538689136505 0
1675606156189 0.2756892144680023 0
1675606156439 0.2738903760910034 0
1675606156659 0.27627992630004883 0
1675606156904 0.27395156025886536 0
1675606157180 0.2715541124343872 0
1675606157432 0.27143555879592896 0
1675606157634 0.2753296494483948 0
1675606157830 0.27484792470932007 0
1675606158039 0.27317774295806885 0
1675606158297 0.26836591958999634 0
1675606158508 0.2717086672782898 0
1675606158753 0.2682539224624634 0
1675606158973 0.27010229229927063 0
1675606159196 0.2705693542957306 0
1675606159417 0.2688104510307312 0
1675606159646 0.2675325572490692 0
1675606159864 0.2683696150779724 0
1675606160117 0.26587411761283875 0
1675606160354 0.2659192383289337 0
1675606160601 0.2640647888183594 0
1675606160835 0.2657523453235626 0
1675606161089 0.26401636004447937 0
1675606161307 0.2646889090538025 0
1675606161528 0.26368826627731323 0
1675606161727 0.2660796642303467 0
1675606161941 0.2633032500743866 0
1675606162152 0.26271092891693115 0
1675606162372 0.26245203614234924 0
1675606162600 0.2599089741706848 0
1675606162880 0.25895342230796814 0
1675606163077 0.2617860436439514 0
1675606163277 0.26051047444343567 0
1675606163499 0.2578446567058563 0
1675606163706 0.2583947777748108 0
1675606163930 0.25622615218162537 0
1675606164156 0.25558629631996155 0
1675606164398 0.2533469796180725 0
1675606164618 0.2545756995677948 0
1675606164842 0.25375714898109436 0
1675606165042 0.2541295886039734 0
1675606165270 0.25120192766189575 0
1675606165472 0.25255560874938965 0
1675606165714 0.24879328906536102 0
1675606165945 0.2483433336019516 0
1675606166198 0.24611243605613708 0
1675606166412 0.2483779340982437 0
1675606166626 0.24698373675346375 0
1675606166834 0.24645493924617767 0
1675606167021 0.24686163663864136 0
1675606167229 0.24463677406311035 0
1675606167449 0.24398694932460785 0
1675606167703 0.2393328845500946 0
1675606167902 0.24208928644657135 0
1675606168131 0.23904307186603546 0
1675606168370 0.2381564974784851 0
1675606168616 0.23722778260707855 0
1675606168854 0.23688814043998718 0
1675606169098 0.23436619341373444 0
1675606169295 0.2353791892528534 0
1675606169529 0.23204803466796875 0
1675606169741 0.23209954798221588 0
1675606170006 0.228165403008461 0
1675606170238 0.22872743010520935 0
1675606170445 0.22897005081176758 0
1675606170640 0.22780688107013702 0
1675606170862 0.22498321533203125 0
1675606171109 0.22362782061100006 0
1675606171348 0.22279205918312073 0
1675606171571 0.22180958092212677 0
1675606171787 0.21964237093925476 0
1675606172007 0.2187446504831314 0
1675606172230 0.21678702533245087 0
1675606172466 0.21505674719810486 0
1675606172676 0.2139899581670761 0
1675606172891 0.2125217765569687 0
1675606173114 0.21023757755756378 0
1675606173342 0.20853938162326813 0
1675606173557 0.20766864717006683 0
1675606173772 0.2060173600912094 0
1675606174003 0.20360541343688965 0
1675606174206 0.20323778688907623 0
1675606174421 0.2013397216796875 0
1675606174624 0.19964104890823364 0
1675606174846 0.19683058559894562 0
1675606175072 0.19526995718479156 0
1675606175283 0.19337454438209534 0
1675606175506 0.19148223102092743 0
1675606175711 0.19009363651275635 0
1675606175910 0.18802973628044128 0
1675606176135 0.18550655245780945 0
1675606176355 0.18356400728225708 0
1675606176575 0.18139301240444183 0
1675606176780 0.17995931208133698 0
1675606177008 0.17719295620918274 0
1675606177249 0.17547498643398285 0
1675606177482 0.1735798418521881 0
1675606177729 0.171149343252182 0
1675606177947 0.1688053458929062 0
1675606178150 0.1663913130760193 0
1675606178354 0.16425073146820068 0
1675606178561 0.16182191669940948 0
1675606178758 0.15981057286262512 0
1675606179004 0.15735091269016266 0
1675606179237 0.1552942544221878 0
1675606179458 0.1528298705816269 0
1675606179685 0.15027618408203125 0
1675606179910 0.14821994304656982 0
1675606180120 0.1455930918455124 0
1675606180327 0.14326241612434387 0
1675606180557 0.1411689817905426 0
1675606180771 0.13848291337490082 0
1675606180987 0.1354569047689438 0
1675606181202 0.13327166438102722 0
1675606181410 0.13097363710403442 0
1675606181605 0.12788531184196472 0
1675606181820 0.1255582571029663 0
1675606182040 0.12368467450141907 0
1675606182292 0.12196802347898483 0
1675606182534 0.1190488189458847 0
1675606182768 0.11638499051332474 0
1675606182983 0.11321074515581131 0
1675606183213 0.11220570653676987 0
1675606183450 0.10945738852024078 0
1675606183684 0.10617350786924362 0
1675606183907 0.10336337983608246 0
1675606184158 0.10137700289487839 0
1675606184367 0.09820075333118439 0
1675606184578 0.09613463282585144 0
1675606184826 0.0957123339176178 0
1675606185086 0.09308462589979172 0
1675606185325 0.08979450911283493 0
1675606185533 0.08660662174224854 0
1675606185782 0.08578028529882431 0
1675606185997 0.08170797675848007 0
1675606186237 0.08209209144115448 0
1675606186467 0.07939068228006363 0
1675606186677 0.0755288302898407 0
1675606186903 0.07462137192487717 0
1675606187120 0.07204163074493408 0
1675606187345 0.07031020522117615 0
1675606187586 0.06938918679952621 0
1675606187820 0.06696360558271408 0
1675606188059 0.06565730273723602 0
1675606188288 0.06201767921447754 0
1675606188490 0.05958786606788635 0
1675606188693 0.056843407452106476 0
1675606188923 0.05817961320281029 0
1675606189140 0.054560743272304535 0
1675606189370 0.05488364398479462 0
1675606189567 0.050460536032915115 0
1675606189815 0.052746862173080444 0
1675606190024 0.04801751673221588 0
1675606190223 0.04533577710390091 0
1675606190408 0.043154872953891754 0
1675606190649 0.04602506756782532 0
1675606190885 0.04478295519948006 0
1675606191086 0.040296122431755066 0
1675606192489 0.03917195275425911 0
1675606192742 0.042440015822649 0
1675606192981 0.03966544196009636 0
1675606193203 0.03728397563099861 0
1675606193450 0.03754344955086708 0
1675606193699 0.03810987249016762 0
1675606193917 0.0337817519903183 0
1675606194127 0.03225994482636452 0
1675606194394 0.03617165982723236 0
1675606194632 0.03336004540324211 0
1675606194865 0.03101891465485096 0
1675606195085 0.030007850378751755 0
1675606195307 0.028600633144378662 0
1675606195531 0.02931756153702736 0
1675606195732 0.02608317695558071 0
1675606195974 0.02894345484673977 0
1675606196195 0.026691867038607597 0
1675606196419 0.027104299515485764 0
1675606196618 0.023445365950465202 0
1675606196822 0.02324998751282692 0
1675606197040 0.02266194485127926 0
1675606197248 0.02247324399650097 0
1675606197455 0.020118210464715958 0
1675606197675 0.02186097390949726 0
1675606197884 0.02114037238061428 0
1675606198086 0.020057328045368195 0
1675606198340 0.02241494134068489 0
1675606198570 0.020656287670135498 0
1675606198793 0.01838868111371994 0
1675606199023 0.019277924671769142 0
1675606199269 0.019792968407273293 0
1675606199483 0.017587631940841675 0
1675606199691 0.01785583421587944 0
1675606199893 0.016836628317832947 0
1675606200109 0.017789212986826897 0
1675606200326 0.016541820019483566 0
1675606200536 0.016270607709884644 0
1675606200752 0.01644274964928627 0
1675606200980 0.017431247979402542 0
1675606201225 0.017840050160884857 0
1675606201444 0.016425523906946182 0
1675606201655 0.015043333172798157 0
1675606201917 0.018673565238714218 0
1675606202136 0.016347847878932953 0
1675606202371 0.016929956153035164 0
1675606202573 0.01439607422798872 0
1675606202789 0.014080687426030636 0
1675606203035 0.01720089092850685 0
1675606203264 0.01609390787780285 0
1675606203511 0.017134061083197594 0
1675606203727 0.01381564699113369 0
1675606203947 0.014229855500161648 0
1675606204166 0.01463407464325428 0
1675606204384 0.014130957424640656 0
1675606204573 0.011712714098393917 0
1675606204773 0.012056408450007439 0
1675606204996 0.0133495032787323 0
1675606205209 0.012983135879039764 0
1675606205418 0.01255384087562561 0
1675606205648 0.014247019775211811 0
1675606205876 0.01382724940776825 0
1675606206134 0.016300877556204796 0
1675606206358 0.013582302257418633 0
1675606206582 0.012327275238931179 0
1675606206809 0.0133058438077569 0
1675606207039 0.0124835055321455 0
1675606207238 0.010380974970757961 0
1675606207450 0.010477098636329174 0
1675606207667 0.011638641357421875 0
1675606207899 0.012852673418819904 0
1675606208108 0.011843740940093994 0
1675606208320 0.011569698341190815 0
1675606208547 0.013305887579917908 0
1675606208772 0.012610027566552162 0
1675606208980 0.009981174021959305 0
1675606209201 0.011335304006934166 0
1675606209457 0.013379138894379139 0
1675606209665 0.010722367092967033 0
1675606209878 0.01053157914429903 0
1675606210077 0.009552043862640858 0
1675606210301 0.011937645263969898 0
1675606210528 0.01239541545510292 0
1675606210729 0.010026846081018448 0
1675606210947 0.011074583977460861 0
1675606211184 0.012042032554745674 0
1675606211409 0.011739744804799557 0
1675606211614 0.00979460496455431 0
1675606211848 0.0124852005392313 0
1675606212071 0.011661451309919357 0
1675606212278 0.009931806474924088 0
1675606212505 0.012069291435182095 0
1675606212710 0.010291659273207188 0
1675606212915 0.009892920963466167 0
1675606213162 0.01212118286639452 0
1675606213391 0.011165761388838291 0
1675606213638 0.011472241953015327 0
1675606213887 0.01130763627588749 0
1675606214157 0.010741802863776684 0
1675606214368 0.009345619939267635 0
1675606214570 0.009569940157234669 0
1675606214789 0.009776763617992401 0
1675606215011 0.01079755648970604 0
1675606215235 0.01091113593429327 0
1675606215481 0.012240930460393429 0
1675606215679 0.008715933188796043 0
1675606215882 0.009357625618577003 0
1675606216104 0.010758500546216965 0
1675606216309 0.00879634078592062 0
1675606216547 0.010790294036269188 0
1675606216766 0.010229134932160378 0
1675606216997 0.01154815312474966 0
1675606217242 0.010320516303181648 0
1675606217453 0.00807393342256546 0
1675606217685 0.01127923559397459 0
1675606217904 0.010354485362768173 0
1675606218121 0.00995616801083088 0
1675606218349 0.010885035619139671 0
1675606218566 0.009930730797350407 0
1675606218790 0.010296309366822243 0
1675606219008 0.009957369416952133 0
1675606219227 0.01023673266172409 0
1675606219425 0.008194729685783386 0
1675606219612 0.007910826243460178 0
1675606219805 0.008293296210467815 0
1675606220030 0.010729624889791012 0
1675606220233 0.00926859863102436 0
1675606220454 0.00982919242233038 0
1675606220685 0.009416956454515457 0
1675606220893 0.009424353018403053 0
1675606221126 0.011270116083323956 0
1675606221382 0.010488416068255901 0
1675606221601 0.008498894050717354 0
1675606221817 0.009217647835612297 0
1675606222046 0.010421127080917358 0
1675606222254 0.009340016171336174 0
1675606222469 0.009886041283607483 0
1675606222696 0.010501817800104618 0
1675606222903 0.008893284946680069 0
1675606223175 0.010893982835114002 0
1675606223452 0.010159468278288841 0
1675606223663 0.008861924521625042 0
1675606223887 0.010647018440067768 0
1675606224126 0.011497484520077705 0
1675606224338 0.009903280064463615 0
1675606224579 0.011130180209875107 0
1675606224810 0.010134062729775906 0
1675606225014 0.008455661125481129 0
1675606225251 0.011311134323477745 0
1675606225459 0.008678091689944267 0
1675606225698 0.011466894298791885 0
1675606225905 0.008847618475556374 0
1675606226102 0.007957651279866695 0
1675606226309 0.008809414692223072 0
1675606226511 0.008749281987547874 0
1675606226721 0.0091724107041955 0
1675606226933 0.009671580977737904 0
1675606227169 0.01147848553955555 0
1675606228679 0.00821690633893013 0
1675606228900 0.007822360843420029 0
1675606229158 0.011107644997537136 0
1675606229386 0.01057641301304102 0
1675606229623 0.010399862192571163 0
1675606229881 0.01342425774782896 0
1675606230087 0.008764296770095825 0
1675606230309 0.009946889244019985 0
1675606230533 0.008976996876299381 0
1675606230782 0.01066509634256363 0
1675606231002 0.009528116323053837 0
1675606231242 0.011211294680833817 0
1675606231453 0.00836306344717741 0
1675606231680 0.009933008812367916 0
1675606231922 0.011304260231554508 0
1675606232127 0.008488470688462257 0
1675606232341 0.009379423223435879 0
1675606232555 0.009641872718930244 0
1675606232764 0.008978065103292465 0
1675606232981 0.009870908223092556 0
1675606233194 0.009503377601504326 0
1675606233403 0.008754195645451546 0
1675606233649 0.01207809429615736 0
1675606233897 0.01198993157595396 0
1675606234107 0.009066397324204445 0
1675606234322 0.00981841515749693 0
1675606234525 0.008406237699091434 0
1675606234734 0.008607011288404465 0
1675606234964 0.010611866600811481 0
1675606235170 0.008605299517512321 0
1675606235375 0.008621263317763805 0
1675606235587 0.009543139487504959 0
1675606235830 0.011761314235627651 0
1675606236064 0.010901548899710178 0
1675606236298 0.010870363563299179 0
1675606236538 0.011551540344953537 0
1675606236741 0.008123994804918766 0
1675606236981 0.011761362664401531 0
1675606237211 0.010959823615849018 0
1675606237436 0.008687049150466919 0
1675606237665 0.009940410032868385 0
1675606237915 0.012320554815232754 0
1675606238124 0.009897936135530472 0
1675606238349 0.0103826355189085 0
1675606238564 0.009335446171462536 0
1675606238770 0.008953612297773361 0
1675606238969 0.008356434293091297 0
1675606239199 0.010626447387039661 0
1675606239401 0.007852606475353241 0
1675606239608 0.00880515482276678 0
1675606239825 0.008926802314817905 0
1675606240034 0.008748524822294712 0
1675606240262 0.01012139767408371 0
1675606240505 0.011018488556146622 0
1675606240715 0.008653221651911736 0
1675606240932 0.008884595707058907 0
1675606241175 0.01123465970158577 0
1675606241416 0.011174439452588558 0
1675606241618 0.008129367604851723 0
1675606241855 0.010010162368416786 0
1675606242097 0.012100200168788433 0
1675606242302 0.008587882854044437 0
1675606242516 0.009135827422142029 0
1675606242764 0.010750691406428814 0
1675606242983 0.00885399803519249 0
1675606243207 0.00929239857941866 0
1675606243436 0.010237803682684898 0
1675606243660 0.00855072122067213 0
1675606243909 0.010430768132209778 0
1675606244169 0.011066957376897335 0
1675606244385 0.008054189383983612 0
1675606244602 0.008790500462055206 0
1675606244809 0.008026798255741596 0
1675606245043 0.010369034484028816 0
1675606245262 0.009311677888035774 0
1675606245486 0.009763803333044052 0
1675606245713 0.00951711181551218 0
1675606245918 0.008382473140954971 0
1675606246116 0.008352776058018208 0
1675606246355 0.010436298325657845 0
1675606246612 0.011303012259304523 0
1675606246823 0.00893949344754219 0
1675606247040 0.009670568630099297 0
1675606247282 0.01123130414634943 0
1675606247517 0.009853838011622429 0
1675606247719 0.008121967315673828 0
1675606247925 0.008402195759117603 0
1675606248124 0.008365035057067871 0
1675606248310 0.007139323744922876 0
1675606248548 0.008603624068200588 0
1675606248771 0.010200954042375088 0
1675606249037 0.010976487770676613 0
1675606249264 0.00968916155397892 0
1675606249488 0.0103127621114254 0
1675606249706 0.008734016679227352 0
1675606249937 0.009689013473689556 0
1675606250157 0.009645157493650913 0
1675606250394 0.011124578304588795 0
1675606250616 0.009207962080836296 0
1675606250847 0.00981480348855257 0
1675606251079 0.010589704848825932 0
1675606251305 0.009849962778389454 0
1675606251520 0.00990508683025837 0
1675606251728 0.008985787630081177 0
1675606251936 0.008549129590392113 0
1675606252134 0.00864433590322733 0
1675606252344 0.009118766523897648 0
1675606252570 0.010571127757430077 0
1675606252766 0.007740026339888573 0
1675606252988 0.009447133168578148 0
1675606253201 0.009517579339444637 0
1675606253435 0.010327277705073357 0
1675606253665 0.010653011500835419 0
1675606253876 0.00932123139500618 0
1675606254085 0.008422731421887875 0
1675606254306 0.009244107641279697 0
1675606254503 0.00790517870336771 0
1675606254737 0.010386480949819088 0
1675606254987 0.009458815678954124 0
1675606255181 0.007921654731035233 0
1675606255393 0.009219776839017868 0
1675606255604 0.009500045329332352 0
1675606255809 0.008885504677891731 0
1675606256016 0.008666680194437504 0
1675606256262 0.010788149200379848 0
1675606256473 0.009331087581813335 0
1675606256679 0.00878848135471344 0
1675606256887 0.008744509890675545 0
1675606257104 0.009819701313972473 0
1675606257305 0.008020888082683086 0
1675606257513 0.008288922719657421 0
1675606257732 0.009974496439099312 0
1675606257954 0.010466431267559528 0
1675606258206 0.011778192594647408 0
1675606258434 0.010611185804009438 0
1675606258678 0.010205081664025784 0
1675606258929 0.009721017442643642 0
1675606259176 0.008504983969032764 0
1675606259412 0.010781348682940006 0
1675606259632 0.00959764327853918 0
1675606259820 0.007284760940819979 0
1675606260043 0.00997224636375904 0
1675606260272 0.009262989275157452 0
1675606260465 0.007143927272409201 0
1675606260657 0.007585857063531876 0
1675606260891 0.011299128644168377 0
1675606261104 0.008455563336610794 0
1675606261342 0.01186550036072731 0
1675606261562 0.010056906379759312 0
1675606261766 0.00875477772206068 0
1675606261998 0.010313563048839569 0
1675606262201 0.008820449002087116 0
1675606262439 0.011333986185491085 0
1675606262648 0.009030957706272602 0
1675606262853 0.00924647320061922 0
1675606263100 0.010622828267514706 0
1675606263319 0.009731229394674301 0
1675606264738 0.011721653863787651 0
1675606264937 0.008363517932593822 0
1675606265153 0.009604762308299541 0
1675606265390 0.011574876494705677 0
1675606265629 0.011904275976121426 0
1675606265838 0.009284436702728271 0
1675606266048 0.009317453019320965 0
1675606266238 0.007485912647098303 0
1675606266460 0.010193143039941788 0
1675606266690 0.010977441444993019 0
1675606266888 0.008322171866893768 0
1675606267095 0.00880174059420824 0
1675606267324 0.009651513770222664 0
1675606267572 0.010595147497951984 0
1675606267806 0.010829930193722248 0
1675606268050 0.01193725410848856 0
1675606268238 0.006778770592063665 0
1675606268438 0.008082594722509384 0
1675606268674 0.009698634967207909 0
1675606268870 0.008078282698988914 0
1675606269073 0.007095366716384888 0
1675606269284 0.008849070407450199 0
1675606269474 0.007237647194415331 0
1675606269677 0.008332659490406513 0
1675606269884 0.00883929617702961 0
1675606270104 0.009646955877542496 0
1675606270320 0.010064560920000076 0
1675606270539 0.009767793118953705 0
1675606270742 0.008673439733684063 0
1675606270942 0.007769538555294275 0
1675606271171 0.009747523814439774 0
1675606271363 0.007531891576945782 0
1675606271588 0.010233989916741848 0
1675606271805 0.009167549200356007 0
1675606272015 0.008473615162074566 0
1675606272231 0.009649699553847313 0
1675606272435 0.008185537531971931 0
1675606272670 0.011208833195269108 0
1675606272885 0.009106173180043697 0
1675606273098 0.009754719212651253 0
1675606273325 0.010869231075048447 0
1675606273585 0.011554725468158722 0
1675606273859 0.012149255722761154 0
1675606274089 0.009406441822648048 0
1675606274319 0.009429244324564934 0
1675606274534 0.008720412850379944 0
1675606274747 0.00947639625519514 0
1675606274963 0.008795643225312233 0
1675606275190 0.009819346480071545 0
1675606275423 0.010515599511563778 0
1675606275683 0.012373659759759903 0
1675606275904 0.009616191498935223 0
1675606276120 0.009037412703037262 0
1675606276337 0.008525381796061993 0
1675606276537 0.007389499805867672 0
1675606276774 0.010919756256043911 0
1675606276991 0.008872337639331818 0
1675606277245 0.01177083607763052 0
1675606277481 0.010051304474473 0
1675606277730 0.012287682853639126 0
1675606277969 0.011340789496898651 0
1675606278202 0.010046758688986301 0
1675606278436 0.011239082552492619 0
1675606278657 0.009536146186292171 0
1675606278863 0.008814065717160702 0
1675606279080 0.008983439765870571 0
1675606279295 0.00964416190981865 0
1675606279505 0.008367514237761497 0
1675606279735 0.010355615988373756 0
1675606279959 0.009797655045986176 0
1675606280170 0.008684895932674408 0
1675606280411 0.01001898106187582 0
1675606280650 0.010374221950769424 0
1675606280865 0.008677992969751358 0
1675606281068 0.008045398630201817 0
1675606281287 0.00948403775691986 0
1675606281521 0.010938541032373905 0
1675606281764 0.011447755619883537 0
1675606281979 0.00870954617857933 0
1675606282187 0.008374271914362907 0
1675606282406 0.009186350740492344 0
1675606282634 0.010667623020708561 0
1675606282837 0.008036235347390175 0
1675606283045 0.008930071257054806 0
1675606283287 0.011458685621619225 0
1675606283511 0.009848255664110184 0
1675606283714 0.008284918032586575 0
1675606283925 0.009052785113453865 0
1675606284140 0.00930328480899334 0
1675606284368 0.01023808028548956 0
1675606284591 0.008093399927020073 0
1675606284819 0.010164234787225723 0
1675606285041 0.009628308936953545 0
1675606285229 0.007296279538422823 0
1675606285445 0.009799839928746223 0
1675606285661 0.009431589394807816 0
1675606285909 0.011871752329170704 0
1675606286128 0.009501099586486816 0
1675606286343 0.00952986441552639 0
1675606286569 0.009398765861988068 0
1675606286794 0.009932338260114193 0
1675606287052 0.011782068759202957 0
1675606287267 0.009229344315826893 0
1675606287476 0.007474406622350216 0
1675606287687 0.00780993839725852 0
1675606287915 0.010013491846621037 0
1675606288139 0.010173128917813301 0
1675606288344 0.009001881815493107 0
1675606288609 0.011116411536931992 0
1675606288862 0.010876690968871117 0
1675606289119 0.010758565738797188 0
1675606289330 0.007238422520458698 0
1675606289533 0.008345169946551323 0
1675606289734 0.008143676444888115 0
1675606289930 0.007540583144873381 0
1675606290167 0.01086927019059658 0
1675606290371 0.00895447563380003 0
1675606290575 0.00807579793035984 0
1675606290784 0.008756475523114204 0
1675606291048 0.013126790523529053 0
1675606291272 0.009995442815124989 0
1675606291490 0.008984389714896679 0
1675606291710 0.009327160194516182 0
1675606291917 0.008278551511466503 0
1675606292153 0.011168048717081547 0
1675606292375 0.008075295947492123 0
1675606292632 0.012646782211959362 0
1675606292846 0.009077856317162514 0
1675606293066 0.009881551377475262 0
1675606293277 0.00855439342558384 0
1675606293485 0.00833579245954752 0
1675606293702 0.00909562036395073 0
1675606293907 0.008214968256652355 0
1675606294108 0.008167658932507038 0
1675606294324 0.009495670907199383 0
1675606294537 0.00919249001890421 0
1675606294778 0.011369825340807438 0
1675606295002 0.010463246144354343 0
1675606295244 0.01150540355592966 0
1675606295474 0.01053601410239935 0
1675606295685 0.009263313375413418 0
1675606295925 0.010847656987607479 0
1675606296138 0.009103412739932537 0
1675606296354 0.00926367100328207 0
1675606296565 0.008976416662335396 0
1675606296769 0.008426416665315628 0
1675606296970 0.008172779344022274 0
1675606297218 0.010259951464831829 0
1675606297465 0.010259616188704967 0
1675606297690 0.009171485900878906 0
1675606297906 0.009486563503742218 0
1675606298109 0.00854845717549324 0
1675606298336 0.010051464661955833 0
1675606298547 0.008842813782393932 0
1675606298760 0.009527838788926601 0
1675606298951 0.006997902411967516 0
1675606299187 0.011124436743557453 0
