1675954328512 0.017191851139068605 0
1675954330354 0.6433666706085205 40
1675954332148 1.1476884841918946 80
1675954333822 0.6229313373565674 120
1675954335609 0.6550233840942383 160
1675954337304 0.661251163482666 200
1675954339154 0.6599373340606689 240
1675954340796 0.6652710914611817 280
1675954342519 0.6607302665710449 320
1675954344203 0.6555815696716308 360
1675954345824 0.6492473602294921 400
1675954347662 0.6329478263854981 440
1675954349056 0.6328381061553955 480
1675954350827 0.6005892753601074 520
1675954352593 0.5844970226287842 560
1675954354177 0.6326582431793213 600
1675954356008 0.605973196029663 640
1675954357826 0.5804963111877441 680
1675954359506 0.600230360031128 720
1675954361174 0.6117063522338867 760
1675954362849 0.6056436538696289 800
1675954364411 0.6084352016448975 840
1675954366150 0.6148475646972656 880
1675954367782 0.6024528503417969 920
1675954369354 0.6020639419555665 960
1675954371039 0.6074326515197754 1000
1675954372629 0.6117372989654541 1040
1675954374308 0.605085039138794 1080
1675954375903 0.6034639835357666 1120
1675954378131 0.5665667057037354 1160
1675954379908 0.5987069606781006 1200
1675954381391 0.6081221580505372 1240
1675954383057 0.6150708198547363 1280
1675954385016 0.5833225727081299 1320
1675954386591 0.6058663845062255 1360
1675954388375 0.5932512760162354 1400
1675954390048 0.6081994056701661 1440
1675954391708 0.6016119956970215 1480
1675954393331 0.6014157772064209 1520
1675954398683 0.5816175460815429 1560
1675954400234 0.6104596138000489 1600
1675954401801 0.6162304878234863 1640
1675954403346 0.6162765502929688 1680
1675954404874 0.6044038772583008 1720
1675954406431 0.60440993309021 1760
1675954409641 0.6118302822113038 1800
1675954411214 0.5966345310211182 1840
1675954412840 0.6130139350891113 1880
1675954414514 0.6024420738220215 1920
1675954416262 0.6202049255371094 1960
1675954418033 0.6085968971252441 2000
1675954419892 0.5846584796905517 2040
1675954421670 0.6053693771362305 2080
1675954423318 0.5948736667633057 2120
1675954424901 0.6063366889953613 2160
1675954426796 0.6028363227844238 2200
1675954428671 0.5756322860717773 2240
1675954430291 0.6049259662628174 2280
1675954431794 0.6172881603240967 2320
1675954433575 0.5888893604278564 2360
1675954435629 0.5951522350311279 2400
1675954438010 0.6086515426635742 2440
1675954439980 0.5823827266693116 2480
1675954441592 0.6150438785552979 2520
1675954443338 0.5937265396118164 2560
1675954445142 0.5890115737915039 2600
1675954446886 0.5957545757293701 2640
1675954448431 0.6056711196899414 2680
1675954450147 0.6008027076721192 2720
1675954451810 0.5862167358398438 2760
1675954453868 0.5880370616912842 2800
1675954455496 0.6240458488464355 2840
1675954457549 0.6024832248687744 2880
1675954459366 0.5922328472137451 2920
1675954461005 0.594832468032837 2960
1675954462578 0.6084896564483643 3000
1675954464327 0.5948597908020019 3040
1675954466336 0.5766639232635498 3080
1675954468073 0.590769624710083 3120
1675954469705 0.6045736789703369 3160
1675954471481 0.6066937446594238 3200
1675954473060 0.6004013538360595 3240
1675954474845 0.5923472881317139 3280
1675954476849 0.5976697921752929 3320
1675954478609 0.5930730819702148 3360
1675954480158 0.6053342819213867 3400
1675954481978 0.5871580600738525 3440
1675954483904 0.5991361141204834 3480
1675954485544 0.6050042152404785 3520
1675954487220 0.5934836864471436 3560
1675954488844 0.5949570655822753 3600
1675954490451 0.6001749038696289 3640
1675954492058 0.6050764083862304 3680
1675954494001 0.582160472869873 3720
1675954495718 0.5861118316650391 3760
1675954497248 0.6148568153381347 3800
1675954498854 0.6088841438293457 3840
1675954501233 0.5917678356170655 3880
1675954502730 0.6163111686706543 3920
1675954504369 0.6084372997283936 3960
1675954506083 0.6023974895477295 4000
1675954507770 0.5982287883758545 4040
1675954509545 0.6099174976348877 4080
1675954511363 0.5873373031616211 4120
1675954513162 0.5774419784545899 4160
1675954514704 0.6113775730133056 4200
1675954516217 0.6024376392364502 4240
1675954518045 0.5891136646270752 4280
1675954519603 0.6033296585083008 4320
1675954521421 0.5872970581054687 4360
1675954523149 0.592219352722168 4400
1675954525035 0.5854911804199219 4440
1675954526670 0.5957693099975586 4480
1675954528365 0.584491777420044 4520
1675954529762 0.625149154663086 4560
1675954531452 0.5888275146484375 4600
1675954533233 0.6009945869445801 4640
1675954535155 0.5726701736450195 4680
1675954537115 0.5876203060150147 4720
1675954538833 0.5843400955200195 4760
1675954540670 0.5879367351531982 4800
1675954542309 0.6105282306671143 4840
1675954543901 0.5866024494171143 4880
1675954545509 0.5988070964813232 4920
1675954546917 0.6128480911254883 4960
1675954548576 0.5876506328582763 5000
1675954550411 0.5896843433380127 5040
1675954552133 0.6035667419433594 5080
1675954553625 0.609446907043457 5120
1675954555435 0.5803645610809326 5160
1675954556871 0.6412607192993164 5200
1675954558779 0.5756109714508056 5240
1675954560294 0.611165189743042 5280
1675954561655 0.6049849987030029 5320
1675954563224 0.6090465068817139 5360
1675954564960 0.5812126636505127 5400
1675954566440 0.6114589691162109 5440
1675954568119 0.6019700527191162 5480
1675954569795 0.5972552299499512 5520
1675954571472 0.6072999000549316 5560
1675954573444 0.5792084217071534 5600
1675954575103 0.6042334079742432 5640
1675954577026 0.5805723667144775 5680
1675954578741 0.586070966720581 5720
1675954580799 0.578597116470337 5760
1675954582519 0.5949409961700439 5800
1675954583917 0.6153807163238525 5840
1675954585278 0.607852554321289 5880
1675954586840 0.6043911457061768 5920
1675954588610 0.574490737915039 5960
1675954590495 0.5687934398651123 6000
1675954592141 0.6099851131439209 6040
1675954593677 0.5912413597106934 6080
1675954595194 0.603324556350708 6120
1675954596807 0.580393648147583 6160
1675954598501 0.6056519031524659 6200
1675954600383 0.5334958076477051 6240
1675954602085 0.49831295013427734 6280
1675954603755 0.4950925350189209 6320
1675954605528 0.46781091690063475 6360
1675954607135 0.4269097328186035 6400
1675954608739 0.3771378993988037 6440
1675954610723 0.37223856449127196 6480
1675954612289 0.37032241821289064 6520
1675954613640 0.46593523025512695 6560
1675954615599 0.42496776580810547 6600
1675954617181 0.3716111183166504 6640
1675954619451 0.37557547092437743 6680
1675954621542 0.4036961555480957 6720
1675954623347 0.3666294813156128 6760
1675954624801 0.3506570100784302 6800
1675954626488 0.3301540851593018 6840
1675954628248 0.3548493146896362 6880
1675954629806 0.349042272567749 6920
1675954631288 0.31210196018218994 6960
1675954633129 0.32896108627319337 7000
1675954634721 0.3454550504684448 7040
1675954636541 0.3571573257446289 7080
1675954638237 0.31092381477355957 7120
1675954639873 0.354773736000061 7160
1675954641772 0.38363003730773926 7200
1675954643303 0.3159280776977539 7240
1675954645232 0.35685250759124754 7280
1675954646919 0.3276503562927246 7320
1675954648491 0.32943310737609866 7360
1675954650120 0.308660626411438 7400
1675954651892 0.41797361373901365 7440
1675954653575 0.31326611042022706 7480
1675954655450 0.33054845333099364 7520
1675954657492 0.39316203594207766 7560
1675954659376 0.3428429365158081 7600
1675954661268 0.3752192497253418 7640
1675954662934 0.33798396587371826 7680
1675954664745 0.3693204164505005 7720
1675954666190 0.3474701166152954 7760
1675954667921 0.31236791610717773 7800
1675954669356 0.29948410987854 7840
1675954671411 0.3755220890045166 7880
1675954673106 0.33925600051879884 7920
1675954674825 0.35599753856658933 7960
1675954676455 0.3223879814147949 8000
1675954678301 0.3713237285614014 8040
1675954680227 0.36376452445983887 8080
1675954682024 0.32859365940093993 8120
1675954683714 0.3444567441940308 8160
1675954685232 0.2472644567489624 8200
1675954687047 0.30390334129333496 8240
1675954688739 0.3502143144607544 8280
1675954690259 0.3467125177383423 8320
1675954691931 0.35951943397521974 8360
1675954693668 0.38466956615448 8400
1675954695434 0.34614856243133546 8440
1675954697188 0.30351986885070803 8480
1675954698764 0.3169503688812256 8520
1675954700567 0.3383453369140625 8560
1675954702468 0.3247809648513794 8600
1675954703952 0.3809458494186401 8640
1675954705657 0.34671730995178224 8680
1675954707466 0.28463521003723147 8720
1675954709221 0.3229455709457397 8760
1675954710961 0.311064338684082 8800
1675954712595 0.39839012622833253 8840
1675954714330 0.35096304416656493 8880
1675954715842 0.280584716796875 8920
1675954717605 0.3010404586791992 8960
1675954719731 0.35176222324371337 9000
1675954721375 0.408950138092041 9040
1675954723024 0.33700640201568605 9080
1675954724781 0.3207695484161377 9120
1675954726592 0.33888797760009765 9160
1675954728408 0.29739425182342527 9200
1675954730110 0.39290332794189453 9240
1675954731666 0.26319873332977295 9280
1675954733270 0.349782657623291 9320
1675954734871 0.2832424879074097 9360
1675954736546 0.3007685422897339 9400
1675954738238 0.3236211061477661 9440
1675954739870 0.29002554416656495 9480
1675954741726 0.34615516662597656 9520
1675954743464 0.3260754346847534 9560
1675954745129 0.315878701210022 9600
1675954746839 0.33806025981903076 9640
1675954748466 0.27533957958221433 9680
1675954749972 0.3679936170578003 9720
1675954751563 0.31024513244628904 9760
1675954753288 0.32950918674468993 9800
1675954754967 0.33777585029602053 9840
1675954756614 0.2939888000488281 9880
1675954758599 0.3122443199157715 9920
1675954760417 0.3025297880172729 9960
1675954762002 0.37313261032104494 10000
1675954763536 0.3032552242279053 10040
1675954771854 0.25356154441833495 10080
1675954773740 0.3137268781661987 10120
1675954775467 0.2996833801269531 10160
1675954777208 0.3036352157592773 10200
1675954779030 0.29698035717010496 10240
1675954780826 0.3443334102630615 10280
1675954782384 0.3240546703338623 10320
1675954784595 0.33025102615356444 10360
1675954786324 0.350540828704834 10400
1675954788055 0.30890395641326907 10440
1675954790163 0.32697937488555906 10480
1675954791674 0.28745872974395753 10520
1675954793292 0.2861050605773926 10560
1675954795092 0.2884274959564209 10600
1675954796966 0.31632113456726074 10640
1675954799126 0.3095866203308105 10680
1675954801500 0.3582923412322998 10720
1675954803338 0.31484601497650144 10760
1675954805045 0.25529296398162843 10800
1675954806827 0.3164527177810669 10840
1675954808556 0.2886066913604736 10880
1675954810107 0.22675001621246338 10920
1675954811996 0.3463330030441284 10960
1675954813731 0.3686455965042114 11000
1675954815384 0.2883074045181274 11040
1675954817319 0.35630025863647463 11080
1675954818874 0.3198960781097412 11120
1675954820616 0.3075748682022095 11160
1675954822595 0.32925775051116946 11200
1675954824255 0.33375186920166017 11240
1675954825729 0.29885947704315186 11280
1675954827352 0.31746349334716795 11320
1675954829187 0.33813912868499757 11360
1675954830748 0.25737972259521485 11400
1675954832422 0.2497307538986206 11440
1675954834048 0.2704401254653931 11480
1675954835760 0.32502169609069825 11520
1675954837443 0.35198564529418946 11560
1675954839322 0.27153451442718507 11600
1675954840855 0.28027355670928955 11640
1675954842429 0.3387827634811401 11680
1675954843972 0.30177552700042726 11720
1675954845515 0.3513675928115845 11760
1675954847835 0.2843634843826294 11800
1675954849413 0.29937331676483153 11840
1675954851007 0.29982314109802244 11880
1675954852771 0.30422937870025635 11920
1675954854499 0.262645959854126 11960
1675954856149 0.28073275089263916 12000
1675954857862 0.225570011138916 12040
1675954859713 0.3012418746948242 12080
1675954861276 0.37614529132843016 12120
1675954863006 0.2659912586212158 12160
1675954864625 0.30520632266998293 12200
1675954866331 0.2658608198165894 12240
1675954868255 0.31499543190002444 12280
1675954869915 0.34337902069091797 12320
1675954871609 0.32239067554473877 12360
1675954873493 0.2567138195037842 12400
1675954875363 0.270240330696106 12440
1675954877026 0.2670126914978027 12480
1675954878833 0.31169805526733396 12520
1675954880583 0.24332845211029053 12560
1675954882295 0.27259488105773927 12600
1675954884351 0.2402052402496338 12640
1675954885946 0.3158073425292969 12680
1675954887737 0.27557446956634524 12720
1675954889384 0.20912582874298097 12760
1675954891110 0.2780106782913208 12800
1675954893058 0.3138660192489624 12840
1675954894551 0.29786391258239747 12880
1675954896144 0.29810566902160646 12920
1675954897812 0.2943205595016479 12960
1675954899368 0.2732003450393677 13000
1675954901054 0.2745350360870361 13040
1675954902827 0.2642631769180298 13080
1675954904755 0.29618120193481445 13120
1675954906539 0.31048176288604734 13160
1675954908217 0.22830526828765868 13200
1675954910140 0.2493058681488037 13240
1675954911721 0.2329040288925171 13280
1675954913505 0.29006409645080566 13320
1675954915222 0.26820356845855714 13360
1675954916983 0.29822144508361814 13400
1675954918679 0.30663247108459474 13440
1675954920443 0.26594674587249756 13480
1675954922201 0.2716123342514038 13520
1675954923759 0.2883466720581055 13560
1675954925497 0.25779473781585693 13600
1675954927262 0.20802836418151854 13640
1675954929018 0.3055968523025513 13680
1675954930677 0.23180928230285644 13720
1675954932451 0.23201487064361573 13760
1675954934416 0.26872150897979735 13800
1675954935932 0.21376163959503175 13840
1675954937732 0.2708599090576172 13880
1675954939396 0.24541568756103516 13920
1675954940877 0.25248141288757325 13960
1675954942506 0.2940281867980957 14000
1675954944084 0.2737518310546875 14040
1675954945810 0.27855582237243653 14080
1675954947552 0.25184996128082277 14120
1675954949111 0.2911966323852539 14160
1675954951154 0.28269014358520506 14200
1675954952719 0.27522640228271483 14240
1675954954407 0.24493868350982667 14280
1675954956200 0.29394500255584716 14320
1675954957702 0.21481306552886964 14360
1675954959446 0.24709222316741944 14400
1675954961416 0.23275377750396728 14440
1675954963485 0.28478102684020995 14480
1675954965053 0.20250837802886962 14520
1675954967097 0.21930153369903566 14560
1675954968718 0.2596534967422485 14600
1675954970345 0.3648301362991333 14640
1675954972044 0.27426345348358155 14680
1675954974010 0.24796149730682374 14720
1675954976187 0.2833040714263916 14760
1675954978542 0.2716216087341309 14800
1675954980491 0.2566300630569458 14840
1675954982216 0.23956665992736817 14880
1675954983801 0.18497099876403808 14920
1675954985457 0.2270522117614746 14960
1675954986942 0.2210012435913086 15000
1675954988681 0.23069307804107667 15040
1675954990364 0.25222780704498293 15080
1675954991943 0.23910815715789796 15120
1675954993586 0.25115954875946045 15160
1675954995385 0.3270134925842285 15200
1675954996969 0.2152543306350708 15240
1675954998744 0.2547341823577881 15280
1675955000305 0.2304232597351074 15320
1675955001676 0.2781941890716553 15360
1675955003278 0.23072223663330077 15400
1675955005128 0.2684678316116333 15440
1675955006662 0.19104037284851075 15480
1675955008150 0.2284011125564575 15520
1675955009773 0.25238306522369386 15560
1675955011517 0.2526558399200439 15600
1675955013386 0.25008766651153563 15640
1675955015032 0.22931814193725586 15680
1675955016874 0.2300110340118408 15720
1675955018576 0.22673954963684081 15760
1675955020370 0.2483572006225586 15800
1675955022314 0.1830212116241455 15840
1675955023932 0.2587497472763062 15880
1675955025398 0.19175957441329955 15920
1675955027033 0.29601900577545165 15960
1675955028771 0.34412360191345215 16000
1675955030559 0.27432034015655515 16040
1675955032130 0.2480167865753174 16080
1675955033730 0.21048300266265868 16120
1675955035360 0.17739657163619996 16160
1675955036951 0.2476374864578247 16200
1675955038526 0.18897862434387208 16240
1675955040344 0.23519287109375 16280
1675955042028 0.20392365455627443 16320
1675955043609 0.25660433769226076 16360
1675955045310 0.23213109970092774 16400
1675955046920 0.2938029050827026 16440
1675955048617 0.21683590412139891 16480
1675955050281 0.2031863212585449 16520
1675955051796 0.20918171405792235 16560
1675955053349 0.2683232545852661 16600
1675955055008 0.23814454078674316 16640
1675955056644 0.22255566120147705 16680
1675955058768 0.27311642169952394 16720
1675955060694 0.3075770378112793 16760
1675955062586 0.22073228359222413 16800
1675955064185 0.21287157535552978 16840
1675955065738 0.2327277898788452 16880
1675955067439 0.2278592348098755 16920
1675955069087 0.199991774559021 16960
1675955070829 0.20260345935821533 17000
1675955072578 0.22516417503356934 17040
1675955074098 0.17911313772201537 17080
1675955075906 0.2046412467956543 17120
1675955077662 0.21170592308044434 17160
1675955079270 0.24572999477386476 17200
1675955081018 0.23863558769226073 17240
1675955082634 0.1707207202911377 17280
1675955084520 0.223480749130249 17320
1675955086539 0.200947904586792 17360
1675955088065 0.21216015815734862 17400
1675955089829 0.1536089301109314 17440
1675955091544 0.24764206409454345 17480
1675955093103 0.20672502517700195 17520
1675955094894 0.19546589851379395 17560
1675955096847 0.30291152000427246 17600
1675955098413 0.21772186756134032 17640
1675955100141 0.2131807804107666 17680
1675955102439 0.2232569694519043 17720
1675955104177 0.2280280113220215 17760
1675955105562 0.19620630741119385 17800
1675955107588 0.20260765552520751 17840
1675955109251 0.1653577208518982 17880
1675955110971 0.22916002273559571 17920
1675955112950 0.2534106016159058 17960
1675955114782 0.215647554397583 18000
1675955116204 0.1667706251144409 18040
1675955118209 0.22190487384796143 18080
1675955120158 0.27092947959899905 18120
1675955121913 0.18339807987213136 18160
1675955123709 0.20489633083343506 18200
1675955125087 0.15887571573257447 18240
1675955126752 0.18185445070266723 18280
1675955128401 0.21099932193756105 18320
1675955129974 0.25296075344085694 18360
1675955131679 0.21098556518554687 18400
1675955133278 0.23031837940216066 18440
1675955134824 0.16985268592834474 18480
1675955136418 0.19834307432174683 18520
1675955138099 0.18571648597717286 18560
1675955139708 0.2152799606323242 18600
1675955141818 0.18533897399902344 18640
1675955143380 0.21398959159851075 18680
1675955144895 0.23625144958496094 18720
1675955146776 0.14419609308242798 18760
1675955148581 0.1851000189781189 18800
1675955150252 0.19382100105285643 18840
1675955151743 0.2873545169830322 18880
1675955153528 0.2120361089706421 18920
1675955155023 0.20682151317596437 18960
1675955156980 0.1822218418121338 19000
1675955158820 0.21849539279937744 19040
1675955160613 0.22199699878692628 19080
1675955162125 0.22123970985412597 19120
1675955163796 0.20423464775085448 19160
1675955165522 0.22844367027282714 19200
1675955167440 0.19941803216934204 19240
1675955169132 0.24591078758239746 19280
1675955170490 0.1802016019821167 19320
1675955172006 0.23884823322296142 19360
1675955173577 0.20480992794036865 19400
1675955175360 0.21536617279052733 19440
1675955177093 0.20427584648132324 19480
1675955178882 0.1853006362915039 19520
1675955180605 0.21241981983184816 19560
1675955182429 0.2391139507293701 19600
1675955184134 0.2397218704223633 19640
1675955185807 0.21812059879302978 19680
1675955187403 0.1694779634475708 19720
1675955188827 0.23446323871612548 19760
1675955190406 0.18629019260406493 19800
1675955192166 0.2588649272918701 19840
1675955194076 0.23888962268829345 19880
1675955195601 0.1879061460494995 19920
1675955197319 0.19076477289199828 19960
1675955199077 0.19260952472686768 20000
1675955200518 0.23990979194641113 20040
1675955202275 0.2735832452774048 20080
1675955211227 0.15095590353012084 20120
1675955213055 0.21819324493408204 20160
1675955214886 0.19267960786819457 20200
1675955216731 0.17495205402374267 20240
1675955218326 0.20317447185516357 20280
1675955220329 0.2536263942718506 20320
1675955221888 0.18700907230377198 20360
1675955223611 0.24532461166381836 20400
1675955225285 0.2666750192642212 20440
1675955227116 0.23582425117492675 20480
1675955228773 0.2276662826538086 20520
1675955230371 0.224661922454834 20560
1675955231953 0.18116891384124756 20600
1675955233984 0.19256128072738649 20640
1675955235640 0.20682263374328613 20680
1675955237594 0.24463741779327391 20720
1675955239300 0.20920660495758056 20760
1675955241000 0.21706058979034423 20800
1675955242842 0.18436745405197144 20840
1675955244476 0.2156050682067871 20880
1675955246243 0.19630863666534423 20920
1675955247910 0.16282260417938232 20960
1675955249547 0.24808046817779542 21000
1675955251120 0.22582006454467773 21040
1675955252753 0.1981998562812805 21080
1675955254624 0.197649347782135 21120
1675955256064 0.21274006366729736 21160
1675955257734 0.181326162815094 21200
1675955259591 0.22664997577667237 21240
1675955261425 0.20019147396087647 21280
1675955263341 0.183316433429718 21320
1675955264998 0.22563345432281495 21360
1675955266795 0.22023265361785888 21400
1675955268412 0.13366760015487672 21440
1675955270044 0.17059533596038817 21480
1675955271630 0.16707996129989625 21520
1675955273258 0.21752505302429198 21560
1675955274868 0.22417171001434327 21600
1675955276572 0.19189815521240233 21640
1675955278267 0.19118508100509643 21680
1675955279599 0.2140956401824951 21720
1675955281200 0.20321543216705323 21760
1675955282689 0.22755579948425292 21800
1675955284251 0.19862622022628784 21840
1675955285672 0.1832110047340393 21880
1675955287276 0.20103321075439454 21920
1675955289000 0.2417163848876953 21960
1675955290749 0.1576371431350708 22000
1675955292406 0.17991836071014405 22040
1675955293941 0.19442282915115355 22080
1675955295867 0.19167557954788209 22120
1675955297651 0.24147384166717528 22160
1675955299486 0.2113037109375 22200
1675955301068 0.17483184337615967 22240
1675955302792 0.20298032760620116 22280
1675955304694 0.22752816677093507 22320
1675955306277 0.1999163269996643 22360
1675955307875 0.19927546977996827 22400
1675955309456 0.1818246603012085 22440
1675955311341 0.18295738697052003 22480
1675955312943 0.2059156894683838 22520
1675955314604 0.20469367504119873 22560
1675955316353 0.2036198616027832 22600
1675955318091 0.19145896434783935 22640
1675955320147 0.20734069347381592 22680
1675955321664 0.16444828510284423 22720
1675955323800 0.23835177421569825 22760
1675955325477 0.1485580325126648 22800
1675955327265 0.18250572681427002 22840
1675955329260 0.23411929607391357 22880
1675955330813 0.22554783821105956 22920
1675955332498 0.17114171981811524 22960
1675955334169 0.22169818878173828 23000
1675955335849 0.17163621187210082 23040
1675955337752 0.21092748641967773 23080
1675955339936 0.17158114910125732 23120
1675955341994 0.21472482681274413 23160
1675955343822 0.22121305465698243 23200
1675955345482 0.14297401905059814 23240
1675955347208 0.18903180360794067 23280
1675955348787 0.17618856430053711 23320
1675955350534 0.2099735975265503 23360
1675955352127 0.17437081336975097 23400
1675955354085 0.18562417030334472 23440
1675955355608 0.21933395862579347 23480
1675955357990 0.20277562141418456 23520
1675955359757 0.2203894853591919 23560
1675955361327 0.17270134687423705 23600
1675955362968 0.20671985149383545 23640
1675955364543 0.12815535068511963 23680
1675955366078 0.216048526763916 23720
1675955367818 0.17304761409759523 23760
1675955369316 0.11445783376693726 23800
1675955371569 0.21625494956970215 23840
1675955373237 0.1644689440727234 23880
1675955374796 0.18935327529907225 23920
1675955376458 0.1570058584213257 23960
1675955377968 0.18206793069839478 24000
1675955379610 0.19841698408126832 24040
1675955381029 0.2116832733154297 24080
1675955382747 0.1870036840438843 24120
1675955384807 0.20500965118408204 24160
1675955386424 0.18595422506332399 24200
1675955388488 0.21157581806182862 24240
1675955390184 0.17521109580993652 24280
1675955391610 0.19770385026931764 24320
1675955393328 0.2062523365020752 24360
1675955394939 0.13092498779296874 24400
1675955396798 0.15668134689331054 24440
1675955398430 0.1772700071334839 24480
1675955400597 0.24299545288085939 24520
1675955402900 0.1251446485519409 24560
1675955404984 0.17452313899993896 24600
1675955406529 0.17180094718933106 24640
1675955408106 0.25791192054748535 24680
1675955409643 0.1749508023262024 24720
1675955411696 0.1786917567253113 24760
1675955413611 0.20084819793701172 24800
1675955415435 0.21792612075805665 24840
1675955417308 0.20520176887512206 24880
1675955419136 0.173777437210083 24920
1675955420662 0.13415002822875977 24960
1675955422618 0.20156364440917968 25000
1675955424123 0.15989559888839722 25040
1675955425891 0.16358776092529298 25080
1675955427821 0.149648118019104 25120
1675955429548 0.17573065757751466 25160
1675955431032 0.18429794311523437 25200
1675955432791 0.2494502067565918 25240
1675955434535 0.17450907230377197 25280
1675955436501 0.19177623987197875 25320
1675955438065 0.2026366710662842 25360
1675955439493 0.1996941089630127 25400
1675955441077 0.17304351329803466 25440
1675955442906 0.22444212436676025 25480
1675955444696 0.1751584529876709 25520
1675955446099 0.17084901332855223 25560
1675955447782 0.19436686038970946 25600
1675955449259 0.47742657661437987 25640
1675955451111 0.18674362897872926 25680
1675955452910 0.14029256105422974 25720
1675955454627 0.1670742392539978 25760
1675955456281 0.19360474348068238 25800
1675955458145 0.17806968688964844 25840
1675955460050 0.15301462411880493 25880
1675955461535 0.18523378372192384 25920
1675955462949 0.1747295379638672 25960
1675955464459 0.20714972019195557 26000
1675955466141 0.258825945854187 26040
1675955468129 0.20939948558807372 26080
1675955469680 0.18507111072540283 26120
1675955471171 0.1607513666152954 26160
1675955472776 0.15872590541839598 26200
1675955474619 0.21235520839691163 26240
1675955476201 0.14281529188156128 26280
1675955478125 0.17994941473007203 26320
1675955479985 0.16730067729949952 26360
1675955481700 0.18660008907318115 26400
1675955483482 0.18423984050750733 26440
1675955485063 0.2252143383026123 26480
1675955486766 0.18545254468917846 26520
1675955488416 0.16950712203979493 26560
1675955489921 0.17238037586212157 26600
1675955491321 0.2422497034072876 26640
1675955493080 0.19119969606399537 26680
1675955494577 0.19238611459732055 26720
1675955496080 0.15677849054336548 26760
1675955498054 0.2020244598388672 26800
1675955499748 0.20676541328430176 26840
1675955501348 0.14612420797348022 26880
1675955503166 0.18723331689834594 26920
1675955505200 0.1646311640739441 26960
1675955506799 0.168678879737854 27000
1675955508572 0.16272560358047486 27040
1675955510599 0.17626841068267823 27080
1675955512019 0.14669864177703856 27120
1675955513603 0.1649877429008484 27160
1675955515264 0.1676856756210327 27200
1675955517266 0.20691981315612792 27240
1675955519077 0.1833943486213684 27280
1675955520927 0.15005563497543334 27320
1675955522593 0.1624293088912964 27360
1675955524472 0.1844644546508789 27400
1675955525980 0.13675698041915893 27440
1675955527815 0.1376567006111145 27480
1675955529413 0.20932118892669677 27520
1675955530950 0.15523508787155152 27560
1675955532655 0.14265365600585939 27600
1675955534614 0.25488407611846925 27640
1675955536487 0.19453431367874147 27680
1675955538451 0.19319456815719604 27720
1675955540302 0.1683329463005066 27760
1675955541888 0.18188235759735108 27800
1675955543329 0.19259034395217894 27840
1675955545069 0.15126941204071045 27880
1675955546708 0.15996581315994263 27920
1675955548244 0.16480437517166138 27960
1675955550032 0.19926530122756958 28000
1675955551880 0.18903318643569947 28040
1675955553469 0.14914309978485107 28080
1675955555180 0.1939530372619629 28120
1675955557139 0.2150196075439453 28160
1675955558891 0.15784565210342408 28200
1675955560584 0.18207292556762694 28240
1675955562142 0.09233141541481019 28280
1675955564027 0.13353573083877562 28320
1675955565887 0.1560029149055481 28360
1675955567514 0.2196563482284546 28400
1675955569147 0.19265317916870117 28440
1675955570692 0.18026981353759766 28480
1675955572408 0.1565528154373169 28520
1675955574022 0.17281385660171508 28560
1675955575631 0.1403043746948242 28600
1675955577162 0.17741438150405883 28640
1675955578936 0.151809024810791 28680
1675955580504 0.168215811252594 28720
1675955582056 0.2166947603225708 28760
1675955583754 0.10737800598144531 28800
1675955585487 0.14583746194839478 28840
1675955587328 0.1602025508880615 28880
1675955589075 0.1825842261314392 28920
1675955590866 0.203126859664917 28960
1675955592468 0.15160865783691407 29000
1675955594227 0.15225558280944823 29040
1675955595946 0.1909295678138733 29080
1675955597588 0.18097257614135742 29120
1675955599312 0.16114509105682373 29160
1675955601101 0.17088335752487183 29200
1675955602868 0.19474513530731202 29240
1675955604589 0.14296696186065674 29280
1675955606174 0.19736183881759645 29320
1675955607819 0.14958713054656983 29360
1675955609377 0.14414143562316895 29400
1675955610894 0.18910380601882934 29440
1675955612606 0.160064959526062 29480
1675955614209 0.16388728618621826 29520
1675955615959 0.15317634344100953 29560
1675955617720 0.2025782585144043 29600
1675955619619 0.19255781173706055 29640
1675955621136 0.19839855432510375 29680
1675955623025 0.15324679613113404 29720
1675955624774 0.11637376546859741 29760
1675955626363 0.19993438720703124 29800
1675955627948 0.17533813714981078 29840
1675955629517 0.19094700813293458 29880
1675955631277 0.21345455646514894 29920
1675955632992 0.1455002546310425 29960
1675955634510 0.1978174090385437 30000
1675955636315 0.15404729843139647 30040
1675955637829 0.17319562435150146 30080
1675955639452 0.22783617973327636 30120
1675955647242 0.11307545900344848 30160
1675955649020 0.16193037033081054 30200
1675955650805 0.17086420059204102 30240
1675955652681 0.1776718020439148 30280
1675955654267 0.18207646608352662 30320
1675955656073 0.18637020587921144 30360
1675955658217 0.18686764240264891 30400
1675955659999 0.21337013244628905 30440
1675955661577 0.25301303863525393 30480
1675955663399 0.23047802448272706 30520
1675955665017 0.20939128398895263 30560
1675955666672 0.20436348915100097 30600
1675955668172 0.17798501253128052 30640
1675955669869 0.1905822515487671 30680
1675955671454 0.2031169652938843 30720
1675955673052 0.23327722549438476 30760
1675955674619 0.196031653881073 30800
1675955676158 0.22451388835906982 30840
1675955677981 0.17010308504104615 30880
1675955679555 0.1637980103492737 30920
1675955681325 0.16805280447006227 30960
1675955682940 0.16998536586761476 31000
1675955685050 0.19822083711624144 31040
1675955686962 0.2158811569213867 31080
1675955688870 0.17124459743499756 31120
1675955690728 0.19181978702545166 31160
1675955692140 0.19042730331420898 31200
1675955693792 0.17737678289413453 31240
1675955695683 0.20991382598876954 31280
1675955697760 0.2188570261001587 31320
1675955699442 0.1421605110168457 31360
1675955701928 0.19080498218536376 31400
1675955703584 0.2515124797821045 31440
1675955705327 0.163058865070343 31480
1675955706967 0.1609840512275696 31520
1675955708737 0.14254679679870605 31560
1675955710378 0.19475877285003662 31600
1675955712043 0.1609433650970459 31640
1675955713902 0.19444106817245482 31680
1675955715592 0.1699603319168091 31720
1675955717199 0.18172743320465087 31760
1675955718773 0.1714411735534668 31800
1675955720451 0.1715174674987793 31840
1675955722042 0.15547744035720826 31880
1675955723623 0.1919382095336914 31920
1675955725153 0.2136427640914917 31960
1675955726780 0.2158271312713623 32000
1675955728297 0.126710844039917 32040
1675955729893 0.1641719937324524 32080
1675955731369 0.16446703672409058 32120
1675955733235 0.13236443996429442 32160
1675955734869 0.2340238094329834 32200
1675955736636 0.179146671295166 32240
1675955738224 0.13532204627990724 32280
1675955739820 0.17235407829284669 32320
1675955741483 0.20016188621520997 32360
1675955743334 0.16266398429870604 32400
1675955745006 0.2041931390762329 32440
1675955746914 0.19261144399642943 32480
1675955748594 0.1684178352355957 32520
1675955750140 0.15146281719207763 32560
1675955751798 0.2090306520462036 32600
1675955753563 0.1785539984703064 32640
1675955755135 0.19004032611846924 32680
1675955756878 0.1762966513633728 32720
1675955758437 0.14632964134216309 32760
1675955760272 0.20754549503326417 32800
1675955761818 0.1223879337310791 32840
1675955763625 0.15839476585388185 32880
1675955765435 0.2266305208206177 32920
1675955767155 0.21191327571868895 32960
1675955768542 0.1585395097732544 33000
1675955770264 0.1950228214263916 33040
1675955771942 0.1767839550971985 33080
1675955773701 0.16645840406417847 33120
1675955775400 0.1902816891670227 33160
1675955777269 0.19550427198410034 33200
1675955779152 0.2115220308303833 33240
1675955781000 0.1614120364189148 33280
1675955782486 0.1335170865058899 33320
1675955784063 0.18267359733581542 33360
1675955786013 0.19796407222747803 33400
1675955787507 0.15854424238204956 33440
1675955789255 0.19363826513290405 33480
1675955790832 0.17754862308502198 33520
1675955792480 0.18377705812454223 33560
1675955794335 0.174123215675354 33600
1675955795844 0.219451379776001 33640
1675955797574 0.21371734142303467 33680
1675955799073 0.1011432409286499 33720
1675955800844 0.19059687852859497 33760
1675955802379 0.17944380044937133 33800
1675955804135 0.12309857606887817 33840
1675955805924 0.18935939073562622 33880
1675955807750 0.16217496395111083 33920
1675955809491 0.17396364212036133 33960
1675955811271 0.14183844327926637 34000
1675955812714 0.17659060955047606 34040
1675955814325 0.16730892658233643 34080
1675955815972 0.20123043060302734 34120
1675955817611 0.17045681476593016 34160
1675955819329 0.1954950213432312 34200
1675955821005 0.16641545295715332 34240
1675955822926 0.19531989097595215 34280
1675955824596 0.16537679433822633 34320
1675955826118 0.17528204917907714 34360
1675955827910 0.19608101844787598 34400
1675955829456 0.13251166343688964 34440
1675955831040 0.13801699876785278 34480
1675955832768 0.1591770887374878 34520
1675955834741 0.2243584156036377 34560
1675955836401 0.13070015907287597 34600
1675955838288 0.1767546057701111 34640
1675955839746 0.13900333642959595 34680
1675955841210 0.2474454641342163 34720
1675955842792 0.17777910232543945 34760
1675955844773 0.17675789594650268 34800
1675955846326 0.1651795744895935 34840
1675955848434 0.21747753620147706 34880
1675955850115 0.16826839447021485 34920
1675955851876 0.1516505479812622 34960
1675955853368 0.1575861692428589 35000
1675955855210 0.17293050289154052 35040
1675955856645 0.1368508219718933 35080
1675955858265 0.15095956325531007 35120
1675955859991 0.15002552270889283 35160
1675955861576 0.15919058322906493 35200
1675955863129 0.17001523971557617 35240
1675955864745 0.18466473817825318 35280
1675955866299 0.15977410078048707 35320
1675955868474 0.1742212653160095 35360
1675955870939 0.17599503993988036 35400
1675955872486 0.16346393823623656 35440
1675955873954 0.14545992612838746 35480
1675955875731 0.17659589052200317 35520
1675955877622 0.1549979567527771 35560
1675955879065 0.13496164083480836 35600
1675955881202 0.176227605342865 35640
1675955882808 0.18035852909088135 35680
1675955884419 0.19218661785125732 35720
1675955886168 0.1508080005645752 35760
1675955887844 0.17498887777328492 35800
1675955889618 0.17646214962005616 35840
1675955891376 0.1754562258720398 35880
1675955893549 0.14737898111343384 35920
1675955895077 0.1742410182952881 35960
1675955896516 0.17371453046798707 36000
1675955898133 0.18412073850631713 36040
1675955899970 0.2769352674484253 36080
1675955901856 0.23329906463623046 36120
1675955903381 0.1969711422920227 36160
1675955905032 0.18035513162612915 36200
1675955906586 0.15905390977859496 36240
1675955908107 0.15454182624816895 36280
1675955909711 0.13626179695129395 36320
1675955911330 0.20269222259521485 36360
1675955913200 0.1852250337600708 36400
1675955914737 0.18386613130569457 36440
1675955916340 0.1861268997192383 36480
1675955918129 0.20257821083068847 36520
1675955919761 0.1739197254180908 36560
1675955921450 0.14092823266983032 36600
1675955923133 0.17949098348617554 36640
1675955924639 0.21540381908416747 36680
1675955926131 0.1724744915962219 36720
1675955927956 0.17903941869735718 36760
1675955929487 0.1548163414001465 36800
1675955931330 0.18563103675842285 36840
1675955933325 0.20344314575195313 36880
1675955934768 0.14240370988845824 36920
1675955936404 0.18003344535827637 36960
1675955938089 0.16703933477401733 37000
1675955939717 0.13295338153839112 37040
1675955941436 0.14899139404296874 37080
1675955943137 0.17163141965866088 37120
1675955944810 0.11722544431686402 37160
1675955946314 0.18234283924102784 37200
1675955948095 0.13847613334655762 37240
1675955949665 0.19260650873184204 37280
1675955951195 0.18666528463363646 37320
1675955952777 0.1426878809928894 37360
1675955954428 0.15612190961837769 37400
1675955956425 0.16761670112609864 37440
1675955958386 0.15911531448364258 37480
1675955960213 0.12280410528182983 37520
1675955961953 0.17775344848632812 37560
1675955963321 0.14159392118453978 37600
1675955964835 0.11516262292861938 37640
1675955966699 0.2073068141937256 37680
1675955968390 0.178224778175354 37720
1675955970120 0.17502987384796143 37760
1675955972003 0.14701007604598998 37800
1675955973579 0.18350716829299926 37840
1675955975042 0.15103031396865846 37880
1675955976546 0.15387337207794188 37920
1675955978116 0.1410066604614258 37960
1675955979697 0.12917239665985109 38000
1675955981505 0.1914193034172058 38040
1675955983392 0.19653788805007935 38080
1675955985276 0.14334369897842408 38120
1675955987040 0.17990728616714477 38160
1675955989053 0.1642608165740967 38200
1675955991036 0.17261823415756225 38240
1675955992653 0.1583389163017273 38280
1675955994030 0.11219615936279297 38320
1675955995712 0.12755365371704103 38360
1675955997431 0.15034841299057006 38400
1675955999062 0.2141247272491455 38440
1675956001043 0.15794942378997803 38480
1675956002674 0.1802768588066101 38520
1675956004495 0.14742251634597778 38560
1675956006118 0.15794835090637208 38600
1675956007776 0.12614589929580688 38640
1675956009402 0.1533801555633545 38680
1675956011034 0.13048441410064698 38720
1675956012630 0.1495819091796875 38760
1675956014310 0.20443367958068848 38800
1675956015757 0.11756384372711182 38840
1675956017720 0.12818363904953003 38880
1675956019374 0.16351027488708497 38920
1675956020865 0.1966140389442444 38960
1675956022605 0.18272850513458253 39000
1675956023954 0.16871424913406372 39040
1675956025521 0.1823473811149597 39080
1675956027119 0.1785999894142151 39120
1675956028657 0.1731011152267456 39160
1675956030261 0.1670694589614868 39200
1675956031939 0.15665508508682252 39240
1675956033571 0.18818318843841553 39280
1675956035237 0.13063583374023438 39320
1675956037086 0.16935094594955444 39360
1675956038654 0.14410266876220704 39400
1675956039992 0.1371985673904419 39440
1675956041537 0.21389262676239013 39480
1675956043477 0.14794564247131348 39520
1675956045135 0.16527125835418702 39560
1675956046837 0.13910791873931885 39600
1675956048530 0.17389295101165772 39640
1675956050360 0.16910825967788695 39680
1675956051946 0.18344811201095582 39720
1675956053695 0.15142863988876343 39760
1675956055309 0.12452884912490844 39800
1675956056716 0.14438380002975465 39840
1675956058421 0.16889337301254273 39880
1675956060319 0.17031770944595337 39920
1675956062354 0.19017146825790404 39960
1675956063972 0.14036799669265748 40000
1675956065440 0.1741660475730896 40040
1675956067214 0.14307243824005128 40080
1675956068739 0.17769007682800292 40120
1675956070298 0.2035733461380005 40160
1675956078181 0.07846277356147766 40200
1675956080173 0.14288445711135864 40240
1675956081808 0.18038913011550903 40280
1675956083568 0.13435367345809937 40320
1675956085480 0.18999364376068115 40360
1675956087191 0.16423180103302001 40400
1675956088906 0.1890849471092224 40440
1675956090508 0.1760498285293579 40480
1675956092142 0.21145014762878417 40520
1675956093993 0.1875459909439087 40560
1675956095792 0.176865291595459 40600
1675956097611 0.16406171321868895 40640
1675956099252 0.14367682933807374 40680
1675956100966 0.1480564594268799 40720
1675956102447 0.14078221321105958 40760
1675956104381 0.18906829357147217 40800
1675956106128 0.16531306505203247 40840
1675956107730 0.19581066370010375 40880
1675956110058 0.13806252479553222 40920
1675956111793 0.1701603651046753 40960
1675956113480 0.16228044033050537 41000
1675956115240 0.17512720823287964 41040
1675956116904 0.1926148295402527 41080
1675956118630 0.17646554708480836 41120
1675956120234 0.15266780853271483 41160
1675956122057 0.16134285926818848 41200
1675956123576 0.16550945043563842 41240
1675956125286 0.17896976470947265 41280
1675956127234 0.18015105724334718 41320
1675956129105 0.2661190748214722 41360
1675956130854 0.13662153482437134 41400
1675956132429 0.15039446353912353 41440
1675956134324 0.16166335344314575 41480
1675956136040 0.14251458644866943 41520
1675956137800 0.1266647219657898 41560
1675956139676 0.140711510181427 41600
1675956141404 0.19573185443878174 41640
1675956143359 0.15625938177108764 41680
1675956145316 0.1744623064994812 41720
1675956146991 0.1397072196006775 41760
1675956148515 0.17226818799972535 41800
1675956150126 0.16337813138961793 41840
1675956151768 0.1599719762802124 41880
1675956153471 0.16640396118164064 41920
1675956154848 0.17400782108306884 41960
1675956156539 0.1784960150718689 42000
1675956158308 0.18702698945999147 42040
1675956159953 0.13462414741516113 42080
1675956161549 0.1291143536567688 42120
1675956163137 0.17604166269302368 42160
1675956165116 0.13058011531829833 42200
1675956166835 0.2316120147705078 42240
1675956168544 0.16305259466171265 42280
1675956170299 0.13022586107254028 42320
1675956172054 0.15124332904815674 42360
1675956173690 0.1832207679748535 42400
1675956175429 0.1625743865966797 42440
1675956177060 0.17617172002792358 42480
1675956178591 0.1735837936401367 42520
1675956180363 0.1524665355682373 42560
1675956181777 0.1519387483596802 42600
1675956183536 0.17802047729492188 42640
1675956185409 0.16442939043045043 42680
1675956187140 0.14756810665130615 42720
1675956188938 0.16709516048431397 42760
1675956190711 0.13898143768310547 42800
1675956192391 0.166507089138031 42840
1675956194084 0.1115646243095398 42880
1675956197767 0.13791844844818116 42920
1675956199782 0.2005101442337036 42960
1675956201646 0.18041565418243408 43000
1675956203282 0.1576013445854187 43040
1675956204926 0.1746382236480713 43080
1675956208491 0.16175495386123656 43120
1675956210178 0.15958940982818604 43160
1675956211901 0.14214667081832885 43200
1675956213743 0.19824011325836183 43240
1675956215532 0.16337839365005494 43280
1675956217343 0.13589723110198976 43320
1675956218999 0.12680855989456177 43360
1675956220604 0.16813913583755494 43400
1675956222362 0.35973951816558836 43440
1675956223884 0.140131676197052 43480
1675956225653 0.16096638441085814 43520
1675956227320 0.1747452974319458 43560
1675956228947 0.17010582685470582 43600
1675956231028 0.16358410120010375 43640
1675956232723 0.14529430866241455 43680
1675956234256 0.19105881452560425 43720
1675956235902 0.10016523599624634 43760
1675956238378 0.16090705394744872 43800
1675956240093 0.15246678590774537 43840
1675956242243 0.11636977195739746 43880
1675956244122 0.15525056123733522 43920
1675956245861 0.1597062587738037 43960
1675956247463 0.14050623178482055 44000
1675956249164 0.14619996547698974 44040
1675956250619 0.14390097856521605 44080
1675956252253 0.14928117990493775 44120
1675956253860 0.2133692979812622 44160
1675956255676 0.1808445930480957 44200
1675956257864 0.16295064687728883 44240
1675956259782 0.16499296426773072 44280
1675956261566 0.17908660173416138 44320
1675956263256 0.13700418472290038 44360
1675956264757 0.1848847508430481 44400
1675956266411 0.1680935502052307 44440
1675956267967 0.16481183767318724 44480
1675956269516 0.1414225459098816 44520
1675956271263 0.13495748043060302 44560
1675956273220 0.20564489364624022 44600
1675956274867 0.12102214097976685 44640
1675956276691 0.16534624099731446 44680
1675956278275 0.2785447597503662 44720
1675956279903 0.22857341766357422 44760
1675956281501 0.19027621746063234 44800
1675956283794 0.16761893033981323 44840
1675956285359 0.16351799964904784 44880
1675956287434 0.222271728515625 44920
1675956289098 0.17593398094177246 44960
1675956291405 0.2363196611404419 45000
1675956292846 0.16820378303527833 45040
1675956294584 0.18918108940124512 45080
1675956295962 0.1443465232849121 45120
1675956297513 0.18352340459823607 45160
1675956299350 0.15605126619338988 45200
1675956301741 0.16046587228775025 45240
1675956303316 0.17084115743637085 45280
1675956304972 0.174655544757843 45320
1675956306662 0.17432260513305664 45360
1675956308425 0.18771793842315673 45400
1675956310155 0.21279964447021485 45440
1675956311638 0.12897276878356934 45480
1675956313096 0.16719622611999513 45520
1675956314919 0.19407166242599488 45560
1675956316514 0.14732211828231812 45600
1675956318250 0.12297470569610595 45640
1675956320023 0.1899840474128723 45680
1675956321652 0.17878291606903077 45720
1675956323473 0.17907627820968627 45760
1675956325237 0.14629909992218018 45800
1675956326884 0.14216926097869872 45840
1675956328746 0.16820452213287354 45880
1675956330616 0.17140413522720338 45920
1675956332690 0.13666685819625854 45960
1675956334307 0.14599300622940065 46000
1675956335707 0.1682762861251831 46040
1675956337314 0.17110891342163087 46080
1675956338999 0.20185205936431885 46120
1675956340924 0.19939566850662233 46160
1675956342541 0.1777268171310425 46200
1675956344223 0.16896992921829224 46240
1675956345909 0.13895329236984252 46280
1675956347649 0.13843127489089965 46320
1675956349147 0.11365453004837037 46360
1675956351070 0.17753965854644777 46400
1675956352721 0.13728078603744506 46440
1675956354362 0.16623605489730836 46480
1675956356257 0.23629677295684814 46520
1675956357936 0.16507177352905272 46560
1675956359506 0.16250983476638795 46600
1675956361152 0.15507315397262572 46640
1675956362871 0.16711872816085815 46680
1675956364449 0.21285388469696045 46720
1675956365955 0.16874271631240845 46760
1675956367536 0.17140754461288452 46800
1675956369115 0.1294095754623413 46840
1675956370886 0.13501671552658082 46880
1675956372872 0.20847556591033936 46920
1675956374542 0.11942380666732788 46960
1675956376185 0.1557890295982361 47000
1675956377864 0.16256337165832518 47040
1675956379464 0.12451697587966919 47080
1675956381256 0.14713780879974364 47120
1675956382919 0.15174261331558228 47160
1675956384649 0.1377012014389038 47200
1675956386214 0.16365913152694703 47240
1675956387815 0.14579927921295166 47280
1675956389511 0.12873947620391846 47320
1675956391272 0.17460968494415283 47360
1675956392979 0.12968040704727174 47400
1675956394676 0.14271020889282227 47440
1675956396585 0.14058983325958252 47480
1675956398181 0.1643730878829956 47520
1675956399809 0.10701103210449218 47560
1675956401558 0.15681322813034057 47600
1675956403098 0.1343325138092041 47640
1675956404778 0.11293386220932007 47680
1675956406694 0.20248844623565673 47720
1675956408491 0.17737609148025513 47760
1675956410528 0.17858693599700928 47800
1675956412477 0.1541297435760498 47840
1675956414314 0.16903300285339357 47880
1675956415989 0.13202348947525025 47920
1675956417661 0.19819246530532836 47960
1675956419453 0.1362446904182434 48000
1675956421612 0.12680124044418334 48040
1675956423516 0.18679975271224974 48080
1675956425279 0.17646510601043702 48120
1675956426901 0.16388481855392456 48160
1675956428665 0.18558861017227174 48200
1675956430446 0.18767521381378174 48240
1675956432085 0.19004632234573365 48280
1675956433904 0.1482822060585022 48320
1675956435454 0.10526281595230103 48360
1675956437373 0.14145278930664062 48400
1675956439236 0.15359144210815429 48440
1675956440916 0.17695561647415162 48480
1675956442688 0.1727752208709717 48520
1675956444398 0.18185577392578126 48560
1675956446031 0.1729209303855896 48600
1675956447598 0.14751720428466797 48640
1675956449225 0.13367657661437987 48680
1675956451117 0.1620125412940979 48720
1675956452784 0.133162260055542 48760
1675956454392 0.1389932155609131 48800
1675956455886 0.22196474075317382 48840
1675956457643 0.11721202135086059 48880
1675956459389 0.1232720971107483 48920
1675956461034 0.1497296452522278 48960
1675956462603 0.1734437346458435 49000
1675956464462 0.17790162563323975 49040
1675956466115 0.12302893400192261 49080
1675956467762 0.14115943908691406 49120
1675956469483 0.16297030448913574 49160
1675956471064 0.17515697479248046 49200
1675956472956 0.1472470760345459 49240
1675956474671 0.163987398147583 49280
1675956476383 0.1655653715133667 49320
1675956478344 0.1347782254219055 49360
1675956480120 0.16036410331726075 49400
1675956481796 0.13090707063674928 49440
1675956483387 0.14165182113647462 49480
1675956485130 0.14665368795394898 49520
1675956487078 0.13203972578048706 49560
1675956488853 0.15560507774353027 49600
1675956490563 0.1372677206993103 49640
1675956492195 0.13973311185836793 49680
1675956494097 0.14466530084609985 49720
1675956495826 0.1689822793006897 49760
1675956497657 0.15660651922225952 49800
1675956499495 0.11417481899261475 49840
1675956501081 0.14120979309082032 49880
1675956502576 0.14253391027450563 49920
1675956504337 0.1556774377822876 49960
1675956506095 0.17930831909179687 50000
1675956507849 0.13998273611068726 50040
1675956509544 0.1546986699104309 50080
1675956511157 0.1618143677711487 50120
1675956512781 0.18666216135025024 50160
1675956514439 0.1772333264350891 50200
1675956522322 0.06145508289337158 50240
1675956524120 0.13946454524993895 50280
1675956525766 0.13805339336395264 50320
1675956527662 0.14820140600204468 50360
1675956529273 0.15320461988449097 50400
1675956531007 0.14500367641448975 50440
1675956532917 0.17769527435302734 50480
1675956534720 0.19823840856552125 50520
1675956536410 0.18862287998199462 50560
1675956537986 0.18501375913619994 50600
1675956539829 0.17657798528671265 50640
1675956541603 0.18484373092651368 50680
1675956543020 0.1392090439796448 50720
1675956544627 0.14339523315429686 50760
1675956546160 0.13245820999145508 50800
1675956547745 0.16236495971679688 50840
1675956549509 0.18658416271209716 50880
1675956551153 0.19669958353042602 50920
1675956552738 0.1476828932762146 50960
1675956554516 0.15962823629379272 51000
1675956556353 0.1569469690322876 51040
1675956558412 0.14008127450942992 51080
1675956560051 0.1758370041847229 51120
1675956561490 0.18938421010971068 51160
1675956562998 0.1737791657447815 51200
1675956564804 0.1495269536972046 51240
1675956566251 0.1354191541671753 51280
1675956567866 0.15896718502044677 51320
1675956569615 0.1468288540840149 51360
1675956571602 0.24571306705474855 51400
1675956573056 0.14760950803756714 51440
1675956574618 0.13645235300064087 51480
1675956576335 0.174698543548584 51520
1675956578111 0.13352805376052856 51560
1675956579576 0.11396785974502563 51600
1675956581447 0.11301643848419189 51640
1675956582985 0.17821218967437744 51680
1675956585488 0.12700437307357787 51720
1675956587249 0.16954374313354492 51760
1675956589081 0.13108786344528198 51800
1675956590656 0.14403183460235597 51840
1675956592051 0.15816158056259155 51880
1675956593758 0.13793816566467285 51920
1675956595456 0.1622310161590576 51960
1675956596862 0.15356924533843994 52000
1675956598674 0.17992287874221802 52040
1675956600273 0.4702933311462402 52080
1675956603046 0.14618852138519287 52120
1675956604812 0.135641610622406 52160
1675956606348 0.1620848298072815 52200
1675956608273 0.14292410612106324 52240
1675956609961 0.2697037696838379 52280
1675956611745 0.22690248489379883 52320
1675956613097 0.12796670198440552 52360
1675956614991 0.1365704894065857 52400
1675956616615 0.16056057214736938 52440
1675956618630 0.15942305326461792 52480
1675956620425 0.1724601149559021 52520
1675956622103 0.1584954023361206 52560
1675956623898 0.17285048961639404 52600
1675956625472 0.1307443857192993 52640
1675956627385 0.17592945098876953 52680
1675956629271 0.13756686449050903 52720
1675956630895 0.16232528686523437 52760
1675956632778 0.1484617233276367 52800
1675956634575 0.14718077182769776 52840
1675956636254 0.14735095500946044 52880
1675956637940 0.10034446716308594 52920
1675956639820 0.14249775409698487 52960
1675956641739 0.2057126760482788 53000
1675956643728 0.18985273838043212 53040
1675956645242 0.25321159362792967 53080
1675956647023 0.18990379571914673 53120
1675956648802 0.1740248680114746 53160
1675956650408 0.1875329613685608 53200
1675956651979 0.1544651746749878 53240
1675956654000 0.2449042797088623 53280
1675956656015 0.19856481552124022 53320
1675956657736 0.20310406684875487 53360
1675956659267 0.15201923847198487 53400
1675956660884 0.20608861446380616 53440
1675956662677 0.18551092147827147 53480
1675956664219 0.17239009141921996 53520
1675956666088 0.19391683340072632 53560
1675956667803 0.19127175807952881 53600
1675956669295 0.18266255855560304 53640
1675956671127 0.18637961149215698 53680
1675956672862 0.177645742893219 53720
1675956674589 0.1964425563812256 53760
1675956676187 0.10923464298248291 53800
1675956677807 0.1612168312072754 53840
1675956679482 0.21245920658111572 53880
1675956681208 0.12058106660842896 53920
1675956682952 0.15879732370376587 53960
1675956684815 0.17324739694595337 54000
1675956686357 0.1369736075401306 54040
1675956687975 0.15910502672195434 54080
1675956689532 0.16444967985153197 54120
1675956691163 0.16265007257461547 54160
1675956692765 0.21551027297973632 54200
1675956694385 0.15990585088729858 54240
1675956696033 0.19030752182006835 54280
1675956697692 0.1682193398475647 54320
1675956699620 0.1855817437171936 54360
1675956701273 0.1372012972831726 54400
1675956702655 0.15605409145355226 54440
1675956704434 0.15113056898117067 54480
1675956705920 0.1615949034690857 54520
1675956707508 0.15032029151916504 54560
1675956709294 0.12702099084854127 54600
1675956711648 0.20937581062316896 54640
1675956713272 0.1241234302520752 54680
1675956715247 0.179416024684906 54720
1675956716901 0.1398772716522217 54760
1675956718501 0.17848943471908568 54800
1675956720059 0.1770840048789978 54840
1675956722002 0.16519969701766968 54880
1675956723599 0.151264488697052 54920
1675956725736 0.19878811836242677 54960
1675956727208 0.13789970874786378 55000
1675956729135 0.1623471736907959 55040
1675956730644 0.1708970069885254 55080
1675956732244 0.13100149631500244 55120
1675956733805 0.10252403020858765 55160
1675956735443 0.17250728607177734 55200
1675956737326 0.13127536773681642 55240
1675956738933 0.15195374488830565 55280
1675956740501 0.1577626347541809 55320
1675956742249 0.1722388744354248 55360
1675956743956 0.20829501152038574 55400
1675956745651 0.12349178791046142 55440
1675956747454 0.17557501792907715 55480
1675956748903 0.11853746175765992 55520
1675956750435 0.14486664533615112 55560
1675956752149 0.1828373670578003 55600
1675956753912 0.15127096176147461 55640
1675956755397 0.13023685216903685 55680
1675956756931 0.13985248804092407 55720
1675956758591 0.17799108028411864 55760
1675956760352 0.16067235469818114 55800
1675956762099 0.15949727296829225 55840
1675956763870 0.12134250402450561 55880
1675956765594 0.12298338413238526 55920
1675956767365 0.17636793851852417 55960
1675956769296 0.1370031237602234 56000
1675956771053 0.14822282791137695 56040
1675956772445 0.143453049659729 56080
1675956773916 0.14800385236740113 56120
1675956775703 0.19325363636016846 56160
1675956777586 0.2014005422592163 56200
1675956779501 0.19785718917846679 56240
1675956780986 0.136370050907135 56280
1675956783091 0.15663683414459229 56320
1675956784709 0.11660118103027343 56360
1675956786214 0.13315097093582154 56400
1675956787792 0.1498745560646057 56440
1675956789519 0.1454261064529419 56480
1675956791043 0.13107551336288453 56520
1675956792670 0.1881564140319824 56560
1675956794410 0.1891273021697998 56600
1675956796048 0.17956559658050536 56640
1675956797835 0.13757293224334716 56680
1675956799687 0.15175166130065917 56720
1675956801057 0.19400037527084352 56760
1675956802477 0.138715922832489 56800
1675956804084 0.16861408948898315 56840
1675956805613 0.13159844875335694 56880
1675956807143 0.12973235845565795 56920
1675956809166 0.2119431972503662 56960
1675956810637 0.10517256259918213 57000
1675956812162 0.1382313370704651 57040
1675956813837 0.14778149127960205 57080
1675956815259 0.13061097860336304 57120
1675956817017 0.11070472002029419 57160
1675956818723 0.137187659740448 57200
1675956820315 0.13694043159484864 57240
1675956821862 0.14895274639129638 57280
1675956823385 0.12413654327392579 57320
1675956825020 0.11707082986831666 57360
1675956826773 0.18475964069366455 57400
1675956828441 0.11724280118942261 57440
1675956830111 0.13103995323181153 57480
1675956831926 0.1320135235786438 57520
1675956833680 0.13630367517471315 57560
1675956835388 0.11075443029403687 57600
1675956837091 0.13993544578552247 57640
1675956838576 0.13679068088531493 57680
1675956840092 0.10492017269134521 57720
1675956841866 0.16484984159469604 57760
1675956843736 0.2818169355392456 57800
1675956845517 0.17364572286605834 57840
1675956847151 0.1390591263771057 57880
1675956849005 0.14489295482635497 57920
1675956850567 0.1405947208404541 57960
1675956852223 0.1382056951522827 58000
1675956853811 0.12133742570877075 58040
1675956855533 0.09301080107688904 58080
1675956857759 0.16765648126602173 58120
1675956859640 0.1525757670402527 58160
1675956861342 0.14552172422409057 58200
1675956863012 0.159942626953125 58240
1675956864945 0.16107635498046874 58280
1675956866651 0.15552343130111695 58320
1675956868404 0.12794386148452758 58360
1675956869949 0.11691100597381592 58400
1675956871682 0.12210967540740966 58440
1675956873518 0.14477962255477905 58480
1675956875161 0.15090943574905397 58520
1675956876823 0.15372898578643798 58560
1675956878509 0.1479790449142456 58600
1675956880283 0.1524842381477356 58640
1675956882645 0.1392815113067627 58680
1675956884549 0.1100283145904541 58720
1675956886096 0.14263885021209716 58760
1675956887908 0.11674199104309083 58800
1675956889504 0.14811898469924928 58840
1675956891191 0.1756005644798279 58880
1675956892702 0.12438971996307373 58920
1675956894520 0.12249770164489746 58960
1675956896465 0.1261315703392029 59000
1675956898125 0.14949706792831421 59040
1675956899885 0.1678662896156311 59080
1675956901912 0.1164631962776184 59120
1675956903607 0.13344905376434327 59160
1675956905238 0.16813721656799316 59200
1675956906748 0.13622547388076783 59240
1675956908600 0.13053278923034667 59280
1675956910445 0.14516698122024535 59320
1675956911914 0.12982944250106812 59360
1675956913793 0.13052585124969482 59400
1675956915521 0.16020487546920775 59440
1675956917230 0.12790753841400146 59480
1675956918700 0.1191094160079956 59520
1675956920414 0.13191120624542235 59560
1675956921943 0.1286650538444519 59600
1675956923738 0.13678828477859498 59640
1675956925446 0.15275975465774536 59680
1675956926968 0.12896254062652587 59720
1675956928611 0.13948378562927247 59760
1675956930077 0.14861843585968018 59800
1675956931950 0.1437474489212036 59840
1675956933724 0.11109819412231445 59880
1675956935346 0.11277092695236206 59920
1675956936863 0.15061146020889282 59960
1675956938432 0.13815805912017823 60000
1675956940148 0.18683327436447145 60040
1675956941894 0.1419452428817749 60080
1675956943456 0.1495679259300232 60120
1675956945121 0.1212950587272644 60160
1675956946799 0.1447472095489502 60200
1675956948449 0.1681452989578247 60240
1675956956408 0.03169153332710266 60280
1675956958234 0.13239609003067015 60320
1675956960273 0.1430695414543152 60360
1675956962488 0.1280759572982788 60400
1675956964327 0.139955735206604 60440
1675956966124 0.12805229425430298 60480
1675956967990 0.1526991605758667 60520
1675956969656 0.15883028507232666 60560
1675956971381 0.14509930610656738 60600
1675956972979 0.19551993608474733 60640
1675956975073 0.16014231443405152 60680
1675956976963 0.17286571264266967 60720
1675956978501 0.11680397987365723 60760
1675956980279 0.13394397497177124 60800
1675956982153 0.12964038848876952 60840
1675956983866 0.15655354261398316 60880
1675956985720 0.18864495754241944 60920
1675956987448 0.1686731219291687 60960
1675956989243 0.1283849596977234 61000
1675956990930 0.14340319633483886 61040
1675956992747 0.18657641410827636 61080
1675956994245 0.11271147727966309 61120
1675956995929 0.2092057466506958 61160
1675956997619 0.17452452182769776 61200
1675956999342 0.16247252225875855 61240
1675957000994 0.14753832817077636 61280
1675957002555 0.11496652364730835 61320
1675957004347 0.16561135053634643 61360
1675957006090 0.17411596775054933 61400
1675957008096 0.20441050529479982 61440
1675957010243 0.14538540840148925 61480
1675957011900 0.11881419420242309 61520
1675957013595 0.17058545351028442 61560
1675957015589 0.13948535919189453 61600
1675957017338 0.0982354462146759 61640
1675957019179 0.1280198574066162 61680
1675957020924 0.159465491771698 61720
1675957022537 0.18377463817596434 61760
1675957024408 0.18442765474319459 61800
1675957026025 0.13718804121017455 61840
1675957027723 0.14435800313949584 61880
1675957029267 0.17373130321502686 61920
1675957030786 0.12468767166137695 61960
1675957032449 0.17549288272857666 62000
1675957034051 0.1513838529586792 62040
1675957035620 0.1481829047203064 62080
1675957037271 0.1640263319015503 62120
1675957039040 0.1587708592414856 62160
1675957040648 0.13470141887664794 62200
1675957042316 0.16010353565216065 62240
1675957044172 0.1403149724006653 62280
1675957045963 0.1963702917098999 62320
1675957047798 0.21011228561401368 62360
1675957049250 0.11093612909317016 62400
1675957051045 0.1569906711578369 62440
1675957052656 0.156377375125885 62480
1675957054517 0.16718937158584596 62520
1675957056286 0.16572659015655516 62560
1675957057774 0.13930102586746215 62600
1675957059644 0.18112549781799317 62640
1675957061254 0.14989410638809203 62680
1675957062920 0.1586841583251953 62720
1675957064836 0.14622154235839843 62760
1675957066477 0.1360560178756714 62800
1675957068347 0.18414820432662965 62840
1675957070348 0.15215072631835938 62880
1675957072009 0.12344157695770264 62920
1675957073663 0.14819567203521727 62960
1675957075403 0.13330639600753785 63000
1675957077444 0.1557963728904724 63040
1675957079347 0.19507688283920288 63080
1675957081037 0.13104248046875 63120
1675957082892 0.14662761688232423 63160
1675957084913 0.1388919711112976 63200
1675957086465 0.16525673866271973 63240
1675957088128 0.12445100545883178 63280
1675957089956 0.17933508157730102 63320
1675957091901 0.14997777938842774 63360
1675957093912 0.16660457849502563 63400
1675957095546 0.10807639360427856 63440
1675957097341 0.15553656816482545 63480
1675957098968 0.13233544826507568 63520
1675957100653 0.14543522596359254 63560
1675957102450 0.13054298162460326 63600
1675957104144 0.1621099591255188 63640
1675957105632 0.14993252754211425 63680
1675957107532 0.14317396879196168 63720
1675957109279 0.1546854019165039 63760
1675957110859 0.14507479667663575 63800
1675957112497 0.10165668725967407 63840
1675957114244 0.15257118940353392 63880
1675957115858 0.14281713962554932 63920
1675957117436 0.11732583045959473 63960
1675957119308 0.11471688747406006 64000
1675957121170 0.1645175576210022 64040
1675957122808 0.1144141674041748 64080
1675957124664 0.13893920183181763 64120
1675957126369 0.13311389684677125 64160
1675957127896 0.14763559103012086 64200
1675957129684 0.18859139680862427 64240
1675957131429 0.1326151132583618 64280
1675957133191 0.15758148431777955 64320
1675957134836 0.13347643613815308 64360
1675957136908 0.22883565425872804 64400
1675957138678 0.1519256591796875 64440
1675957140547 0.13640933036804198 64480
1675957142686 0.1392522096633911 64520
1675957144590 0.16887794733047484 64560
1675957146123 0.10917519330978394 64600
1675957147933 0.13740997314453124 64640
1675957149739 0.21903104782104493 64680
1675957151455 0.12793896198272706 64720
1675957153144 0.14006675481796266 64760
1675957154895 0.12530776262283325 64800
1675957156409 0.20765702724456786 64840
1675957158594 0.16563535928726197 64880
1675957160569 0.2101855993270874 64920
1675957162321 0.16119858026504516 64960
1675957164287 0.18340688943862915 65000
1675957165996 0.16592030525207518 65040
1675957167737 0.14187928438186645 65080
1675957169380 0.1476844072341919 65120
1675957171416 0.13271238803863525 65160
1675957172896 0.1324402093887329 65200
1675957174499 0.13199279308319092 65240
1675957176309 0.13443049192428588 65280
1675957177965 0.14957802295684813 65320
1675957179582 0.11777913570404053 65360
1675957181143 0.15625473260879516 65400
1675957182905 0.1736559510231018 65440
1675957184868 0.1019335150718689 65480
1675957186650 0.17778650522232056 65520
1675957188129 0.11375541687011718 65560
1675957189736 0.15205966234207152 65600
1675957191316 0.17381596565246582 65640
1675957193075 0.1231966495513916 65680
1675957194546 0.11036977767944336 65720
1675957196205 0.21399939060211182 65760
1675957198142 0.16355048418045043 65800
1675957199772 0.15327945947647095 65840
1675957202261 0.1525942325592041 65880
1675957204024 0.10820801258087158 65920
1675957205879 0.131060791015625 65960
1675957207864 0.17748959064483644 66000
1675957209906 0.1393083930015564 66040
1675957211530 0.12112967967987061 66080
1675957212866 0.1552212953567505 66120
1675957214446 0.12522671222686768 66160
1675957216161 0.18378738164901734 66200
1675957217946 0.18846515417099 66240
1675957219779 0.1785331130027771 66280
1675957221488 0.12584941387176513 66320
1675957223051 0.13955425024032592 66360
1675957224724 0.09281105995178222 66400
1675957226382 0.1291818141937256 66440
1675957228021 0.13271942138671874 66480
1675957229877 0.12488738298416138 66520
1675957231389 0.13157730102539061 66560
1675957233304 0.2012485980987549 66600
1675957235019 0.15123065710067748 66640
1675957236644 0.18903414011001587 66680
1675957238420 0.13439395427703857 66720
1675957240126 0.13653945922851562 66760
1675957241667 0.20106837749481202 66800
1675957243277 0.14889007806777954 66840
1675957244988 0.15386191606521607 66880
1675957246472 0.10455812215805053 66920
1675957247997 0.1283443808555603 66960
1675957250080 0.19054797887802125 67000
1675957251695 0.13358312845230103 67040
1675957253266 0.14443413019180298 67080
1675957254940 0.14974935054779054 67120
1675957256443 0.12314213514328003 67160
1675957258306 0.10164813995361328 67200
1675957260037 0.13541269302368164 67240
1675957261924 0.1454301357269287 67280
1675957263688 0.13647859096527098 67320
1675957265457 0.15314888954162598 67360
1675957266995 0.08802850246429443 67400
1675957268906 0.17500370740890503 67440
1675957270650 0.163346529006958 67480
1675957272211 0.11706780195236206 67520
1675957274092 0.11875684261322021 67560
1675957276022 0.1331639051437378 67600
1675957277645 0.16743680238723754 67640
1675957279269 0.11885923147201538 67680
1675957281034 0.14405087232589722 67720
1675957282614 0.09938394427299499 67760
1675957284596 0.1309998631477356 67800
1675957286509 0.17925790548324586 67840
1675957288098 0.1468929409980774 67880
1675957289918 0.12523988485336304 67920
1675957291880 0.19250783920288086 67960
1675957293572 0.1278676986694336 68000
1675957295212 0.1675123929977417 68040
1675957296757 0.11008152961730958 68080
1675957298407 0.10796576738357544 68120
1675957300229 0.17196240425109863 68160
1675957301971 0.14452136754989625 68200
1675957303792 0.1608720302581787 68240
1675957305532 0.1316360592842102 68280
1675957307470 0.18218218088150023 68320
1675957309199 0.16975704431533814 68360
1675957311408 0.13584867715835572 68400
1675957312945 0.1116594910621643 68440
1675957314770 0.10296852588653564 68480
1675957316618 0.14656883478164673 68520
1675957318508 0.15215030908584595 68560
1675957320422 0.14386930465698242 68600
1675957322044 0.13751085996627807 68640
1675957324452 0.14730536937713623 68680
1675957326125 0.14712755680084227 68720
1675957327785 0.11626887321472168 68760
1675957329419 0.13287731409072875 68800
1675957331034 0.11458684206008911 68840
1675957332858 0.14025259017944336 68880
1675957334510 0.16612820625305175 68920
1675957336095 0.12597894668579102 68960
1675957337810 0.11225950717926025 69000
1675957339455 0.12525081634521484 69040
1675957341393 0.1429593324661255 69080
1675957343040 0.1739014983177185 69120
1675957344725 0.11152642965316772 69160
1675957346338 0.1361462354660034 69200
1675957348138 0.14376016855239868 69240
1675957349613 0.1301800489425659 69280
1675957351262 0.11963404417037964 69320
1675957352939 0.13901697397232055 69360
1675957354674 0.1289501667022705 69400
1675957356449 0.12543243169784546 69440
1675957358399 0.14594699144363404 69480
1675957360054 0.13284733295440673 69520
1675957361506 0.1270430326461792 69560
1675957362998 0.12024562358856201 69600
1675957364765 0.1155017614364624 69640
1675957366461 0.12660030126571656 69680
1675957368327 0.12648186683654786 69720
1675957369997 0.12860437631607055 69760
1675957371807 0.12593432664871215 69800
1675957373394 0.1275904059410095 69840
1675957375175 0.14165364503860473 69880
1675957376843 0.14386396408081054 69920
1675957378625 0.1205145001411438 69960
1675957380205 0.1255652904510498 70000
1675957381799 0.13437995910644532 70040
1675957383507 0.16342993974685668 70080
1675957385195 0.1291896104812622 70120
1675957386870 0.12000950574874877 70160
1675957388429 0.12765501737594603 70200
1675957390104 0.13420771360397338 70240
1675957391659 0.16169928312301635 70280
1675957399119 0.01306408941745758 70320
1675957400937 0.12651634216308594 70360
1675957402583 0.11940457820892333 70400
1675957404211 0.12310914993286133 70440
1675957406004 0.1445595145225525 70480
1675957407685 0.12057087421417237 70520
1675957409433 0.1461716890335083 70560
1675957411150 0.1782456398010254 70600
1675957412872 0.12909672260284424 70640
1675957414602 0.16844916343688965 70680
1675957416323 0.1557671308517456 70720
1675957418086 0.16581934690475464 70760
1675957419593 0.10912238359451294 70800
1675957421227 0.14033253192901612 70840
1675957422828 0.14412198066711426 70880
1675957424427 0.13865289688110352 70920
1675957426181 0.15438413619995117 70960
1675957427946 0.15617069005966186 71000
1675957429731 0.15015511512756347 71040
1675957431445 0.12842048406600953 71080
1675957433133 0.15592914819717407 71120
1675957434800 0.1663794994354248 71160
1675957436395 0.18812096118927002 71200
1675957437937 0.13974640369415284 71240
1675957439805 0.15844206809997557 71280
1675957441520 0.14312586784362794 71320
1675957443076 0.11473101377487183 71360
1675957444706 0.15705016851425171 71400
1675957446199 0.12800384759902955 71440
1675957448271 0.18617620468139648 71480
1675957450035 0.12798060178756715 71520
1675957451613 0.13873828649520875 71560
1675957453204 0.17218064069747924 71600
1675957455187 0.14436424970626832 71640
1675957456691 0.10064048767089843 71680
1675957458834 0.11045500040054321 71720
1675957460450 0.16571497917175293 71760
1675957462006 0.2040309190750122 71800
1675957463702 0.14888206720352173 71840
1675957465400 0.1108774185180664 71880
1675957466829 0.16425483226776122 71920
1675957468360 0.15603444576263428 71960
1675957469817 0.1263284683227539 72000
1675957471416 0.1668192505836487 72040
1675957472904 0.12648264169692994 72080
1675957474375 0.14893369674682616 72120
1675957476056 0.23266201019287108 72160
1675957477618 0.15714763402938842 72200
1675957479149 0.13037676811218263 72240
1675957480594 0.13482745885848998 72280
1675957482380 0.1352010488510132 72320
1675957484496 0.19995412826538086 72360
1675957486254 0.1985088348388672 72400
1675957487852 0.11559016704559326 72440
1675957489685 0.15438140630722047 72480
1675957491476 0.14413912296295167 72520
1675957493211 0.15020602941513062 72560
1675957494878 0.18728724718093873 72600
1675957496396 0.13051459789276124 72640
1675957498058 0.1532413363456726 72680
1675957500111 0.13391631841659546 72720
1675957502209 0.16007680892944337 72760
1675957504535 0.16114552021026612 72800
1675957506141 0.1270376920700073 72840
1675957507888 0.16045361757278442 72880
1675957509785 0.13943743705749512 72920
1675957511422 0.16009877920150756 72960
1675957513023 0.17179657220840455 73000
1675957514823 0.13609390258789061 73040
1675957516513 0.15942858457565307 73080
1675957518467 0.1992660641670227 73120
1675957520193 0.1207261323928833 73160
1675957521735 0.15008897781372071 73200
1675957523376 0.14114598035812378 73240
1675957524942 0.1577294111251831 73280
1675957526588 0.18005541563034058 73320
1675957528342 0.15592583417892455 73360
1675957530226 0.16157915592193603 73400
1675957531979 0.15388540029525757 73440
1675957533454 0.1205837607383728 73480
1675957535067 0.11819568872451783 73520
1675957536635 0.1428639054298401 73560
1675957538389 0.16272027492523194 73600
1675957539991 0.09760225415229798 73640
1675957541720 0.1755549430847168 73680
1675957543337 0.17223578691482544 73720
1675957545323 0.16366312503814698 73760
1675957547070 0.13867930173873902 73800
1675957548559 0.2460709810256958 73840
1675957550430 0.13111859560012817 73880
1675957552093 0.13136905431747437 73920
1675957553581 0.13961776494979858 73960
1675957555289 0.11402337551116944 74000
1675957557084 0.12924598455429076 74040
1675957558812 0.15498979091644288 74080
1675957560525 0.11096590757369995 74120
1675957562319 0.1483142614364624 74160
1675957564021 0.15305733680725098 74200
1675957565421 0.15225622653961182 74240
1675957566985 0.18964262008666993 74280
1675957568700 0.14837948083877564 74320
1675957570385 0.153873074054718 74360
1675957572048 0.14598495960235597 74400
1675957573861 0.16951186656951905 74440
1675957575669 0.15718278884887696 74480
1675957577210 0.13106006383895874 74520
1675957578867 0.13066738843917847 74560
1675957580567 0.14209781885147094 74600
1675957582112 0.14368573427200318 74640
1675957583818 0.13005119562149048 74680
1675957585668 0.16514583826065063 74720
1675957587397 0.1233336329460144 74760
1675957589109 0.12147246599197388 74800
1675957590834 0.13016648292541505 74840
1675957592270 0.1716080665588379 74880
1675957593894 0.18266313076019286 74920
1675957595716 0.23054971694946289 74960
1675957597547 0.13225090503692627 75000
1675957599556 0.18269360065460205 75040
1675957601242 0.1285071611404419 75080
1675957603079 0.1479738473892212 75120
1675957604666 0.14492422342300415 75160
1675957606371 0.13420573472976685 75200
1675957607906 0.2506868839263916 75240
1675957609924 0.12427252531051636 75280
1675957611714 0.129801344871521 75320
1675957613398 0.13914505243301392 75360
1675957614946 0.12873820066452027 75400
1675957616691 0.15529820919036866 75440
1675957618421 0.16391979455947875 75480
1675957619852 0.08513031005859376 75520
1675957621844 0.16015684604644775 75560
1675957623386 0.12174769639968872 75600
1675957624975 0.15214096307754515 75640
1675957626515 0.1728571057319641 75680
1675957628422 0.2631376266479492 75720
1675957629934 0.09673038721084595 75760
1675957631273 0.14301140308380128 75800
1675957632970 0.14905651807785034 75840
1675957634478 0.16585488319396974 75880
1675957636361 0.16034386157989503 75920
1675957638000 0.10905704498291016 75960
1675957639835 0.12190113067626954 76000
1675957641707 0.18010226488113404 76040
1675957643666 0.14260971546173096 76080
1675957645256 0.103825843334198 76120
1675957646750 0.1717633366584778 76160
1675957648131 0.1101076602935791 76200
1675957649731 0.13871825933456422 76240
1675957651563 0.20823383331298828 76280
1675957653362 0.15826597213745117 76320
1675957654842 0.1308625817298889 76360
1675957656335 0.13403574228286744 76400
1675957657959 0.0880936324596405 76440
1675957659547 0.11639969348907471 76480
1675957660966 0.13233207464218139 76520
1675957662880 0.17688847780227662 76560
1675957664618 0.11029168367385864 76600
1675957666281 0.20328183174133302 76640
1675957668040 0.13053537607192994 76680
1675957669740 0.16428958177566527 76720
1675957671365 0.12926385402679444 76760
1675957672986 0.14715542793273925 76800
1675957674501 0.15268031358718873 76840
1675957675906 0.13123947381973267 76880
1675957677577 0.1556310772895813 76920
1675957679156 0.09421084523200988 76960
1675957681191 0.12339198589324951 77000
1675957683854 0.22536106109619142 77040
1675957685610 0.13576319217681884 77080
1675957687271 0.12301009893417358 77120
1675957688855 0.12717850208282472 77160
1675957690483 0.12269806861877441 77200
1675957692105 0.1308855414390564 77240
1675957693883 0.1323719620704651 77280
1675957695859 0.14109143018722534 77320
1675957697510 0.12664940357208251 77360
1675957699211 0.16237821578979492 77400
1675957700962 0.09475576281547546 77440
1675957702489 0.1773640990257263 77480
1675957704245 0.13378723859786987 77520
1675957705872 0.11805384159088135 77560
1675957707585 0.19294086694717408 77600
1675957709299 0.1395353078842163 77640
1675957710813 0.13166265487670897 77680
1675957712387 0.14527442455291747 77720
1675957714094 0.14561359882354735 77760
1675957715614 0.10422788858413697 77800
1675957717559 0.1118205428123474 77840
1675957719495 0.1909469723701477 77880
1675957721171 0.15642182826995848 77920
1675957722909 0.12956401109695434 77960
1675957724722 0.14413847923278808 78000
1675957726385 0.12854043245315552 78040
1675957727981 0.1440162777900696 78080
1675957729824 0.12241356372833252 78120
1675957731342 0.10956460237503052 78160
1675957733105 0.16425318717956544 78200
1675957734783 0.15931299924850464 78240
1675957736484 0.14865870475769044 78280
1675957738038 0.12885982990264894 78320
1675957739836 0.174114990234375 78360
1675957742097 0.16202985048294066 78400
1675957744155 0.12584371566772462 78440
1675957745660 0.12456930875778198 78480
1675957747315 0.11150978803634644 78520
1675957749138 0.12353298664093018 78560
1675957750706 0.1452670693397522 78600
1675957752202 0.15186119079589844 78640
1675957753805 0.13670833110809327 78680
1675957755394 0.13781810998916627 78720
1675957757396 0.1357558250427246 78760
1675957758980 0.10810321569442749 78800
1675957760658 0.12558381557464598 78840
1675957762341 0.10965157747268676 78880
1675957764152 0.14431904554367064 78920
1675957765637 0.14200830459594727 78960
1675957767131 0.12969101667404176 79000
1675957768756 0.12394517660140991 79040
1675957770488 0.12496112585067749 79080
1675957772159 0.12875838279724122 79120
1675957773830 0.16705765724182128 79160
1675957775391 0.1361503481864929 79200
1675957776994 0.13612051010131837 79240
1675957778621 0.12323452234268188 79280
1675957780164 0.14343740940093994 79320
1675957781963 0.13102476596832274 79360
1675957783615 0.13444918394088745 79400
1675957785504 0.12923307418823243 79440
1675957787279 0.16742148399353027 79480
1675957789116 0.13212983608245848 79520
1675957790785 0.1556066870689392 79560
1675957792313 0.10615662336349488 79600
1675957793789 0.13678766489028932 79640
1675957795394 0.1299391508102417 79680
1675957797084 0.12692915201187133 79720
1675957798774 0.18040355443954467 79760
1675957800986 0.133758282661438 79800
1675957802872 0.13659147024154664 79840
1675957804628 0.13147629499435426 79880
1675957806417 0.13506945371627807 79920
1675957808051 0.11054201126098633 79960
1675957809514 0.09690479636192321 80000
1675957811022 0.1372671604156494 80040
1675957812584 0.12702689170837403 80080
1675957814476 0.1880180835723877 80120
1675957816337 0.12773025035858154 80160
1675957818047 0.09529492855072022 80200
1675957819550 0.13251891136169433 80240
1675957821224 0.11239023208618164 80280
1675957822816 0.15948920249938964 80320
1675957830340 0.002033921889960766 80360
1675957832035 0.12700135707855226 80400
1675957833829 0.10439445972442626 80440
1675957835473 0.11428143978118896 80480
1675957837179 0.14066710472106933 80520
1675957838999 0.12893221378326417 80560
1675957840983 0.15479246377944947 80600
1675957842583 0.1682288408279419 80640
1675957844394 0.15543280839920043 80680
1675957846348 0.19283558130264283 80720
1675957848083 0.13102514743804933 80760
1675957849998 0.1564452528953552 80800
1675957851610 0.13332821130752565 80840
1675957853424 0.13608920574188232 80880
1675957855304 0.13059250116348267 80920
1675957856877 0.14062693119049072 80960
1675957858531 0.13637040853500365 81000
1675957860402 0.13712830543518068 81040
1675957862390 0.15630168914794923 81080
1675957864943 0.1284276843070984 81120
1675957866729 0.14730415344238282 81160
1675957868463 0.1449820041656494 81200
1675957870084 0.14857934713363646 81240
1675957871704 0.1676257610321045 81280
1675957873275 0.15811371803283691 81320
1675957875111 0.1327538013458252 81360
1675957876832 0.11921366453170776 81400
1675957878630 0.1539417028427124 81440
1675957880257 0.12538666725158693 81480
1675957882401 0.16425861120224 81520
1675957884096 0.12853536605834961 81560
1675957885647 0.12794331312179566 81600
1675957887417 0.12471504211425781 81640
1675957889479 0.1542037844657898 81680
1675957891060 0.0874212622642517 81720
1675957892720 0.09561734199523926 81760
1675957894530 0.127182674407959 81800
1675957896203 0.1280669689178467 81840
1675957897780 0.14404635429382323 81880
1675957899534 0.10709224939346314 81920
1675957901164 0.1296847939491272 81960
1675957902762 0.1643316388130188 82000
1675957904380 0.14684027433395386 82040
1675957906050 0.16237496137619017 82080
1675957907759 0.13075271844863892 82120
1675957909469 0.14635512828826905 82160
1675957911510 0.2239910125732422 82200
1675957913175 0.1675989270210266 82240
1675957914924 0.11798654794692993 82280
1675957916638 0.14414368867874144 82320
1675957918393 0.12247908115386963 82360
1675957920988 0.14575088024139404 82400
1675957922692 0.18408443927764892 82440
1675957924518 0.12391257286071777 82480
1675957926072 0.12500234842300414 82520
1675957927648 0.13460084199905395 82560
1675957929696 0.12769298553466796 82600
1675957931451 0.15217103958129882 82640
1675957933171 0.13036901950836183 82680
1675957935249 0.14004863500595094 82720
1675957937087 0.1381316900253296 82760
1675957938632 0.1521238923072815 82800
1675957940621 0.1398359417915344 82840
1675957942236 0.12439126968383789 82880
1675957944071 0.16457830667495726 82920
1675957946114 0.12827204465866088 82960
1675957947820 0.12750108242034913 83000
1675957949680 0.1231275200843811 83040
1675957951425 0.09611613750457763 83080
1675957953107 0.1285088539123535 83120
1675957955120 0.17778195142745973 83160
1675957956680 0.11345968246459961 83200
1675957958386 0.12902169227600097 83240
1675957960217 0.11574066877365112 83280
1675957961905 0.1509398937225342 83320
1675957963514 0.11701096296310425 83360
1675957965402 0.14888269901275636 83400
1675957967447 0.14127802848815918 83440
1675957969195 0.15242042541503906 83480
1675957970866 0.11567749977111816 83520
1675957972506 0.11823389530181885 83560
1675957974287 0.12097073793411255 83600
1675957976142 0.16738371849060057 83640
1675957977931 0.16587185859680176 83680
1675957979820 0.14833418130874634 83720
1675957981482 0.13651103973388673 83760
1675957983563 0.1337113380432129 83800
1675957985500 0.18729289770126342 83840
1675957987184 0.14841339588165284 83880
1675957988982 0.1297297716140747 83920
1675957990652 0.12837975025177 83960
1675957992312 0.15851573944091796 84000
1675957993862 0.1184528112411499 84040
1675957999357 0.12839138507843018 84080
1675958001257 0.13612970113754272 84120
1675958002793 0.11880468130111695 84160
1675958004484 0.12195253372192383 84200
1675958006158 0.1353326201438904 84240
1675958009519 0.1177178144454956 84280
1675958011085 0.175741708278656 84320
1675958012667 0.13239647150039674 84360
1675958014369 0.12876073122024537 84400
1675958016026 0.14629510641098023 84440
1675958017818 0.14958842992782592 84480
1675958019750 0.1629374623298645 84520
1675958021312 0.13093388080596924 84560
1675958022853 0.1279512643814087 84600
1675958024784 0.16934704780578613 84640
1675958026508 0.11435215473175049 84680
1675958028363 0.11247450113296509 84720
1675958030110 0.1534424066543579 84760
1675958032131 0.1318511724472046 84800
1675958033954 0.1289341688156128 84840
1675958035801 0.1158827543258667 84880
1675958037992 0.14571834802627565 84920
1675958039695 0.1555856704711914 84960
1675958041594 0.1662418484687805 85000
1675958044624 0.1377420425415039 85040
1675958046575 0.1751524567604065 85080
1675958048474 0.14090672731399537 85120
1675958050238 0.15800470113754272 85160
1675958051957 0.15369019508361817 85200
1675958053649 0.11068526506423951 85240
1675958055610 0.13326140642166137 85280
1675958057605 0.1208989977836609 85320
1675958059358 0.12926052808761596 85360
1675958061328 0.1224440097808838 85400
1675958063183 0.11457556486129761 85440
1675958064762 0.1387959361076355 85480
1675958066695 0.15218840837478637 85520
1675958068198 0.08308570384979248 85560
1675958070212 0.15197862386703492 85600
1675958071791 0.13519357442855834 85640
1675958073226 0.13357893228530884 85680
1675958074790 0.14212565422058104 85720
1675958076561 0.12281992435455322 85760
1675958078047 0.08830786347389222 85800
1675958079610 0.2016899585723877 85840
1675958081339 0.14813419580459594 85880
1675958082813 0.1878696322441101 85920
1675958085462 0.15486087799072265 85960
1675958087244 0.12937657833099364 86000
1675958089066 0.11478952169418336 86040
1675958090816 0.15407063961029052 86080
1675958092790 0.13768850564956664 86120
1675958094639 0.11884026527404785 86160
1675958096066 0.1618819236755371 86200
1675958097636 0.12630250453948974 86240
1675958099184 0.16040611267089844 86280
1675958101614 0.18979313373565673 86320
1675958103468 0.16844526529312134 86360
1675958105469 0.13774044513702394 86400
1675958107116 0.12451423406600952 86440
1675958108802 0.09254050850868226 86480
1675958110537 0.13552918434143066 86520
1675958112024 0.1325667142868042 86560
1675958114040 0.11468136310577393 86600
1675958116011 0.12575653791427613 86640
1675958117859 0.16019386053085327 86680
1675958119783 0.13818347454071045 86720
1675958121398 0.1533266305923462 86760
1675958122951 0.11785370111465454 86800
1675958124811 0.1363174796104431 86840
1675958126466 0.14655132293701173 86880
1675958127929 0.1859494924545288 86920
1675958129588 0.1393902540206909 86960
1675958131245 0.16699844598770142 87000
1675958132910 0.12780797481536865 87040
1675958134872 0.17404572963714598 87080
1675958136588 0.13194648027420045 87120
1675958138182 0.14026621580123902 87160
1675958139918 0.12168645858764648 87200
1675958141686 0.12698261737823485 87240
1675958143278 0.11796414852142334 87280
1675958145118 0.11601080894470214 87320
1675958147186 0.13009960651397706 87360
1675958148737 0.13330812454223634 87400
1675958150528 0.15635695457458496 87440
1675958152146 0.20978028774261476 87480
1675958153776 0.2150324821472168 87520
1675958155647 0.1530836582183838 87560
1675958157260 0.12308301925659179 87600
1675958159041 0.15425209999084472 87640
1675958160707 0.13295162916183473 87680
1675958162345 0.12882816791534424 87720
1675958164081 0.1229859471321106 87760
1675958166009 0.13596603870391846 87800
1675958167547 0.08407253623008729 87840
1675958169299 0.12648664712905883 87880
1675958171215 0.39286677837371825 87920
1675958172820 0.19593136310577391 87960
1675958174727 0.1459919810295105 88000
1675958176483 0.1090955138206482 88040
1675958178185 0.13559681177139282 88080
1675958179612 0.47592830657958984 88120
1675958181333 0.11373714208602906 88160
1675958182891 0.09408236742019653 88200
1675958184858 0.16193045377731324 88240
1675958186657 0.1444788932800293 88280
1675958188486 0.1539959192276001 88320
1675958190048 0.12160221338272095 88360
1675958191924 0.18973253965377807 88400
1675958193827 0.16373605728149415 88440
1675958195622 0.13191063404083253 88480
1675958197649 0.1530495047569275 88520
1675958199216 0.07901501655578613 88560
1675958200946 0.12825756072998046 88600
1675958202571 0.14332696199417114 88640
1675958204143 0.16526879072189332 88680
1675958205846 0.13188180923461915 88720
1675958207519 0.15462616682052613 88760
1675958209177 0.11461256742477417 88800
1675958211300 0.11554208993911744 88840
1675958212838 0.1298673152923584 88880
1675958214605 0.12276856899261475 88920
1675958216299 0.12221035957336426 88960
1675958217852 0.16433348655700683 89000
1675958219510 0.1298662781715393 89040
1675958221395 0.10748832225799561 89080
1675958223242 0.1175386905670166 89120
1675958225837 0.10994896888732911 89160
1675958227414 0.17082791328430175 89200
1675958229234 0.14604564905166625 89240
1675958230744 0.11054726839065551 89280
1675958232351 0.11043412685394287 89320
1675958234004 0.14096379280090332 89360
1675958236004 0.1533037543296814 89400
1675958237705 0.1811815619468689 89440
1675958239310 0.1411636233329773 89480
1675958241178 0.14791834354400635 89520
1675958242941 0.1228702187538147 89560
1675958244597 0.15028655529022217 89600
1675958245946 0.0938473403453827 89640
1675958247590 0.15965808629989625 89680
1675958249196 0.10455411672592163 89720
1675958250906 0.1218992829322815 89760
1675958252448 0.20257086753845216 89800
1675958254190 0.3384835720062256 89840
1675958255878 0.14723644256591797 89880
1675958257611 0.1330737590789795 89920
1675958259461 0.14449692964553834 89960
1675958261158 0.13418948650360107 90000
1675958262751 0.0935895323753357 90040
1675958264295 0.13831446170806885 90080
1675958265987 0.10018454790115357 90120
1675958267789 0.15261967182159425 90160
1675958269733 0.1548818826675415 90200
1675958271361 0.09339243769645691 90240
1675958272888 0.14479198455810546 90280
1675958274621 0.14135589599609374 90320
1675958276362 0.1648342490196228 90360
1675958277947 0.13793128728866577 90400
