1675622841735 0.6139737963676453 0
1675622841943 0.6065402030944824 0
1675622842152 0.6116309762001038 0
1675622842364 0.6098463535308838 0
1675622842564 0.6105660796165466 0
1675622842795 0.6019758582115173 0
1675622843004 0.6087861061096191 0
1675622843213 0.609271228313446 0
1675622843435 0.6061911582946777 0
1675622843649 0.6106084585189819 0
1675622843923 0.6053555607795715 0
1675622844162 0.6048137545585632 0
1675622844399 0.6007286310195923 0
1675622844603 0.6074625849723816 0
1675622844814 0.609065592288971 0
1675622845015 0.6071029305458069 0
1675622845194 0.6109687089920044 0
1675622845425 0.5991344451904297 0
1675622845643 0.6012635231018066 0
1675622845870 0.60077965259552 0
1675622846098 0.5981554985046387 0
1675622846291 0.6051828861236572 0
1675622846530 0.5949400663375854 0
1675622846774 0.5953028202056885 0
1675622846960 0.6072220206260681 0
1675622847156 0.605654239654541 0
1675622847364 0.6008161902427673 0
1675622847560 0.6064420342445374 0
1675622847772 0.5998730063438416 0
1675622847946 0.6094257235527039 0
1675622848170 0.5970714092254639 0
1675622848369 0.6004714965820312 0
1675622848576 0.5977967977523804 0
1675622848787 0.5967549085617065 0
1675622848979 0.6007869839668274 0
1675622849203 0.5933886170387268 0
1675622849423 0.5930213928222656 0
1675622849637 0.5940178036689758 0
1675622849855 0.5955641269683838 0
1675622850082 0.5904273986816406 0
1675622850320 0.5878158211708069 0
1675622850529 0.5932101011276245 0
1675622850721 0.5975096821784973 0
1675622850924 0.5942133069038391 0
1675622851146 0.5899696946144104 0
1675622851401 0.5819026827812195 0
1675622851615 0.5935856103897095 0
1675622851845 0.5935990214347839 0
1675622852083 0.5904542207717896 0
1675622852325 0.5901911854743958 0
1675622852553 0.5926986932754517 0
1675622852784 0.591447651386261 0
1675622853024 0.5905183553695679 0
1675622853282 0.5907783508300781 0
1675622853514 0.592502236366272 0
1675622853749 0.5917319655418396 0
1675622853962 0.5894603729248047 0
1675622854188 0.5848127603530884 0
1675622854446 0.5830404162406921 0
1675622854735 0.5847312211990356 0
1675622855011 0.5858978033065796 0
1675622855309 0.5821042060852051 0
1675622855567 0.5840444564819336 0
1675622855795 0.5856114029884338 0
1675622856011 0.5883963108062744 0
1675622856247 0.589207649230957 0
1675622856500 0.5827413201332092 0
1675622856761 0.5792134404182434 0
1675622856977 0.5825377106666565 0
1675622857216 0.5798392295837402 0
1675622857453 0.5793437361717224 0
1675622857702 0.5806972980499268 0
1675622857961 0.5798906087875366 0
1675622858192 0.5852510929107666 0
1675622858440 0.5804886817932129 0
1675622858693 0.58167564868927 0
1675622858899 0.5849060416221619 0
1675622859115 0.5830689668655396 0
1675622859327 0.579682469367981 0
1675622859552 0.5792175531387329 0
1675622859756 0.5825527906417847 0
1675622859974 0.579030454158783 0
1675622860212 0.5736916661262512 0
1675622860446 0.5742753148078918 0
1675622860680 0.5728474259376526 0
1675622860919 0.5714088082313538 0
1675622861125 0.5774808526039124 0
1675622861319 0.580199122428894 0
1675622861551 0.5720277428627014 0
1675622861789 0.5732196569442749 0
1675622862014 0.5753629803657532 0
1675622862223 0.5759598016738892 0
1675622862425 0.5756999850273132 0
1675622862690 0.5621808767318726 0
1675622862927 0.5701677799224854 0
1675622863152 0.5738641619682312 0
1675622863353 0.5744438171386719 0
1675622863556 0.5734015107154846 0
1675622863783 0.5697378516197205 0
1675622863993 0.5725738406181335 0
1675622864222 0.5686638951301575 0
1675622864431 0.5727219581604004 0
1675622864649 0.569172203540802 0
1675622864865 0.5679281949996948 0
1675622865046 0.5749785304069519 0
1675622865246 0.5704368352890015 0
1675622865453 0.5689165592193604 0
1675622865646 0.5707994699478149 0
1675622865842 0.5719833374023438 0
1675622866086 0.5613259673118591 0
1675622866313 0.5633201599121094 0
1675622866513 0.5678068399429321 0
1675622866700 0.5709154009819031 0
1675622866919 0.5625091791152954 0
1675622867140 0.5626968741416931 0
1675622867370 0.5631141662597656 0
1675622867591 0.5654611587524414 0
1675622867801 0.5649451017379761 0
1675622868000 0.5656915903091431 0
1675622868221 0.5608468055725098 0
1675622868471 0.5595510005950928 0
1675622868694 0.5632435083389282 0
1675622868892 0.5641602277755737 0
1675622869139 0.554451048374176 0
1675622869358 0.5581451058387756 0
1675622869577 0.5580090284347534 0
1675622869795 0.5575622320175171 0
1675622869998 0.5621749758720398 0
1675622870215 0.5573937296867371 0
1675622870442 0.555190920829773 0
1675622870634 0.561643660068512 0
1675622870862 0.5546203255653381 0
1675622871046 0.5626776814460754 0
1675622871239 0.5603506565093994 0
1675622871469 0.552777886390686 0
1675622871714 0.5506992340087891 0
1675622871904 0.5612601637840271 0
1675622872160 0.5478323101997375 0
1675622872387 0.551554799079895 0
1675622872589 0.556781530380249 0
1675622872817 0.5550328493118286 0
1675622873058 0.5511943101882935 0
1675622873275 0.5520309805870056 0
1675622873466 0.558303713798523 0
1675622873682 0.5504896640777588 0
1675622873892 0.5529369711875916 0
1675622874094 0.5550429224967957 0
1675622874315 0.5473647117614746 0
1675622874509 0.5524302124977112 0
1675622874714 0.5497946739196777 0
1675622874920 0.5496376752853394 0
1675622875140 0.547132670879364 0
1675622875348 0.5485086441040039 0
1675622875580 0.5427509546279907 0
1675622875795 0.5464127063751221 0
1675622876006 0.5461183786392212 0
1675622876237 0.5418995022773743 0
1675622877659 0.5509570240974426 0
1675622877879 0.5433529019355774 0
1675622878069 0.5492774248123169 0
1675622878264 0.54807448387146 0
1675622878502 0.543180525302887 0
1675622878738 0.5426693558692932 0
1675622878987 0.5383315086364746 0
1675622879229 0.5445253849029541 0
1675622879455 0.5433437824249268 0
1675622879702 0.5379261374473572 0
1675622879949 0.5353667736053467 0
1675622880180 0.5413380861282349 0
1675622880380 0.5449307560920715 0
1675622880604 0.5382257103919983 0
1675622880838 0.5353500843048096 0
1675622881070 0.5385134816169739 0
1675622881283 0.5408409237861633 0
1675622881526 0.5370913147926331 0
1675622881770 0.5371383428573608 0
1675622882020 0.5336976051330566 0
1675622882257 0.5320056676864624 0
1675622882500 0.5323111414909363 0
1675622882728 0.5331881046295166 0
1675622882960 0.5332810878753662 0
1675622883172 0.5351203083992004 0
1675622883385 0.5330833792686462 0
1675622883589 0.5346648693084717 0
1675622883792 0.5339776873588562 0
1675622883985 0.5356698036193848 0
1675622884197 0.5314269661903381 0
1675622884432 0.5277782082557678 0
1675622884643 0.5292438864707947 0
1675622884832 0.5328294634819031 0
1675622885083 0.5201033353805542 0
1675622885311 0.5243983268737793 0
1675622885486 0.535458505153656 0
1675622885705 0.5276913642883301 0
1675622885954 0.5192816257476807 0
1675622886144 0.5305268168449402 0
1675622886365 0.5263809561729431 0
1675622886583 0.5237429738044739 0
1675622886783 0.5267857909202576 0
1675622886983 0.5261752009391785 0
1675622887192 0.5235171318054199 0
1675622887402 0.5223618149757385 0
1675622887640 0.5156187415122986 0
1675622887853 0.5209750533103943 0
1675622888088 0.5166299939155579 0
1675622888307 0.5198190212249756 0
1675622888612 0.5151100158691406 0
1675622888840 0.5205111503601074 0
1675622889075 0.5205960869789124 0
1675622889290 0.5201182961463928 0
1675622889499 0.5180716514587402 0
1675622889712 0.5177249312400818 0
1675622889910 0.5192812085151672 0
1675622890131 0.5143515467643738 0
1675622890322 0.5196276307106018 0
1675622890553 0.5179787874221802 0
1675622890829 0.5127996802330017 0
1675622891099 0.5103732943534851 0
1675622891320 0.5140537023544312 0
1675622891524 0.5143112540245056 0
1675622891751 0.5114487409591675 0
1675622891989 0.5072289109230042 0
1675622892211 0.5095710754394531 0
1675622892443 0.5100190043449402 0
1675622892679 0.5080810189247131 0
1675622892894 0.509114146232605 0
1675622893105 0.5103959441184998 0
1675622893334 0.5048425793647766 0
1675622893544 0.5074102282524109 0
1675622893767 0.5064342021942139 0
1675622894004 0.500889778137207 0
1675622894236 0.5015639662742615 0
1675622894427 0.5079748630523682 0
1675622894625 0.5074164271354675 0
1675622894836 0.5041844844818115 0
1675622895055 0.501007080078125 0
1675622895275 0.5001815557479858 0
1675622895467 0.5045526027679443 0
1675622895690 0.4982343316078186 0
1675622895909 0.49753862619400024 0
1675622896122 0.49977487325668335 0
1675622896379 0.4932011067867279 0
1675622896613 0.4951907694339752 0
1675622896820 0.49819672107696533 0
1675622897007 0.5005683898925781 0
1675622897190 0.5004162192344666 0
1675622897413 0.4921742379665375 0
1675622897605 0.49899205565452576 0
1675622897791 0.49970686435699463 0
1675622898016 0.49101847410202026 0
1675622898221 0.4933530390262604 0
1675622898432 0.49138113856315613 0
1675622898701 0.4879034757614136 0
1675622898951 0.48876768350601196 0
1675622899150 0.4920714497566223 0
1675622899346 0.49079927802085876 0
1675622899581 0.48517221212387085 0
1675622899806 0.4854322671890259 0
1675622900035 0.4843369722366333 0
1675622900254 0.48317185044288635 0
1675622900460 0.486858069896698 0
1675622900693 0.4809437096118927 0
1675622900910 0.4823148846626282 0
1675622901103 0.48600059747695923 0
1675622901308 0.4835098385810852 0
1675622901515 0.48090827465057373 0
1675622901735 0.4810652732849121 0
1675622901977 0.4764818251132965 0
1675622902209 0.47564128041267395 0
1675622902466 0.47695082426071167 0
1675622902738 0.4718538820743561 0
1675622902988 0.4699186086654663 0
1675622903184 0.4772527515888214 0
1675622903394 0.4742734134197235 0
1675622903607 0.4734310209751129 0
1675622903835 0.47553494572639465 0
1675622904062 0.47045281529426575 0
1675622904261 0.4722903072834015 0
1675622904469 0.46947166323661804 0
1675622904735 0.4662049114704132 0
1675622904973 0.469586044549942 0
1675622905174 0.46889549493789673 0
1675622905410 0.4618680477142334 0
1675622905635 0.4632088840007782 0
1675622905881 0.46084490418434143 0
1675622906084 0.46574878692626953 0
1675622906310 0.46527591347694397 0
1675622906495 0.46758589148521423 0
1675622906710 0.4612601101398468 0
1675622906949 0.4560401737689972 0
1675622907141 0.4632231891155243 0
1675622907357 0.45835593342781067 0
1675622907574 0.4558132588863373 0
1675622907800 0.45365026593208313 0
1675622908031 0.4507492482662201 0
1675622908232 0.45529794692993164 0
1675622908476 0.44726213812828064 0
1675622908691 0.4517744779586792 0
1675622908899 0.45166298747062683 0
1675622909094 0.4528941512107849 0
1675622909290 0.4518032670021057 0
1675622909488 0.4502180516719818 0
1675622909698 0.44746699929237366 0
1675622909901 0.4477934241294861 0
1675622910129 0.44298550486564636 0
1675622910346 0.44335469603538513 0
1675622910586 0.4380149841308594 0
1675622910808 0.44194573163986206 0
1675622911026 0.4391225278377533 0
1675622911254 0.43646588921546936 0
1675622911495 0.43601730465888977 0
1675622911711 0.43841150403022766 0
1675622911900 0.4407200813293457 0
1675622912103 0.43595051765441895 0
1675622913661 0.4341181814670563 0
1675622913844 0.4362591505050659 0
1675622914088 0.42979946732521057 0
1675622914327 0.42613768577575684 0
1675622914513 0.4315505027770996 0
1675622914725 0.4285151958465576 0
1675622914921 0.42918476462364197 0
1675622915114 0.42758452892303467 0
1675622915295 0.4279963970184326 0
1675622915495 0.42389383912086487 0
1675622915691 0.42356419563293457 0
1675622915880 0.42324161529541016 0
1675622916101 0.41688621044158936 0
1675622916289 0.4220745861530304 0
1675622916498 0.4171289801597595 0
1675622916682 0.41917863488197327 0
1675622916885 0.4155065417289734 0
1675622917082 0.4151199460029602 0
1675622917302 0.4126695394515991 0
1675622917512 0.41233131289482117 0
1675622917735 0.4081433415412903 0
1675622917921 0.41103193163871765 0
1675622918145 0.4063999652862549 0
1675622918355 0.4076332747936249 0
1675622918632 0.4032384157180786 0
1675622918824 0.4076520800590515 0
1675622919024 0.4019961655139923 0
1675622919239 0.4000605344772339 0
1675622919435 0.4004662036895752 0
1675622919659 0.3958933651447296 0
1675622919882 0.39645281434059143 0
1675622920091 0.3946339786052704 0
1675622920294 0.39379245042800903 0
1675622920519 0.3906650245189667 0
1675622920719 0.3907919228076935 0
1675622920913 0.3915078043937683 0
1675622921095 0.39214611053466797 0
1675622921282 0.38820183277130127 0
1675622921478 0.3850743770599365 0
1675622921684 0.3857516348361969 0
1675622921901 0.38065305352211 0
1675622922102 0.3797680139541626 0
1675622922308 0.3786700665950775 0
1675622922542 0.37173038721084595 0
1675622922738 0.37629058957099915 0
1675622922965 0.37151655554771423 0
1675622923158 0.3730623126029968 0
1675622923401 0.36577820777893066 0
1675622923630 0.3662797808647156 0
1675622923797 0.37141987681388855 0
1675622923980 0.3673773407936096 0
1675622924177 0.3638244867324829 0
1675622924396 0.3600260317325592 0
1675622924620 0.35663655400276184 0
1675622924795 0.3636283874511719 0
1675622925034 0.35271984338760376 0
1675622925239 0.3553462028503418 0
1675622925455 0.35211819410324097 0
1675622925658 0.3508189022541046 0
1675622925858 0.34965577721595764 0
1675622926061 0.346506267786026 0
1675622926263 0.34523966908454895 0
1675622926456 0.34479475021362305 0
1675622926668 0.3403114676475525 0
1675622926844 0.3419873118400574 0
1675622927039 0.3375605046749115 0
1675622927229 0.3381268382072449 0
1675622927459 0.33066025376319885 0
1675622927700 0.32780131697654724 0
1675622927887 0.33062744140625 0
1675622928115 0.3251664638519287 0
1675622928336 0.3247658312320709 0
1675622928592 0.32383155822753906 0
1675622928797 0.3230075538158417 0
1675622928991 0.3197786211967468 0
1675622929220 0.3138999938964844 0
1675622929422 0.31497740745544434 0
1675622929605 0.3145860731601715 0
1675622929787 0.31130704283714294 0
1675622929998 0.30672717094421387 0
1675622930210 0.3045732080936432 0
1675622930411 0.30252087116241455 0
1675622930617 0.3012065589427948 0
1675622930810 0.2978411316871643 0
1675622931019 0.2954174876213074 0
1675622931205 0.2956370711326599 0
1675622931409 0.291263610124588 0
1675622931606 0.2894803583621979 0
1675622931811 0.2872615158557892 0
1675622932026 0.283777117729187 0
1675622932229 0.28061383962631226 0
1675622932426 0.2798580527305603 0
1675622932617 0.27721402049064636 0
1675622932810 0.2732551097869873 0
1675622933002 0.27163612842559814 0
1675622933177 0.26998528838157654 0
1675622933379 0.265258252620697 0
1675622933608 0.2594054639339447 0
1675622933796 0.2606234550476074 0
1675622934016 0.2562044560909271 0
1675622934209 0.2545633018016815 0
1675622934413 0.2499391734600067 0
1675622934609 0.24941812455654144 0
1675622934785 0.24728931486606598 0
1675622935013 0.24087244272232056 0
1675622935204 0.24041195213794708 0
1675622935411 0.23649747669696808 0
1675622935613 0.23352156579494476 0
1675622935803 0.23165033757686615 0
1675622935986 0.22968028485774994 0
1675622936167 0.22650456428527832 0
1675622936350 0.2220579981803894 0
1675622936548 0.21879719197750092 0
1675622936744 0.2154390811920166 0
1675622936945 0.2116706222295761 0
1675622937163 0.20889918506145477 0
1675622937381 0.2049732208251953 0
1675622937578 0.20256119966506958 0
1675622937778 0.1995658129453659 0
1675622937963 0.19677744805812836 0
1675622938181 0.1929742395877838 0
1675622938449 0.1899614930152893 0
1675622938702 0.18630850315093994 0
1675622938938 0.18170265853405 0
1675622939129 0.18004240095615387 0
1675622939352 0.17647472023963928 0
1675622939545 0.17290523648262024 0
1675622939741 0.17006465792655945 0
1675622939927 0.16688555479049683 0
1675622940123 0.16296681761741638 0
1675622940324 0.1594899743795395 0
1675622940503 0.15655378997325897 0
1675622940689 0.1528254896402359 0
1675622940902 0.14934717118740082 0
1675622941123 0.14601317048072815 0
1675622941320 0.14226804673671722 0
1675622941490 0.1392073631286621 0
1675622941773 0.1363963633775711 0
1675622941963 0.1318691223859787 0
1675622942177 0.1293613761663437 0
1675622942419 0.1267446130514145 0
1675622942659 0.12356521934270859 0
1675622942859 0.11880727857351303 0
1675622943058 0.11600653827190399 0
1675622943263 0.1130133792757988 0
1675622943496 0.1106862798333168 0
1675622943687 0.10540939122438431 0
1675622943884 0.10260482132434845 0
1675622944071 0.09951579570770264 0
1675622944275 0.09775792807340622 0
1675622944487 0.09394029527902603 0
1675622944690 0.09032991528511047 0
1675622944899 0.08791827410459518 0
1675622945095 0.08466111123561859 0
1675622945262 0.0815899521112442 0
1675622945468 0.07891017943620682 0
1675622945650 0.07544372230768204 0
1675622947059 0.0730362981557846 0
1675622947328 0.07490169256925583 0
1675622947561 0.07086806744337082 0
1675622947748 0.06504407525062561 0
1675622947953 0.06409989297389984 0
1675622948139 0.06026460975408554 0
1675622948357 0.058609191328287125 0
1675622948612 0.05620775744318962 0
1675622948840 0.05660375580191612 0
1675622949058 0.05427555367350578 0
1675622949321 0.05437283590435982 0
1675622949533 0.050838325172662735 0
1675622949787 0.05237405374646187 0
1675622950018 0.04854566976428032 0
1675622950242 0.047375939786434174 0
1675622950457 0.04577793553471565 0
1675622950669 0.044074296951293945 0
1675622950874 0.04143845662474632 0
1675622951074 0.03983594477176666 0
1675622951284 0.039161816239356995 0
1675622951488 0.038354888558387756 0
1675622951735 0.03902769461274147 0
1675622951927 0.03415663167834282 0
1675622952132 0.0338921882212162 0
1675622952372 0.03900663182139397 0
1675622952602 0.03783264011144638 0
1675622952824 0.03485436365008354 0
1675622953015 0.03030402585864067 0
1675622953224 0.033472590148448944 0
1675622953441 0.03388373181223869 0
1675622953648 0.031801436096429825 0
1675622953837 0.0293559692800045 0
1675622954056 0.03192968666553497 0
1675622954258 0.029135819524526596 0
1675622954479 0.0317034088075161 0
1675622954680 0.02948332019150257 0
1675622954875 0.027046378701925278 0
1675622955084 0.02839186042547226 0
1675622955287 0.027007222175598145 0
1675622955489 0.026867955923080444 0
1675622955672 0.024267349392175674 0
1675622955884 0.029120981693267822 0
1675622956104 0.028575187548995018 0
1675622956314 0.027094503864645958 0
1675622956517 0.026047443971037865 0
1675622956721 0.026943983510136604 0
1675622956931 0.02655635215342045 0
1675622957131 0.02588465064764023 0
1675622957305 0.021096613258123398 0
1675622957542 0.02758469060063362 0
1675622957767 0.02786012925207615 0
1675622957983 0.026062510907649994 0
1675622958167 0.021879753097891808 0
1675622958391 0.023817572742700577 0
1675622958643 0.025037825107574463 0
1675622958857 0.023317253217101097 0
1675622959116 0.0312309879809618 0
1675622959328 0.026095105335116386 0
1675622959590 0.032163381576538086 0
1675622959792 0.023398488759994507 0
1675622959985 0.022567518055438995 0
1675622960212 0.02737867832183838 0
1675622960417 0.023556433618068695 0
1675622960602 0.021163545548915863 0
1675622960779 0.020229874178767204 0
1675622960982 0.023150213062763214 0
1675622961179 0.022287271916866302 0
1675622961389 0.024266714230179787 0
1675622961582 0.0212931577116251 0
1675622961834 0.026153961196541786 0
1675622962042 0.023156847804784775 0
1675622962231 0.019841359928250313 0
1675622962464 0.026317160576581955 0
1675622962668 0.022264519706368446 0
1675622962905 0.027387436479330063 0
1675622963116 0.023460427299141884 0
1675622963332 0.023062974214553833 0
1675622963536 0.02208629436790943 0
1675622963757 0.02439877949655056 0
1675622963971 0.023969102650880814 0
1675622964191 0.02484651282429695 0
1675622964407 0.023762023076415062 0
1675622964597 0.019082235172390938 0
1675622964806 0.022384680807590485 0
1675622965023 0.0226987823843956 0
1675622965248 0.025910811498761177 0
1675622965452 0.021934080868959427 0
1675622965656 0.01916070096194744 0
1675622965849 0.019631175324320793 0
1675622966043 0.019225578755140305 0
1675622966237 0.019739316776394844 0
1675622966449 0.022268706932663918 0
1675622966665 0.021978795528411865 0
1675622966871 0.021130550652742386 0
1675622967062 0.019318727776408195 0
1675622967267 0.021628184244036674 0
1675622967466 0.020132385194301605 0
1675622967657 0.01783391647040844 0
1675622967859 0.020906323567032814 0
1675622968086 0.025476401671767235 0
1675622968297 0.02229004167020321 0
1675622968575 0.01886739581823349 0
1675622968816 0.020599128678441048 0
1675622969017 0.019993264228105545 0
1675622969227 0.021395081654191017 0
1675622969446 0.023156533017754555 0
1675622969635 0.017576133832335472 0
1675622969858 0.023800408467650414 0
1675622970072 0.022388992831110954 0
1675622970319 0.02656073495745659 0
1675622970507 0.01872164197266102 0
1675622970696 0.0167011059820652 0
1675622970917 0.02321966551244259 0
1675622971133 0.022183416411280632 0
1675622971327 0.018500646576285362 0
1675622971522 0.01945049874484539 0
1675622971729 0.018380770459771156 0
1675622971926 0.017773032188415527 0
1675622972140 0.019627999514341354 0
1675622972346 0.01938519813120365 0
1675622972555 0.021207792684435844 0
1675622972797 0.02549712173640728 0
1675622972987 0.01736871711909771 0
1675622973193 0.01917070895433426 0
1675622973412 0.022009890526533127 0
1675622973606 0.018290072679519653 0
1675622973819 0.019831331446766853 0
1675622974014 0.018415307626128197 0
1675622974222 0.020060503855347633 0
1675622974450 0.023975776508450508 0
1675622974645 0.017537683248519897 0
1675622974841 0.018611237406730652 0
1675622975033 0.018208298832178116 0
1675622975239 0.019357845187187195 0
1675622975432 0.018175076693296432 0
1675622975628 0.017664527520537376 0
1675622975809 0.015427723526954651 0
1675622976024 0.021120766177773476 0
1675622976249 0.021458469331264496 0
1675622976434 0.015901539474725723 0
1675622976624 0.016598517075181007 0
1675622976838 0.021005315706133842 0
1675622977045 0.020487969741225243 0
1675622977266 0.020976437255740166 0
1675622977470 0.01846509985625744 0
1675622977691 0.01885281875729561 0
1675622977901 0.019610898569226265 0
1675622978120 0.02197938598692417 0
1675622978327 0.018037274479866028 0
1675622978612 0.02131183072924614 0
1675622978876 0.022406520321965218 0
1675622979076 0.01815509982407093 0
1675622979255 0.01614541746675968 0
1675622979462 0.019679946824908257 0
1675622979670 0.019184764474630356 0
1675622979931 0.028551362454891205 0
1675622980119 0.01766875386238098 0
1675622981524 0.020679956302046776 0
1675622981728 0.01753689907491207 0
1675622981953 0.01950329914689064 0
1675622982173 0.021481353789567947 0
1675622982374 0.01820472814142704 0
1675622982583 0.020823687314987183 0
1675622982762 0.014799736440181732 0
1675622982992 0.018352637067437172 0
1675622983191 0.018157921731472015 0
1675622983376 0.01718618907034397 0
1675622983589 0.019984537735581398 0
1675622983803 0.021951571106910706 0
1675622984020 0.017759624868631363 0
1675622984242 0.02262607403099537 0
1675622984462 0.019704358652234077 0
1675622984649 0.016856929287314415 0
1675622984870 0.02096453867852688 0
1675622985085 0.021055910736322403 0
1675622985291 0.017753934487700462 0
1675622985516 0.021507885307073593 0
1675622985732 0.019672801718115807 0
1675622985949 0.021178361028432846 0
1675622986148 0.017329629510641098 0
1675622986398 0.026945890858769417 0
1675622986617 0.02038550190627575 0
1675622986821 0.019422069191932678 0
1675622987027 0.01813765987753868 0
1675622987225 0.01884770393371582 0
1675622987428 0.01639416441321373 0
1675622987621 0.01703227125108242 0
1675622987811 0.016253646463155746 0
1675622988063 0.024896793067455292 0
1675622988262 0.0156306941062212 0
1675622988491 0.018132738769054413 0
1675622988774 0.021198676899075508 0
1675622989040 0.019957324489951134 0
1675622989281 0.015542966313660145 0
1675622989504 0.01993611268699169 0
1675622989686 0.015616522170603275 0
1675622989875 0.0180317722260952 0
1675622990077 0.017839206382632256 0
1675622990280 0.020319247618317604 0
1675622990481 0.017360448837280273 0
1675622990694 0.016931889578700066 0
1675622990908 0.019869977608323097 0
1675622991097 0.01849616877734661 0
1675622991336 0.021205946803092957 0
1675622991531 0.018395893275737762 0
1675622991722 0.015341527760028839 0
1675622991947 0.022146087139844894 0
1675622992161 0.020042989403009415 0
1675622992348 0.017894526943564415 0
1675622992560 0.019352950155735016 0
1675622992791 0.018413588404655457 0
1675622993009 0.019873807206749916 0
1675622993196 0.01826588436961174 0
1675622993430 0.022016232833266258 0
1675622993616 0.01722739450633526 0
1675622993815 0.017932256683707237 0
1675622994005 0.017573781311511993 0
1675622994237 0.021652791649103165 0
1675622994448 0.021332377567887306 0
1675622994690 0.023790404200553894 0
1675622994905 0.02206677570939064 0
1675622995128 0.02039060927927494 0
1675622995321 0.01701352559030056 0
1675622995577 0.021599378436803818 0
1675622995799 0.018925577402114868 0
1675622996030 0.021213436499238014 0
1675622996235 0.02065705694258213 0
1675622996435 0.017292553558945656 0
1675622996641 0.018912095576524734 0
1675622996854 0.01963534764945507 0
1675622997047 0.01861848309636116 0
1675622997241 0.016914134845137596 0
1675622997443 0.018682269379496574 0
1675622997634 0.016285253688693047 0
1675622997820 0.017815763130784035 0
1675622998009 0.016371190547943115 0
1675622998229 0.018026724457740784 0
1675622998482 0.02012198604643345 0
1675622998754 0.02000955119729042 0
1675622999000 0.014896640554070473 0
1675622999176 0.014366792514920235 0
1675622999388 0.019823772832751274 0
1675622999596 0.01837536133825779 0
1675622999809 0.016188431531190872 0
1675623000002 0.017039412632584572 0
1675623000201 0.01786201260983944 0
1675623000391 0.017103072255849838 0
1675623000591 0.018033215776085854 0
1675623000783 0.01804172433912754 0
1675623000983 0.01770453341305256 0
1675623001176 0.017645373940467834 0
1675623001387 0.019050469622015953 0
1675623001592 0.020196234807372093 0
1675623001803 0.01623738929629326 0
1675623001998 0.018108272925019264 0
1675623002197 0.018332818523049355 0
1675623002392 0.01809884048998356 0
1675623002604 0.019308701157569885 0
1675623002807 0.019899439066648483 0
1675623003053 0.024433238431811333 0
1675623003281 0.022960353642702103 0
1675623003486 0.018722867593169212 0
1675623003683 0.018626607954502106 0
1675623003897 0.019455697387456894 0
1675623004103 0.02011551335453987 0
1675623004347 0.024206284433603287 0
1675623004546 0.020365191623568535 0
1675623004755 0.019248774275183678 0
1675623004979 0.022047270089387894 0
1675623005181 0.01826084777712822 0
1675623005377 0.019327569752931595 0
1675623005595 0.02019673027098179 0
1675623005779 0.01741652563214302 0
1675623005955 0.013540666550397873 0
1675623006159 0.01914793811738491 0
1675623006375 0.019714223220944405 0
1675623006579 0.019809043034911156 0
1675623006771 0.016409216448664665 0
1675623006950 0.01573624648153782 0
1675623007171 0.020887088030576706 0
1675623007397 0.023501915857195854 0
1675623007609 0.019034940749406815 0
1675623007815 0.019725147634744644 0
1675623008018 0.019172145053744316 0
1675623008232 0.020649265497922897 0
1675623008494 0.024065814912319183 0
1675623008752 0.01793687790632248 0
1675623008957 0.01553450245410204 0
1675623009134 0.01465018279850483 0
1675623009330 0.0165550634264946 0
1675623009525 0.018073098734021187 0
1675623009747 0.01962813176214695 0
1675623009978 0.023096609860658646 0
1675623010212 0.022655710577964783 0
1675623010404 0.016408972442150116 0
1675623010636 0.022333500906825066 0
1675623010819 0.015461990609765053 0
1675623011036 0.02007201686501503 0
1675623011245 0.019779276102781296 0
1675623011445 0.016836008056998253 0
1675623011661 0.020871754735708237 0
1675623011868 0.01649276725947857 0
1675623012051 0.015660464763641357 0
1675623012283 0.021836545318365097 0
1675623012467 0.01461274828761816 0
1675623012684 0.01944785751402378 0
1675623012889 0.019798651337623596 0
1675623013120 0.02240912802517414 0
1675623013317 0.018200905993580818 0
1675623013546 0.02125396765768528 0
1675623013772 0.02316199615597725 0
1675623013983 0.01966782473027706 0
1675623014177 0.018459247425198555 0
1675623014389 0.02119101956486702 0
