1675354111100 0.7231891751289368 0
1675354111376 0.709075391292572 0
1675354111545 0.7065513730049133 0
1675354111773 0.6953828930854797 0
1675354111987 0.6881236433982849 0
1675354112225 0.6795910596847534 0
1675354112419 0.6753765344619751 0
1675354112695 0.664391815662384 0
1675354112949 0.6580144762992859 0
1675354113180 0.6529037952423096 0
1675354113382 0.64825439453125 0
1675354113588 0.6426594257354736 0
1675354113844 0.6337554454803467 0
1675354114086 0.6295255422592163 0
1675354114376 0.623235821723938 0
1675354114601 0.6218445897102356 0
1675354114842 0.6134552955627441 0
1675354115084 0.6084761023521423 0
1675354115318 0.6039960384368896 0
1675354115571 0.5985773205757141 0
1675354115774 0.5967910289764404 0
1675354116041 0.5881639122962952 0
1675354116288 0.5841374397277832 0
1675354116492 0.5868476033210754 0
1675354116768 0.5802602171897888 0
1675354116989 0.5772679448127747 0
1675354117204 0.5723486542701721 0
1675354117460 0.5697759389877319 0
1675354117663 0.5677510499954224 0
1675354117899 0.5637882947921753 0
1675354118082 0.5658225417137146 0
1675354118301 0.5607629418373108 0
1675354118573 0.5535889863967896 0
1675354118808 0.5529868602752686 0
1675354119042 0.5513195991516113 0
1675354119276 0.5474153161048889 0
1675354119510 0.5471850633621216 0
1675354119781 0.5413351655006409 0
1675354120039 0.5403252840042114 0
1675354120293 0.5400338172912598 0
1675354120490 0.5433030724525452 0
1675354120716 0.5367313027381897 0
1675354121002 0.5321592092514038 0
1675354121252 0.5314853191375732 0
1675354121479 0.530798077583313 0
1675354121813 0.5273770689964294 0
1675354122030 0.5287847518920898 0
1675354122254 0.5286750793457031 0
1675354122472 0.5249500274658203 0
1675354122733 0.5232555866241455 0
1675354122940 0.5249211192131042 0
1675354123180 0.5190017223358154 0
1675354123462 0.5200239419937134 0
1675354123661 0.522779107093811 0
1675354123896 0.5180346965789795 0
1675354124154 0.5137732028961182 0
1675354124423 0.5124258995056152 0
1675354124663 0.5123541951179504 0
1675354124918 0.5105947256088257 0
1675354125211 0.5093302130699158 0
1675354125428 0.5129916071891785 0
1675354125703 0.5129735469818115 0
1675354125923 0.5134317278862 0
1675354126132 0.5088968276977539 0
1675354126347 0.5079288482666016 0
1675354126558 0.5094465613365173 0
1675354126757 0.505761444568634 0
1675354127046 0.5006266832351685 0
1675354127283 0.5031401515007019 0
1675354127538 0.5015799403190613 0
1675354127804 0.4982137084007263 0
1675354128055 0.49874410033226013 0
1675354128292 0.501873254776001 0
1675354128540 0.49786287546157837 0
1675354128772 0.49976834654808044 0
1675354128973 0.5027056336402893 0
1675354129235 0.49851611256599426 0
1675354129457 0.5002533793449402 0
1675354129692 0.49509957432746887 0
1675354129909 0.49635380506515503 0
1675354130201 0.49099329113960266 0
1675354130384 0.5021098852157593 0
1675354130588 0.4970109760761261 0
1675354130779 0.4996950328350067 0
1675354131027 0.49034422636032104 0
1675354131277 0.49745693802833557 0
1675354131488 0.49177414178848267 0
1675354131703 0.4919690489768982 0
1675354131943 0.48947077989578247 0
1675354132202 0.49183425307273865 0
1675354132454 0.48871079087257385 0
1675354132729 0.4885531961917877 0
1675354132965 0.48723483085632324 0
1675354133198 0.4914994239807129 0
1675354133494 0.48461079597473145 0
1675354133803 0.4839179217815399 0
1675354134079 0.4852542579174042 0
1675354134313 0.4875998795032501 0
1675354134557 0.4892703890800476 0
1675354134737 0.49080702662467957 0
1675354134990 0.48783349990844727 0
1675354135269 0.4832168221473694 0
1675354135553 0.4829265773296356 0
1675354135776 0.4876389503479004 0
1675354136018 0.48477497696876526 0
1675354136247 0.48358625173568726 0
1675354136440 0.4873329699039459 0
1675354136648 0.4854554533958435 0
1675354136935 0.4791087806224823 0
1675354137165 0.4859992265701294 0
1675354137444 0.4833824336528778 0
1675354137658 0.4834813177585602 0
1675354137932 0.47934019565582275 0
1675354138176 0.4833398163318634 0
1675354138376 0.4861874282360077 0
1675354138559 0.4863816201686859 0
1675354138779 0.48147648572921753 0
1675354138987 0.48322734236717224 0
1675354139182 0.48536431789398193 0
1675354139420 0.4798523485660553 0
1675354139656 0.4805610477924347 0
1675354139935 0.4792904257774353 0
1675354139952 0.5039654970169067 0
