1675867498100 0.692898154258728 0
1675867498377 0.6928156018257141 0
1675867498742 0.6927766799926758 0
1675867499083 0.6926189064979553 0
1675867499388 0.6925551295280457 0
1675867499663 0.692507266998291 0
1675867499930 0.6924195885658264 0
1675867500193 0.6922669410705566 0
1675867500488 0.6922172904014587 0
1675867500748 0.6921958923339844 0
1675867500989 0.6920605897903442 0
1675867501283 0.6920247673988342 0
1675867501543 0.6919429898262024 0
1675867501787 0.6918284296989441 0
1675867502021 0.6917759776115417 0
1675867502277 0.6916797757148743 0
1675867502514 0.6915469169616699 0
1675867502798 0.6915019154548645 0
1675867503071 0.6914446949958801 0
1675867503356 0.6913852691650391 0
1675867503600 0.691288948059082 0
1675867503906 0.6912108063697815 0
1675867504166 0.6911106705665588 0
1675867504468 0.691035807132721 0
1675867504731 0.6909617185592651 0
1675867505046 0.6909064650535583 0
1675867505311 0.6908122897148132 0
1675867505583 0.6907382011413574 0
1675867505872 0.6906559467315674 0
1675867506183 0.6906051635742188 0
1675867506509 0.6904970407485962 0
1675867506792 0.6904118061065674 0
1675867507043 0.6903348565101624 0
1675867507310 0.690218985080719 0
1675867507634 0.6902090311050415 0
1675867507891 0.6901187300682068 0
1675867508174 0.6900119781494141 0
1675867508436 0.6899520754814148 0
1675867508754 0.6898903250694275 0
1675867508990 0.6897915005683899 0
1675867509216 0.6897095441818237 0
1675867509476 0.689674973487854 0
1675867509773 0.6895492672920227 0
1675867510051 0.6894547939300537 0
1675867510267 0.689367949962616 0
1675867510524 0.6892811059951782 0
1675867510731 0.6892392039299011 0
1675867511007 0.6891620755195618 0
1675867511215 0.6890515089035034 0
1675867511478 0.6889808177947998 0
1675867511742 0.6889015436172485 0
1675867511974 0.6888408064842224 0
1675867512214 0.6887364387512207 0
1675867512472 0.688636302947998 0
1675867512763 0.6886318325996399 0
1675867513039 0.688496470451355 0
1675867513304 0.6884012222290039 0
1675867513547 0.6883399486541748 0
1675867513795 0.6881974339485168 0
1675867514076 0.6881620287895203 0
1675867514327 0.6880488991737366 0
1675867514587 0.6880413889884949 0
1675867514874 0.6879473328590393 0
1675867515128 0.6878806352615356 0
1675867515389 0.6877965927124023 0
1675867515697 0.6877482533454895 0
1675867515942 0.6875882744789124 0
1675867516202 0.6875410676002502 0
1675867516428 0.6874029040336609 0
1675867516681 0.6873751282691956 0
1675867516957 0.6873160600662231 0
1675867517225 0.6872237324714661 0
1675867517452 0.6871018409729004 0
1675867517712 0.6870468258857727 0
1675867517972 0.6869595050811768 0
1675867518234 0.6868873834609985 0
1675867518531 0.6867865324020386 0
1675867518790 0.6867514848709106 0
1675867519055 0.6866275668144226 0
1675867519337 0.68654865026474 0
1675867519560 0.6864945888519287 0
1675867519843 0.6864290833473206 0
1675867520150 0.6863741278648376 0
1675867520424 0.6862742304801941 0
1675867520683 0.6861481666564941 0
1675867520950 0.6860754489898682 0
1675867521229 0.6860164403915405 0
1675867521449 0.6858972311019897 0
1675867521757 0.6858992576599121 0
1675867521992 0.6857525706291199 0
1675867522261 0.6857312321662903 0
1675867522493 0.6856110095977783 0
1675867522740 0.6855207681655884 0
1675867522990 0.685437798500061 0
1675867523286 0.6853700280189514 0
1675867523536 0.6852842569351196 0
1675867523750 0.685152530670166 0
1675867523985 0.6850796937942505 0
1675867524246 0.6850148439407349 0
1675867524536 0.6849310398101807 0
1675867524800 0.6849397420883179 0
1675867525044 0.6847836375236511 0
1675867525322 0.6847360730171204 0
1675867525576 0.6846427917480469 0
1675867525792 0.6845353245735168 0
1675867526057 0.6844414472579956 0
1675867526332 0.684428870677948 0
1675867526584 0.6843573451042175 0
1675867526833 0.6842060089111328 0
1675867527110 0.6841857433319092 0
1675867527372 0.6840875148773193 0
1675867527613 0.6839970946311951 0
1675867527865 0.6839128136634827 0
1675867528163 0.6837834715843201 0
1675867528435 0.6837577223777771 0
1675867528734 0.6837432384490967 0
1675867528971 0.6835407614707947 0
1675867529287 0.6835814118385315 0
1675867529536 0.6834534406661987 0
1675867529786 0.6833294034004211 0
1675867530017 0.6831971406936646 0
1675867530284 0.6831446290016174 0
1675867530497 0.6830475330352783 0
1675867530787 0.6830421090126038 0
1675867531063 0.6829999685287476 0
1675867531336 0.6828679442405701 0
1675867531624 0.6827297806739807 0
1675867531857 0.6826496720314026 0
1675867532164 0.6826204657554626 0
1675867532441 0.6824892163276672 0
1675867532672 0.6824182271957397 0
1675867532905 0.6823388934135437 0
1675867533174 0.6822952032089233 0
1675867533427 0.6821927428245544 0
1675867533672 0.6821314096450806 0
1675867533916 0.6820144653320312 0
1675867534175 0.6819220781326294 0
1675867534431 0.6818190813064575 0
1675867534702 0.6817659735679626 0
1675867534947 0.6817386746406555 0
1675867535197 0.6815815567970276 0
1675867535455 0.6815212368965149 0
1675867535712 0.6813993453979492 0
1675867535972 0.6813191771507263 0
1675867536231 0.6812173128128052 0
1675867536493 0.6812078952789307 0
1675867536793 0.6811060309410095 0
1675867537010 0.680995762348175 0
1675867537270 0.6809212565422058 0
1675867537499 0.6808527708053589 0
1675867537747 0.6807429790496826 0
1675867537990 0.6806842684745789 0
1675867538278 0.6806067228317261 0
1675867538517 0.6804766654968262 0
1675867538828 0.680570662021637 0
1675867539085 0.6803537011146545 0
1675867539350 0.6802286505699158 0
1675867541040 0.6801713109016418 0
1675867541280 0.6800588965415955 0
1675867541519 0.6799958944320679 0
1675867541754 0.6799057126045227 0
1675867541959 0.6797841191291809 0
1675867542255 0.6797862648963928 0
1675867542493 0.6796780228614807 0
1675867542784 0.679621696472168 0
1675867543069 0.679510235786438 0
1675867543329 0.6793891191482544 0
1675867543612 0.6792731881141663 0
1675867543899 0.6792161464691162 0
1675867544202 0.6791691780090332 0
1675867544490 0.6790415644645691 0
1675867544771 0.6789355278015137 0
1675867545039 0.6788201928138733 0
1675867545334 0.6788281798362732 0
1675867545617 0.6786929368972778 0
1675867545889 0.6786109805107117 0
1675867546121 0.6785145998001099 0
1675867546405 0.6784762144088745 0
1675867546668 0.6783121228218079 0
1675867546914 0.6782344579696655 0
1675867547152 0.6781607866287231 0
1675867547471 0.6781691312789917 0
1675867547733 0.6779590249061584 0
1675867548000 0.6779130101203918 0
1675867548282 0.677812933921814 0
1675867548558 0.677730143070221 0
1675867548820 0.6776266694068909 0
1675867549073 0.6775638461112976 0
1675867549328 0.677486002445221 0
1675867549609 0.6773984432220459 0
1675867549840 0.677243173122406 0
1675867550100 0.6772000789642334 0
1675867550354 0.6771182417869568 0
1675867550620 0.6769235134124756 0
1675867550894 0.6769139170646667 0
1675867551138 0.6768659353256226 0
1675867551412 0.6767202019691467 0
1675867551659 0.6766330599784851 0
1675867551912 0.6765549182891846 0
1675867552145 0.6764547228813171 0
1675867552411 0.67633455991745 0
1675867552645 0.6762433052062988 0
1675867552956 0.6762145757675171 0
1675867553190 0.6761276721954346 0
1675867553459 0.6759987473487854 0
1675867553689 0.6759585738182068 0
1675867553961 0.6758925318717957 0
1675867554192 0.6757298111915588 0
1675867554462 0.675652027130127 0
1675867554698 0.6754982471466064 0
1675867555011 0.6754684448242188 0
1675867555287 0.6753489971160889 0
1675867555518 0.6751893758773804 0
1675867555773 0.6752022504806519 0
1675867556016 0.6751304864883423 0
1675867556285 0.6749624013900757 0
1675867556593 0.6749082207679749 0
1675867556831 0.6747570633888245 0
1675867557093 0.6746422052383423 0
1675867557318 0.6745218634605408 0
1675867557566 0.6744744181632996 0
1675867557820 0.6743733882904053 0
1675867558070 0.6741325855255127 0
1675867558334 0.6742357015609741 0
1675867558610 0.6741911172866821 0
1675867558863 0.6739702820777893 0
1675867559099 0.6739140748977661 0
1675867559369 0.673857569694519 0
1675867559645 0.6737619638442993 0
1675867559899 0.6736140847206116 0
1675867560126 0.6735194325447083 0
1675867560385 0.6734777092933655 0
1675867560659 0.6733860969543457 0
1675867560908 0.673151433467865 0
1675867561140 0.67313152551651 0
1675867561403 0.6731084585189819 0
1675867561651 0.6729558110237122 0
1675867561914 0.6728298664093018 0
1675867562185 0.6727381944656372 0
1675867562446 0.6725926399230957 0
1675867562735 0.6725310683250427 0
1675867562961 0.6723715662956238 0
1675867563207 0.672333836555481 0
1675867563503 0.6722995638847351 0
1675867563753 0.672038197517395 0
1675867563992 0.6720635890960693 0
1675867564241 0.6720196008682251 0
1675867564492 0.6718350052833557 0
1675867564729 0.6716741323471069 0
1675867565031 0.6718063950538635 0
1675867565295 0.6715824007987976 0
1675867565567 0.6714432835578918 0
1675867565889 0.6714320182800293 0
1675867566133 0.6711894869804382 0
1675867566435 0.6711529493331909 0
1675867566701 0.670963704586029 0
1675867566993 0.6709796786308289 0
1675867567298 0.6707941889762878 0
1675867567567 0.6706075072288513 0
1675867567859 0.6706268787384033 0
1675867568138 0.670501708984375 0
1675867568381 0.670326828956604 0
1675867568683 0.6702924370765686 0
1675867568967 0.6701736450195312 0
1675867569207 0.6700006127357483 0
1675867569446 0.6698912382125854 0
1675867569696 0.6698386669158936 0
1675867569946 0.6697461605072021 0
1675867570222 0.6696705222129822 0
1675867570601 0.6696304678916931 0
1675867570916 0.6694014072418213 0
1675867571250 0.6693134307861328 0
1675867571532 0.6692655682563782 0
1675867571799 0.6691247820854187 0
1675867572067 0.6689814329147339 0
1675867572353 0.6688767075538635 0
1675867572644 0.6687555313110352 0
1675867572981 0.6686951518058777 0
1675867573292 0.6685755848884583 0
1675867573607 0.6684820055961609 0
1675867573918 0.6683095097541809 0
1675867574223 0.6682690382003784 0
1675867574494 0.6680596470832825 0
1675867574766 0.6679640412330627 0
1675867575086 0.6679534316062927 0
1675867575363 0.6677336096763611 0
1675867575635 0.6676003932952881 0
1675867575934 0.6675786972045898 0
1675867576255 0.6675221920013428 0
1675867576522 0.6672483682632446 0
1675867576912 0.6673634052276611 0
1675867577223 0.6671159267425537 0
1675867577484 0.6668392419815063 0
1675867577776 0.6668336391448975 0
1675867578047 0.666792094707489 0
1675867578314 0.6666418313980103 0
1675867578556 0.6664643287658691 0
1675867578799 0.6662939786911011 0
1675867579071 0.6662717461585999 0
1675867579339 0.6661723256111145 0
1675867579613 0.6660750508308411 0
1675867579898 0.6658695340156555 0
1675867580187 0.6658241152763367 0
1675867580445 0.6656385660171509 0
1675867580784 0.6656475067138672 0
1675867581140 0.6655177474021912 0
1675867581440 0.6653687357902527 0
1675867581767 0.6652990579605103 0
1675867582043 0.6650811433792114 0
1675867582307 0.6649138331413269 0
1675867582602 0.6647619605064392 0
1675867582903 0.6647476553916931 0
1675867583189 0.664527416229248 0
1675867583480 0.6644624471664429 0
1675867585220 0.6643216013908386 0
1675867585495 0.6642404198646545 0
1675867585764 0.6641640663146973 0
1675867586076 0.6640558242797852 0
1675867586395 0.6639537811279297 0
1675867586685 0.6636356711387634 0
1675867586971 0.663669228553772 0
1675867587263 0.6634508967399597 0
1675867587586 0.6634300351142883 0
1675867587810 0.6631447076797485 0
1675867588056 0.663068950176239 0
1675867588327 0.6629749536514282 0
1675867588580 0.662844181060791 0
1675867588845 0.6627073287963867 0
1675867589070 0.6625370383262634 0
1675867589327 0.6624507308006287 0
1675867589604 0.6624116897583008 0
1675867589849 0.6621279716491699 0
1675867590124 0.662170946598053 0
1675867590392 0.6619105339050293 0
1675867590624 0.661774218082428 0
1675867590886 0.6615663170814514 0
1675867591169 0.6615837812423706 0
1675867591440 0.6614196300506592 0
1675867591704 0.6613049507141113 0
1675867591950 0.6610810160636902 0
1675867592240 0.6610047221183777 0
1675867592560 0.6609348058700562 0
1675867592834 0.6607292890548706 0
1675867593085 0.6604210138320923 0
1675867593371 0.6604348421096802 0
1675867593662 0.6603214144706726 0
1675867593939 0.660126805305481 0
1675867594213 0.6599880456924438 0
1675867594503 0.6599875688552856 0
1675867594758 0.6597166657447815 0
1675867595019 0.6595746874809265 0
1675867595308 0.659523069858551 0
1675867595514 0.6592147946357727 0
1675867595781 0.659144401550293 0
1675867596033 0.6590226888656616 0
1675867596294 0.6588761806488037 0
1675867596595 0.658821702003479 0
1675867596870 0.6585957407951355 0
1675867597094 0.6583326458930969 0
1675867597388 0.6583347320556641 0
1675867597686 0.6583225727081299 0
1675867597994 0.6580173373222351 0
1675867598223 0.6577672362327576 0
1675867598504 0.6577216982841492 0
1675867598730 0.6575539112091064 0
1675867599029 0.6575800180435181 0
1675867599279 0.6571601033210754 0
1675867599600 0.6572602987289429 0
1675867599867 0.6570311188697815 0
1675867600111 0.6566885113716125 0
1675867600381 0.6565663814544678 0
1675867600685 0.6565947532653809 0
1675867600910 0.6563713550567627 0
1675867601138 0.6561315655708313 0
1675867601360 0.6559504866600037 0
1675867601658 0.6559855341911316 0
1675867601897 0.655744731426239 0
1675867602156 0.6555721163749695 0
1675867602408 0.6554752588272095 0
1675867602706 0.6552457213401794 0
1675867602965 0.6550034880638123 0
1675867603230 0.6548590064048767 0
1675867603430 0.6546634435653687 0
1675867603696 0.6545751690864563 0
1675867603901 0.6544229388237 0
1675867604161 0.6542839407920837 0
1675867604413 0.6541233062744141 0
1675867604693 0.653961181640625 0
1675867604977 0.6539844274520874 0
1675867605235 0.6537003517150879 0
1675867605459 0.6534060835838318 0
1675867605693 0.6532805562019348 0
1675867605993 0.6531944274902344 0
1675867606220 0.6528000235557556 0
1675867606460 0.6527948975563049 0
1675867606695 0.6525576114654541 0
1675867606985 0.652675986289978 0
1675867607225 0.6522181034088135 0
1675867607471 0.6521034836769104 0
1675867607719 0.6518732309341431 0
1675867607985 0.6518805623054504 0
1675867608274 0.6517056226730347 0
1675867608537 0.6514183282852173 0
1675867608776 0.6512457728385925 0
1675867609016 0.651046097278595 0
1675867609260 0.6508544087409973 0
1675867609508 0.6507019996643066 0
1675867609783 0.6504180431365967 0
1675867610054 0.6503835916519165 0
1675867610302 0.6502189040184021 0
1675867610555 0.6499648690223694 0
1675867610809 0.6496487855911255 0
1675867611045 0.6494587063789368 0
1675867611314 0.6492875218391418 0
1675867611550 0.649114727973938 0
1675867611825 0.649002194404602 0
1675867612079 0.6489574909210205 0
1675867612354 0.648734986782074 0
1675867612650 0.6484578251838684 0
1675867612942 0.648229718208313 0
1675867613170 0.6479675769805908 0
1675867613444 0.6478230953216553 0
1675867613715 0.6476686000823975 0
1675867613929 0.6473307013511658 0
1675867614198 0.6471999883651733 0
1675867614455 0.6471906304359436 0
1675867614686 0.6468299627304077 0
1675867614943 0.6465932726860046 0
1675867615171 0.6463935375213623 0
1675867615398 0.6462440490722656 0
1675867615657 0.6460887789726257 0
1675867615918 0.6459124684333801 0
1675867616183 0.6457881331443787 0
1675867616426 0.645393431186676 0
1675867616671 0.6451634764671326 0
1675867616926 0.6449549794197083 0
1675867617212 0.6449057459831238 0
1675867617513 0.6446431279182434 0
1675867617728 0.6443102359771729 0
1675867617999 0.6441951394081116 0
1675867618185 0.6436672210693359 0
1675867618414 0.6436304450035095 0
1675867618709 0.6436906456947327 0
1675867618976 0.643358588218689 0
1675867619231 0.6430608034133911 0
1675867619503 0.6427919864654541 0
1675867619786 0.6426786780357361 0
1675867620099 0.6425601840019226 0
1675867620376 0.6422236561775208 0
1675867620635 0.641851544380188 0
1675867620912 0.641768753528595 0
1675867621191 0.6414763927459717 0
1675867621441 0.6411594152450562 0
1675867621718 0.6409298777580261 0
1675867621973 0.640710175037384 0
1675867622253 0.6405107975006104 0
1675867622543 0.6403583884239197 0
1675867622849 0.6401461362838745 0
1675867623104 0.6396776437759399 0
1675867623391 0.6397141218185425 0
1675867623661 0.6393836736679077 0
1675867623899 0.6388463973999023 0
1675867624163 0.6387330293655396 0
1675867624444 0.6385419368743896 0
1675867624700 0.6384040117263794 0
1675867624976 0.6379919052124023 0
1675867625229 0.6377694010734558 0
1675867625507 0.6375954747200012 0
1675867625732 0.6371376514434814 0
1675867625957 0.6368551850318909 0
1675867626232 0.6368266344070435 0
