1675616121218 0.3076224625110626 0
1675616121455 0.3050188720226288 0
1675616121705 0.3052324950695038 0
1675616121939 0.30676066875457764 0
1675616122208 0.3040730059146881 0
1675616122508 0.30371153354644775 0
1675616122753 0.304576575756073 0
1675616122985 0.3065580427646637 0
1675616123208 0.3068213164806366 0
1675616123458 0.3031512498855591 0
1675616123700 0.3057340085506439 0
1675616123982 0.3028010129928589 0
1675616124261 0.30125895142555237 0
1675616124560 0.3019524812698364 0
1675616124825 0.3050004243850708 0
1675616125098 0.3041364550590515 0
1675616125343 0.30470511317253113 0
1675616125617 0.30428677797317505 0
1675616125903 0.30241474509239197 0
1675616126222 0.3029623329639435 0
1675616126536 0.3008909821510315 0
1675616126796 0.30199143290519714 0
1675616127050 0.30086997151374817 0
1675616127313 0.3015988767147064 0
1675616127550 0.3035234808921814 0
1675616127839 0.2997010052204132 0
1675616128079 0.3022715747356415 0
1675616128320 0.3038122355937958 0
1675616128563 0.30293357372283936 0
1675616128828 0.30280864238739014 0
1675616129082 0.30024275183677673 0
1675616129315 0.30139878392219543 0
1675616129567 0.3004063367843628 0
1675616129803 0.3022690713405609 0
1675616130038 0.302063524723053 0
1675616130289 0.30118727684020996 0
1675616130599 0.2986007630825043 0
1675616130899 0.2984231412410736 0
1675616131133 0.30138787627220154 0
1675616131357 0.3022851347923279 0
1675616131591 0.3005267381668091 0
1675616131838 0.2999211549758911 0
1675616132081 0.3005291223526001 0
1675616132342 0.30005916953086853 0
1675616132612 0.2967004179954529 0
1675616132898 0.29777899384498596 0
1675616133165 0.30013951659202576 0
1675616133468 0.2966017425060272 0
1675616133722 0.3009722828865051 0
1675616134004 0.2955731153488159 0
1675616134310 0.2943671941757202 0
1675616134568 0.29712533950805664 0
1675616134800 0.3013828694820404 0
1675616135027 0.29975906014442444 0
1675616135240 0.30182912945747375 0
1675616135507 0.29736393690109253 0
1675616135742 0.29927822947502136 0
1675616135994 0.29737886786460876 0
1675616136249 0.2966698408126831 0
1675616136470 0.29907044768333435 0
1675616136681 0.2999630272388458 0
1675616136935 0.29687267541885376 0
1675616137205 0.296432226896286 0
1675616137450 0.2972341477870941 0
1675616137706 0.296204537153244 0
1675616137942 0.2961669862270355 0
1675616138157 0.2986724078655243 0
1675616138399 0.2957511246204376 0
1675616138640 0.2957211136817932 0
1675616138892 0.2942204475402832 0
1675616139143 0.2940209209918976 0
1675616139410 0.2949684262275696 0
1675616139682 0.29447755217552185 0
1675616139924 0.2952210605144501 0
1675616140159 0.2951975166797638 0
1675616140421 0.29340583086013794 0
1675616140708 0.28949642181396484 0
1675616140947 0.2948566973209381 0
1675616141186 0.293827086687088 0
1675616141433 0.29312002658843994 0
1675616141668 0.2969744801521301 0
1675616141914 0.2961164712905884 0
1675616142197 0.2923126816749573 0
1675616142493 0.29078221321105957 0
1675616142779 0.29154759645462036 0
1675616143050 0.29273784160614014 0
1675616143338 0.2910621464252472 0
1675616143624 0.2910003066062927 0
1675616143888 0.2893015444278717 0
1675616144130 0.29325082898139954 0
1675616144395 0.2899598181247711 0
1675616144653 0.2905169725418091 0
1675616144916 0.29123902320861816 0
1675616145204 0.28995367884635925 0
1675616145450 0.2906142473220825 0
1675616145749 0.28903061151504517 0
1675616146039 0.2914755344390869 0
1675616146319 0.2896878719329834 0
1675616146591 0.2904544770717621 0
1675616146881 0.28871604800224304 0
1675616147148 0.2905208468437195 0
1675616147407 0.2891720235347748 0
1675616147680 0.28914719820022583 0
1675616147972 0.2880114018917084 0
1675616148215 0.28913769125938416 0
1675616148452 0.2897019386291504 0
1675616148758 0.2856612503528595 0
1675616149057 0.28628289699554443 0
1675616149353 0.2864557206630707 0
1675616149644 0.28425678610801697 0
1675616149930 0.2866463363170624 0
1675616150184 0.28625982999801636 0
1675616150464 0.2835524082183838 0
1675616150711 0.2860202193260193 0
1675616150954 0.28631195425987244 0
1675616151220 0.28633710741996765 0
1675616151489 0.28536444902420044 0
1675616151738 0.28487280011177063 0
1675616151980 0.28477391600608826 0
1675616152219 0.28544512391090393 0
1675616152494 0.28172898292541504 0
1675616152765 0.2839067280292511 0
1675616152992 0.285841166973114 0
1675616153228 0.2832200229167938 0
1675616153461 0.285159170627594 0
1675616153722 0.280983567237854 0
1675616153995 0.2800867259502411 0
1675616154252 0.2805687487125397 0
1675616154490 0.2815224528312683 0
1675616154731 0.28097277879714966 0
1675616154990 0.2793136537075043 0
1675616155237 0.28114965558052063 0
1675616155508 0.2780311405658722 0
1675616155728 0.2816411256790161 0
1675616156010 0.2758277356624603 0
1675616156247 0.27907755970954895 0
1675616156522 0.27727624773979187 0
1675616156759 0.2790602147579193 0
1675616156985 0.27933770418167114 0
1675616157222 0.2777389585971832 0
1675616157479 0.27596861124038696 0
1675616157738 0.27587890625 0
1675616157983 0.27670612931251526 0
1675616158247 0.2736099660396576 0
1675616158497 0.275234192609787 0
1675616158723 0.2770518660545349 0
1675616158971 0.274221271276474 0
1675616159241 0.2720215618610382 0
1675616159499 0.2724808156490326 0
1675616159738 0.27393290400505066 0
1675616159959 0.27508068084716797 0
1675616160195 0.2737560272216797 0
1675616160459 0.2704519033432007 0
1675616160680 0.2740310728549957 0
1675616160924 0.27111074328422546 0
1675616161148 0.2727264165878296 0
1675616161377 0.2715079188346863 0
1675616162956 0.27169227600097656 0
1675616163197 0.26952946186065674 0
1675616163451 0.2678575813770294 0
1675616163716 0.2660202980041504 0
1675616163944 0.2691340148448944 0
1675616164203 0.2668159008026123 0
1675616164430 0.26805832982063293 0
1675616164661 0.2668439745903015 0
1675616164913 0.2648157775402069 0
1675616165130 0.26687386631965637 0
1675616165416 0.26525819301605225 0
1675616165697 0.26390260457992554 0
1675616165951 0.26265254616737366 0
1675616166215 0.26217684149742126 0
1675616166458 0.2626492381095886 0
1675616166694 0.26211217045783997 0
1675616166958 0.2607147991657257 0
1675616167264 0.2594616413116455 0
1675616167523 0.2582562565803528 0
1675616167781 0.2581651508808136 0
1675616168046 0.2559736967086792 0
1675616168306 0.25579506158828735 0
1675616168573 0.2551403045654297 0
1675616168844 0.25565144419670105 0
1675616169110 0.25567981600761414 0
1675616169421 0.2516942620277405 0
1675616169686 0.25424379110336304 0
1675616169939 0.25162285566329956 0
1675616170192 0.25325891375541687 0
1675616170478 0.2500300705432892 0
1675616170780 0.24822498857975006 0
1675616171057 0.2489820122718811 0
1675616171333 0.24798953533172607 0
1675616171588 0.24847766757011414 0
1675616171856 0.24671925604343414 0
1675616172126 0.24574702978134155 0
1675616172369 0.24424812197685242 0
1675616172611 0.2436254322528839 0
1675616172851 0.24254083633422852 0
1675616173100 0.2406216561794281 0
1675616173420 0.2376270294189453 0
1675616173715 0.2388206571340561 0
1675616173962 0.23809124529361725 0
1675616174238 0.23551444709300995 0
1675616174486 0.23514725267887115 0
1675616174751 0.23547857999801636 0
1675616175020 0.2341206669807434 0
1675616175268 0.23412415385246277 0
1675616175544 0.23139309883117676 0
1675616175835 0.2298804521560669 0
1675616176110 0.22893273830413818 0
1675616176350 0.22817657887935638 0
1675616176607 0.22626319527626038 0
1675616176852 0.22635924816131592 0
1675616177147 0.2224063277244568 0
1675616177390 0.2235466092824936 0
1675616177645 0.221123605966568 0
1675616177916 0.2192108929157257 0
1675616178225 0.21658344566822052 0
1675616178471 0.2174687683582306 0
1675616178736 0.21579918265342712 0
1675616179006 0.213204026222229 0
1675616179246 0.21219170093536377 0
1675616179510 0.20984365046024323 0
1675616179751 0.209172323346138 0
1675616180013 0.20790310204029083 0
1675616180275 0.2058127373456955 0
1675616180622 0.20168451964855194 0
1675616180851 0.20294225215911865 0
1675616181090 0.20048610866069794 0
1675616181328 0.19888800382614136 0
1675616181595 0.19654273986816406 0
1675616181861 0.19462360441684723 0
1675616182121 0.19317051768302917 0
1675616182366 0.19179347157478333 0
1675616182616 0.1895006150007248 0
1675616182889 0.18791383504867554 0
1675616183178 0.18484953045845032 0
1675616183414 0.18409231305122375 0
1675616183634 0.18233968317508698 0
1675616183903 0.17993880808353424 0
1675616184149 0.177422434091568 0
1675616184395 0.17531445622444153 0
1675616184628 0.1737201064825058 0
1675616184930 0.1709485799074173 0
1675616185233 0.16904400289058685 0
1675616185517 0.16711285710334778 0
1675616185789 0.16469070315361023 0
1675616186055 0.1626838743686676 0
1675616186325 0.16026976704597473 0
1675616186637 0.15805193781852722 0
1675616186909 0.15572647750377655 0
1675616187157 0.1532660871744156 0
1675616187415 0.15103773772716522 0
1675616187680 0.14842885732650757 0
1675616187949 0.1463705599308014 0
1675616188228 0.14345777034759521 0
1675616188478 0.14128971099853516 0
1675616188761 0.13917838037014008 0
1675616189023 0.1367538422346115 0
1675616189263 0.13395921885967255 0
1675616189498 0.13142865896224976 0
1675616189735 0.12932856380939484 0
1675616189972 0.12695907056331635 0
1675616190194 0.1243281289935112 0
1675616190456 0.12219385802745819 0
1675616190727 0.12023971229791641 0
1675616190972 0.11691739410161972 0
1675616191262 0.11576510965824127 0
1675616191510 0.11221614480018616 0
1675616191759 0.11001619696617126 0
1675616192008 0.10727313905954361 0
1675616192237 0.10430530458688736 0
1675616192499 0.10337955504655838 0
1675616192741 0.09974775463342667 0
1675616192993 0.09772119671106339 0
1675616193239 0.09549914300441742 0
1675616193487 0.09321152418851852 0
1675616193709 0.08926527202129364 0
1675616193977 0.08996471762657166 0
1675616194242 0.08677402138710022 0
1675616194492 0.08379478007555008 0
1675616194722 0.08058778941631317 0
1675616194950 0.07823652029037476 0
1675616195196 0.07710690796375275 0
1675616195456 0.07554598152637482 0
1675616195683 0.07159196585416794 0
1675616195929 0.07093606889247894 0
1675616196180 0.06879216432571411 0
1675616196454 0.06800950318574905 0
1675616196713 0.06598156690597534 0
1675616196983 0.06439095735549927 0
1675616197222 0.06087498366832733 0
1675616197449 0.058364711701869965 0
1675616197750 0.05995636060833931 0
1675616198009 0.05735371634364128 0
1675616198278 0.05595332756638527 0
1675616198524 0.053556155413389206 0
1675616198753 0.05014863610267639 0
1675616199008 0.04999782517552376 0
1675616199242 0.04784158244729042 0
1675616199539 0.04884782433509827 0
1675616199798 0.04681222885847092 0
1675616200061 0.043613363057374954 0
1675616200340 0.042598504573106766 0
1675616200605 0.040318481624126434 0
1675616200900 0.041813116520643234 0
1675616201179 0.03851921111345291 0
1675616201434 0.03718099370598793 0
1675616201700 0.036626096814870834 0
1675616201975 0.03582277521491051 0
1675616202214 0.03231995180249214 0
1675616202488 0.03411463275551796 0
1675616202759 0.034430112689733505 0
1675616202993 0.031107518821954727 0
1675616203282 0.031717170029878616 0
1675616203519 0.028042186051607132 0
1675616205167 0.028933776542544365 0
1675616205414 0.029608363285660744 0
1675616205656 0.02709289826452732 0
1675616205907 0.027978859841823578 0
1675616206154 0.02787051349878311 0
1675616206400 0.026072053238749504 0
1675616206648 0.02527451328933239 0
1675616206869 0.022516004741191864 0
1675616207111 0.023764718323946 0
1675616207378 0.025280412286520004 0
1675616207648 0.024763699620962143 0
1675616207891 0.02276855707168579 0
1675616208140 0.021435145288705826 0
1675616208374 0.020873090252280235 0
1675616208616 0.02071756310760975 0
1675616208887 0.020720891654491425 0
1675616209135 0.020089471712708473 0
1675616209410 0.021585775539278984 0
1675616209685 0.02220570296049118 0
1675616209926 0.01856635883450508 0
1675616210169 0.018412692472338676 0
1675616210412 0.018119128420948982 0
1675616210653 0.017745094373822212 0
1675616210926 0.019292928278446198 0
1675616211169 0.017330443486571312 0
1675616211407 0.01744070276618004 0
1675616211668 0.018053773790597916 0
1675616211911 0.016897600144147873 0
1675616212132 0.014506852254271507 0
1675616212371 0.016608642414212227 0
1675616212620 0.016346246004104614 0
1675616212882 0.017100268974900246 0
1675616213124 0.01478960644453764 0
1675616213394 0.0175511222332716 0
1675616213677 0.016449173912405968 0
1675616213937 0.01592009700834751 0
1675616214200 0.015528933145105839 0
1675616214467 0.016530374065041542 0
1675616214732 0.015433371998369694 0
1675616214994 0.014635272324085236 0
1675616215254 0.014921349473297596 0
1675616215475 0.012047292664647102 0
1675616215717 0.013876862823963165 0
1675616215960 0.012688759714365005 0
1675616216235 0.015780063346028328 0
1675616216503 0.015336023643612862 0
1675616216760 0.014645379967987537 0
1675616217001 0.012451610527932644 0
1675616217230 0.01146154198795557 0
1675616217500 0.01481899805366993 0
1675616217795 0.014984599314630032 0
1675616218045 0.013476383872330189 0
1675616218283 0.01277236733585596 0
1675616218532 0.012706095352768898 0
1675616218764 0.011328342370688915 0
1675616219034 0.014602630399167538 0
1675616219269 0.011777498759329319 0
1675616219494 0.011482453905045986 0
1675616219736 0.012345760129392147 0
1675616219984 0.012097049504518509 0
1675616220241 0.013612878508865833 0
1675616220508 0.014459894970059395 0
1675616220728 0.009896506555378437 0
1675616220967 0.011700017377734184 0
1675616221227 0.013369372114539146 0
1675616221514 0.014857652597129345 0
1675616221756 0.011734986677765846 0
1675616221978 0.010078816674649715 0
1675616222224 0.011773457750678062 0
1675616222459 0.010240013711154461 0
1675616222700 0.011470770463347435 0
1675616222970 0.012226352468132973 0
1675616223204 0.0106838159263134 0
1675616223460 0.012042914517223835 0
1675616223723 0.00992655474692583 0
1675616223986 0.010075400583446026 0
1675616224274 0.01174748595803976 0
1675616224552 0.011036018840968609 0
1675616224812 0.009833285585045815 0
1675616225103 0.011829008348286152 0
1675616225352 0.008382153697311878 0
1675616225652 0.01256119180470705 0
1675616225964 0.013243678957223892 0
1675616226239 0.010899550281465054 0
1675616226475 0.009514565579593182 0
1675616226724 0.011039364151656628 0
1675616226935 0.00833368580788374 0
1675616227175 0.009523174725472927 0
1675616227430 0.011089598760008812 0
1675616227703 0.009692305698990822 0
1675616227948 0.008796770125627518 0
1675616228231 0.013850471004843712 0
1675616228538 0.012528051622211933 0
1675616228803 0.011745943687856197 0
1675616229062 0.009826741181313992 0
1675616229307 0.010601118206977844 0
1675616229551 0.010345043614506721 0
1675616229790 0.009816737845540047 0
1675616230027 0.00972587987780571 0
1675616230269 0.010074620135128498 0
1675616230571 0.011910705827176571 0
1675616230835 0.008992847986519337 0
1675616231132 0.011387836188077927 0
1675616231379 0.010745827108621597 0
1675616231659 0.010035071521997452 0
1675616231937 0.00998604204505682 0
1675616232211 0.009530959650874138 0
1675616232482 0.009601548314094543 0
1675616232717 0.008700426667928696 0
1675616232963 0.010122071951627731 0
1675616233198 0.009340028278529644 0
1675616233459 0.010718180797994137 0
1675616233705 0.007528924383223057 0
1675616233925 0.007744131609797478 0
1675616234191 0.011634769849479198 0
1675616234502 0.012495630420744419 0
1675616234724 0.008309504017233849 0
1675616234990 0.011358039453625679 0
1675616235212 0.008141770027577877 0
1675616235471 0.008912427350878716 0
1675616235753 0.01013456005603075 0
1675616236001 0.008151521906256676 0
1675616236293 0.010454286821186543 0
1675616236539 0.009825293906033039 0
1675616236771 0.008569413796067238 0
1675616237051 0.010175650008022785 0
1675616237356 0.011435872875154018 0
1675616237641 0.009678426198661327 0
1675616237876 0.007679275702685118 0
1675616238124 0.010022069327533245 0
1675616238355 0.008735910058021545 0
1675616238598 0.00979426596313715 0
1675616238894 0.009576658718287945 0
1675616239160 0.010338624007999897 0
1675616239403 0.008158275857567787 0
1675616239663 0.00969934556633234 0
1675616239889 0.008928108029067516 0
1675616240103 0.007973315194249153 0
1675616240401 0.01228246558457613 0
1675616240662 0.010081683285534382 0
1675616240916 0.009155399166047573 0
1675616241211 0.013661805540323257 0
1675616241474 0.009293859824538231 0
1675616241728 0.008824783377349377 0
1675616241958 0.008025918155908585 0
1675616242277 0.01395470928400755 0
1675616242515 0.008021133951842785 0
1675616242752 0.00862499326467514 0
1675616242992 0.008230428211390972 0
1675616243227 0.008402707055211067 0
1675616243455 0.008544087409973145 0
1675616243686 0.008664274588227272 0
1675616243975 0.011342696845531464 0
1675616244209 0.009427035227417946 0
1675616244425 0.007194403558969498 0
1675616244685 0.01042951736599207 0
1675616244940 0.01054224744439125 0
1675616246563 0.00985691137611866 0
1675616246854 0.011251590214669704 0
1675616247104 0.009891663677990437 0
1675616247361 0.010413028299808502 0
1675616247637 0.01013891864567995 0
1675616247943 0.01120148878544569 0
1675616248255 0.01179001946002245 0
1675616248532 0.010361972264945507 0
1675616248789 0.009468922391533852 0
1675616249018 0.008316370658576488 0
1675616249275 0.010957916267216206 0
1675616249499 0.007870734669268131 0
1675616249751 0.010375309735536575 0
1675616249989 0.009206821210682392 0
1675616250238 0.009318891912698746 0
1675616250489 0.009708402678370476 0
1675616250779 0.012121363542973995 0
1675616251026 0.00968986190855503 0
1675616251303 0.012563511729240417 0
1675616251591 0.01167877484112978 0
1675616251832 0.00917892437428236 0
1675616252103 0.009702672250568867 0
1675616252410 0.011246287263929844 0
1675616252673 0.011458267457783222 0
1675616252935 0.011482348665595055 0
1675616253230 0.012171679176390171 0
1675616253477 0.008732379414141178 0
1675616253722 0.008903377689421177 0
1675616253975 0.009378207847476006 0
1675616254212 0.009322019293904305 0
1675616254478 0.010127713903784752 0
1675616254725 0.011973775923252106 0
1675616254943 0.009603666141629219 0
1675616255189 0.010009843856096268 0
1675616255490 0.013143873773515224 0
1675616255742 0.010314804501831532 0
1675616255971 0.008062603883445263 0
1675616256205 0.009145563468337059 0
1675616256421 0.008536480367183685 0
1675616256634 0.009059539064764977 0
1675616256834 0.008429193869233131 0
1675616257043 0.00839997734874487 0
1675616257293 0.012967539019882679 0
1675616257552 0.010942157357931137 0
1675616257775 0.00714613264426589 0
1675616258008 0.009703033603727818 0
1675616258233 0.010004623793065548 0
1675616258484 0.012102875858545303 0
1675616258693 0.008830638602375984 0
1675616258923 0.010372929275035858 0
1675616259133 0.008311640471220016 0
1675616259373 0.011251108720898628 0
1675616259612 0.010614035651087761 0
1675616259806 0.007678914349526167 0
1675616260028 0.009125776588916779 0
1675616260249 0.010027880780398846 0
1675616260466 0.008806264027953148 0
1675616260684 0.009255761280655861 0
1675616260894 0.009295118041336536 0
1675616261095 0.00808300543576479 0
1675616261306 0.009067274630069733 0
1675616261534 0.01048350241035223 0
1675616261753 0.009274444542825222 0
1675616261990 0.010619553737342358 0
1675616262215 0.00968755129724741 0
1675616262431 0.008994507603347301 0
1675616262631 0.008414195850491524 0
1675616262857 0.010076068341732025 0
1675616263090 0.01093895360827446 0
1675616263321 0.010105134919285774 0
1675616263528 0.008204435929656029 0
1675616263748 0.009186424314975739 0
1675616263972 0.009541746228933334 0
1675616264186 0.009102707728743553 0
1675616264409 0.009954364970326424 0
1675616264647 0.010635537095367908 0
1675616264856 0.008248748257756233 0
1675616265080 0.009113738313317299 0
1675616265293 0.00866442546248436 0
1675616265490 0.007124779280275106 0
1675616265722 0.009955869056284428 0
1675616265927 0.007767650298774242 0
1675616266123 0.007083517499268055 0
1675616266341 0.008518594317138195 0
1675616266569 0.009873507544398308 0
1675616266762 0.006715977098792791 0
1675616266976 0.008470483124256134 0
1675616267195 0.009807559661567211 0
1675616267438 0.008763106539845467 0
1675616267680 0.008707992732524872 0
1675616267925 0.00967363640666008 0
1675616268164 0.008076940663158894 0
1675616268370 0.007692311424762011 0
1675616268603 0.010074194520711899 0
1675616268815 0.008256207220256329 0
1675616269054 0.00820007361471653 0
1675616269294 0.009301087819039822 0
1675616269530 0.010351038537919521 0
1675616269753 0.009298714809119701 0
1675616269978 0.009678683243691921 0
1675616270201 0.009815000928938389 0
1675616270420 0.010118934325873852 0
1675616270608 0.007832800038158894 0
1675616270827 0.00982552208006382 0
1675616271032 0.0085958456620574 0
1675616271240 0.008256956934928894 0
1675616271467 0.009798652492463589 0
1675616271679 0.009124519303441048 0
1675616271894 0.009728187695145607 0
1675616272125 0.009417890571057796 0
1675616272370 0.010433142073452473 0
1675616272570 0.008030162192881107 0
1675616272779 0.009034684859216213 0
1675616273011 0.010996077209711075 0
1675616273229 0.009619181044399738 0
1675616273457 0.010483916848897934 0
1675616273671 0.008303826674818993 0
1675616273906 0.010870303958654404 0
1675616274120 0.009365509264171124 0
1675616274346 0.010708212852478027 0
1675616274534 0.007412172853946686 0
1675616274738 0.008999567478895187 0
1675616274984 0.01136825978755951 0
1675616275194 0.008812585845589638 0
1675616275407 0.009568869136273861 0
1675616275649 0.011064697057008743 0
1675616275849 0.007718752603977919 0
1675616276076 0.00933842919766903 0
1675616276275 0.008019796572625637 0
1675616276505 0.010264267213642597 0
1675616276783 0.01319771260023117 0
1675616276999 0.009511561132967472 0
1675616277219 0.009542188607156277 0
1675616277436 0.009442203678190708 0
1675616277664 0.009552051313221455 0
1675616277868 0.00877024419605732 0
1675616278081 0.00976263266056776 0
1675616278315 0.01089913584291935 0
1675616278543 0.009654132649302483 0
1675616278756 0.008658509701490402 0
1675616278965 0.00862563494592905 0
1675616279193 0.008497511968016624 0
1675616279420 0.008630085736513138 0
1675616279657 0.008999980986118317 0
1675616279929 0.010353500954806805 0
1675616280144 0.00823697168380022 0
1675616280383 0.011194651946425438 0
1675616280607 0.010200542397797108 0
1675616280859 0.010613255202770233 0
1675616281068 0.008004872128367424 0
1675616281300 0.01050020381808281 0
1675616281547 0.010613069869577885 0
1675616281766 0.009587878361344337 0
1675616282000 0.009416871704161167 0
1675616282228 0.00838130246847868 0
1675616282466 0.010264360345900059 0
1675616282710 0.011006765998899937 0
1675616284191 0.010115363635122776 0
1675616284403 0.009219084866344929 0
1675616284589 0.007394821383059025 0
1675616284800 0.009073792025446892 0
1675616285012 0.0089114373549819 0
1675616285249 0.010723474435508251 0
1675616285465 0.00996512919664383 0
1675616285665 0.00805758684873581 0
1675616285900 0.010281198658049107 0
1675616286104 0.00846623070538044 0
1675616286367 0.011843751184642315 0
1675616286593 0.0087432237342 0
1675616286841 0.011770273558795452 0
1675616287067 0.009347934275865555 0
1675616287316 0.011306528933346272 0
1675616287544 0.00884210504591465 0
1675616287793 0.009397488087415695 0
1675616288007 0.008948967792093754 0
1675616288217 0.008902596309781075 0
1675616288442 0.01044122502207756 0
1675616288669 0.009909061715006828 0
1675616288875 0.008595554158091545 0
1675616289090 0.00909389927983284 0
1675616289318 0.010689462535083294 0
1675616289533 0.009570185095071793 0
1675616289768 0.010907905176281929 0
1675616289993 0.009642694145441055 0
1675616290220 0.01023616548627615 0
1675616290456 0.011257866397500038 0
1675616290668 0.009015555493533611 0
1675616290922 0.011515290476381779 0
1675616291132 0.008919460698962212 0
1675616291358 0.009686904959380627 0
1675616291635 0.013511739671230316 0
1675616291893 0.012641919776797295 0
1675616292109 0.009322302415966988 0
1675616292319 0.009023143909871578 0
1675616292546 0.010278313420712948 0
1675616292762 0.009273956529796124 0
1675616292961 0.007785297464579344 0
1675616293170 0.008771408349275589 0
1675616293371 0.00824633240699768 0
1675616293601 0.01016448624432087 0
1675616293834 0.010615536011755466 0
1675616294062 0.009043391793966293 0
1675616294294 0.010535573586821556 0
1675616294505 0.009285294450819492 0
1675616294726 0.009711455553770065 0
1675616294984 0.012069137766957283 0
1675616295169 0.007380280643701553 0
1675616295419 0.012357275933027267 0
1675616295637 0.009731007739901543 0
1675616295868 0.010482082143425941 0
1675616296081 0.008682535029947758 0
1675616296293 0.008718006312847137 0
1675616296530 0.011467089876532555 0
1675616296768 0.011353760957717896 0
1675616296988 0.00919018592685461 0
1675616297212 0.00985732488334179 0
1675616297420 0.00904922280460596 0
1675616297657 0.009791211225092411 0
1675616297875 0.008580990135669708 0
1675616298119 0.01051708310842514 0
1675616298367 0.011457041837275028 0
1675616298597 0.010560112074017525 0
1675616298807 0.00875760242342949 0
1675616299023 0.00930272787809372 0
1675616299224 0.00797165185213089 0
1675616299442 0.009641793556511402 0
1675616299669 0.010262342169880867 0
1675616299881 0.009757316671311855 0
1675616300104 0.010449039749801159 0
1675616300309 0.008918900042772293 0
1675616300503 0.007789241150021553 0
1675616300691 0.007344985380768776 0
1675616300896 0.008101923391222954 0
1675616301149 0.011993271298706532 0
1675616301351 0.008289512246847153 0
1675616301563 0.008920865133404732 0
1675616301745 0.006619517225772142 0
1675616301956 0.009127521887421608 0
1675616302207 0.009825872257351875 0
1675616302446 0.0108733419328928 0
1675616302647 0.008117913268506527 0
1675616302852 0.008816173300147057 0
1675616303076 0.010046197101473808 0
1675616303327 0.012516127899289131 0
1675616303538 0.009164570830762386 0
1675616303739 0.008106827735900879 0
1675616303944 0.008625398389995098 0
1675616304156 0.008886890485882759 0
1675616304364 0.008410999551415443 0
1675616304589 0.00995358545333147 0
1675616304792 0.008520630188286304 0
1675616305009 0.009408166632056236 0
1675616305217 0.008790647611021996 0
1675616305422 0.00825041439384222 0
1675616305617 0.007549697533249855 0
1675616305829 0.00891054980456829 0
1675616306053 0.008678996004164219 0
1675616306297 0.008411132730543613 0
1675616306525 0.00937834195792675 0
1675616306727 0.00851539708673954 0
1675616306946 0.009677696041762829 0
1675616307150 0.008057313039898872 0
1675616307342 0.00783118512481451 0
1675616307551 0.008242550306022167 0
1675616307811 0.009548894129693508 0
1675616308022 0.008951263502240181 0
1675616308235 0.008509296923875809 0
1675616308482 0.011376015841960907 0
1675616308715 0.010154936462640762 0
1675616308961 0.011499658226966858 0
1675616309178 0.00905479583889246 0
1675616309416 0.010822164826095104 0
1675616309629 0.00858483649790287 0
1675616309834 0.00865947362035513 0
1675616310044 0.008792305365204811 0
1675616310289 0.010074184276163578 0
1675616310493 0.00812910683453083 0
1675616310746 0.01209292933344841 0
1675616310960 0.00890302937477827 0
1675616311178 0.00918406993150711 0
1675616311377 0.007427100092172623 0
1675616311581 0.007615184411406517 0
1675616311793 0.008380746468901634 0
1675616312021 0.010035124607384205 0
1675616312267 0.010969514958560467 0
1675616312489 0.009662596508860588 0
1675616312672 0.006493075285106897 0
1675616312938 0.012849804013967514 0
1675616313162 0.009566050954163074 0
1675616313371 0.00882054679095745 0
1675616313626 0.012151666916906834 0
1675616313848 0.009947731159627438 0
1675616314048 0.00822647288441658 0
1675616314254 0.008318649604916573 0
1675616314505 0.010482781566679478 0
1675616314753 0.011671853251755238 0
1675616314980 0.009868861176073551 0
1675616315182 0.007796481717377901 0
1675616315394 0.008522196672856808 0
1675616315602 0.0076384954154491425 0
1675616315828 0.008977925404906273 0
1675616316109 0.011723850853741169 0
1675616316331 0.00855321530252695 0
1675616316559 0.01065719872713089 0
1675616316749 0.007589887827634811 0
1675616316956 0.008751586079597473 0
1675616317163 0.008870463818311691 0
1675616317386 0.010015904903411865 0
1675616317610 0.008854103274643421 0
1675616317865 0.010464617051184177 0
1675616318090 0.010493949055671692 0
1675616318336 0.01204044558107853 0
1675616318571 0.01143764890730381 0
1675616318778 0.009296851232647896 0
