1675462605759 0.7323914170265198 0
1675462606017 0.7250173687934875 0
1675462606300 0.7181429266929626 0
1675462606482 0.719428300857544 0
1675462606777 0.7087115049362183 0
1675462607019 0.704371452331543 0
1675462607243 0.7027347683906555 0
1675462607468 0.6974336504936218 0
1675462607672 0.6945858001708984 0
1675462607918 0.6885231733322144 0
1675462608150 0.6841421127319336 0
1675462608398 0.6779110431671143 0
1675462608627 0.6748086214065552 0
1675462608877 0.6699680089950562 0
1675462609082 0.6667991280555725 0
1675462609319 0.6602784991264343 0
1675462609626 0.6568073034286499 0
1675462609826 0.6561670303344727 0
1675462610080 0.6499524116516113 0
1675462610310 0.6447486877441406 0
1675462610560 0.6410213708877563 0
1675462610858 0.6380687355995178 0
1675462611079 0.6361280083656311 0
1675462611306 0.6329952478408813 0
1675462611559 0.6272045373916626 0
1675462611749 0.6251884698867798 0
1675462611964 0.6220606565475464 0
1675462612192 0.6170781254768372 0
1675462612391 0.617656409740448 0
1675462612642 0.6096645593643188 0
1675462612913 0.6064359545707703 0
1675462613215 0.6045364141464233 0
1675462613453 0.6029278039932251 0
1675462613696 0.5978774428367615 0
1675462613915 0.5986039042472839 0
1675462614189 0.5946643352508545 0
1675462614417 0.5932022333145142 0
1675462614655 0.5892943143844604 0
1675462614863 0.5884596109390259 0
1675462615097 0.5868447422981262 0
1675462615318 0.5816553831100464 0
1675462615539 0.5798871517181396 0
1675462615745 0.5776381492614746 0
1675462615944 0.577285885810852 0
1675462616172 0.5738415122032166 0
1675462616371 0.5721310973167419 0
1675462616589 0.5692370533943176 0
1675462616830 0.5666022300720215 0
1675462617037 0.5678194165229797 0
1675462617237 0.5651000142097473 0
1675462617427 0.5630034804344177 0
1675462617601 0.5626854300498962 0
1675462617797 0.5617070198059082 0
1675462618020 0.5565671920776367 0
1675462618272 0.5564401149749756 0
1675462618525 0.5513929724693298 0
1675462618741 0.5540852546691895 0
1675462618983 0.5497682690620422 0
1675462619228 0.5501589179039001 0
1675462619436 0.5492110252380371 0
1675462619684 0.5439146161079407 0
1675462619879 0.5464757084846497 0
1675462620116 0.5425021052360535 0
1675462620330 0.5423245429992676 0
1675462620570 0.5366353988647461 0
1675462620795 0.5380093455314636 0
1675462620999 0.5411840081214905 0
1675462621216 0.5374831557273865 0
1675462621489 0.5356775522232056 0
1675462621680 0.5401771068572998 0
1675462621879 0.5342839956283569 0
1675462622065 0.5347656011581421 0
1675462622298 0.5327522158622742 0
1675462622569 0.5308302044868469 0
1675462622785 0.5297463536262512 0
1675462623001 0.5295839905738831 0
1675462623196 0.5291885733604431 0
1675462623419 0.5273448824882507 0
1675462623689 0.5232821702957153 0
1675462623904 0.5244843363761902 0
1675462624146 0.5229348540306091 0
1675462624344 0.5254902243614197 0
1675462624605 0.522514283657074 0
1675462624763 0.5250869989395142 0
1675462625007 0.5214288830757141 0
1675462625262 0.5186291933059692 0
1675462625534 0.5164297819137573 0
1675462625753 0.5183535814285278 0
1675462626002 0.5162671804428101 0
1675462626244 0.5152559876441956 0
1675462626456 0.5169545412063599 0
1675462626683 0.5123430490493774 0
1675462626955 0.5138170123100281 0
1675462627182 0.5128486752510071 0
1675462627477 0.5092455148696899 0
1675462627687 0.5116034150123596 0
1675462627902 0.5130201578140259 0
1675462628114 0.5137556791305542 0
1675462628338 0.5091525912284851 0
1675462628549 0.5162831544876099 0
1675462628767 0.5113229155540466 0
1675462628975 0.5069271326065063 0
1675462629209 0.5067585706710815 0
1675462629491 0.5071379542350769 0
1675462629720 0.5085504651069641 0
1675462629925 0.5054552555084229 0
1675462630217 0.5051544904708862 0
1675462630495 0.5025766491889954 0
1675462630673 0.5078911185264587 0
1675462630862 0.5098896026611328 0
1675462631114 0.499597430229187 0
1675462631322 0.5031805634498596 0
1675462631560 0.5015960335731506 0
1675462631803 0.500063955783844 0
1675462632068 0.5008226633071899 0
1675462632299 0.4998810291290283 0
1675462632560 0.4995134770870209 0
1675462632755 0.5035579204559326 0
1675462633025 0.5004721283912659 0
1675462633251 0.4958765208721161 0
1675462633446 0.5009407997131348 0
1675462633688 0.4960736036300659 0
1675462633953 0.4980236887931824 0
1675462634186 0.49822020530700684 0
1675462634397 0.49568822979927063 0
1675462634649 0.4956126809120178 0
1675462634912 0.49609237909317017 0
1675462635167 0.490583598613739 0
1675462635450 0.4950878918170929 0
1675462635664 0.4980608820915222 0
1675462635882 0.49434250593185425 0
1675462636083 0.4965476393699646 0
1675462636301 0.4936975836753845 0
1675462636534 0.4936370849609375 0
1675462636856 0.48963603377342224 0
1675462637024 0.4984372854232788 0
1675462637227 0.4945024251937866 0
1675462637466 0.49114271998405457 0
1675462637702 0.4915679395198822 0
1675462637999 0.49009597301483154 0
1675462638203 0.492483913898468 0
1675462638517 0.4872794449329376 0
1675462638750 0.49055421352386475 0
1675462638969 0.4904347062110901 0
1675462639195 0.4902465045452118 0
1675462639442 0.4901827573776245 0
1675462639676 0.49048319458961487 0
1675462639894 0.49228617548942566 0
1675462640127 0.4915692210197449 0
1675462640382 0.48831236362457275 0
1675462640638 0.4856245815753937 0
1675462640891 0.4877741038799286 0
1675462641154 0.4832644760608673 0
1675462641432 0.483511358499527 0
1675462641690 0.48723798990249634 0
1675462641911 0.4920796751976013 0
1675462642155 0.4891529381275177 0
1675462644295 0.4878794252872467 0
1675462644478 0.49159348011016846 0
1675462644729 0.4890608787536621 0
1675462645030 0.48378822207450867 0
1675462645264 0.48769277334213257 0
1675462645546 0.4862222969532013 0
1675462645757 0.4873403310775757 0
1675462645934 0.4919597804546356 0
1675462646164 0.4842858910560608 0
1675462646367 0.4867944121360779 0
1675462646580 0.4852708876132965 0
1675462646790 0.4850105047225952 0
1675462646996 0.4876903295516968 0
1675462647208 0.48770618438720703 0
1675462647448 0.48572787642478943 0
1675462647722 0.4774390459060669 0
1675462647950 0.48275500535964966 0
1675462648239 0.4817819595336914 0
1675462648504 0.482078492641449 0
1675462648767 0.4801931381225586 0
1675462649010 0.4819636940956116 0
1675462649268 0.4832424521446228 0
1675462649485 0.48212122917175293 0
1675462649715 0.48411163687705994 0
1675462649946 0.48569267988204956 0
1675462650209 0.481817364692688 0
1675462650477 0.47717583179473877 0
1675462650761 0.4793705940246582 0
1675462650970 0.48445773124694824 0
1675462651166 0.4825395345687866 0
1675462651446 0.48227182030677795 0
1675462651658 0.4807552695274353 0
1675462651867 0.4817803204059601 0
1675462652123 0.47912341356277466 0
1675462652309 0.48499223589897156 0
1675462652539 0.4794802963733673 0
1675462652817 0.47686251997947693 0
1675462653090 0.47710713744163513 0
1675462653316 0.47745564579963684 0
1675462653516 0.48195385932922363 0
1675462653845 0.47535258531570435 0
1675462654140 0.47658494114875793 0
1675462654361 0.4797188341617584 0
1675462654646 0.47682833671569824 0
1675462654838 0.4820425510406494 0
1675462655055 0.4791170656681061 0
1675462655239 0.48339828848838806 0
1675462655480 0.47675856947898865 0
1675462655667 0.48241502046585083 0
1675462655908 0.47673720121383667 0
1675462656150 0.4772532284259796 0
1675462656408 0.47527486085891724 0
1675462656620 0.479107528924942 0
1675462656894 0.4746280312538147 0
1675462657068 0.48322609066963196 0
1675462657299 0.47832828760147095 0
1675462657514 0.47806352376937866 0
1675462657717 0.4774632453918457 0
1675462657946 0.47511953115463257 0
1675462658164 0.47553762793540955 0
1675462658428 0.4760150909423828 0
1675462658619 0.479133665561676 0
1675462658903 0.4719032049179077 0
1675462659111 0.47916924953460693 0
1675462659329 0.47734585404396057 0
1675462659614 0.4730977416038513 0
1675462659850 0.4744970500469208 0
1675462660074 0.47558194398880005 0
1675462660298 0.4779554605484009 0
1675462660501 0.47582778334617615 0
1675462660787 0.47043415904045105 0
1675462661040 0.4726521074771881 0
1675462661230 0.479718416929245 0
1675462661456 0.4762665033340454 0
1675462661746 0.47036993503570557 0
1675462662026 0.47060370445251465 0
1675462662223 0.4776289463043213 0
1675462662447 0.47746023535728455 0
1675462662670 0.47607946395874023 0
1675462662934 0.4714656472206116 0
1675462663157 0.4707413613796234 0
1675462663381 0.4755637049674988 0
1675462663591 0.47458210587501526 0
1675462663827 0.47160908579826355 0
1675462664068 0.474149227142334 0
1675462664303 0.4734097719192505 0
1675462664530 0.4728783965110779 0
1675462664757 0.47261425852775574 0
1675462664977 0.4737210273742676 0
1675462665173 0.47330376505851746 0
1675462665350 0.4766983389854431 0
1675462665601 0.4709653854370117 0
1675462665820 0.47083044052124023 0
1675462666044 0.4705559015274048 0
1675462666262 0.47125935554504395 0
1675462666516 0.4709765911102295 0
1675462666734 0.470486581325531 0
1675462666953 0.4720296859741211 0
1675462667227 0.46635520458221436 0
1675462667470 0.47165754437446594 0
1675462667701 0.4686258137226105 0
1675462667904 0.47215932607650757 0
1675462668194 0.4670792520046234 0
1675462668435 0.4669647514820099 0
1675462668739 0.46691033244132996 0
1675462668971 0.4704214036464691 0
1675462669200 0.46918565034866333 0
1675462669462 0.4674234092235565 0
1675462669724 0.4652821719646454 0
1675462669920 0.4725249707698822 0
1675462670119 0.47401872277259827 0
1675462670355 0.4685978889465332 0
1675462670585 0.4687562584877014 0
1675462670809 0.4674822688102722 0
1675462671058 0.46871131658554077 0
1675462671328 0.4650094509124756 0
1675462671553 0.46803945302963257 0
1675462671751 0.47095274925231934 0
1675462671929 0.4750001132488251 0
1675462672135 0.4701346457004547 0
1675462672362 0.4703325033187866 0
1675462672639 0.4644808769226074 0
1675462672899 0.46621188521385193 0
1675462673158 0.46750178933143616 0
1675462673388 0.4696263372898102 0
1675462673619 0.46594563126564026 0
1675462673855 0.4661935567855835 0
1675462674061 0.47120341658592224 0
1675462674273 0.4694484770298004 0
1675462674519 0.4631653130054474 0
1675462674723 0.46869000792503357 0
1675462674957 0.4696884751319885 0
1675462675204 0.4677681624889374 0
1675462675483 0.4670111835002899 0
1675462675684 0.46934229135513306 0
1675462675940 0.46796661615371704 0
1675462676139 0.47106292843818665 0
1675462676329 0.4712686240673065 0
1675462676544 0.4654279947280884 0
1675462676776 0.4667153060436249 0
1675462676972 0.46811771392822266 0
1675462677244 0.4644800126552582 0
1675462677458 0.46987345814704895 0
1675462677727 0.4688186049461365 0
1675462678015 0.4653320908546448 0
1675462678245 0.4638915956020355 0
1675462678479 0.4638391137123108 0
1675462678663 0.47308051586151123 0
1675462678854 0.4694627523422241 0
1675462679115 0.4613102078437805 0
1675462679455 0.4575534164905548 0
1675462679654 0.4691053628921509 0
1675462679801 0.476108193397522 0
1675462680078 0.45995253324508667 0
1675462680287 0.46630579233169556 0
1675462680519 0.46605387330055237 0
1675462680748 0.46417245268821716 0
1675462682907 0.46217042207717896 0
1675462683106 0.467212051153183 0
1675462683301 0.4685036242008209 0
1675462683536 0.46405279636383057 0
1675462683731 0.4692254066467285 0
1675462683971 0.46583616733551025 0
1675462684209 0.46603089570999146 0
1675462684469 0.4606596529483795 0
1675462684724 0.46243253350257874 0
1675462684980 0.4652886688709259 0
1675462685189 0.4677715301513672 0
1675462685398 0.4671206772327423 0
1675462685676 0.4632110595703125 0
1675462685929 0.46709880232810974 0
1675462686186 0.46424493193626404 0
1675462686407 0.46457767486572266 0
1675462686647 0.46630293130874634 0
1675462686830 0.4707171618938446 0
1675462687050 0.4650830030441284 0
1675462687273 0.4660986363887787 0
1675462687535 0.4626771807670593 0
1675462687745 0.4654914140701294 0
1675462687954 0.46608608961105347 0
1675462688184 0.466274619102478 0
1675462688408 0.46482110023498535 0
1675462688625 0.4645591974258423 0
1675462688869 0.4608030319213867 0
1675462689076 0.4698253273963928 0
1675462689264 0.4684157371520996 0
1675462689500 0.4617767333984375 0
1675462689705 0.4705367982387543 0
1675462689981 0.4608725905418396 0
1675462690231 0.4603520333766937 0
1675462690539 0.45615512132644653 0
1675462690778 0.4648902714252472 0
1675462690964 0.4677117168903351 0
1675462691204 0.46354684233665466 0
1675462691404 0.46585768461227417 0
1675462691661 0.4589405655860901 0
1675462691912 0.45670628547668457 0
1675462692136 0.46330928802490234 0
1675462692407 0.46355047821998596 0
1675462692633 0.4601832330226898 0
1675462692862 0.46286994218826294 0
1675462693128 0.46149322390556335 0
1675462693354 0.4628885090351105 0
1675462693610 0.4602900743484497 0
1675462693787 0.4673703908920288 0
1675462694003 0.4653771221637726 0
1675462694241 0.45939406752586365 0
1675462694428 0.4685029685497284 0
1675462694696 0.46146389842033386 0
1675462694923 0.46335965394973755 0
1675462695122 0.4666503965854645 0
1675462695372 0.4618121385574341 0
1675462695552 0.46932560205459595 0
1675462695760 0.4653661549091339 0
1675462695975 0.45977362990379333 0
1675462696244 0.45920220017433167 0
1675462696477 0.45921552181243896 0
1675462696730 0.46048229932785034 0
1675462696923 0.46668562293052673 0
1675462697126 0.4648221731185913 0
1675462697298 0.4713740348815918 0
1675462697594 0.4562000334262848 0
1675462697808 0.46240413188934326 0
1675462698036 0.46341532468795776 0
1675462698263 0.4606977105140686 0
1675462698476 0.46221724152565 0
1675462698717 0.4603753089904785 0
1675462698969 0.46168893575668335 0
1675462699255 0.4563819468021393 0
1675462699527 0.4609290361404419 0
1675462699708 0.46559572219848633 0
1675462699917 0.4640006124973297 0
1675462700171 0.46175360679626465 0
1675462700404 0.46063849329948425 0
1675462700585 0.46534842252731323 0
1675462700857 0.45677685737609863 0
1675462701107 0.45753946900367737 0
1675462701412 0.45597243309020996 0
1675462701669 0.4568854570388794 0
1675462701877 0.46181562542915344 0
1675462702102 0.4604755938053131 0
1675462702362 0.46122220158576965 0
1675462702618 0.4611489772796631 0
1675462702862 0.4572884738445282 0
1675462703095 0.4592643976211548 0
1675462703287 0.46521174907684326 0
1675462703553 0.45846089720726013 0
1675462703800 0.4620233178138733 0
1675462704003 0.4663735628128052 0
1675462704240 0.45950302481651306 0
1675462704437 0.46488526463508606 0
1675462704649 0.46361687779426575 0
1675462704835 0.4666750133037567 0
1675462705060 0.46064168214797974 0
1675462705313 0.4579765498638153 0
1675462705573 0.45657944679260254 0
1675462705840 0.45558857917785645 0
1675462706081 0.4616880416870117 0
1675462706331 0.459024578332901 0
1675462706575 0.4599640965461731 0
1675462706816 0.458164781332016 0
1675462707047 0.45972228050231934 0
1675462707269 0.46238619089126587 0
1675462707497 0.45818424224853516 0
1675462707752 0.45521676540374756 0
1675462707934 0.46415743231773376 0
1675462708165 0.4610884487628937 0
1675462708366 0.46368589997291565 0
1675462708577 0.46403658390045166 0
1675462708843 0.45564550161361694 0
1675462709138 0.45414307713508606 0
1675462709368 0.45628708600997925 0
1675462709580 0.46192577481269836 0
1675462709818 0.4550037980079651 0
1675462710030 0.46083149313926697 0
1675462710256 0.45682406425476074 0
1675462710615 0.44735026359558105 0
1675462710891 0.4543474018573761 0
1675462711113 0.4594729542732239 0
1675462711385 0.45463281869888306 0
1675462711667 0.45426690578460693 0
1675462711931 0.4589339792728424 0
1675462712155 0.46230342984199524 0
1675462712381 0.4571235179901123 0
1675462712624 0.45872944593429565 0
1675462712862 0.4555233418941498 0
1675462713087 0.45969218015670776 0
1675462713326 0.45769211649894714 0
1675462713506 0.4664202332496643 0
1675462713686 0.4617679715156555 0
1675462713895 0.4611419439315796 0
1675462714133 0.45994067192077637 0
1675462714358 0.45822545886039734 0
1675462714607 0.4547431170940399 0
1675462714809 0.46367064118385315 0
1675462715046 0.45887959003448486 0
1675462715290 0.45869961380958557 0
1675462715494 0.46049198508262634 0
1675462715713 0.4581860601902008 0
1675462715912 0.4615601897239685 0
1675462716128 0.4615047872066498 0
1675462716343 0.4641586244106293 0
1675462716585 0.45987826585769653 0
1675462716872 0.4564085006713867 0
1675462717077 0.4607684910297394 0
1675462717312 0.4560733437538147 0
1675462717538 0.4583088159561157 0
1675462717793 0.45642897486686707 0
1675462718022 0.45762258768081665 0
1675462718258 0.4566120207309723 0
1675462718509 0.4564555883407593 0
1675462718723 0.4595656991004944 0
1675462718922 0.46033310890197754 0
1675462719110 0.46300503611564636 0
1675462721210 0.46241411566734314 0
1675462721396 0.4636918008327484 0
1675462721647 0.4529362618923187 0
1675462721912 0.4527904689311981 0
1675462722112 0.4610617458820343 0
1675462722320 0.4599175453186035 0
1675462722567 0.4537169337272644 0
1675462722785 0.45948153734207153 0
1675462723022 0.4565178453922272 0
1675462723249 0.4589266777038574 0
1675462723481 0.4550672769546509 0
1675462723765 0.4520362615585327 0
1675462724011 0.4582501947879791 0
1675462724219 0.4596947431564331 0
1675462724436 0.4583819508552551 0
1675462724680 0.45604208111763 0
1675462724873 0.46186307072639465 0
1675462725091 0.4597069323062897 0
1675462725278 0.4607800245285034 0
1675462725477 0.4615074396133423 0
1675462725724 0.457614928483963 0
1675462725943 0.45812350511550903 0
1675462726199 0.4545021653175354 0
1675462726489 0.45194166898727417 0
1675462726660 0.4646403193473816 0
1675462726894 0.45646175742149353 0
1675462727086 0.46278077363967896 0
1675462727349 0.45467787981033325 0
1675462727555 0.4577157199382782 0
1675462727777 0.4553251266479492 0
1675462728021 0.4580232799053192 0
1675462728206 0.4654849171638489 0
1675462728477 0.4521455764770508 0
1675462728696 0.4555785357952118 0
1675462728913 0.4591851830482483 0
1675462729123 0.45770901441574097 0
1675462729321 0.46109822392463684 0
1675462729497 0.46367913484573364 0
1675462729731 0.4553879499435425 0
1675462729936 0.4575214087963104 0
1675462730185 0.45367196202278137 0
1675462730432 0.4520989954471588 0
1675462730710 0.4512004256248474 0
1675462730946 0.45567288994789124 0
1675462731191 0.4575138986110687 0
1675462731411 0.45728692412376404 0
1675462731608 0.4595256745815277 0
1675462731873 0.45060965418815613 0
1675462732112 0.45608454942703247 0
1675462732406 0.44797566533088684 0
1675462732677 0.45606502890586853 0
1675462732895 0.45862603187561035 0
1675462733093 0.4595806896686554 0
1675462733342 0.45259711146354675 0
1675462733577 0.4548807740211487 0
1675462733852 0.4551248848438263 0
1675462734138 0.4512799382209778 0
1675462734414 0.45280078053474426 0
1675462734665 0.45033061504364014 0
1675462734888 0.4583434760570526 0
1675462735161 0.4528519809246063 0
1675462735373 0.45803073048591614 0
1675462735623 0.45239609479904175 0
1675462735912 0.4514617323875427 0
1675462736145 0.4575551450252533 0
1675462736372 0.45381954312324524 0
1675462736618 0.4550367593765259 0
1675462736872 0.45411166548728943 0
1675462737101 0.4571548104286194 0
1675462737298 0.4593241512775421 0
1675462737540 0.4533747136592865 0
1675462737787 0.4570240080356598 0
1675462738123 0.44631752371788025 0
1675462738383 0.45344632863998413 0
1675462738643 0.4525686204433441 0
1675462738903 0.45453137159347534 0
1675462739216 0.44671541452407837 0
1675462739450 0.451035737991333 0
1675462739648 0.45844829082489014 0
1675462739886 0.4603523910045624 0
1675462740117 0.4542923867702484 0
1675462740366 0.45586711168289185 0
1675462740577 0.4598044157028198 0
1675462740851 0.44807636737823486 0
1675462741120 0.4511165916919708 0
1675462741365 0.4563198387622833 0
1675462741589 0.45684123039245605 0
1675462741795 0.4578172564506531 0
1675462742053 0.45318472385406494 0
1675462742309 0.4511891007423401 0
1675462742568 0.4495898485183716 0
1675462742767 0.4593167304992676 0
1675462742981 0.45666956901550293 0
1675462743201 0.4548623859882355 0
1675462743438 0.45282599329948425 0
1675462743644 0.45890504121780396 0
1675462743875 0.45482495427131653 0
1675462744135 0.45126765966415405 0
1675462744334 0.45631882548332214 0
1675462744572 0.45515647530555725 0
1675462744765 0.46184611320495605 0
1675462745034 0.4539848268032074 0
1675462745237 0.45919907093048096 0
1675462745473 0.4564152657985687 0
1675462745694 0.45765483379364014 0
1675462745916 0.45615464448928833 0
1675462746114 0.45942890644073486 0
1675462746320 0.45863401889801025 0
1675462746562 0.45480576157569885 0
1675462746805 0.45331358909606934 0
1675462747025 0.4548986256122589 0
1675462747339 0.4456494450569153 0
1675462747566 0.4576552212238312 0
1675462747822 0.4543255567550659 0
1675462748008 0.46416857838630676 0
1675462748221 0.45459917187690735 0
1675462748421 0.45783916115760803 0
1675462748658 0.4541861414909363 0
1675462748854 0.459158718585968 0
1675462749096 0.4532296657562256 0
1675462749301 0.45723801851272583 0
1675462749550 0.4517999291419983 0
1675462749754 0.4573553800582886 0
1675462750038 0.45074841380119324 0
1675462750288 0.4499555826187134 0
1675462750511 0.4521264433860779 0
1675462750738 0.45435693860054016 0
1675462750942 0.4528704285621643 0
1675462751190 0.45107150077819824 0
1675462751386 0.4557773768901825 0
1675462751658 0.4482998847961426 0
1675462751875 0.45479458570480347 0
1675462752100 0.4511094093322754 0
1675462752366 0.44808268547058105 0
1675462752622 0.4520745873451233 0
1675462752836 0.45547395944595337 0
1675462753082 0.45243197679519653 0
1675462753298 0.455950528383255 0
1675462753514 0.456409752368927 0
1675462753803 0.4470522105693817 0
1675462754018 0.4553069472312927 0
1675462754269 0.4504341781139374 0
1675462754495 0.45256444811820984 0
1675462754734 0.45219293236732483 0
1675462754937 0.45700833201408386 0
1675462755137 0.4586353302001953 0
1675462755389 0.44760867953300476 0
1675462755610 0.4585581421852112 0
1675462755847 0.45240938663482666 0
1675462756090 0.4527580142021179 0
1675462756312 0.4535157382488251 0
1675462756529 0.4569443464279175 0
1675462756750 0.4541375935077667 0
1675462756966 0.4553503692150116 0
1675462757202 0.44917964935302734 0
1675462757397 0.457608163356781 0
1675462757616 0.45471784472465515 0
1675462759708 0.45743611454963684 0
1675462759915 0.4574243128299713 0
1675462760217 0.4487186670303345 0
1675462760478 0.4534285366535187 0
1675462760723 0.44962307810783386 0
1675462760972 0.452223002910614 0
1675462761165 0.45952582359313965 0
1675462761419 0.4481295347213745 0
1675462761678 0.4510374069213867 0
1675462761962 0.44793662428855896 0
1675462762166 0.4556225538253784 0
1675462762429 0.4492287337779999 0
1675462762687 0.45145779848098755 0
1675462762940 0.44848358631134033 0
1675462763220 0.4469228684902191 0
1675462763416 0.45643895864486694 0
1675462763655 0.4527810215950012 0
1675462763863 0.455770343542099 0
1675462764060 0.4561014771461487 0
1675462764330 0.4496443569660187 0
1675462764559 0.4521644711494446 0
1675462764807 0.44958028197288513 0
1675462765020 0.4538889527320862 0
1675462765243 0.4573635458946228 0
1675462765509 0.44843050837516785 0
1675462765751 0.4498560130596161 0
1675462765968 0.4538414776325226 0
1675462766168 0.45482027530670166 0
1675462766376 0.4549812972545624 0
1675462766610 0.4532332420349121 0
1675462766820 0.45671871304512024 0
1675462767067 0.4513992667198181 0
1675462767316 0.4504638612270355 0
1675462767573 0.4528912603855133 0
1675462767831 0.44777724146842957 0
1675462768052 0.4539414346218109 0
1675462768330 0.4446529150009155 0
1675462768531 0.45703890919685364 0
1675462768769 0.4519953727722168 0
1675462768999 0.45249396562576294 0
1675462769249 0.45045018196105957 0
1675462769480 0.45248526334762573 0
1675462769712 0.45183300971984863 0
1675462769930 0.4531668424606323 0
1675462770177 0.44946780800819397 0
1675462770416 0.45244431495666504 0
1675462770643 0.4528164863586426 0
1675462770860 0.45732584595680237 0
1675462771146 0.44794100522994995 0
1675462771495 0.4403388202190399 0
1675462771719 0.4538063704967499 0
1675462771896 0.457961767911911 0
1675462772111 0.4519954025745392 0
1675462772375 0.4461318254470825 0
1675462772631 0.4486243426799774 0
1675462772828 0.45565974712371826 0
1675462773059 0.4544450342655182 0
1675462773296 0.44919759035110474 0
1675462773529 0.4507467448711395 0
1675462773765 0.45357054471969604 0
1675462774000 0.44983017444610596 0
1675462774238 0.4524829685688019 0
1675462774434 0.4542374014854431 0
1675462774650 0.45321622490882874 0
1675462774863 0.4548329710960388 0
1675462775110 0.4507620632648468 0
1675462775314 0.454220712184906 0
1675462775524 0.4552249014377594 0
1675462775806 0.44817450642585754 0
1675462776074 0.4475019574165344 0
1675462776325 0.4495560824871063 0
1675462776550 0.4527973234653473 0
1675462776782 0.4519267678260803 0
1675462777025 0.4528592526912689 0
1675462777283 0.4494326710700989 0
1675462777464 0.4582523703575134 0
1675462777748 0.44444218277931213 0
1675462777945 0.45556437969207764 0
1675462778192 0.44799932837486267 0
1675462778451 0.4490848779678345 0
1675462778731 0.442031592130661 0
1675462778984 0.44783976674079895 0
1675462779284 0.4462703764438629 0
1675462779559 0.44649243354797363 0
1675462779783 0.4519806504249573 0
1675462780023 0.4539937376976013 0
1675462780261 0.4530806541442871 0
1675462780476 0.4558636546134949 0
1675462780696 0.4505780339241028 0
1675462780871 0.4614892303943634 0
1675462781134 0.4498874843120575 0
1675462781429 0.44772812724113464 0
1675462781708 0.44590744376182556 0
1675462781925 0.45136207342147827 0
1675462782131 0.45396003127098083 0
1675462782382 0.45012155175209045 0
1675462782621 0.44811564683914185 0
1675462782904 0.444266140460968 0
1675462783149 0.446615993976593 0
1675462783329 0.4611078202724457 0
1675462783540 0.45254769921302795 0
1675462783735 0.4556591808795929 0
1675462783917 0.457708477973938 0
1675462784139 0.4514254331588745 0
1675462784377 0.44782325625419617 0
1675462784635 0.4468958079814911 0
1675462784888 0.4495443105697632 0
1675462785111 0.45198357105255127 0
1675462785358 0.4452877342700958 0
1675462785538 0.4580511450767517 0
1675462785718 0.4569329023361206 0
1675462785958 0.45014703273773193 0
1675462786259 0.4478001296520233 0
1675462786479 0.44982150197029114 0
1675462786695 0.4547158479690552 0
1675462786982 0.44332730770111084 0
1675462787227 0.44959351420402527 0
1675462787464 0.4505128264427185 0
1675462787702 0.4532625675201416 0
1675462787898 0.45529747009277344 0
1675462788157 0.4472588300704956 0
1675462788406 0.44769424200057983 0
1675462788612 0.4544416666030884 0
1675462788807 0.45511454343795776 0
1675462788988 0.45644739270210266 0
1675462789215 0.4530286192893982 0
1675462789417 0.45484408736228943 0
1675462789691 0.4464261829853058 0
1675462789911 0.4511214792728424 0
1675462790084 0.4581902027130127 0
1675462790327 0.44973403215408325 0
1675462790595 0.45107728242874146 0
1675462790802 0.4511122703552246 0
1675462791002 0.453260600566864 0
1675462791229 0.45070481300354004 0
1675462791442 0.4517175555229187 0
1675462791633 0.45772671699523926 0
1675462791852 0.4520260989665985 0
1675462792027 0.4590318500995636 0
1675462792239 0.450875848531723 0
1675462792484 0.4495845437049866 0
1675462792687 0.45226582884788513 0
1675462792973 0.44631442427635193 0
1675462793217 0.4469963312149048 0
1675462793458 0.44777894020080566 0
1675462793669 0.45090460777282715 0
1675462793925 0.4472631514072418 0
1675462794158 0.4493633210659027 0
1675462794408 0.44955864548683167 0
1675462794698 0.44382432103157043 0
1675462794901 0.45263153314590454 0
1675462795171 0.44814494252204895 0
1675462795418 0.45167645812034607 0
1675462795658 0.4490640461444855 0
1675462795939 0.44361627101898193 0
1675462796256 0.44284600019454956 0
1675462796491 0.4505522847175598 0
